0.9103332757949829
0.8832154273986816
0.6543850898742676
0.7931474447250366
0.6484110951423645
0.8590490818023682
0.6060998439788818
0.8014417290687561
0.8819050192832947
0.9999587535858154
0.7792237997055054
0.8881782293319702
0.8318514823913574
0.869205892086029
0.7490891218185425
0.7783833742141724
0.8882240653038025
0.8441635966300964
0.9101265668869019
0.7377457022666931
0.8938314914703369
0.8808499574661255
0.9167998433113098
0.5675361156463623
0.7531815767288208
0.7388356924057007
0.7175964117050171
0.7555703520774841
0.6846585869789124
0.716027557849884
0.8458212614059448
0.872116208076477
0.7833347916603088
0.8012526631355286
0.8404433727264404
0.6716567873954773
0.8622459173202515
0.8549907803535461
0.8528292179107666
0.8991062045097351
0.677742063999176
0.7584824562072754
0.7875548005104065
0.7234830260276794
0.6619291305541992
0.6641761064529419
0.8725537061691284
0.7097968459129333
0.8604454398155212
0.7141242027282715
0.9348672032356262
0.835757851600647
0.7389447689056396
0.7296079397201538
0.625197172164917
0.8777794241905212
0.7091271877288818
0.7626582980155945
0.8709321618080139
0.9331032037734985
0.8092569708824158
0.4619726538658142
0.8485541343688965
0.7368922829627991
0.8779455423355103
0.6991681456565857
0.7672750353813171
0.8193179368972778
0.7190424203872681
0.6767477989196777
0.7176711559295654
0.9999810457229614
0.7872672080993652
0.8329257965087891
0.7925592064857483
0.6652848124504089
0.8575336337089539
0.5528371930122375
0.8536314368247986
0.45555734634399414
0.7577463388442993
0.9077930450439453
0.7900067567825317
0.874667227268219
0.6716138124465942
0.8455545902252197
0.611858069896698
0.8250965476036072
0.705702006816864
0.6413116455078125
0.8140558004379272
0.9062142372131348
0.7990202903747559
0.9436266422271729
0.69710373878479
0.7900501489639282
0.6730095148086548
0.8112590312957764
0.710324764251709
0.6712208390235901
0.9999948740005493
0.6205611228942871
0.7421522736549377
0.663101851940155
0.5578298568725586
0.7500963807106018
0.6291934847831726
0.5319156646728516
0.85976642370224
0.8672394156455994
0.7837148308753967
0.6887030601501465
0.7278603911399841
0.624026894569397
0.8030383586883545
0.5484639406204224
0.740041196346283
0.9086645245552063
0.7272928953170776
0.8791787624359131
0.6569375991821289
0.7973425388336182
0.8256447911262512
0.7102411985397339
0.8399750590324402
0.6609579920768738
0.7723329663276672
0.5211741924285889
0.8518532514572144
0.7866900563240051
0.6257726550102234
0.879905104637146
0.7608152627944946
0.7187355756759644
0.7865158319473267
0.7991763353347778
0.7809433937072754
0.8038919568061829
0.8848075270652771
0.5816970467567444
0.7577542662620544
0.9106731414794922
0.9147360920906067
0.8546575307846069
0.5491535067558289
0.7050513029098511
0.5511273145675659
0.7755283713340759
0.7956741452217102
0.761452317237854
0.5202981233596802
0.6397498846054077
0.7534712553024292
0.6686972975730896
0.9063158631324768
0.760240375995636
0.8623805642127991
0.8236886858940125
0.7713972330093384
0.8271880149841309
0.5445179343223572
1.0000431537628174
0.802881121635437
0.5281124114990234
0.6926791667938232
0.5771321058273315
0.799889326095581
0.8947723507881165
0.8080424666404724
0.6194545030593872
0.6057904958724976
0.7480219006538391
0.9641859531402588
0.7720894813537598
0.8495676517486572
0.6356727480888367
0.893489420413971
0.7267792820930481
0.8977421522140503
0.7893844842910767
0.8042996525764465
0.605206310749054
0.6456935405731201
0.778765082359314
0.7365692853927612
0.7886449098587036
0.7314227223396301
0.7600667476654053
0.6380612254142761
0.7128565907478333
0.6807990074157715
0.8313753008842468
0.46382471919059753
0.6667699217796326
0.40691813826560974
0.7290287613868713
0.8091856837272644
0.9160701632499695
0.8478831648826599
0.7324863076210022
0.8482582569122314
0.6182488203048706
1.0000131130218506
0.7650560736656189
0.8727751970291138
0.6191150546073914
0.752153217792511
0.8625009655952454
0.6605902910232544
0.6460612416267395
0.8538252711296082
0.8136827945709229
0.97246253490448
0.8437459468841553
0.8843593001365662
0.7807866334915161
0.6358156800270081
0.8410568833351135
0.731867790222168
0.8247907757759094
0.6801937818527222
0.8671982884407043
0.8161492943763733
0.6071350574493408
0.7918987274169922
0.9792855381965637
0.8042121529579163
0.7607384324073792
0.7407312393188477
0.8173094391822815
0.4274727702140808
0.5837616920471191
0.7353502511978149
0.9777488112449646
0.5392875075340271
0.8180936574935913
0.7585267424583435
0.688309907913208
0.7451899647712708
0.7816668152809143
0.8442097902297974
0.6664621233940125
0.8344030976295471
0.6498779058456421
0.6975072622299194
0.8538849353790283
0.48146048188209534
0.8088904619216919
0.6035853624343872
0.8016366362571716
0.8405795693397522
0.6285673379898071
0.9028529524803162
0.7630360126495361
0.7995958924293518
0.7997713685035706
0.7798106074333191
0.7227437496185303
0.8514735102653503
0.9074593186378479
0.7247937321662903
0.6482587456703186
0.9999986886978149
0.6932291388511658
0.7206428050994873
0.6984858512878418
0.7629547715187073
0.6191785931587219
0.6540758609771729
0.7416126728057861
0.8105679154396057
0.6842822432518005
0.8513092994689941
0.8791787624359131
0.5826051235198975
0.6860084533691406
0.744975209236145
0.7411817312240601
0.8819077014923096
0.7496244311332703
0.7766662836074829
0.6453999876976013
0.7734657526016235
0.778161346912384
0.5939899682998657
0.7988100647926331
0.8206695318222046
0.849820077419281
0.5774048566818237
0.7107439637184143
0.7408096194267273
0.7880957126617432
0.7156453132629395
0.6703780293464661
0.6510610580444336
0.8282986283302307
0.7309829592704773
0.8355098366737366
0.856894850730896
0.6329866051673889
0.7203763723373413
0.7281927466392517
0.726409375667572
0.732658863067627
0.9331032037734985
0.6487728953361511
0.851200520992279
0.878689706325531
0.78904128074646
0.7546935677528381
0.9397875666618347
0.7504221796989441
0.6027728319168091
0.7390639185905457
0.7493444085121155
0.768132209777832
0.5721810460090637
0.7497497200965881
0.6830952763557434
0.7017505764961243
0.7278566956520081
0.6569787859916687
0.6918491721153259
0.6353554129600525
0.8596779704093933
0.6571729779243469
0.7241054177284241
0.6702851057052612
0.7504711151123047
0.7403799891471863
0.9007365107536316
0.7003042697906494
0.8961867094039917
0.841863214969635
0.6699932813644409
0.6975318789482117
0.66370689868927
0.5959237813949585
0.711375892162323
0.684606671333313
0.7803053855895996
0.8531087040901184
0.8610965013504028
0.7311621904373169
0.5606985092163086
0.6673720479011536
0.8351908922195435
0.6433031558990479
0.9247802495956421
0.7008220553398132
0.7495930194854736
1.0000001192092896
0.7716581225395203
0.6553101539611816
0.6997169852256775
0.8545106649398804
0.7221633195877075
0.6167950630187988
0.6692826747894287
0.8000538945198059
0.6854745745658875
0.7900803089141846
0.7696434259414673
0.6360070705413818
0.71983802318573
0.6777133345603943
0.7797791957855225
0.7477932572364807
0.9159011244773865
0.9283609390258789
0.6223123669624329
0.835613489151001
0.6568667888641357
0.557582437992096
0.868947446346283
0.7938703894615173
0.5523293018341064
0.8592304587364197
0.7717001438140869
0.9175925254821777
0.6645017266273499
0.8571620583534241
0.7077767848968506
0.7571408152580261
0.6695560216903687
0.6641761064529419
0.6481707692146301
0.626109778881073
0.7742424011230469
0.8322840332984924
0.5356419086456299
0.5282782316207886
0.7076311111450195
0.8734699487686157
0.6331498622894287
0.7239131927490234
0.7502964735031128
0.8017973899841309
0.876542329788208
0.6379557251930237
0.8723636269569397
0.7997934222221375
0.7630099654197693
0.8514856100082397
0.8093475103378296
0.6580117344856262
0.7627081871032715
0.8439028859138489
0.7854547500610352
0.6680322885513306
0.8783599734306335
0.7242807149887085
0.6544522643089294
0.7269490361213684
0.6425225734710693
0.8732367753982544
0.8829948306083679
0.680507242679596
0.7714870572090149
0.5637314915657043
0.6406559944152832
0.7845950126647949
0.7858930230140686
0.6464024782180786
0.880168080329895
0.7734367251396179
0.8422142863273621
0.8208187818527222
0.6846678256988525
0.6004082560539246
0.7821720838546753
0.9372878670692444
0.9134541153907776
0.8157209157943726
0.7701072096824646
0.9525105357170105
0.7591856718063354
0.7715867757797241
0.9516788721084595
0.6715909838676453
0.7716816067695618
0.7903813719749451
0.6832811832427979
0.7705243229866028
0.6794165968894958
0.9063209295272827
0.8678715229034424
0.6673383116722107
0.6613872051239014
0.9999573230743408
0.7294419407844543
0.700495183467865
0.9139408469200134
0.791152834892273
0.9391169548034668
0.5559753775596619
0.7094218730926514
0.7546018362045288
0.8473091125488281
0.8197939395904541
0.7391622066497803
0.8436229228973389
0.7634103894233704
0.740670919418335
0.6443336606025696
0.7036578059196472
0.6541600227355957
0.9396295547485352
0.9653802514076233
0.8914279341697693
0.7018939256668091
0.7054563164710999
0.5587921142578125
0.864626407623291
0.6169027090072632
0.6965530514717102
0.6595805883407593
0.7754479050636292
0.6963037848472595
0.7661372423171997
1.0000123977661133
0.7767619490623474
1.0000476837158203
0.7094566822052002
0.6142722368240356
0.8090999126434326
0.6105654835700989
0.7074558138847351
0.6910458207130432
0.7704609632492065
0.8748403191566467
0.699134111404419
0.7822210788726807
0.918799638748169
0.736966073513031
0.741783082485199
0.7282600998878479
0.5668477416038513
0.7683494687080383
1.000022530555725
0.7914443612098694
0.698380708694458
0.7916745543479919
0.6861960291862488
0.5514150261878967
0.6944664716720581
0.5497703552246094
0.9999793767929077
0.8475046157836914
0.7773551940917969
0.6893112659454346
0.7420497536659241
0.5387463569641113
0.6181218028068542
0.7223928570747375
0.6854950785636902
0.8099333047866821
0.7321972846984863
0.755764365196228
0.6846262812614441
0.6319308280944824
0.7649440765380859
0.6974138021469116
0.6878826022148132
0.6797357201576233
0.6411571502685547
0.544870138168335
0.6983094215393066
0.5217739343643188
0.9171783328056335
0.7777541875839233
0.795114278793335
0.746367871761322
0.6119561195373535
0.5243011713027954
0.7338986396789551
0.6427613496780396
0.7799059152603149
0.76956707239151
0.8492488265037537
0.6815460324287415
0.5375626683235168
0.6140604019165039
0.8831992149353027
0.7274749279022217
0.7104281783103943
0.6996005773544312
0.7642135620117188
0.7738727927207947
0.6888569593429565
0.6015853881835938
0.786648690700531
0.5960317254066467
0.5364941954612732
0.6002877950668335
0.8060101270675659
0.885865330696106
0.7982668280601501
0.5698801279067993
0.8075072765350342
0.8059662580490112
0.7754470109939575
0.8094149231910706
0.6925756335258484
0.824400782585144
0.6404411196708679
0.5527946352958679
0.6795151829719543
0.7114782929420471
0.8286643624305725
0.8942065238952637
0.8185107707977295
0.7484760284423828
0.6728002429008484
0.8304508328437805
0.6805697083473206
0.8636687994003296
0.6832900643348694
0.8008054494857788
0.47801366448402405
0.8164370656013489
0.4754793643951416
0.6746432185173035
0.6492273211479187
0.893125593662262
0.7693080306053162
0.7436751127243042
0.7356081604957581
0.7783291935920715
0.7936501502990723
0.7783799767494202
0.8459541201591492
0.8551246523857117
0.7083114385604858
0.7220089435577393
0.6601093411445618
0.6249133348464966
0.5332499742507935
0.7989919185638428
0.5075397491455078
0.5159491896629333
0.7624760270118713
0.7592729926109314
0.6343699097633362
0.6872750520706177
0.6720512509346008
0.8350847959518433
0.6962907314300537
0.8511443138122559
0.8021690845489502
0.5626000165939331
0.8720930814743042
0.6739429831504822
0.7597739100456238
0.5332648158073425
0.4846729338169098
0.7812366485595703
0.7043641209602356
0.8694444298744202
0.792826235294342
0.6818651556968689
0.7848755121231079
0.8406042456626892
0.9525105357170105
0.7889602184295654
0.7563376426696777
0.6984507441520691
0.7802165150642395
0.694574773311615
0.7568641304969788
0.8027228713035583
0.7636505961418152
0.8614817261695862
0.892769455909729
0.6183961033821106
0.6719294786453247
0.7665453553199768
0.6366763114929199
0.8686395287513733
0.7238509654998779
0.8107191920280457
0.9999972581863403
0.6813879609107971
0.8280524611473083
0.7752588987350464
0.8187229037284851
0.5720351338386536
0.7481752634048462
0.84062659740448
0.5033142566680908
0.666754961013794
0.6887487769126892
0.8984887599945068
0.8515889644622803
0.462960422039032
0.5782477855682373
0.4920539855957031
0.8099704384803772
0.5420545339584351
0.6284133791923523
0.7439795732498169
0.7719738483428955
0.7857666611671448
0.6588922739028931
0.7025689482688904
0.7815496325492859
0.8545569181442261
0.5731154084205627
0.6315007209777832
0.7867947220802307
0.6605030298233032
0.6320524215698242
0.3742273449897766
0.6272881031036377
0.6457317471504211
0.7409550547599792
0.6126534938812256
0.6000706553459167
0.7175414562225342
0.6597516536712646
0.8432110548019409
0.7932025790214539
0.6957697868347168
0.7278109788894653
0.6485552787780762
0.6938483119010925
0.6946046352386475
0.8058686852455139
0.8226665258407593
0.8994319438934326
0.48856595158576965
0.7335418462753296
0.4601767361164093
0.6420788168907166
0.5949602127075195
0.8004537224769592
0.7964676022529602
0.7405351996421814
0.5429949164390564
0.7994340658187866
0.8554347157478333
0.7460878491401672
0.7128159403800964
0.6794936656951904
0.9037838578224182
0.6021523475646973
0.8086496591567993
0.7615453004837036
0.8242864012718201
0.5340775847434998
0.47994711995124817
0.7009994387626648
1.0000044107437134
0.660802960395813
0.7762128710746765
0.639085590839386
0.7307538390159607
0.7068527936935425
0.7919224500656128
0.7235910892486572
0.5850124955177307
0.5701249241828918
0.7838758230209351
0.8146630525588989
0.6593731045722961
0.7855430841445923
0.6165053844451904
0.7472298741340637
0.7993648052215576
0.8841205835342407
0.6941908001899719
0.6023349165916443
0.7935684323310852
0.800689160823822
0.7807675004005432
0.8213408589363098
0.7091721296310425
0.6928949952125549
0.7655145525932312
0.6742904186248779
0.7655132412910461
0.9409089684486389
0.7983514666557312
0.6188935041427612
0.7301730513572693
0.7784393429756165
0.7862310409545898
0.7447315454483032
0.7788060903549194
0.7445093393325806
0.8981665372848511
0.7977999448776245
0.6820971369743347
0.7718429565429688
0.6221498847007751
0.7107798457145691
0.8336901664733887
0.8223352432250977
0.9999887943267822
0.8497362732887268
0.6340209245681763
0.8496311902999878
0.8280210494995117
0.7578961253166199
0.5709962248802185
0.46128588914871216
0.809132993221283
0.7838696241378784
0.6151056885719299
0.7542283535003662
0.7041094899177551
0.4417667090892792
0.8145025968551636
0.518145740032196
0.8022868633270264
0.839518666267395
0.6233140826225281
0.8844569325447083
0.6345704197883606
0.8157851696014404
0.7853909730911255
0.5041146278381348
0.8013338446617126
0.6743475794792175
0.7873499393463135
0.796086311340332
0.8560085892677307
0.8706634044647217
0.7418741583824158
0.8207948207855225
0.7975866794586182
0.8633038997650146
0.6296274662017822
0.8275633454322815
0.9031604528427124
0.7575796842575073
0.9999810457229614
0.5949806571006775
0.8053463101387024
0.707595944404602
1.0000051259994507
0.7196925282478333
0.6907444000244141
0.7284536957740784
0.557892382144928
0.6918355226516724
0.6013351082801819
0.7954832911491394
0.8872827887535095
0.6534685492515564
0.779511570930481
0.6136718988418579
0.855530858039856
0.6876257658004761
0.7540430426597595
0.6997985243797302
0.7499060034751892
0.7503788471221924
0.5940556526184082
0.674567699432373
0.6112756729125977
0.6523447632789612
0.6845679879188538
0.773163378238678
0.7011823058128357
0.7360510230064392
0.8051236271858215
0.6399000883102417
0.8002825975418091
0.7836060523986816
0.8061373829841614
0.6214415431022644
0.5089735984802246
0.7538982033729553
0.8138529062271118
0.938266932964325
0.7604874968528748
0.6380925178527832
0.6933608055114746
0.577170193195343
0.8796586990356445
0.7075839042663574
0.4755718410015106
0.647581160068512
0.7207281589508057
0.7830933928489685
0.7007696628570557
0.8020815849304199
0.7565864324569702
0.9031994938850403
0.6983948945999146
0.6457288861274719
0.5359771251678467
0.7112472057342529
0.7925010919570923
0.6709985733032227
0.7658848762512207
0.7359157800674438
0.6237852573394775
0.7903401851654053
0.7235289216041565
0.43218106031417847
0.753489077091217
0.5706665515899658
0.828417181968689
0.7317391633987427
0.8048577308654785
0.9088518619537354
0.8355181813240051
0.6531095504760742
0.8885648250579834
0.6600740551948547
0.8166044354438782
0.6653292179107666
0.806527316570282
0.6498839259147644
0.6386379599571228
0.49899113178253174
0.840211033821106
0.7316887974739075
0.8031977415084839
0.8262372016906738
0.7069506049156189
0.7080790996551514
0.727384626865387
0.7418417930603027
0.7329807281494141
0.7792550921440125
0.6625648140907288
0.6005046367645264
0.7503396272659302
0.6782084107398987
0.7721487879753113
0.7006871104240417
0.6528043746948242
0.7437300086021423
0.6097692847251892
0.7803464531898499
0.835550844669342
0.7300789952278137
0.616193950176239
0.8191908001899719
0.5908713936805725
0.8600231409072876
0.9282655119895935
0.7991639375686646
0.840544581413269
0.7851644158363342
0.7311514616012573
0.6411787271499634
0.7229043841362
0.8491635918617249
0.735159695148468
0.7708373069763184
0.8346051573753357
0.9999587535858154
0.8728688955307007
0.7993963956832886
0.7296589612960815
0.8247443437576294
0.7236826419830322
0.6438804864883423
0.75067138671875
0.5856637358665466
0.7381863594055176
0.7895216941833496
0.6956433653831482
0.5650306344032288
0.8774888515472412
0.7724633812904358
0.8993034362792969
0.6004217863082886
0.6880067586898804
0.6847713589668274
0.7659362554550171
0.7150942087173462
0.7694007754325867
0.9395899176597595
0.6057313084602356
0.78367680311203
0.6332469582557678
0.6575227379798889
0.4571683704853058
0.8278294801712036
0.8628657460212708
0.8505108952522278
0.830050528049469
0.7483422160148621
0.5429257750511169
0.8105885982513428
0.7644960284233093
0.5780019760131836
0.7764821648597717
0.8520464897155762
0.810536801815033
0.7033120393753052
0.7122609615325928
0.817125678062439
0.7235878109931946
0.8707760572433472
0.7615715265274048
0.6937136054039001
0.6699606776237488
0.7788686156272888
0.7213913202285767
0.6541033983230591
0.832027792930603
0.6820117831230164
0.8075072765350342
0.7665272355079651
0.8317387104034424
0.8156757950782776
0.5740624070167542
0.7245184779167175
0.6277418732643127
0.7729898691177368
0.8591400980949402
0.9011126756668091
1.0000295639038086
0.8189077377319336
0.8336480259895325
0.7808813452720642
0.7181495428085327
0.8992961645126343
0.7582430839538574
0.8469985723495483
0.754180908203125
0.8527498245239258
1.0000096559524536
0.772537887096405
0.8098523020744324
0.5607723593711853
0.7245245575904846
0.5913549065589905
0.9635878205299377
0.717536449432373
0.6860871911048889
0.8634276390075684
0.9045090675354004
0.7470316290855408
0.8396286368370056
0.662058413028717
0.5392096042633057
0.7912811040878296
0.7968766093254089
0.6500670313835144
0.8839881420135498
0.6788473725318909
0.5351555347442627
0.5756211876869202
0.6518422365188599
0.631618082523346
0.49388447403907776
0.8090103268623352
0.5723055601119995
0.732714056968689
0.4667970538139343
0.5227789282798767
0.6563978791236877
0.8865692615509033
0.8460835814476013
0.822858989238739
0.5654678344726562
0.7556672096252441
0.9245803952217102
0.7316797971725464
0.6431785821914673
0.6382978558540344
0.6805101037025452
0.8461432456970215
0.5314500331878662
0.6554799675941467
0.7840285301208496
0.7958205938339233
0.9999964237213135
0.856776773929596
0.8361724019050598
0.72624272108078
0.8394293189048767
0.7758420705795288
0.7248629927635193
0.6580249071121216
0.5788344740867615
0.5692897439002991
0.7596290111541748
0.999976634979248
0.6299456357955933
0.5971686840057373
0.7443156838417053
0.4965190291404724
0.7396009564399719
0.7560173273086548
0.5994362831115723
0.6868160367012024
0.6344003677368164
0.590526282787323
0.5641725659370422
0.5511456727981567
0.8141127228736877
0.6989341974258423
0.48909205198287964
0.5072745084762573
1.0000263452529907
0.719929575920105
0.5105941295623779
0.7200579047203064
0.6435201168060303
0.8239496946334839
0.4462675452232361
0.8919627666473389
0.644249439239502
0.732420802116394
0.6421867609024048
0.49837440252304077
0.759407103061676
0.8069368600845337
0.8138474225997925
0.8090103268623352
0.7644338607788086
0.6107667088508606
0.8501071333885193
0.5309024453163147
0.738995373249054
0.6829610466957092
0.7132359147071838
0.7846024632453918
0.9448771476745605
0.8195467591285706
0.8220707178115845
0.6283034682273865
0.8022238612174988
0.5933535099029541
0.32481592893600464
0.7227671146392822
0.5491742491722107
0.6532936692237854
0.6981011033058167
0.6553387641906738
0.6618857979774475
0.9009211659431458
0.6244426369667053
0.596478283405304
0.6522158980369568
0.6886600255966187
0.671872079372406
0.6655989289283752
0.900254487991333
0.7352442145347595
0.6946295499801636
0.7517566680908203
0.7166222929954529
0.5983578562736511
0.7384795546531677
0.7027310729026794
0.5979942679405212
0.9999948740005493
0.7503648400306702
0.8255149126052856
0.5715308785438538
0.7984721660614014
0.7451135516166687
0.5908045768737793
0.602310836315155
0.6250362396240234
0.6458338499069214
0.5913002490997314
0.5420571565628052
0.6957133412361145
0.629086971282959
0.4985292851924896
0.5787858963012695
0.7338805198669434
0.746224582195282
0.7250844240188599
0.45868292450904846
0.7563349604606628
0.6811826825141907
0.7643046379089355
0.7551005482673645
0.5909048318862915
0.7766269445419312
0.6429510116577148
0.7339746356010437
0.8628793954849243
0.6021790504455566
0.999976634979248
0.7123286724090576
0.5912202596664429
0.514077365398407
0.6505944728851318
0.4532944858074188
0.4698151648044586
0.5242337584495544
0.6112033724784851
0.6099236607551575
0.6924726366996765
0.7542690634727478
0.8679669499397278
0.45919135212898254
0.7833244204521179
0.9198973178863525
0.5348990559577942
0.7830056548118591
0.6371041536331177
0.7172755002975464
0.8227558732032776
0.7803985476493835
0.7646270990371704
0.7600017189979553
0.7577514052391052
0.8838878870010376
0.46483147144317627
0.6036214828491211
0.5983330607414246
0.6446778774261475
0.5515411496162415
0.7050000429153442
0.7350788116455078
0.864353358745575
0.7223168611526489
0.7701327204704285
0.7976707816123962
0.6593031883239746
0.7112066745758057
0.6850577592849731
0.6766359210014343
0.6863974928855896
0.5005003809928894
0.6775261759757996
0.7105404138565063
0.7777912616729736
0.6439868211746216
0.7632887959480286
0.6604633927345276
0.5705611109733582
0.7208430767059326
0.6560351848602295
0.6999853253364563
0.6896873712539673
0.6298313140869141
0.6594770550727844
0.5482384562492371
0.8090998530387878
0.6558985114097595
0.5003324151039124
0.679206907749176
0.8320325016975403
0.8060094714164734
0.6293927431106567
0.7062419056892395
0.8844170570373535
0.5972626209259033
0.8151810169219971
0.34403330087661743
0.5661191344261169
0.4984358847141266
0.823743999004364
0.71056067943573
0.7639580965042114
0.5394278168678284
0.6786577701568604
0.7004016637802124
0.718981146812439
0.641146719455719
0.6768224835395813
0.6634050607681274
0.7506726980209351
0.4550322890281677
0.6833631992340088
0.6613574624061584
0.8579340577125549
0.7661443948745728
0.9081465005874634
0.6643218398094177
0.5728792548179626
0.5317975282669067
0.7807356715202332
0.6795601844787598
0.7794941067695618
0.4419132173061371
0.729202926158905
0.6640701293945312
0.6420206427574158
0.8948710560798645
0.5690369606018066
0.9099335074424744
0.7985281348228455
0.7622690796852112
0.949370265007019
0.6932864785194397
0.6522158980369568
0.776069700717926
0.6591421961784363
0.7359030246734619
0.86869877576828
0.8329535126686096
0.8131261467933655
0.5895995497703552
0.6914274096488953
0.5584986209869385
0.8928863406181335
0.673031747341156
0.7901162505149841
0.6206863522529602
0.6097232103347778
0.9311647415161133
0.7489939332008362
0.8298352360725403
0.6551333069801331
0.6814782023429871
0.643520176410675
0.7631829380989075
0.8879293203353882
0.6577083468437195
0.6860331296920776
0.8622727394104004
0.7050201296806335
0.7884382009506226
0.7316094636917114
0.7343097925186157
0.8905086517333984
0.7256689071655273
0.6142122745513916
0.6743296980857849
0.9218183755874634
0.7727206945419312
0.8446434140205383
0.7923439145088196
0.7019933462142944
0.6658793091773987
0.6323485374450684
0.7365695238113403
0.5563221573829651
0.8389389514923096
0.718402624130249
0.7452844381332397
0.7612670660018921
0.6083906888961792
0.7107464075088501
0.626396656036377
0.6082097887992859
0.5959213972091675
0.7958283424377441
0.8121163845062256
0.7594020366668701
0.48155084252357483
0.8237020373344421
0.7027384638786316
0.6675478219985962
0.7775907516479492
0.7155460119247437
0.9035922288894653
0.7434617877006531
0.6750730276107788
0.49980026483535767
0.7640976309776306
0.49742159247398376
0.5748043060302734
0.6256662607192993
0.6114308834075928
0.6743542551994324
0.32552215456962585
0.7817820310592651
0.6652912497520447
0.6191811561584473
0.6975285410881042
0.6959845423698425
0.6438889503479004
0.591153085231781
0.5024866461753845
0.5904884934425354
0.7462134957313538
0.666566789150238
0.56020587682724
0.7068727612495422
0.5298750400543213
0.5517475008964539
0.6794044375419617
0.7795656323432922
0.6282535195350647
0.6781831383705139
0.8784915208816528
0.5510284900665283
0.8336833119392395
0.5624125003814697
0.5499482154846191
0.6168419718742371
0.6378990411758423
0.7211917638778687
0.847109854221344
0.6944229602813721
0.7091919183731079
0.6559730768203735
0.6195991039276123
0.5488182306289673
0.8635018467903137
0.7831395268440247
0.6372042298316956
0.5553507804870605
0.6481966972351074
0.6901510953903198
0.9503511190414429
0.6845301985740662
0.7177572250366211
0.8054861426353455
0.5065601468086243
0.7588868737220764
0.7129999995231628
0.7679953575134277
0.7326066493988037
0.5223379135131836
0.6665788292884827
0.5823730230331421
0.7644246220588684
0.6585018634796143
0.6238541007041931
0.6015598177909851
0.6133275628089905
0.7397010922431946
0.6466618776321411
0.5765042901039124
0.5902763605117798
0.6704334020614624
0.5751988887786865
0.6771184206008911
0.84134840965271
0.6757188439369202
0.6371570229530334
0.7269366979598999
0.6563979387283325
0.6658068895339966
0.5678831934928894
0.7127498984336853
0.5249848365783691
0.6930967569351196
0.750145673751831
0.6570730805397034
0.7969743609428406
0.7070308923721313
0.7347362637519836
0.5904842615127563
0.715147078037262
0.7145628333091736
0.6493187546730042
0.712405800819397
0.6389530301094055
0.6942899823188782
0.7085766196250916
0.7112349271774292
0.6007163524627686
0.6168590784072876
0.8214081525802612
0.6887825131416321
0.8108395338058472
0.865006685256958
0.5709620118141174
0.5938267707824707
0.6707012057304382
0.653721272945404
0.9308063387870789
0.5296651721000671
0.757706344127655
0.684341311454773
0.7719971537590027
0.8725727796554565
0.9279956221580505
0.664516806602478
0.5739620923995972
0.6288416981697083
0.6918337941169739
0.6638679504394531
0.8950162529945374
0.3626473844051361
0.70843106508255
0.625438928604126
0.7871056199073792
0.6472892761230469
0.7341373562812805
0.6992546319961548
0.7312832474708557
0.7066712975502014
0.8193263411521912
0.4880649447441101
0.8976973295211792
0.48239895701408386
0.6787493228912354
0.9202868342399597
0.6868160367012024
0.9659311771392822
0.716249406337738
0.6287086606025696
0.7129564881324768
0.8460181355476379
0.6658068895339966
0.5115164518356323
0.46100661158561707
0.6645417213439941
0.695064127445221
0.530517578125
0.6959182024002075
0.7013901472091675
0.6236374974250793
0.8006349802017212
0.6805495023727417
0.5411201119422913
0.6926839351654053
0.694596529006958
0.9999905824661255
0.8517976403236389
0.8671035170555115
0.5630117058753967
0.4907691776752472
0.605949878692627
0.8017323017120361
0.6932130455970764
0.6659185886383057
0.8519728183746338
0.6779927611351013
0.6833580732345581
0.7130672931671143
0.7546417713165283
0.7588348984718323
0.6126628518104553
0.5129473209381104
0.7503514885902405
0.6486559510231018
0.6068018078804016
0.4516049027442932
0.7233679890632629
0.4907708764076233
0.3833569288253784
0.7474673986434937
0.7717782258987427
0.5896623134613037
0.7384475469589233
0.6606690287590027
0.7351000308990479
0.6946573257446289
0.7352717518806458
0.5994836091995239
0.8376061916351318
0.7993568778038025
0.8112759590148926
0.679734468460083
0.6102839708328247
0.662730872631073
0.5348054766654968
0.6485370993614197
0.7495483160018921
0.6723090410232544
0.7834498882293701
0.6849696636199951
0.9574959874153137
0.6237697601318359
0.8596088886260986
0.8230196833610535
0.7490536570549011
0.9005923271179199
0.867490828037262
0.7717723846435547
0.7352672815322876
0.8033053874969482
0.7168566584587097
0.8678607940673828
0.6467261910438538
0.8228337168693542
0.6262673139572144
0.8818594813346863
0.952953040599823
0.6120342016220093
0.7578567862510681
0.9999761581420898
0.751366913318634
0.520879864692688
0.7238022685050964
0.8016539216041565
0.8223934769630432
0.7838795185089111
0.8391433954238892
0.6954143047332764
0.8513599038124084
0.7919012904167175
0.6256530284881592
0.8115959763526917
0.8135976791381836
0.7102457880973816
0.7231686115264893
0.752834677696228
0.8318658471107483
0.8778014183044434
0.835633397102356
0.678918182849884
0.8050044178962708
0.7293856739997864
0.8480387926101685
0.8694308996200562
0.8999184966087341
0.9999587535858154
0.7308677434921265
0.5728958249092102
0.8023006916046143
0.8730902075767517
0.8624523878097534
0.8362290859222412
0.869537353515625
0.7771670818328857
0.8476174473762512
0.7923083901405334
0.7807801961898804
0.7226675748825073
0.5039810538291931
0.7745698690414429
0.7440548539161682
0.7591279745101929
0.5868002772331238
0.8364814519882202
0.7794501781463623
0.7144948244094849
0.8810871243476868
0.8555524349212646
0.8238399624824524
0.7260821461677551
0.7845306396484375
0.7908845543861389
0.7358636856079102
0.7445944547653198
0.8450249433517456
0.7119607329368591
0.9095572233200073
0.8263747692108154
0.52666836977005
0.725972592830658
0.5609199404716492
0.8283150792121887
0.6636430621147156
0.609820544719696
0.8599149584770203
0.8049401044845581
0.9228459000587463
0.7352825403213501
0.812047004699707
0.7762209177017212
0.7745725512504578
0.9491754770278931
0.7307806015014648
0.8317199945449829
0.9999931454658508
0.7290455102920532
0.64698326587677
0.6332510709762573
0.7824180126190186
0.843555748462677
0.8505472540855408
0.6864198446273804
0.7182809710502625
0.7229482531547546
0.8395448327064514
0.8719639778137207
0.7386727333068848
0.5991644263267517
0.6780648231506348
0.899608850479126
0.9096286296844482
0.7468687891960144
0.650628387928009
0.7652198672294617
0.7928197383880615
0.9999872446060181
0.7239254117012024
0.7105521559715271
0.7396323084831238
0.8060055375099182
0.6401271820068359
0.8121711611747742
0.7456275224685669
0.566979169845581
0.8261657357215881
0.9367403388023376
0.9869105815887451
0.7118975520133972
0.6839044690132141
0.8165490627288818
0.6592645049095154
0.7570255994796753
0.8976033926010132
0.8370349407196045
0.8737639784812927
0.7921941876411438
0.7620074152946472
0.8586467504501343
0.8815995454788208
0.6816900968551636
0.6770405173301697
0.8275541067123413
0.9148640632629395
0.5779719948768616
0.8227720260620117
0.7982205152511597
0.9999837279319763
0.7093091011047363
0.6437095999717712
0.6112527251243591
0.8598605394363403
0.7505560517311096
0.7567198276519775
0.8115929365158081
0.4272560775279999
0.9165550470352173
0.5777248740196228
0.7603299021720886
0.8408257365226746
0.6437363624572754
0.6747618317604065
0.9459832310676575
0.685085654258728
0.638258159160614
0.8485060334205627
0.844614565372467
0.7057048082351685
0.803570568561554
0.681573748588562
0.8361197113990784
0.8929716348648071
0.578330397605896
0.6873512268066406
0.8114370107650757
0.826342761516571
0.7248690128326416
0.7541739344596863
0.7259884476661682
0.88960862159729
0.7222136855125427
0.7688858509063721
0.8950996398925781
0.6135289072990417
0.7556017637252808
0.8616635799407959
0.8802222609519958
0.6273931264877319
0.7923581600189209
0.7226070761680603
0.6705447435379028
0.8685247302055359
0.7504261136054993
0.6498206853866577
0.9999608993530273
0.8304013013839722
0.8033188581466675
0.4879288375377655
0.6759276986122131
0.82091224193573
0.9262555241584778
0.9351052045822144
0.9640374779701233
0.7019745111465454
0.9500513672828674
0.9999698996543884
0.6281601786613464
0.6656831502914429
0.7045502066612244
0.7821468114852905
0.603611946105957
0.902083158493042
0.7178017497062683
0.7122596502304077
0.98383629322052
0.9257045984268188
0.8124161958694458
0.625566303730011
0.7443063855171204
0.7744680643081665
0.9345252513885498
0.7082642912864685
0.8281136751174927
0.7773758769035339
0.8485580682754517
0.8082584142684937
0.707625150680542
0.8224405646324158
0.7638497352600098
0.8202564716339111
0.6086567640304565
0.5911176204681396
0.883247435092926
0.7520118355751038
0.7935548424720764
0.7450369596481323
0.8738547563552856
0.874833881855011
0.7969052791595459
0.7166429162025452
0.863561749458313
0.9319571256637573
0.72060626745224
0.7834457159042358
0.6339040994644165
0.7045090794563293
0.7268896102905273
0.7012718319892883
0.6322597861289978
0.6366207003593445
0.5938660502433777
0.8438394069671631
0.9561795592308044
0.990091860294342
0.9350945353507996
0.7449581027030945
0.769443690776825
0.6898149251937866
0.754170298576355
0.9067453145980835
0.8255590796470642
0.6143267750740051
0.7251842021942139
0.7917644381523132
0.8029061555862427
0.9549379944801331
0.716849684715271
0.8490076065063477
0.7693625092506409
0.7668653726577759
0.8857765197753906
0.7405498027801514
0.7991153597831726
0.9106078743934631
0.8026164770126343
0.6551122665405273
0.5882439017295837
1.0000054836273193
0.7185036540031433
0.748640775680542
0.9931055903434753
0.7544095516204834
0.6900501847267151
0.8619989156723022
0.7591416239738464
0.633874773979187
0.8626875281333923
0.8955117464065552
0.6821991205215454
0.6926982402801514
0.8578186631202698
0.7316285967826843
0.7401931285858154
0.8421213030815125
0.7916830778121948
0.5433502197265625
0.698027491569519
0.6839340925216675
0.7996087670326233
0.689304530620575
0.9175511002540588
0.9456056952476501
0.7768188118934631
0.6174466609954834
0.6235847473144531
0.7902555465698242
0.7998703718185425
0.8612035512924194
0.8770678043365479
0.6312428712844849
0.8480015993118286
0.9999831318855286
0.6644802093505859
0.6710495352745056
0.6898852586746216
0.955653965473175
0.7268615961074829
0.7050874829292297
0.706122100353241
0.9857237935066223
0.708259105682373
0.7106897234916687
0.7851641774177551
0.7296555042266846
0.6189939379692078
0.7532400488853455
0.6802499890327454
0.637547492980957
0.7031658887863159
0.6473739743232727
0.5422990322113037
0.8589344024658203
0.6971027851104736
0.8404454588890076
0.8668197989463806
0.9491915106773376
0.8625581860542297
0.7966221570968628
0.7101370096206665
0.7742201089859009
1.0000391006469727
0.8127957582473755
0.9101470112800598
1.000010371208191
0.7881966829299927
0.7439866065979004
0.8233498930931091
0.7644043564796448
0.8035354018211365
0.650674045085907
0.7836151719093323
0.8730864524841309
0.8559461236000061
0.6704691648483276
0.8100681304931641
0.6945303678512573
0.8729245662689209
0.7929229736328125
0.8103160262107849
0.7679092884063721
0.7055948972702026
0.7103825807571411
0.8469945192337036
0.5683663487434387
0.6639407277107239
0.6807810068130493
0.7006798982620239
0.5438007712364197
0.7865822911262512
0.6536974310874939
0.7865951657295227
0.751312792301178
0.6640648245811462
0.6482207775115967
0.8637226223945618
0.7463868260383606
0.8767465353012085
0.8460062742233276
0.7737575173377991
0.6863905787467957
0.7712650299072266
0.7592134475708008
0.7985135912895203
0.7463377714157104
0.5032203197479248
0.7210641503334045
0.9999793767929077
0.5952222347259521
0.7276116013526917
0.7697221636772156
0.8048332929611206
0.7296215295791626
0.8382436633110046
0.7240175008773804
0.7888767719268799
0.7978410720825195
0.8855332732200623
0.8620655536651611
0.675541877746582
0.8754402995109558
0.45012032985687256
0.9049507975578308
0.8215258717536926
0.675253689289093
0.5724557638168335
0.8934334516525269
0.7558660507202148
0.6627488136291504
0.7749884724617004
0.49820056557655334
0.5836753249168396
0.5810464024543762
0.6036041378974915
0.7944707274436951
0.727952241897583
0.709162175655365
0.6110427379608154
0.7818081974983215
0.8368455767631531
0.8232226371765137
0.7553634643554688
0.6735992431640625
0.7240159511566162
0.7011885643005371
0.7045192718505859
0.6987804770469666
0.7959651947021484
0.7485771775245667
0.8419569730758667
0.8291337490081787
0.8303133845329285
0.8016130924224854
0.8242267966270447
0.8357177972793579
0.5412856936454773
0.8748224377632141
0.6900470852851868
0.8550012111663818
0.7601558566093445
0.7574959993362427
0.6461732983589172
0.8493492603302002
0.8084074854850769
0.7729314565658569
0.6040899157524109
0.7667468190193176
0.6228700876235962
0.8438224792480469
0.8876192569732666
0.8001382946968079
0.7033863067626953
0.6792502999305725
0.5513100028038025
0.7517189383506775
0.9999954700469971
0.6904193162918091
0.7359495162963867
0.9560831785202026
0.7548723220825195
0.6722973585128784
0.8385408520698547
0.7312586903572083
0.5671399831771851
0.5849842429161072
0.7552332282066345
0.6820399761199951
0.7443092465400696
0.6282785534858704
0.8626806735992432
0.8746081590652466
0.679159939289093
0.7992446422576904
0.6729874610900879
0.7281405925750732
0.8679202198982239
0.9325922131538391
0.8398293852806091
0.7794995903968811
0.6739510893821716
0.7382615804672241
0.6524930596351624
0.7654284834861755
0.764043927192688
0.7157862186431885
0.6160894632339478
0.7247336506843567
0.8116784691810608
0.9687764048576355
0.8701255321502686