0.9507786631584167
0.9183196425437927
0.7940165996551514
0.8480583429336548
0.7786471843719482
0.8885313272476196
0.7992879748344421
0.8373822569847107
0.9468680620193481
1.0
0.8614897131919861
0.916047990322113
0.8894090056419373
0.8867110013961792
0.8260460495948792
0.8587051033973694
0.8982499241828918
0.8973540663719177
0.9499147534370422
0.8415021896362305
0.9388659000396729
0.9078670144081116
0.9166855812072754
0.7335207462310791
0.800176739692688
0.8152409195899963
0.823199987411499
0.8483721613883972
0.7864559888839722
0.8299023509025574
0.9081219434738159
0.9096155762672424
0.8656826019287109
0.8413268327713013
0.8535491824150085
0.7637636661529541
0.9064857959747314
0.8784772157669067
0.9045400023460388
0.9450445771217346
0.7678472399711609
0.8837637901306152
0.8634045124053955
0.8251020908355713
0.7484248876571655
0.8056395649909973
0.9137087464332581
0.8458135724067688
0.8999831676483154
0.8403807878494263
0.9316641688346863
0.917674720287323
0.8308996558189392
0.8051877021789551
0.7435473203659058
0.9146413803100586
0.8118541836738586
0.814857542514801
0.9117739796638489
0.9447134137153625
0.880290150642395
0.6817468404769897
0.9034666419029236
0.8587208986282349
0.9085753560066223
0.8009545207023621
0.8609934449195862
0.8398239016532898
0.8656383752822876
0.8268939852714539
0.7909048199653625
1.0000790357589722
0.8509847521781921
0.8813574314117432
0.8537384271621704
0.8262857794761658
0.9355179667472839
0.7038426399230957
0.8952638506889343
0.6667777895927429
0.8089501857757568
0.9042221307754517
0.8794615268707275
0.9045568108558655
0.8229658007621765
0.9264262318611145
0.8009915351867676
0.8689723014831543
0.7836202383041382
0.8437462449073792
0.8906199932098389
0.9333537817001343
0.8569768071174622
0.9553429484367371
0.8228227496147156
0.8694403767585754
0.7845087647438049
0.9081850647926331
0.8001610040664673
0.7752007246017456
1.0000383853912354
0.7317241430282593
0.7868465185165405
0.8640369772911072
0.7385315895080566
0.8148393034934998
0.7280534505844116
0.7724622488021851
0.8862752318382263
0.940700352191925
0.8520298004150391
0.8075554966926575
0.8091506958007812
0.7737107872962952
0.8444179892539978
0.7120420932769775
0.8698025941848755
0.9156339168548584
0.8280510306358337
0.927837073802948
0.8123972415924072
0.8530957698822021
0.8863198161125183
0.7917470932006836
0.8866214156150818
0.786133348941803
0.8392288684844971
0.7542383670806885
0.90910404920578
0.8709169626235962
0.7698420882225037
0.9374783635139465
0.8385237455368042
0.8064323663711548
0.8836842775344849
0.8611940145492554
0.8696649670600891
0.8698241710662842
0.9155797362327576
0.7719467878341675
0.8174819946289062
0.9414840936660767
0.9287711381912231
0.9062764048576355
0.7527377605438232
0.8259189128875732
0.7114542126655579
0.8534937500953674
0.8375385999679565
0.8437376618385315
0.7269484400749207
0.821553647518158
0.8365384936332703
0.7546409368515015
0.947605550289154
0.8075251579284668
0.9143421053886414
0.8577107191085815
0.8802003860473633
0.875799298286438
0.7384886741638184
1.0000205039978027
0.8499414920806885
0.7025458812713623
0.746654748916626
0.7325376868247986
0.8746075630187988
0.9154359102249146
0.9111929535865784
0.808525025844574
0.7599490880966187
0.8246492743492126
0.9867693781852722
0.8321986198425293
0.9066575169563293
0.7860609292984009
0.9072577953338623
0.81004399061203
0.9134950637817383
0.8779696226119995
0.8548968434333801
0.7703811526298523
0.7612930536270142
0.8729157447814941
0.8418348431587219
0.9020534753799438
0.8859893679618835
0.840252697467804
0.8047398328781128
0.8413331508636475
0.8077608346939087
0.8912405967712402
0.6856957077980042
0.8080276846885681
0.6173393726348877
0.8070943355560303
0.9022749662399292
0.9296384453773499
0.9416911005973816
0.8109769821166992
0.8760175704956055
0.7979754209518433
1.0000025033950806
0.833202064037323
0.9016990661621094
0.7507200241088867
0.8337483406066895
0.8984651565551758
0.7951891422271729
0.8500847220420837
0.8998229503631592
0.8999975919723511
0.9887185096740723
0.8854309320449829
0.8962407112121582
0.8369337916374207
0.8012086749076843
0.8705390095710754
0.813031792640686
0.870661735534668
0.8067993521690369
0.910703718662262
0.9237002730369568
0.8056266903877258
0.8715684413909912
0.9810633063316345
0.8786476850509644
0.8621781468391418
0.8217542767524719
0.8544433116912842
0.6758493781089783
0.7939349412918091
0.8273448348045349
0.9829767942428589
0.7366700172424316
0.8742901682853699
0.836650550365448
0.7939338684082031
0.856376051902771
0.8950873017311096
0.8884013295173645
0.8275952339172363
0.8477404117584229
0.7645654678344727
0.8148179650306702
0.9013209939002991
0.6639630198478699
0.8904874920845032
0.7498512864112854
0.8482454419136047
0.8923102021217346
0.7486779689788818
0.9277074337005615
0.8704720139503479
0.8599587678909302
0.8446221947669983
0.8542574644088745
0.7875952124595642
0.8622295260429382
0.9729597568511963
0.7988190650939941
0.7915776968002319
1.0000638961791992
0.8382201194763184
0.8142125010490417
0.8003817200660706
0.8687974810600281
0.7418909668922424
0.7823684215545654
0.8292273283004761
0.8939294219017029
0.8259439468383789
0.8915833830833435
0.927837073802948
0.7828690409660339
0.7511196136474609
0.8293592929840088
0.8285914659500122
0.9403218030929565
0.8195264935493469
0.8707857728004456
0.7404243350028992
0.9034307599067688
0.8414705991744995
0.7851544618606567
0.8650779724121094
0.8801905512809753
0.8915051817893982
0.7472231984138489
0.7956468462944031
0.8251687288284302
0.8707529902458191
0.833983838558197
0.8477532863616943
0.8008004426956177
0.8613196015357971
0.7595790028572083
0.8818579912185669
0.9124390482902527
0.7829955220222473
0.8169779777526855
0.8106017112731934
0.8225553035736084
0.8206887245178223
0.9447134137153625
0.785717248916626
0.8772264122962952
0.9413548111915588
0.8640497922897339
0.8343541026115417
0.9563319683074951
0.8387817740440369
0.7796272039413452
0.8682615756988525
0.86536705493927
0.8319204449653625
0.693676233291626
0.8028261661529541
0.805540919303894
0.8016360402107239
0.818935751914978
0.8084149360656738
0.807278573513031
0.7866649627685547
0.8968212604522705
0.7589503526687622
0.8099938631057739
0.8328843116760254
0.85842365026474
0.8400521278381348
0.9374449253082275
0.8051779866218567
0.9264612197875977
0.9094666838645935
0.7898979783058167
0.7996180057525635
0.8005330562591553
0.7334895730018616
0.7962502837181091
0.7879080176353455
0.8468770980834961
0.8738419413566589
0.8818610310554504
0.8169800043106079
0.746463418006897
0.8317080736160278
0.8614811301231384
0.8241539597511292
0.9392786622047424
0.8394215106964111
0.7960322499275208
0.9999845623970032
0.8653379082679749
0.8114705085754395
0.7921399474143982
0.8841840624809265
0.7648735642433167
0.7339836955070496
0.7889548540115356
0.8548382520675659
0.8165390491485596
0.8447740077972412
0.8438968658447266
0.7931062579154968
0.8204317688941956
0.8819313645362854
0.8363972306251526
0.8225550055503845
0.9548755288124084
0.9665671586990356
0.7978460788726807
0.9046673774719238
0.8294683694839478
0.7314239144325256
0.8964951038360596
0.8459914326667786
0.712229311466217
0.8773912787437439
0.8399182558059692
0.9391313791275024
0.7952203750610352
0.9191684126853943
0.8060380220413208
0.8289145827293396
0.7991795539855957
0.8056395649909973
0.7346585392951965
0.7502886652946472
0.8501589894294739
0.9007755517959595
0.6976945400238037
0.7151870131492615
0.8050360083580017
0.9173939824104309
0.7356911301612854
0.8369746208190918
0.8326270580291748
0.8671932220458984
0.8856896162033081
0.7812591791152954
0.9285513758659363
0.8361979126930237
0.8595010042190552
0.8816349506378174
0.9005114436149597
0.8182605504989624
0.846168577671051
0.8840451836585999
0.8590409159660339
0.7917494773864746
0.9009391665458679
0.8745734691619873
0.7767378091812134
0.8117825984954834
0.7516902089118958
0.9211089015007019
0.9212590456008911
0.8191403746604919
0.8376383185386658
0.7132667899131775
0.7792145609855652
0.8434121608734131
0.8478988409042358
0.7541938424110413
0.908444881439209
0.8538081049919128
0.9220406413078308
0.8835946917533875
0.8335950374603271
0.7565703392028809
0.8466723561286926
0.9247906804084778
0.9157719612121582
0.9009415507316589
0.8669845461845398
0.9788810014724731
0.8591974377632141
0.83783358335495
0.9739730358123779
0.774704098701477
0.8341382145881653
0.8545258641242981
0.7681177258491516
0.8672828674316406
0.8321518898010254
0.9482517242431641
0.9054946899414062
0.7778579592704773
0.7903916835784912
1.000011920928955
0.8062402606010437
0.8139086365699768
0.9584203958511353
0.8382548689842224
0.9651338458061218
0.7036952376365662
0.8204208016395569
0.88282710313797
0.9231517314910889
0.892707347869873
0.860004723072052
0.9055423736572266
0.8297831416130066
0.8183980584144592
0.8095693588256836
0.781850278377533
0.7952307462692261
0.963489830493927
0.9857070446014404
0.9394294619560242
0.8041162490844727
0.8144738078117371
0.711775004863739
0.9677610397338867
0.7659459710121155
0.8550583124160767
0.757249653339386
0.8846117854118347
0.8243008255958557
0.8354405760765076
1.0000011920928955
0.8975944519042969
0.999927282333374
0.8682126402854919
0.7496551275253296
0.8598172664642334
0.7804020643234253
0.7783322334289551
0.7798475027084351
0.8508667945861816
0.94172602891922
0.8204924464225769
0.8971352577209473
0.9411184191703796
0.8369759917259216
0.85080885887146
0.7924960851669312
0.710147500038147
0.8665842413902283
0.9999805092811584
0.8878094553947449
0.8108361959457397
0.873988687992096
0.7790324687957764
0.7590737342834473
0.8207667469978333
0.7641094326972961
1.0
0.8991943597793579
0.8604997992515564
0.7787104249000549
0.8508654832839966
0.7311466336250305
0.7789425849914551
0.8030318021774292
0.7944825887680054
0.8786645531654358
0.830368161201477
0.8668896555900574
0.8000489473342896
0.7405956983566284
0.8675168752670288
0.8380478024482727
0.8117932677268982
0.7737630605697632
0.7725992798805237
0.7129654884338379
0.7941919565200806
0.7601295113563538
0.9532056450843811
0.8295091986656189
0.8792760968208313
0.8647094368934631
0.7676671743392944
0.7095022201538086
0.8235177397727966
0.8173903822898865
0.9271884560585022
0.8518809676170349
0.8965704441070557
0.8737931847572327
0.6846250891685486
0.7814998030662537
0.9378955960273743
0.8416925668716431
0.8249848484992981
0.7832139134407043
0.8815670013427734
0.856939435005188
0.8289675712585449
0.7324526309967041
0.8466724753379822
0.7548220753669739
0.7369511723518372
0.7117440700531006
0.8476251363754272
0.9247586727142334
0.834126889705658
0.8023884296417236
0.9171814918518066
0.8884044289588928
0.8698346018791199
0.9105345606803894
0.7457101941108704
0.8676875829696655
0.8034848570823669
0.6702679395675659
0.7733975648880005
0.8582396507263184
0.9031317830085754
0.9391820430755615
0.8577026128768921
0.8205799460411072
0.7708127498626709
0.8780592083930969
0.8214951157569885
0.9182215332984924
0.7821075320243835
0.8546054363250732
0.7245317101478577
0.8608800768852234
0.7108556032180786
0.7898028492927551
0.7441138625144958
0.9164130091667175
0.8306937217712402
0.8132792115211487
0.8768904209136963
0.8607378005981445
0.8576614856719971
0.8395251631736755
0.9232941269874573
0.8849503397941589
0.7792811393737793
0.8222551345825195
0.8002045154571533
0.7796878218650818
0.7345460057258606
0.8324185013771057
0.7340782880783081
0.6968302726745605
0.7854884266853333
0.8127877116203308
0.774077296257019
0.8008087873458862
0.8052175641059875
0.915338933467865
0.8352813720703125
0.9599337577819824
0.8646885752677917
0.7203047275543213
0.925808310508728
0.8473984003067017
0.8576663136482239
0.7259774208068848
0.6553483605384827
0.831978440284729
0.8205171227455139
0.9123809337615967
0.8411475419998169
0.8127680420875549
0.8701403141021729
0.8957687616348267
0.9788810014724731
0.8753210306167603
0.8307918310165405
0.7923540472984314
0.8621606230735779
0.8460880517959595
0.8390839695930481
0.8764989376068115
0.8537944555282593
0.913744330406189
0.9175480008125305
0.7560235261917114
0.8008403182029724
0.8578571081161499
0.7843918204307556
0.8981875777244568
0.8377141356468201
0.8988484740257263
0.9999690055847168
0.8030554056167603
0.9134117364883423
0.8370147943496704
0.8570794463157654
0.7152541875839233
0.847604513168335
0.8938420414924622
0.7748658657073975
0.8121100664138794
0.8412993550300598
0.9363448023796082
0.9301710724830627
0.6732232570648193
0.739292323589325
0.7464408278465271
0.8526387810707092
0.7298338413238525
0.7532250285148621
0.863709032535553
0.8821324110031128
0.8677945733070374
0.7769123911857605
0.7775576710700989
0.8287720084190369
0.9430016875267029
0.7969498038291931
0.7956750392913818
0.8630803823471069
0.8316072225570679
0.7967631816864014
0.6381229162216187
0.7704668045043945
0.8311324119567871
0.8330846428871155
0.7465975284576416
0.7656956315040588
0.7810832858085632
0.7574833631515503
0.8677541017532349
0.8541238307952881
0.8260360956192017
0.7810119390487671
0.7866746783256531
0.7907474637031555
0.7913690209388733
0.8552079796791077
0.883018970489502
0.9046033620834351
0.6759975552558899
0.8310895562171936
0.6495451927185059
0.8046484589576721
0.749098002910614
0.8795241117477417
0.9069808125495911
0.7945911288261414
0.7249377965927124
0.8801177144050598
0.8847664594650269
0.8636698722839355
0.833733081817627
0.8346455693244934
0.9557248950004578
0.7550223469734192
0.84546959400177
0.8300238251686096
0.8922576904296875
0.6773755550384521
0.7757015228271484
0.7698050141334534
1.0
0.8065218329429626
0.8680093288421631
0.7648404240608215
0.856810986995697
0.8124601244926453
0.844110906124115
0.8765708208084106
0.7406319379806519
0.733367383480072
0.8751424551010132
0.9395735263824463
0.8201335668563843
0.8656902313232422
0.7528958320617676
0.869956374168396
0.8780735731124878
0.9088767766952515
0.851395845413208
0.7465697526931763
0.8789743781089783
0.8244771957397461
0.857321560382843
0.8767929673194885
0.8235940337181091
0.7839107513427734
0.8779301643371582
0.745184063911438
0.8503746390342712
0.9669667482376099
0.8779522776603699
0.7152751684188843
0.8600393533706665
0.8578417897224426
0.8438001275062561
0.8200202584266663
0.8630891442298889
0.8406851887702942
0.9132957458496094
0.897813618183136
0.8323732614517212
0.8535939455032349
0.7471500635147095
0.8199008703231812
0.8999396562576294
0.9039843082427979
1.0000393390655518
0.8806844353675842
0.7875321507453918
0.9107096195220947
0.8611378073692322
0.8732559084892273
0.7210161685943604
0.6475861668586731
0.8755322694778442
0.8677577376365662
0.7932897806167603
0.8485814332962036
0.8448085188865662
0.7499169707298279
0.8791957497596741
0.6840953230857849
0.8828253746032715
0.8563209772109985
0.8191009163856506
0.9114750027656555
0.7567185163497925
0.8894955515861511
0.8725388646125793
0.6678588390350342
0.8789299726486206
0.8281873464584351
0.8778072595596313
0.8631899952888489
0.8778445720672607
0.9063986539840698
0.7980536818504333
0.8449994921684265
0.8610224723815918
0.9397255182266235
0.7536047697067261
0.8772928714752197
0.9703534245491028
0.9072660803794861
0.9999893307685852
0.7415626049041748
0.9127573370933533
0.8244275450706482
1.0
0.8413569927215576
0.7871177792549133
0.8011474609375
0.7201497554779053
0.8986051678657532
0.7617822885513306
0.8516407012939453
0.9539309740066528
0.7781985402107239
0.855541467666626
0.7533876299858093
0.8939467668533325
0.787714421749115
0.8636685013771057
0.84027099609375
0.886601448059082
0.8211766481399536
0.7892540693283081
0.8210456371307373
0.7689360976219177
0.7658635377883911
0.7358343005180359
0.8461990356445312
0.8612217307090759
0.8488398194313049
0.8839505314826965
0.7899588942527771
0.858615517616272
0.8449947834014893
0.9398860335350037
0.7587984204292297
0.6925869584083557
0.8531877398490906
0.876302182674408
0.9438874125480652
0.8869507908821106
0.7744894623756409
0.8250760436058044
0.756657063961029
0.9405590295791626
0.8207579255104065
0.7283204197883606
0.813251256942749
0.8479171395301819
0.892742395401001
0.8244578838348389
0.8562101125717163
0.8109889626502991
0.9535930752754211
0.7743462920188904
0.7600880861282349
0.7312538027763367
0.776931881904602
0.8502777814865112
0.8112175464630127
0.8412306308746338
0.871842086315155
0.7994464039802551
0.8659088611602783
0.8297344446182251
0.6563307642936707
0.84637850522995
0.8093528151512146
0.8652148246765137
0.8073481917381287
0.8761019110679626
0.9221630692481995
0.8832417130470276
0.7990643978118896
0.9048132300376892
0.7794876098632812
0.8674528002738953
0.8036083579063416
0.8674925565719604
0.7576727867126465
0.7631528973579407
0.6354721784591675
0.9403542876243591
0.8690303564071655
0.8945370316505432
0.9057986736297607
0.7999324798583984
0.8170557618141174
0.7929185628890991
0.8442424535751343
0.8931219577789307
0.8610175848007202
0.7652715444564819
0.784353494644165
0.9094505310058594
0.7772595286369324
0.8706138134002686
0.8505049347877502
0.7917583584785461
0.8393012285232544
0.8074791431427002
0.850559651851654
0.9162509441375732
0.8611090779304504
0.752013087272644
0.8943225741386414
0.7624507546424866
0.9382320046424866
0.9634882211685181
0.8538928031921387
0.8814542293548584
0.9020620584487915
0.9062612652778625
0.7876726388931274
0.8104819655418396
0.8984797596931458
0.8549383878707886
0.8826201558113098
0.8678134083747864
1.0
0.9153134226799011
0.8339052200317383
0.8551627397537231
0.9498370289802551
0.8044993281364441
0.8114839792251587
0.843241810798645
0.6694865822792053
0.8092306852340698
0.9085378050804138
0.7932953238487244
0.7105547785758972
0.9202609062194824
0.8635589480400085
0.9246018528938293
0.7310732007026672
0.7894209027290344
0.8560250401496887
0.8954862356185913
0.7889630198478699
0.8246296644210815
0.9337694644927979
0.7695440649986267
0.8568501472473145
0.7438588738441467
0.7819221019744873
0.7865464687347412
0.8729320168495178
0.9063112139701843
0.9134007692337036
0.8877307176589966
0.8953281044960022
0.7560910582542419
0.8704432249069214
0.8323838114738464
0.7047776579856873
0.8365234732627869
0.921458899974823
0.873881995677948
0.866830587387085
0.7928102612495422
0.8583407402038574
0.8202151656150818
0.9365346431732178
0.8581433296203613
0.8033669590950012
0.7504763007164001
0.8452697992324829
0.8262777328491211
0.8284984230995178
0.8575377464294434
0.8365074992179871
0.9171814918518066
0.8595084547996521
0.8895395398139954
0.8680246472358704
0.6951594352722168
0.8134976625442505
0.749419629573822
0.8386744260787964
0.8839147686958313
0.934817910194397
0.9999856948852539
0.891862690448761
0.8970771431922913
0.8517722487449646
0.8142392039299011
0.916778564453125
0.875802218914032
0.894494354724884
0.8410811424255371
0.9049689769744873
1.0000191926956177
0.8979511857032776
0.8686351180076599
0.7221732139587402
0.8391277194023132
0.8005472421646118
0.981579601764679
0.8473718762397766
0.8003039956092834
0.8903591632843018
0.954847514629364
0.8327662944793701
0.8920837044715881
0.7657793760299683
0.6563776731491089
0.8841544389724731
0.8569190502166748
0.8071541786193848
0.9034887552261353
0.8254797458648682
0.6625196933746338
0.7643082737922668
0.7606107592582703
0.7200170159339905
0.6526413559913635
0.8970871567726135
0.7337570190429688
0.8200070858001709
0.6510949730873108
0.7166200280189514
0.7707365155220032
0.943828284740448
0.9080198407173157
0.9113283157348633
0.7227121591567993
0.8264821767807007
0.95475172996521
0.8376848697662354
0.7156201004981995
0.7582753896713257
0.7700989842414856
0.9039919376373291
0.745027482509613
0.7912147045135498
0.8999612927436829
0.8621317744255066
0.9999936819076538
0.91798335313797
0.9193509221076965
0.8247048854827881
0.891508162021637
0.838344395160675
0.8076647520065308
0.7628359198570251
0.6837689280509949
0.7435528635978699
0.8434318900108337
1.0000851154327393
0.7287144064903259
0.7479085922241211
0.812512993812561
0.6787747740745544
0.8412094712257385
0.8284760117530823
0.7591959238052368
0.8096645474433899
0.8514251708984375
0.7569956183433533
0.7359168529510498
0.7512551546096802
0.8903794288635254
0.8744778633117676
0.709636926651001
0.717944324016571
1.0000107288360596
0.7853453755378723
0.7403273582458496
0.8422560691833496
0.8125823736190796
0.881718635559082
0.6728900671005249
0.9501852989196777
0.7827292680740356
0.8343891501426697
0.8093221187591553
0.6536520719528198
0.8369053602218628
0.8614665269851685
0.8658125400543213
0.8970871567726135
0.818047046661377
0.7454779744148254
0.90472412109375
0.673820972442627
0.8002206683158875
0.8186825513839722
0.8092851042747498
0.8811184167861938
0.9827126264572144
0.8797264099121094
0.885733425617218
0.7820192575454712
0.826791524887085
0.7648859620094299
0.6005874276161194
0.8005061149597168
0.787198007106781
0.8163313269615173
0.8119876384735107
0.7647469639778137
0.7617252469062805
0.9373551607131958
0.7380530834197998
0.7727444767951965
0.8268578052520752
0.7743606567382812
0.7945886254310608
0.7445876002311707
0.9083898663520813
0.8124108910560608
0.8281133770942688
0.8115643858909607
0.8265620470046997
0.724944531917572
0.8389409780502319
0.8652226328849792
0.7765867710113525
1.0000383853912354
0.8050264120101929
0.89918053150177
0.7385290861129761
0.8584615588188171
0.8302141427993774
0.7744225263595581
0.7354928255081177
0.8184431791305542
0.762861967086792
0.6990653276443481
0.7514362931251526
0.7889971137046814
0.7890806198120117
0.6182163953781128
0.771320641040802
0.8096989989280701
0.8572553396224976
0.8070462346076965
0.6369616985321045
0.8720545172691345
0.827934980392456
0.8610875010490417
0.8320068717002869
0.6854358911514282
0.8074889183044434
0.7403213977813721
0.8495033383369446
0.9236851334571838
0.7740280628204346
1.0000851154327393
0.8153656721115112
0.7623676061630249
0.6856935620307922
0.7477161288261414
0.5904917120933533
0.6178973317146301
0.7208194136619568
0.7835655212402344
0.7409335970878601
0.8280141949653625
0.8253730535507202
0.9041385650634766
0.7394242286682129
0.8872430324554443
0.9402164816856384
0.7530328631401062
0.852290153503418
0.7751487493515015
0.8366767168045044
0.8679524660110474
0.8421262502670288
0.8728458881378174
0.8403208255767822
0.8443940281867981
0.9469352960586548
0.6961168646812439
0.7713513970375061
0.7436617612838745
0.7618510127067566
0.7843416333198547
0.7920053005218506
0.8295955061912537
0.9370802640914917
0.8213042616844177
0.8718093633651733
0.9197173118591309
0.7839966416358948
0.8297768235206604
0.8248375058174133
0.7913083434104919
0.8211807012557983
0.6833112835884094
0.8089303970336914
0.8506715297698975
0.8474408984184265
0.7740925550460815
0.8700652122497559
0.7528907060623169
0.793956995010376
0.8115626573562622
0.8114590644836426
0.7868633270263672
0.7758357524871826
0.7404198050498962
0.7675837874412537
0.7262874841690063
0.8812427520751953
0.7491663694381714
0.7037585377693176
0.8072240948677063
0.8979189395904541
0.9007876515388489
0.7540629506111145
0.7686804533004761
0.9300887584686279
0.7512137293815613
0.8872573375701904
0.5818835496902466
0.7863630056381226
0.7395976781845093
0.892621636390686
0.7893106937408447
0.8555161952972412
0.7487945556640625
0.7802965044975281
0.8057212233543396
0.8002400398254395
0.7953218221664429
0.7635959386825562
0.7792860269546509
0.8121294975280762
0.6856479048728943
0.8060598969459534
0.775182843208313
0.9031445384025574
0.8836637139320374
0.9090732336044312
0.8065863847732544
0.7558253407478333
0.686475932598114
0.8357636332511902
0.7668842673301697
0.8457581400871277
0.631631076335907
0.7845932245254517
0.8111535906791687
0.7801273465156555
0.9482601881027222
0.7331316471099854
0.960118293762207
0.8647374510765076
0.8751270174980164
0.9742077589035034
0.8155232667922974
0.8268578052520752
0.8222612142562866
0.7854925990104675
0.7806458473205566
0.914344310760498
0.9073148369789124
0.8563103675842285
0.770675778388977
0.81376713514328
0.7260743975639343
0.9490726590156555
0.7931062579154968
0.9157747626304626
0.7459734082221985
0.7411587238311768
0.954548716545105
0.8088089823722839
0.8657469749450684
0.761590301990509
0.7932338714599609
0.8152564167976379
0.8297905921936035
0.9661097526550293
0.7972635626792908
0.8117820024490356
0.9333543181419373
0.7852289080619812
0.850253701210022
0.841741681098938
0.8106478452682495
0.8923569321632385
0.8456775546073914
0.7692570686340332
0.8254411220550537
0.9566729068756104
0.8719988465309143
0.8513283729553223
0.8621165156364441
0.7997161746025085
0.7620977163314819
0.7555691003799438
0.8398383259773254
0.7552012205123901
0.8747947216033936
0.7955759167671204
0.8169792890548706
0.8837442398071289
0.7495896816253662
0.8127754926681519
0.757807731628418
0.8022332191467285
0.8132708668708801
0.9069265127182007
0.8603938221931458
0.8017762899398804
0.7726741433143616
0.8430972695350647
0.8075597286224365
0.7707726359367371
0.8953394889831543
0.8223845362663269
0.9207295775413513
0.831073522567749
0.7591269612312317
0.6671638488769531
0.8308089375495911
0.7024510502815247
0.6323543190956116
0.7619242668151855
0.7627554535865784
0.772916853427887
0.5773051381111145
0.8420751094818115
0.809268593788147
0.8101426959037781
0.8286759257316589
0.8240444660186768
0.8098251223564148
0.7796459794044495
0.6984171867370605
0.7242097854614258
0.8459892272949219
0.7861664295196533
0.8063148856163025
0.8166071772575378
0.7291735410690308
0.7848455905914307
0.7667858600616455
0.8696969151496887
0.7710775136947632
0.822058916091919
0.897064208984375
0.6784862875938416
0.9155707955360413
0.749114990234375
0.7145023345947266
0.8085030913352966
0.7486979961395264
0.7887047529220581
0.9157447814941406
0.7693544626235962
0.7922413349151611
0.7465513944625854
0.740982174873352
0.7936549186706543
0.9679505228996277
0.8358211517333984
0.7996631860733032
0.7520492672920227
0.8295668363571167
0.7940308451652527
0.9745951890945435
0.7930423617362976
0.8304157853126526
0.8826764822006226
0.7184931635856628
0.8617367744445801
0.8061572313308716
0.7977797985076904
0.7905025482177734
0.6775853037834167
0.7277590036392212
0.7420598268508911
0.8649832606315613
0.8036094307899475
0.7351051568984985
0.7687476277351379
0.7537036538124084
0.8260133862495422
0.7602425217628479
0.6848220825195312
0.731151819229126
0.7893342971801758
0.7344788312911987
0.7771974802017212
0.9205812811851501
0.800019383430481
0.742602527141571
0.7854110598564148
0.7762654423713684
0.8092923164367676
0.7426197528839111
0.8075185418128967
0.728570818901062
0.7810031175613403
0.8226427435874939
0.7637681365013123
0.8727278709411621
0.8097972869873047
0.8645919561386108
0.8081841468811035
0.8430608510971069
0.8230400085449219
0.7428880929946899
0.819459080696106
0.7398502826690674
0.7894763350486755
0.8014870285987854
0.7743584513664246
0.7641646265983582
0.7482328414916992
0.8670245409011841
0.821463406085968
0.8713672757148743
0.9160870313644409
0.7291647791862488
0.7487249374389648
0.8139703869819641
0.760062038898468
0.9391654133796692
0.7161554098129272
0.848641037940979
0.7918457984924316
0.860723614692688
0.9144547581672668
0.9307591319084167
0.789130687713623
0.7224022746086121
0.7628141641616821
0.8162460327148438
0.8341590166091919
0.9340982437133789
0.6421386003494263
0.8065486550331116
0.7515431046485901
0.8692891597747803
0.7947714924812317
0.8066526651382446
0.7919965982437134
0.838745653629303
0.8092994093894958
0.8518872857093811
0.6793961524963379
0.9274464249610901
0.688767671585083
0.829275906085968
0.9808257818222046
0.8096645474433899
0.9757654070854187
0.8105964064598083
0.7779235243797302
0.7970391511917114
0.8990309834480286
0.8092923164367676
0.710591733455658
0.650739312171936
0.8051605820655823
0.8125630617141724
0.7374289035797119
0.7966552376747131
0.808353066444397
0.8794391751289368
0.8930891156196594
0.7914357781410217
0.6876745223999023
0.7520766258239746
0.754821240901947
1.0000087022781372
0.8985699415206909
0.9139002561569214
0.7241925597190857
0.6749144196510315
0.7530621290206909
0.8473292589187622
0.819538950920105
0.7661438584327698
0.8811944127082825
0.8113707900047302
0.795059859752655
0.8339238166809082
0.8558192253112793
0.8121515512466431
0.7612528800964355
0.6771321296691895
0.8283665180206299
0.7666757106781006
0.7261901497840881
0.6161198019981384
0.7854616641998291
0.7091138958930969
0.6504861116409302
0.8298633098602295
0.8430532813072205
0.775183916091919
0.8128276467323303
0.7569260001182556
0.8189955353736877
0.8094040751457214
0.8182682394981384
0.7661667466163635
0.89859539270401
0.8582550883293152
0.8518688678741455
0.8004975914955139
0.8121007680892944
0.7774590253829956
0.6941217184066772
0.7467327117919922
0.840877890586853
0.8077638149261475
0.85454922914505
0.7611117362976074
0.9855387806892395
0.7766833305358887
0.911855161190033
0.8953078985214233
0.8420517444610596
0.8572889566421509
0.9245640635490417
0.8884125351905823
0.8268089890480042
0.8349310755729675
0.8463963270187378
0.9050881266593933
0.7414401173591614
0.8962001800537109
0.7397269010543823
0.9316678643226624
0.9622902274131775
0.7235066294670105
0.845210611820221
0.9999647736549377
0.8444948196411133
0.7332067489624023
0.7933956980705261
0.8346412777900696
0.888763964176178
0.8871311545372009
0.9145774245262146
0.7833488583564758
0.8833878636360168
0.8745501041412354
0.8217703104019165
0.9122318029403687
0.9323880076408386
0.8056914210319519
0.7960466146469116
0.8027809262275696
0.9052639007568359
0.8842266798019409
0.9526334404945374
0.7984131574630737
0.890845775604248
0.8342808485031128
0.9122486114501953
0.9249086976051331
0.9351295828819275
1.0
0.8283681869506836
0.6947644948959351
0.8663707375526428
0.9034715890884399
0.8791813254356384
0.8897354602813721
0.9014447927474976
0.8694968223571777
0.8783194422721863
0.8534146547317505
0.8352900743484497
0.8410584330558777
0.6468679904937744
0.8501462936401367
0.8182833194732666
0.8624686598777771
0.7274631261825562
0.8837905526161194
0.8783235549926758
0.8116282820701599
0.9278739094734192
0.9243777990341187
0.8712349534034729
0.8155737519264221
0.8623917698860168
0.8719093799591064
0.8051096200942993
0.8101387023925781
0.9206896424293518
0.8291237354278564
0.9473391175270081
0.895300567150116
0.6762664914131165
0.8411991596221924
0.7280800342559814
0.8829448223114014
0.807074248790741
0.7599361538887024
0.9136911630630493
0.8281710743904114
0.9437540173530579
0.8297695517539978
0.8731011748313904
0.8824374079704285
0.8613364100456238
0.9605360627174377
0.830014705657959
0.8944151997566223
1.000024437904358
0.8143053650856018
0.7687545418739319
0.7718161940574646
0.8365271687507629
0.8827425837516785
0.9091130495071411
0.8349661231040955
0.817568838596344
0.8296715021133423
0.9048624038696289
0.9058662056922913
0.8458625078201294
0.8179445862770081
0.8031586408615112
0.9439043402671814
0.9442986845970154
0.8199250102043152
0.8302158117294312
0.8229883313179016
0.869273841381073
0.999984085559845
0.8184269070625305
0.8281851410865784
0.8594073057174683
0.8481605648994446
0.8004383444786072
0.854637086391449
0.8035792708396912
0.819993793964386
0.8886157274246216
0.945082426071167
0.9900692701339722
0.8118610382080078
0.8012954592704773
0.8653107285499573
0.8300920724868774
0.8023019433021545
0.9405872821807861
0.8779899477958679
0.9186182618141174
0.8792785406112671
0.8387305736541748
0.869892954826355
0.9493699669837952
0.812390923500061
0.7501392960548401
0.8873254656791687
0.9308909773826599
0.7400598526000977
0.8831276297569275
0.8507310152053833
0.9999925494194031
0.780074954032898
0.7991283535957336
0.7749777436256409
0.9222061634063721
0.84454345703125
0.8505846858024597
0.8567280173301697
0.663116455078125
0.9261822700500488
0.7743889689445496
0.8392337560653687
0.9103918671607971
0.7588597536087036
0.7824785709381104
0.943234920501709
0.817523717880249
0.7899861335754395
0.8969519734382629
0.9018992185592651
0.8098845481872559
0.8793455958366394
0.8111314177513123
0.895473301410675
0.9291945099830627
0.7100701928138733
0.8243887424468994
0.8905578255653381
0.8882842659950256
0.8343623280525208
0.8630923628807068
0.8498971462249756
0.9147511124610901
0.875394880771637
0.8529090881347656
0.9108391404151917
0.751202404499054
0.8374636173248291
0.9266066551208496
0.9324419498443604
0.7789597511291504
0.8482103943824768
0.8128941655158997
0.8098807334899902
0.9144811630249023
0.855571985244751
0.7787673473358154
0.9999815225601196
0.8861123919487
0.861384928226471
0.6197261214256287
0.7996730208396912
0.892816960811615
0.9498029351234436
0.9618325233459473
0.9700337648391724
0.8306092023849487
0.9757209420204163
0.9999427795410156
0.8060968518257141
0.8509863615036011
0.8333994746208191
0.8604288101196289
0.8057254552841187
0.9328919053077698
0.8010071516036987
0.8102017641067505
0.9808992147445679
0.9554599523544312
0.8634865880012512
0.7465298771858215
0.8316443562507629
0.8570942282676697
0.9520009160041809
0.8303449153900146
0.9029962420463562
0.8681811094284058
0.9133928418159485
0.8563706874847412
0.8415889739990234
0.8703186511993408
0.8603989481925964
0.8704763650894165
0.8400380611419678
0.7429477572441101
0.9030296802520752
0.8767847418785095
0.8494822382926941
0.8543469905853271
0.8935836553573608
0.9219177961349487
0.851698100566864
0.8363423943519592
0.8948221802711487
0.9598733186721802
0.8590428829193115
0.8656445741653442
0.7297423481941223
0.7567768692970276
0.799290657043457
0.7894617915153503
0.7634755969047546
0.7504062056541443
0.7637317180633545
0.9018599390983582
0.9783337116241455
0.9924280047416687
0.973240315914154
0.8326519727706909
0.8669764995574951
0.8161696791648865
0.8844305872917175
0.9478328227996826
0.8840444087982178
0.6955903172492981
0.783437192440033
0.845241129398346
0.8821096420288086
0.9583680629730225
0.8107213973999023
0.8845882415771484
0.8304099440574646
0.8910974264144897
0.9229671955108643
0.8748410940170288
0.8580133318901062
0.9590952396392822
0.8603520393371582
0.7689610123634338
0.7756993770599365
0.999929666519165
0.8286348581314087
0.791520893573761
0.9953197836875916
0.8520805835723877
0.8320050239562988
0.9355638027191162
0.853344738483429
0.7823835015296936
0.9168335795402527
0.9308449029922485
0.8137845396995544
0.8848521113395691
0.939459502696991
0.863178014755249
0.7946205139160156
0.9018688201904297
0.8446310758590698
0.7598085999488831
0.8036239743232727
0.8032873272895813
0.921393871307373
0.7626745104789734
0.931342601776123
0.9401918649673462
0.8648107051849365
0.7506565451622009
0.7886421084403992
0.8954179286956787
0.8961101174354553
0.9167834520339966
0.9085977673530579
0.8093202114105225
0.9037116169929504
0.9999702572822571
0.8098092079162598
0.7964648008346558
0.7521815299987793
0.9710696339607239
0.8285570740699768
0.7947306632995605
0.8664323687553406
0.9832183122634888
0.7909263372421265
0.8159056305885315
0.9122591018676758
0.8454662561416626
0.8572114706039429
0.8574863076210022
0.8097900748252869
0.7821323275566101
0.7868613004684448
0.7975874543190002
0.7528030872344971
0.9012371897697449
0.8264317512512207
0.8872264623641968
0.876267671585083
0.9602665305137634
0.9157270789146423
0.8467524647712708
0.867427408695221
0.8451306819915771
1.0000144243240356
0.8369053602218628
0.9215700030326843
0.999974250793457
0.8807647228240967
0.8201963305473328
0.8902328610420227
0.8068458437919617
0.8722242712974548
0.8471896052360535
0.8397310376167297
0.9245008230209351
0.921265721321106
0.8130068182945251
0.9101969003677368
0.7874652147293091
0.9249844551086426
0.8254261612892151
0.90887051820755
0.8421817421913147
0.8023852109909058
0.8206302523612976
0.9193019866943359
0.7305701375007629
0.7383134961128235
0.8822477459907532
0.8207556009292603
0.7387436032295227
0.8584233522415161
0.8009230494499207
0.8677675127983093
0.8759791254997253
0.7906528115272522
0.7660835981369019
0.9191980957984924
0.8149049878120422
0.9237744212150574
0.879370391368866
0.8197318911552429
0.8102418184280396
0.8905125856399536
0.8472122550010681
0.8467575907707214
0.85331791639328
0.7309008836746216
0.867541491985321
1.0
0.7543932199478149
0.8330931663513184
0.8444060683250427
0.8735154867172241
0.8373786211013794
0.8817159533500671
0.7911227941513062
0.8281133770942688
0.9149971604347229
0.8938979506492615
0.9038442373275757
0.8247944712638855
0.904134213924408
0.725818932056427
0.9334832429885864
0.8457683324813843
0.8003251552581787
0.831030547618866
0.9270731210708618
0.8238416910171509
0.7818998098373413
0.85407954454422
0.6941426396369934
0.8111252188682556
0.7500825524330139
0.7595600485801697
0.8582885265350342
0.820521891117096
0.7966122031211853
0.7763465642929077
0.8908311128616333
0.8757248520851135
0.9006292819976807
0.8698031306266785
0.8112448453903198
0.8031789064407349
0.7958200573921204
0.7885169982910156
0.8072455525398254
0.9078297019004822
0.9222046136856079
0.9125754237174988
0.8841060400009155
0.8707204461097717
0.8663105964660645
0.8759498000144958
0.9218447804450989
0.7082187533378601
0.905485987663269
0.8579595685005188
0.9035258889198303
0.8237281441688538
0.8553492426872253
0.7571357488632202
0.8864176273345947
0.8948572278022766
0.8493919372558594
0.7556779980659485
0.8545265197753906
0.7648555636405945
0.9130145311355591
0.9396665096282959
0.8597255349159241
0.7908770442008972
0.8109740614891052
0.7520354986190796
0.8277973532676697
1.0000252723693848
0.7905759215354919
0.8388648629188538
0.9789271950721741
0.8869429230690002
0.8127754330635071
0.8958341479301453
0.8241444230079651
0.7597585320472717
0.7357124090194702
0.8430110812187195
0.760392963886261
0.8363572359085083
0.744803249835968
0.8932573199272156
0.8948794007301331
0.7787991166114807
0.8581863641738892
0.8092917203903198
0.8586548566818237
0.9279822707176208
0.9508919715881348
0.8757272362709045
0.8743234872817993
0.8231698870658875
0.8013992309570312
0.8162914514541626
0.8427606225013733
0.8778659105300903
0.8049774169921875
0.7286421656608582
0.8076552748680115
0.8680324554443359
0.9737439155578613
0.9323380589485168