0.9268189668655396
0.9330238699913025
0.9139187932014465
0.9368925094604492
0.9048764109611511
0.9409376978874207
0.9321098327636719
0.9392449855804443
0.9181383848190308
0.9205814599990845
0.9171877503395081
0.9130895733833313
0.9332823753356934
0.9186853170394897
0.9284412264823914
0.8515781760215759
0.9249792695045471
0.9546816945075989
0.8910372257232666
0.9841981530189514
0.9697045087814331
0.9711357951164246
0.951063334941864
0.9317574501037598
0.9540306925773621
0.9569657444953918
0.9530438184738159
0.9998947381973267
0.9618708491325378
0.9489739537239075
0.9473196864128113
0.9172799587249756
0.9226345419883728
0.93924880027771
0.9467700719833374
0.9391112923622131
0.9592328071594238
0.9723091721534729
0.9216175079345703
0.9762485027313232
0.9724231362342834
0.950065016746521
0.9590977430343628
0.9565302729606628
0.9511700868606567
0.9537116885185242
0.9828327894210815
0.9461774826049805
0.9581215977668762
0.9951751828193665
0.9738425016403198
0.9703874588012695
0.9562866687774658
0.9385871291160583
0.965378999710083
0.9483540058135986
0.9925073981285095
0.9912768602371216
0.917796790599823
0.9259448051452637
0.9375727772712708
0.9393600821495056
0.9438921213150024
0.9532155394554138
0.9366260170936584
0.9195848107337952
0.9282893538475037
0.9168536067008972
0.9679811596870422
0.9446025490760803
0.9245389103889465
0.9455347061157227
0.9227693676948547
0.9655366539955139
0.9492393136024475
0.9432157278060913
0.9716269969940186
0.9557050466537476
0.9733878374099731
0.941678524017334
0.9525639414787292
0.9630884528160095
0.9511545300483704
0.9403873682022095
0.9281954169273376
0.9775224328041077
0.9695285558700562
0.9610724449157715
0.9690687656402588
0.9461241960525513
0.9593274593353271
0.9633861184120178
0.9260299205780029
0.9041197299957275
0.920245885848999
0.9237063527107239
0.9119076728820801
0.9292165040969849
0.8807892799377441
0.8837379217147827
0.9662656784057617
0.9367033839225769
0.9126666188240051
0.901035726070404
0.9077118039131165
0.9135199785232544
0.9444124698638916
0.9511728286743164
0.9276761412620544
0.9119963049888611
0.890591561794281
0.929311990737915
0.9188895225524902
0.9274910688400269
0.9477508664131165
0.9480935335159302
0.9215390086174011
0.9326460361480713
0.9538862109184265
0.8883830308914185
0.9355279207229614
0.922996461391449
0.9565051198005676
0.9351653456687927
0.9328523874282837
0.8890857100486755
0.9115980863571167
0.9504339098930359
0.9530069828033447
0.9087550640106201
0.9433684945106506
0.9135738611221313
0.9483676552772522
0.9253056049346924
0.9634385108947754
0.9902426600456238
0.9583691954612732
0.9788018465042114
0.9690287113189697
0.9536948800086975
0.9669958353042603
0.9279558658599854
0.9565353989601135
0.9531142711639404
0.9308533072471619
0.9877679944038391
0.9498412013053894
0.9570116400718689
0.944465696811676
0.9494887590408325
0.9585679173469543
0.9854246973991394
0.9847483038902283
0.96083003282547
0.963878870010376
0.9953454732894897
0.9712573885917664
0.9894252419471741
0.9086715579032898
0.936636745929718
0.9425972700119019
0.8922825455665588
0.906365692615509
0.9563867449760437
0.9285505414009094
0.9473349452018738
0.9506527781486511
0.9137524962425232
0.9300209879875183
0.928972065448761
0.9056695699691772
0.8849344253540039
0.9390638470649719
0.9562195539474487
0.9212488532066345
0.9464901089668274
0.9333941340446472
0.9525737762451172
0.9509153366088867
0.9533401727676392
0.9168276786804199
0.9361180663108826
0.9234508275985718
0.9568403363227844
0.9349702000617981
0.9415637254714966
0.9175997376441956
0.9231788516044617
0.9536771178245544
0.9477859735488892
0.9554340243339539
0.9368056058883667
0.9454572796821594
0.9312544465065002
0.9405152201652527
0.9721001982688904
0.9695649147033691
0.9117790460586548
0.9060028195381165
0.9427140951156616
0.9448297023773193
0.9475768804550171
0.9541758298873901
0.9274898767471313
0.9172862768173218
0.9188700914382935
0.9599290490150452
0.9317967295646667
0.9011519551277161
0.9338115453720093
0.9283101558685303
0.9363360404968262
0.9394848346710205
0.8795672059059143
0.9450216889381409
0.921629786491394
0.9552569389343262
0.9584410786628723
0.9263733625411987
0.9426941275596619
0.9231523275375366
0.938111424446106
0.9764721393585205
0.9614644050598145
0.9257760047912598
0.9158110618591309
0.9400061964988708
0.9116482734680176
0.9201954007148743
0.9430218935012817
0.915825605392456
0.9652155637741089
0.8927207589149475
0.9150305986404419
0.9395630955696106
0.9351658821105957
0.9674341678619385
0.9784543514251709
0.9406939148902893
0.9651000499725342
0.9554514288902283
0.9365290403366089
0.9734382629394531
0.9485917687416077
0.9566885828971863
0.943565309047699
0.9497915506362915
0.9418887495994568
0.9101991057395935
0.9717054963111877
0.9281359910964966
0.9626960158348083
0.9363505840301514
0.9209597110748291
0.9491445422172546
0.9107502102851868
0.9219803214073181
0.9135196208953857
0.9340512752532959
0.9239988923072815
0.9368436932563782
0.9459363222122192
0.8861494064331055
0.9383275508880615
0.8992853164672852
0.9111974835395813
0.9166239500045776
0.9034055471420288
0.9038081169128418
0.8842011094093323
0.9125048518180847
0.9133649468421936
0.9433397054672241
0.948054313659668
0.9965496063232422
0.9862547516822815
0.9954648017883301
0.9675478339195251
0.9819237589836121
0.9872498512268066
0.9873742461204529
0.999940812587738
0.9999338388442993
0.8960797190666199
0.9199863076210022
0.9684616923332214
0.9941574335098267
0.9557764530181885
0.9747977256774902
0.9408134818077087
0.9387158155441284
0.9530391097068787
0.9588157534599304
0.9385055899620056
0.9474541544914246
0.9381096959114075
0.9390982985496521
0.9621448516845703
0.9319364428520203
0.992050290107727
0.9738733768463135
0.9583204388618469
0.9576422572135925
0.9658930897712708
0.9784168004989624
0.9566943049430847
0.934465765953064
0.9657458066940308
0.9685130715370178
0.9784147143363953
0.9038291573524475
0.979433000087738
0.8853504061698914
0.9289634227752686
0.9523821473121643
0.9900876879692078
0.9574978947639465
0.9655152559280396
0.9564265608787537
0.9518622159957886
0.964852511882782
0.9432799220085144
0.9657495021820068
0.9790441393852234
0.9585765600204468
0.9459251761436462
0.9360070824623108
0.9104664921760559
0.9621039032936096
0.9187293648719788
0.9383219480514526
0.9535356760025024
0.9260727167129517
0.9672607779502869
0.9626027941703796
0.9555762410163879
0.9616787433624268
0.9800555109977722
0.9394615292549133
0.9469686150550842
0.935979962348938
0.9408669471740723
0.9576093554496765
0.9768388271331787
0.956501841545105
0.9545068740844727
0.9716476202011108
0.911083459854126
0.9300675988197327
0.932708203792572
0.967872142791748
0.9292840957641602
0.9514802694320679
0.9246965646743774
0.9401932954788208
0.9432660937309265
0.9716461300849915
0.9676893949508667
0.9670265316963196
0.9617019295692444
0.9532651305198669
0.9738022089004517
0.9616418480873108
0.9474676251411438
0.9404971599578857
0.9226340055465698
0.9182462692260742
0.9353340268135071
0.925058126449585
0.9411580562591553
0.9788156747817993
0.9490251541137695
0.9575941562652588
0.9347963333129883
0.9431875348091125
0.9655067324638367
0.9737651944160461
0.9509024620056152
0.9379629492759705
0.9393741488456726
0.9845702052116394
0.9675880074501038
0.9256298542022705
0.9653182625770569
0.9832338094711304
0.954725444316864
0.9713709950447083
0.923218846321106
0.9417914748191833
0.9593251943588257
0.9829338788986206
0.9186541438102722
0.9482648968696594
0.9585960507392883
0.9788761734962463
0.9406435489654541
0.9352073073387146
0.979210615158081
0.9893099665641785
0.9619070887565613
0.962881326675415
0.9398632049560547
0.9471758604049683
0.960229754447937
0.9639546871185303
0.9545270204544067
0.963843822479248
0.9401797652244568
0.9613213539123535
0.9562360644340515
0.9640709161758423
0.9616428017616272
0.9823765754699707
0.9495760202407837
0.9604661464691162
0.943183422088623
0.9320307374000549
0.9614512324333191
0.9557322263717651
0.9293816089630127
0.9573487639427185
0.9286641478538513
0.90275639295578
0.9399184584617615
0.9419161677360535
0.9389259219169617
0.9498822689056396
0.917901337146759
0.9374376535415649
0.9174312353134155
0.9162688255310059
0.9031968712806702
0.9356549382209778
0.9641574025154114
0.9172750115394592
0.922165036201477
0.9441314935684204
0.9241506457328796
0.929039716720581
0.9268091917037964
0.9081475138664246
0.9160647988319397
0.9209336638450623
0.9411816000938416
0.9309195280075073
0.9414219260215759
0.9268350601196289
0.9534645080566406
0.9301591515541077
0.9188578724861145
0.9297892451286316
0.9302017688751221
0.9593729376792908
0.9785972237586975
0.9531069993972778
0.9778164029121399
0.9689395427703857
0.9577896595001221
0.924057126045227
0.8911212086677551
0.9302683472633362
0.9255118370056152
0.9106645584106445
0.9164949655532837
0.9046726226806641
0.9435960054397583
0.9453256726264954
0.9341211318969727
0.8918537497520447
0.9207104444503784
0.911816418170929
0.929358184337616
0.9269087314605713
0.9528524279594421
0.9522954821586609
0.9645220041275024
0.9881026744842529
0.9845982193946838
0.9731041789054871
0.9948331117630005
0.9555681943893433
0.9584214091300964
0.9716212153434753
0.9106086492538452
0.9439250826835632
0.9389655590057373
0.9651990532875061
1.0000131130218506
0.9922835826873779
0.9242088198661804
0.9885560274124146
0.9824816584587097
0.969167947769165
0.9695301651954651
0.9650675058364868
0.9660149216651917
0.9555637836456299
0.9607362151145935
0.9463219046592712
0.9551455974578857
0.9734047055244446
0.9351677894592285
0.9394460320472717
0.9551984667778015
0.9514786601066589
0.9450830817222595
0.9656291007995605
0.9388737678527832
0.962785542011261
0.929826557636261
0.9734522104263306
0.9223992228507996
0.9552564024925232
0.9456434845924377
0.9559987783432007
0.9669261574745178
0.9611313343048096
0.932258665561676
0.9826624393463135
0.9488574862480164
0.9181130528450012
0.9239879846572876
0.9601885080337524
0.9363260269165039
0.9518373012542725
0.9150243401527405
0.9625216126441956
0.9415447115898132
0.9349566102027893
0.9422037601470947
0.9905924797058105
0.9327417612075806
0.9219704270362854
0.9591570496559143
0.950739324092865
0.9807722568511963
0.9342721700668335
0.9451167583465576
0.8990404605865479
0.9635329246520996
0.9317494630813599
0.8784881830215454
0.9477357864379883
0.914704442024231
0.9240354895591736
0.9198810458183289
0.9538213610649109
0.941240131855011
0.9109987616539001
0.9321383833885193
0.9041974544525146
0.93918377161026
0.9450607299804688
0.9654010534286499
0.9206759929656982
0.9234023690223694
0.9197558164596558
0.9289953112602234
0.9094894528388977
0.9547027945518494
0.9580869078636169
0.9766542911529541
0.9596462845802307
0.9471257925033569
0.9399499893188477
0.9634577035903931
0.9763232469558716
0.9424765110015869
0.9299753308296204
0.9194892644882202
0.9224333763122559
0.9634754657745361
0.9623156785964966
0.9241706728935242
0.9051507711410522
0.9893216490745544
0.9233812093734741
0.9206603169441223
0.9436533451080322
0.9127429127693176
0.9479253888130188
0.922089159488678
0.9819022417068481
0.9648767113685608
0.9676739573478699
0.9358046054840088
0.9420683979988098
0.9828689098358154
0.9577363729476929
0.975963830947876
0.9110360741615295
0.9654597640037537
0.9742487668991089
0.9298948049545288
0.9500728249549866
0.9619635343551636
0.8988197445869446
0.9512592554092407
0.939177393913269
0.9381424784660339
0.9769458174705505
0.9495639204978943
0.9559455513954163
0.9592265486717224
0.9510294198989868
0.95918208360672
0.9581499695777893
0.9453632235527039
0.885614275932312
0.935982346534729
0.9262151718139648
0.8967885971069336
0.9522345662117004
0.9411426186561584
0.9577786326408386
0.9249817132949829
0.9472450017929077
0.9405369758605957
0.9368823766708374
0.916547417640686
0.9260750412940979
0.9730408191680908
0.9514168500900269
0.9597365856170654
0.9465166926383972
0.9473679065704346
0.9710515737533569
0.9823585748672485
0.9568988084793091
0.9673368334770203
1.0000226497650146
0.987247109413147
0.9615380764007568
0.9469575881958008
0.9097383618354797
0.8988394737243652
0.9341027736663818
0.9654520153999329
0.9489121437072754
0.9447088837623596
0.9752944111824036
0.9506438970565796
0.8984472155570984
0.9440746903419495
0.9383548498153687
0.9576277136802673
0.9286252856254578
0.9823986291885376
0.920122504234314
0.9739546179771423
0.8678056001663208
0.9321483373641968
0.9046321511268616
0.9172196388244629
0.9142242670059204
0.9277607798576355
0.9200364947319031
0.9504913687705994
0.9209727644920349
0.921522319316864
0.9224323034286499
0.9172027707099915
0.9163037538528442
0.9140951633453369
0.9277454614639282
0.8722239136695862
0.9285589456558228
0.9587075710296631
0.8961327075958252
0.9699870347976685
0.96791672706604
0.9622005820274353
0.936704158782959
0.9195716381072998
0.9605193734169006
0.9621920585632324
0.9681127071380615
0.9710105061531067
0.9576746821403503
0.9465693831443787
0.9329088926315308
0.9253219366073608
0.9271311163902283
0.9459088444709778
0.9434155821800232
0.9391112923622131
0.9608912467956543
0.9508591890335083
0.9392690658569336
0.9751347899436951
0.9942561984062195
0.9929471611976624
0.9708638191223145
0.9762569069862366
0.9919837713241577
0.9429457783699036
0.9828327894210815
0.9183927774429321
0.9580353498458862
0.9801908135414124
0.9790933728218079
0.9883010983467102
0.9565556645393372
1.0001477003097534
0.9910886883735657
0.9702545404434204
0.9925073981285095
0.9766246676445007
0.921518862247467
0.9259448051452637
0.9592082500457764
0.9047006368637085
0.9238303899765015
0.9532778859138489
0.9371091723442078
0.9402377009391785
0.9408196210861206
0.919314444065094
0.9560519456863403
0.9306867122650146
0.9329755902290344
0.9440033435821533
0.9286223649978638
0.9480340480804443
0.9433749914169312
0.9384615421295166
0.9433714747428894
0.9583025574684143
0.9504411220550537
0.9160842299461365
0.9325426816940308
0.969666063785553
0.952777624130249
0.9403873682022095
0.9224185943603516
0.9725468754768372
0.9624938368797302
0.9581644535064697
0.9641398191452026
0.9352318644523621
0.9593274593353271
0.9702011346817017
0.8629529476165771
0.8998939394950867
0.9188963174819946
0.9325128793716431
0.949320912361145
0.9279881119728088
0.8785378336906433
0.8736668229103088
0.9683348536491394
0.9378020167350769
0.9174749851226807
0.9174436926841736
0.895440936088562
0.9241566061973572
0.9512513279914856
0.9599146842956543
0.918167233467102
0.9044001698493958
0.885482132434845
0.9232596755027771
0.9050942063331604
0.9385854601860046
0.9450389742851257
0.9282964468002319
0.9192479252815247
0.9155132174491882
0.9599121809005737
0.9032840728759766
0.9470490217208862
0.9236152768135071
0.9587085247039795
0.9338771104812622
0.9291248321533203
0.9038017988204956
0.922692060470581
0.9333452582359314
0.946637749671936
0.8889272809028625
0.9357873797416687
0.9322027564048767
0.9286631345748901
0.9413667917251587
0.9695461392402649
0.9950639605522156
0.9766134023666382
0.9999350905418396
0.99172443151474
0.9578620195388794
0.9559985995292664
0.9471070170402527
0.9584746360778809
0.9472553133964539
0.9362972974777222
0.983381450176239
0.9715713858604431
0.9167214632034302
0.9483387470245361
0.9432910680770874
0.9597337245941162
0.9752851128578186
0.9329628348350525
0.9409596920013428
0.9582129716873169
0.9863747954368591
0.9715821146965027
0.9807558655738831
0.9337706565856934
0.9339696168899536
0.9293592572212219
0.8902520537376404
0.909500241279602
0.9612320065498352
0.9311962127685547
0.9561049342155457
0.961948573589325
0.9104986786842346
0.933098316192627
0.929561197757721
0.9058514833450317
0.8448675870895386
0.9264070987701416
0.9438818097114563
0.9417542815208435
0.9417264461517334
0.939359188079834
0.9507986903190613
0.9680518507957458
0.9248858094215393
0.9347679018974304
0.9261048436164856
0.9229852557182312
0.9534614086151123
0.92985600233078
0.9538734555244446
0.9155600666999817
0.9231380224227905
0.9590027332305908
0.9476338624954224
0.9537135362625122
0.9422512054443359
0.9358049631118774
0.9198882579803467
0.9405152201652527
0.9668894410133362
0.9324062466621399
0.8945420980453491
0.9099286198616028
0.9549934267997742
0.9295167326927185
0.9544116258621216
0.9498674273490906
0.9293975830078125
0.9248058199882507
0.9235656261444092
0.9582149386405945
0.9456511735916138
0.9091079831123352
0.9330747723579407
0.924286425113678
0.935859203338623
0.9364979267120361
0.8676004409790039
0.9374852776527405
0.9059313535690308
0.934749960899353
0.9670030474662781
0.9252941608428955
0.9324777722358704
0.9222964644432068
0.932518482208252
0.9666274189949036
0.9525222778320312
0.918989360332489
0.9047845602035522
0.9269514083862305
0.9169832468032837
0.929405927658081
0.961310088634491
0.9093798398971558
0.9691041111946106
0.9104398488998413
0.9241275191307068
0.9263646602630615
0.9323114156723022
0.9462976455688477
0.9849585294723511
0.9298923015594482
0.96770179271698
0.9520238041877747
0.9552668333053589
0.9815579652786255
0.9348336458206177
0.9593627452850342
0.9476308822631836
0.9578985571861267
0.9406452775001526
0.9265094995498657
0.970630407333374
0.9337753653526306
0.9597052335739136
0.9396076202392578
0.9397785067558289
0.9464490413665771
0.9198186993598938
0.9229562878608704
0.9294016361236572
0.9414689540863037
0.9299989938735962
0.9494874477386475
0.93590247631073
0.9139852523803711
0.9423032402992249
0.9228639602661133
0.9108609557151794
0.9091205596923828
0.9059790968894958
0.8970239758491516
0.8959154486656189
0.9124459624290466
0.9091060161590576
0.9440286755561829
0.9318743944168091
0.9888983964920044
0.9788143634796143
0.9954648017883301
0.9486643075942993
0.9833688139915466
0.9597744345664978
0.9740617275238037
0.9945340156555176
0.9614617228507996
0.9154942631721497
0.9273297190666199
0.9798547029495239
0.9737838506698608
0.9525812268257141
0.9829561710357666
0.9454476237297058
0.9719850420951843
0.9689285755157471
0.9333539605140686
0.9546751976013184
0.9759166240692139
0.9552986025810242
0.9518947005271912
0.9660834670066833
0.9319364428520203
0.9843990206718445
0.9559476375579834
0.9761270880699158
0.9558634161949158
0.9496554732322693
0.9493861794471741
0.9621099233627319
0.9218687415122986
0.9693800210952759
0.9528889060020447
0.9904970526695251
0.9257774353027344
0.9786002039909363
0.9217914938926697
0.9500027298927307
0.9299655556678772
0.9650598168373108
0.9583565592765808
0.9572181701660156
0.9495658874511719
0.9320815801620483
0.964852511882782
0.9467076659202576
0.9774163365364075
0.9804008603096008
0.9768837690353394
0.9253534078598022
0.8651092052459717
0.9113118648529053
0.9547816514968872
0.9523650407791138
0.9073690176010132
0.9475888013839722
0.9237260818481445
0.9741820693016052
0.9571200609207153
0.9452133774757385
0.9656383395195007
0.9820505380630493
0.960073709487915
0.9863877892494202
0.9429557919502258
0.9464433789253235
0.942664384841919
0.9678205847740173
0.9612181186676025
0.9509328007698059
0.9656264185905457
0.914286196231842
0.9017691016197205
0.9346027374267578
0.971022367477417
0.9109138250350952
0.9332038164138794
0.9562927484512329
0.9253848791122437
0.9315879344940186
0.9566411375999451
0.9725605249404907
0.9559357762336731
0.9622759222984314
0.9439741373062134
0.9738022089004517
0.9489131569862366
0.9385014176368713
0.9460945129394531
0.91045743227005
0.9207656979560852
0.935839831829071
0.8635368943214417
0.9295836687088013
0.9788156747817993
0.9582366347312927
0.956720232963562
0.9425109028816223
0.9472128748893738
0.9454703330993652
0.9724786877632141
0.9269846081733704
0.9478706121444702
0.9764997959136963
0.9668573141098022
0.9767640829086304
0.9664612412452698
0.9895893931388855
0.9810512661933899
0.980699360370636
0.9979159235954285
0.9325689673423767
0.9355994462966919
0.9611207842826843
0.9746472835540771
0.9213643074035645
0.940744161605835
0.9522011876106262
0.9730239510536194
0.9447855949401855
0.9353370666503906
0.9706906676292419
0.9785184860229492
0.9515114426612854
0.9694623947143555
0.9577141404151917
0.9467641711235046
0.9575697779655457
0.9602962136268616
0.963367760181427
0.9660316109657288
0.9341237545013428
0.9198071956634521
0.9429295659065247
0.9573935270309448
0.9512479901313782
0.983330488204956
0.9586288332939148
0.9367878437042236
0.9413554668426514
0.9425768256187439
0.9514104723930359
0.9499797224998474
0.923141360282898
0.9023925065994263
0.9185927510261536
0.9203077554702759
0.9520527720451355
0.9432296752929688
0.934101402759552
0.9540762901306152
0.9322476983070374
0.9404025077819824
0.8937585353851318
0.911819338798523
0.9501573443412781
0.9451457858085632
0.978171706199646
0.9209997653961182
0.9168420433998108
0.9408932328224182
0.9333302974700928
0.9373312592506409
0.9246571063995361
0.9245405793190002
0.9070479273796082
0.9238075017929077
0.9496985673904419
0.9144600033760071
0.9352108836174011
0.9278731942176819
0.9359511137008667
0.9349368214607239
0.9263309836387634
0.9124529957771301
0.921615719795227
0.9621002674102783
0.9719868898391724
0.9676145315170288
0.9772111177444458
0.9768370985984802
0.9534632563591003
0.9319957494735718
0.8930768966674805
0.9247691631317139
0.9374215602874756
0.9072445631027222
0.9163870215415955
0.8974019289016724
0.9351141452789307
0.9442833065986633
0.9368390440940857
0.9266414046287537
0.9276326298713684
0.9185042381286621
0.9091671109199524
0.9216766953468323
0.9533184170722961
0.960248589515686
0.9495859742164612
0.9977179169654846
0.9680683016777039
0.974933385848999
0.9847908616065979
0.9668377637863159
0.9515095949172974
0.9463018774986267
0.9265094995498657
0.9428136944770813
0.9383994936943054
0.9603111743927002
0.9786134958267212
0.985186755657196
0.9131315350532532
0.9812086224555969
0.9705520868301392
0.9683007001876831
0.9597034454345703
0.9636001586914062
0.97757887840271
0.9550532102584839
0.9659566879272461
0.9632390737533569
0.9267303347587585
0.9654622673988342
0.9191491007804871
0.9338486194610596
0.9673894047737122
0.9431005716323853
0.9217634201049805
0.9585210084915161
0.9334099292755127
0.9651247262954712
0.9237080812454224
0.969710648059845
0.9293153882026672
0.9393128752708435
0.933143138885498
0.9627029895782471
0.9782185554504395
0.9753186702728271
0.9367167353630066
0.9812350869178772
0.952075183391571
0.9192810654640198
0.9017233848571777
0.9491227865219116
0.9490541815757751
0.9430367350578308
0.8848412036895752
0.9465006589889526
0.9528180360794067
0.9453367590904236
0.9540745615959167
0.9957797527313232
0.9443369507789612
0.9533623456954956
0.9489569067955017
0.9548686146736145
0.9789727926254272
0.9366974830627441
0.9485111832618713
0.8839964866638184
0.9635329246520996
0.9087863564491272
0.8348193764686584
0.9219921827316284
0.9289047122001648
0.9259235262870789
0.9436985850334167
0.953197181224823
0.948039174079895
0.9107663631439209
0.9340035915374756
0.906197726726532
0.9291250109672546
0.9541189670562744
0.9427356719970703
0.9364007115364075
0.939235270023346
0.9736517667770386
0.9602813124656677
0.9615527391433716
0.9438026547431946
0.9709832668304443
0.9871187210083008
0.9724220037460327
0.9234963059425354
0.9411012530326843
0.9572109580039978
0.9777191877365112
0.9387338161468506
0.9381541013717651
0.9216005206108093
0.9194267392158508
0.9501375555992126
0.954347550868988
0.9278683066368103
0.9049719572067261
0.9833930730819702
0.9174270033836365
0.9019697904586792
0.9436533451080322
0.8804790377616882
0.9561478495597839
0.9233852028846741
0.9666284918785095
0.9780305624008179
0.9651631712913513
0.935053825378418
0.9576731324195862
0.9851133227348328
0.9620698690414429
0.9844785332679749
0.9327614307403564
0.9695453643798828
0.9744008183479309
0.9345839619636536
0.9404126405715942
0.955735445022583
0.8923794627189636
0.9541347622871399
0.9514123797416687
0.9417557120323181
0.9734973311424255
0.9548357129096985
0.9564713835716248
0.9506562948226929
0.9545742869377136
0.9481803774833679
0.953190803527832
0.9578757286071777
0.8930101990699768
0.9430673718452454
0.9404339790344238
0.912095844745636
0.9562415480613708
0.9485378265380859
0.9558454751968384
0.916851818561554
0.9273196458816528
0.9289188385009766
0.9402621984481812
0.916924238204956
0.933007538318634
0.9651020169258118
0.931858479976654
0.929574191570282
0.9372774958610535
0.9888498187065125
0.9748203754425049
0.956678032875061
0.951073169708252
0.9533030986785889
1.0000226497650146
0.9660507440567017
0.9651684761047363
0.9420574307441711
0.9277157783508301
0.9173969626426697
0.925325334072113
0.9650528430938721
0.9302203059196472
0.9618659615516663
0.9650781154632568
0.9734976291656494
0.8946844339370728
0.9399468302726746
0.9345992803573608
0.9439706802368164
0.9310483932495117
0.9692578315734863
0.9289929270744324
0.9694564938545227
0.9067333340644836
0.9246647953987122
0.8928495645523071
0.9323667287826538
0.9042549729347229
0.951974093914032
0.9156429171562195
0.9533687829971313
0.9171799421310425
0.9149793982505798
0.9278333783149719
0.8978298902511597
0.9277205467224121
0.9187272787094116
0.9198737144470215
0.8622750043869019
0.9270607829093933
0.957085132598877
0.8973959684371948
0.9779602289199829
0.9834250807762146
0.9714676737785339
0.9553287029266357
0.9264848232269287
0.958383321762085
0.9614797830581665
0.9571155905723572
0.9943347573280334
0.960880696773529
0.9427267909049988
0.9364033937454224
0.8993840217590332
0.93331378698349
0.9570236206054688
0.9556962847709656
0.9413543343544006
0.9554182887077332
0.9723091721534729
0.9336774349212646
0.9765536189079285
0.974755585193634
0.9517048001289368
0.9641567468643188
0.9844078421592712
0.9729456901550293
0.9502375721931458
0.9828327894210815
0.9406416416168213
0.9622949957847595
0.9951751828193665
0.9785298705101013
0.9919208884239197
0.9573705196380615
0.9385871291160583
0.9999793767929077
0.9539571404457092
0.9925073981285095
0.9766246676445007
0.9205933809280396
0.9259448051452637
0.9386478066444397
0.904543399810791
0.9213109612464905
0.954444169998169
0.9460396766662598
0.9195848107337952
0.935718834400177
0.9244588613510132
0.9479968547821045
0.9390448331832886
0.932438313961029
0.9385799169540405
0.9254061579704285
0.944127082824707
0.9518835544586182
0.9394071698188782
0.9676384925842285
0.9536407589912415
0.9809340238571167
0.9414134621620178
0.9530792236328125
0.9548303484916687
0.9453937411308289
0.9403873682022095
0.9224185943603516
0.9625176191329956
0.962492048740387
0.9610724449157715
0.9732959270477295
0.9163908362388611
0.9593274593353271
0.9660834670066833
0.8987300395965576
0.8892372250556946
0.9128344655036926
0.9189821481704712
0.9395678043365479
0.9190155863761902
0.8757545351982117
0.8769211769104004
0.9712567329406738
0.9424924254417419
0.9151820540428162
0.9063568115234375
0.9096381664276123
0.8982294797897339
0.9512513279914856
0.9599812626838684
0.9175459742546082
0.9180493950843811
0.8818860650062561
0.9249227643013
0.9179443120956421
0.931620180606842
0.9517616629600525
0.9402133226394653
0.9122876524925232
0.9307165145874023
0.9511540532112122
0.8946478366851807
0.9356067776679993
0.9491339325904846
0.9564039707183838
0.9295638203620911
0.9259138703346252
0.9094728231430054
0.91513991355896
0.9505346417427063
0.964460551738739
0.9115943312644958
0.9475541114807129
0.9317489266395569
0.9428330659866333
0.9392720460891724
0.9638410806655884
0.9865105152130127
0.9636214971542358
0.9999350905418396
0.9904741644859314
0.9570317268371582
0.9710107445716858
0.924333393573761
0.972613513469696
0.9329809546470642
0.9442487955093384
0.9831498861312866
0.9584810733795166
0.9592399001121521
0.9448002576828003
0.9499191045761108
0.961715817451477
0.9854246973991394
0.968702495098114
0.9537144899368286
0.9377223253250122
0.9896827340126038
0.966179370880127
0.9868413209915161
0.9137712121009827
0.9326171278953552
0.9362549185752869
0.8991112112998962
0.9144787788391113
0.9585121870040894
0.9497261643409729
0.9484885931015015
0.9407569766044617
0.9122591614723206
0.9352981448173523
0.9310769438743591
0.8936665058135986
0.8648218512535095
0.9326252937316895
0.9510785937309265
0.9323201179504395
0.9453541040420532
0.950812816619873
0.9590666890144348
0.9509153366088867
0.950429379940033
0.9336938261985779
0.9446009993553162
0.9283154606819153
0.95038902759552
0.9290348291397095
0.9202567934989929
0.9111348390579224
0.9268108010292053
0.9552152752876282
0.9371681809425354
0.9557239413261414
0.9322806596755981
0.9355830550193787
0.9202006459236145
0.9375629425048828
0.9782648086547852
0.9466118216514587
0.9118074774742126
0.9068929553031921
0.9513416886329651
0.9409942626953125
0.9581477046012878
0.9541758298873901
0.9294629096984863
0.9317381381988525
0.9253080487251282
0.9597815871238708
0.9410219788551331
0.9128333926200867
0.9338115453720093
0.9193866848945618
0.9280813336372375
0.9394848346710205
0.8685104250907898
0.9538105726242065
0.9209280014038086
0.9670925736427307
0.9631657004356384
0.924583911895752
0.9335466027259827
0.9285852909088135
0.9322357177734375
0.9801038503646851
0.9510989189147949
0.918989360332489
0.9122587442398071
0.9409670829772949
0.9173650741577148
0.9310289621353149
0.967502772808075
0.9394378066062927
0.9782118201255798
0.9015926718711853
0.9218968152999878
0.9235539436340332
0.9385356903076172
0.9695282578468323
0.979667603969574
0.9856297373771667
0.9720118641853333
0.9619218111038208
0.9428132176399231
0.9800085425376892
0.9425466656684875
0.9480625987052917
0.9484320878982544
0.9460944533348083
0.9405934810638428
0.9242245554924011
0.9743027687072754
0.9449142813682556
0.9654163718223572
0.936572253704071
0.9437181949615479
0.9471590518951416
0.90412837266922
0.9237546324729919
0.9139076471328735
0.9338021278381348
0.9302070140838623
0.9519230127334595
0.9459363222122192
0.8909782767295837
0.938998818397522
0.9099092483520508
0.9104502201080322
0.9201628565788269
0.9021388292312622
0.8974149227142334
0.8960897922515869
0.9133561253547668
0.9184522032737732
0.9332964420318604
0.9307801723480225
0.9838918447494507
0.9764217734336853
0.985763430595398
0.9340874552726746
0.9825506210327148
0.9872498512268066
0.9853945374488831
0.999940812587738
0.9716408848762512
0.9093025922775269
0.9406222701072693
0.9879704713821411
0.9759454131126404
0.9619297385215759
0.9774136543273926
0.9517459273338318
0.9688173532485962
0.965587854385376
0.9944871664047241
0.9609816670417786
0.9738259315490723
0.9611258506774902
0.9519461989402771
0.9629347920417786
0.9319364428520203
0.992050290107727
0.9653202295303345
0.9674755930900574
0.9599258303642273
0.9793933033943176
0.9793510437011719
0.9734378457069397
0.9346235394477844
0.9680800437927246
0.9537991881370544
0.9807159900665283
0.9149956703186035
0.9765558838844299
0.8925309777259827
0.9415928721427917
0.931151807308197
0.9887055158615112
0.9626802206039429
0.9618784189224243
0.9441052675247192
0.9284865260124207
0.964852511882782
0.946886420249939
0.9660544991493225
0.9828587174415588
0.9745956063270569
0.9352192878723145
0.9194391369819641
0.9042019844055176
0.9662971496582031
0.9414312839508057
0.9667311906814575
0.9422024488449097
0.9331586956977844
0.984012246131897
0.9776661992073059
0.9480091333389282
0.9649289846420288
0.9797714352607727
0.9573643207550049
0.9863877892494202
0.9387683868408203
0.9440921545028687
0.9411770105361938
0.9811108708381653
0.9615746140480042
0.9228492379188538
0.9667429327964783
0.9220958352088928
0.9065919518470764
0.9272063374519348
0.9451738595962524
0.9389920234680176
0.9294072985649109
0.9515156745910645
0.9427810907363892
0.9539918899536133
0.9664933681488037
0.9739680886268616
0.9700575470924377
0.9634367227554321
0.9520516395568848
0.9738022089004517
0.9481139183044434
0.944661021232605
0.9432469010353088
0.9155673384666443
0.9153177738189697
0.9470828175544739
0.8848987817764282
0.9275720119476318
0.9788156747817993
0.9529447555541992
0.9615026116371155
0.938972532749176
0.9432193636894226
0.9564392566680908
0.9685282707214355
0.9554240107536316
0.9402835965156555
0.9825705885887146
0.9721190333366394
0.9767640829086304
0.910539448261261
0.9738934636116028
0.9952676892280579
0.9625348448753357
0.98232102394104
0.9235540628433228
0.9363772869110107
0.9556209444999695
0.967983067035675
0.9170891046524048
0.9394884705543518
0.9416342377662659
0.9788761734962463
0.9335353970527649
0.9372976422309875
0.9706906676292419
0.9785184860229492
0.9481584429740906
0.9553408026695251
0.9523109793663025
0.9441798329353333
0.9597458839416504
0.9602552652359009
0.9500985741615295
0.9565529227256775
0.9308713674545288
0.9458597898483276
0.9443047046661377
0.9497143626213074
0.9549385905265808
0.952763557434082
0.9486594796180725
0.9542427062988281
0.9419829845428467
0.9363373517990112
0.935887336730957
0.9521497488021851
0.9249345660209656
0.9345093965530396
0.8957004547119141
0.905168890953064
0.9257970452308655
0.9432296752929688
0.9283971786499023
0.9498822689056396
0.9253560900688171
0.9374376535415649
0.8982419371604919
0.9157887101173401
0.9205435514450073
0.9340578317642212
0.9631866812705994
0.915504515171051
0.9107245802879333
0.9392426609992981
0.9284065961837769
0.917881190776825
0.9320489168167114
0.9392168521881104
0.9199672341346741
0.9156111478805542
0.9411762952804565
0.9197111129760742
0.9400025606155396
0.9291507601737976
0.9314853549003601
0.9300953149795532
0.9225060343742371
0.926223874092102
0.9369763731956482
0.9716396927833557
0.9936844110488892
0.9706783294677734
0.9896005392074585
0.9720169305801392
0.9685697555541992
0.9452607035636902
0.9080768823623657
0.9220797419548035
0.9293828010559082
0.9039860963821411
0.9114900231361389
0.8960103392601013
0.9426409006118774
0.9453256726264954
0.9558700323104858
0.9242128729820251
0.9216868281364441
0.9062097668647766
0.929358184337616
0.9135932922363281
0.9717422723770142
0.9527112245559692
0.9729461073875427
0.9937649369239807
0.9725845456123352
0.9644194841384888
0.9783844351768494
0.9673134088516235
0.957436203956604
0.943572998046875
0.9237534403800964
0.9442748427391052
0.9231877326965332
0.9549059271812439
0.9805009961128235
0.9816994071006775
0.9272712469100952
0.9879277348518372
0.9802850484848022
0.9693319201469421
0.9644008874893188
0.9616340398788452
0.9655747413635254
0.9679841995239258
0.9636210799217224
0.9553037881851196
0.9600756168365479
0.9654622673988342
0.9336419701576233
0.9275549650192261
0.9641270041465759
0.9433290958404541
0.9517812728881836
0.9652290344238281
0.9362409710884094
0.9590469002723694
0.9237080812454224
0.9609743356704712
0.9334760308265686
0.9533640146255493
0.9423723220825195
0.9560003280639648
0.9791985750198364
0.9650325179100037
0.9425904750823975
0.9751346111297607
0.9488574862480164
0.9225674271583557
0.9152899980545044
0.9566189646720886
0.9448993802070618
0.9488791227340698
0.8879692554473877
0.9516667723655701
0.9512923955917358
0.9239969253540039
0.9351539015769958
0.9839569926261902
0.9367938041687012
0.9514836072921753
0.9489569067955017
0.9478205442428589
0.9891790747642517
0.9261714220046997
0.9391188025474548
0.8683679103851318
0.9635329246520996
0.9139536619186401
0.8608627319335938
0.9338156580924988
0.9225372076034546
0.9126546382904053
0.9385735392570496
0.9489923715591431
0.946936309337616
0.9127272367477417
0.9319919943809509
0.9023066759109497
0.9330469369888306
0.9389609694480896
0.9715613722801208
0.9238093495368958
0.9375002980232239
0.9281855225563049
0.9634808897972107
0.9613118171691895
0.9528573751449585
0.9612985849380493
0.9822101593017578
0.9504456520080566
0.9250005483627319
0.9371463060379028
0.9579569697380066
0.9735020995140076
0.946669340133667
0.923012375831604
0.9246501326560974
0.9207873344421387
0.9416504502296448
0.954347550868988
0.9248338937759399
0.9101105332374573
0.9833930730819702
0.9134708046913147
0.9180816411972046
0.9436533451080322
0.8852409720420837
0.9320626854896545
0.9184882044792175
0.9803625345230103
0.9747557044029236
0.9616788625717163
0.9559348821640015
0.9601960182189941
0.9745241403579712
0.9703415036201477
0.982934296131134
0.9196652770042419
0.9594342708587646
0.9740726351737976
0.9423785209655762
0.9439536333084106
0.955735445022583
0.8926017880439758
0.9540292620658875
0.9446159601211548
0.9282759428024292
0.9807661771774292
0.9561458230018616
0.963775634765625
0.9623096585273743
0.9551602005958557
0.9606624841690063
0.9565185308456421
0.9418456554412842
0.9007968902587891
0.9616594314575195
0.9328140020370483
0.9027469158172607
0.9415192604064941
0.945387065410614
0.9587067365646362
0.9239739179611206
0.9477880001068115
0.9164429903030396
0.9282877445220947
0.9252214431762695
0.938689112663269
0.9680318832397461
0.923979640007019
0.9515607357025146
0.961753249168396
0.96071857213974
0.9869397282600403
0.937797486782074
0.9641799926757812
0.9571203589439392
1.0000226497650146
0.9551247358322144
0.9671777486801147
0.9447442293167114
0.9203053116798401
0.8955456614494324
0.9303861260414124
0.9456334710121155
0.9326651692390442
0.9545300006866455
0.9650781154632568
0.961102306842804
0.8961507081985474
0.9523962140083313
0.9448326826095581
0.9381824731826782
0.93426913022995
0.9817497730255127
0.9166556596755981
0.9712264537811279
0.8852533102035522
0.9248867034912109
0.8953756093978882
0.9358097910881042
0.9085328578948975
0.9273025989532471
0.9232852458953857
0.94364994764328
0.9171318411827087
0.9222928285598755
0.9337472319602966
0.9041372537612915
0.9350740313529968
0.9137266278266907
0.9275175333023071
0.8539713621139526
0.9321654438972473
0.9567162990570068
0.8973959684371948
0.9781497120857239
0.974125325679779
0.967340886592865
0.944798469543457
0.9219671487808228
0.9580271244049072
0.956211507320404
0.9618478417396545
0.9792475700378418
0.9567304849624634
0.9469740986824036
0.9425734281539917
0.8803810477256775
0.9124080538749695
0.9456188678741455
0.9475020170211792
0.9392706155776978
0.9495799541473389
0.966029167175293
0.9426460266113281
0.9718844890594482
0.9898358583450317
0.985528290271759
0.9641567468643188
0.9589622020721436
0.9667727947235107
0.9613603949546814
0.9828327894210815
0.904053270816803
0.9607799649238586
0.9735041856765747
0.9750418663024902
0.9722436666488647
0.9550955891609192
0.9516345858573914
0.9999793767929077
0.9552656412124634
0.9707103371620178
0.9766246676445007
0.9193429350852966
0.9259448051452637
0.9335046410560608
0.927383542060852
0.9255708456039429
0.9532687067985535
0.9443097710609436
0.9434298872947693
0.9336121082305908
0.9247147440910339
0.9550203084945679
0.9461171627044678
0.9313679337501526
0.9420614838600159
0.9222054481506348
0.9472650289535522
0.9487866759300232
0.9403824210166931
0.908130407333374
0.958298921585083
0.9642671346664429
0.9466766715049744
0.9542492032051086
0.9595641493797302
0.9572414755821228
0.9403873682022095
0.9078959822654724
0.9613739848136902
0.9638376832008362
0.9584082365036011
0.9772882461547852
0.934678316116333
0.9593274593353271
0.9636504650115967
0.8838949203491211
0.9187360405921936
0.9128344655036926
0.919704258441925
0.9496227502822876
0.9363129734992981
0.8777434825897217
0.8687573671340942
0.9686861634254456
0.9416648745536804
0.9185900688171387
0.9120683073997498
0.9025046229362488
0.8940065503120422
0.934137761592865
0.9565532207489014
0.915611207485199
0.9107822775840759
0.8807716965675354
0.9275487661361694
0.9120596051216125
0.9199379682540894
0.9385731220245361
0.9345405101776123
0.9177496433258057
0.9263508319854736
0.9554285407066345
0.8984858393669128
0.944073498249054
0.9183130860328674
0.9621846675872803
0.9430550932884216
0.9264017939567566
0.9049581289291382
0.9160223603248596
0.9512887597084045
0.9499335289001465
0.9086459279060364
0.9478631615638733
0.9228676557540894
0.9268986582756042
0.9282255172729492
0.9570074081420898
0.9775229692459106
0.976904571056366
0.9999350905418396
0.9920746684074402
0.9556089639663696
0.971360445022583
0.9330257177352905
0.9639438390731812
0.9470887780189514
0.9417324066162109
0.9919350743293762
0.953317403793335
0.922127902507782
0.9530013203620911
0.9254168272018433
0.9644219279289246
0.9781119227409363
0.9372219443321228
0.9643497467041016
0.94529128074646
0.9671052694320679
0.9639052748680115
0.9965241551399231
0.9131746888160706
0.9119518399238586
0.9200156927108765
0.879473865032196
0.9020498991012573
0.956771194934845
0.9364404082298279
0.9442964792251587
0.9577968120574951
0.9089927077293396
0.9321472644805908
0.9311617016792297
0.9019114971160889
0.8619413375854492
0.929660439491272
0.9428583979606628
0.9155531525611877
0.9489744305610657
0.9340628981590271
0.9579867124557495
0.9661301970481873
0.9412617087364197
0.9406742453575134
0.9237494468688965
0.9308100938796997
0.977293848991394
0.9323673844337463
0.9280710220336914
0.9101644158363342
0.9284140467643738
0.9549327492713928
0.9205787777900696
0.9544551968574524
0.9448714256286621
0.9419173002243042
0.9206764698028564
0.9416391849517822
0.971049427986145
0.9466451406478882
0.891716480255127
0.9353123903274536
0.9391633868217468
0.9309864640235901
0.9521389007568359
0.9530465602874756
0.9253785014152527
0.9264713525772095
0.9251273274421692
0.9582149386405945
0.9454980492591858
0.9163926839828491
0.9329341650009155
0.9199815392494202
0.938953161239624
0.9394848346710205
0.8905819058418274
0.9430939555168152
0.9233164191246033
0.953558623790741
0.9632760882377625
0.9222864508628845
0.9419963359832764
0.9317086338996887
0.932518482208252
0.9801038503646851
0.9547567963600159
0.9194435477256775
0.9093831181526184
0.9335503578186035
0.9192777872085571
0.9279673099517822
0.9655926823616028
0.9394844770431519
0.978667140007019
0.9141938090324402
0.9315596222877502
0.9348340630531311
0.9415655732154846
0.9720386266708374
0.9835684895515442
0.9856297373771667
0.9644002318382263
0.9568230509757996
0.9285352230072021
0.9830408096313477
0.9334074258804321
0.9593627452850342
0.9515541791915894
0.9511988162994385
0.9444992542266846
0.9471104145050049
0.9753451943397522
0.9456924796104431
0.9525473117828369
0.9363778233528137
0.9380118250846863
0.9509320259094238
0.9143449068069458
0.9209160804748535
0.9267023205757141
0.9372785091400146
0.931438684463501
0.9613088369369507
0.9326625466346741
0.8866231441497803
0.9331192970275879
0.9138841032981873
0.9070867896080017
0.9073839783668518
0.8984853625297546
0.8968595862388611
0.8912839293479919
0.9272362589836121
0.9141093492507935
0.9414568543434143
0.9276379346847534
0.9838918447494507
0.9622178077697754
0.985763430595398
0.9485290050506592
0.9756544828414917
0.9803404808044434
0.9669897556304932
0.9983793497085571
0.975753903388977
0.8939192295074463
0.9264448285102844
0.9922258257865906
0.9776337146759033
0.952639102935791
0.9783709049224854
0.9709575772285461
0.9728268384933472
0.9648784399032593
0.9719389081001282
0.9624915719032288
0.9758341908454895
0.9585301280021667
0.9525670409202576
0.9591965079307556
0.923284649848938
0.9843990206718445
0.9594557881355286
0.9643883109092712
0.9692628383636475
0.9631140232086182
0.9485886693000793
0.9729641079902649
0.9204822778701782
0.9680800437927246
0.9452013969421387
0.9805335402488708
0.920542299747467
0.9777772426605225
0.8914221525192261
0.9361973404884338
0.9328488111495972
0.9909347891807556
0.9555159211158752
0.956282377243042
0.941986620426178
0.9422689080238342
0.9673383831977844
0.9430896639823914
0.9700339436531067
0.9867685437202454
0.9669700860977173
0.93606036901474
0.8750436902046204
0.9035630822181702
0.938951849937439
0.9409991502761841
0.9130696058273315
0.9397540092468262
0.9156264662742615
0.9506123661994934
0.9600436687469482
0.9369790554046631
0.9570726156234741
0.9677072763442993
0.9530627131462097
0.939626157283783
0.9373908638954163
0.9442365169525146
0.9466592669487
0.9681761860847473
0.9570268392562866
0.9260686039924622
0.9737488627433777
0.9149236679077148
0.9082639217376709
0.9251547455787659
0.9728764891624451
0.9401602149009705
0.9311790466308594
0.9442492127418518
0.9485079050064087
0.9289740324020386
0.9566411375999451
0.9656946659088135
0.961866021156311
0.9636591076850891
0.9356251358985901
0.9738022089004517
0.9522116780281067
0.9411255121231079
0.948989748954773
0.9200696349143982
0.9203680157661438
0.9367318153381348
0.8635368943214417
0.9429098963737488
0.9788156747817993
0.9581121802330017
0.9718013405799866
0.9367368817329407
0.9430744647979736
0.9666435718536377
0.9594581723213196
0.9427675008773804
0.9478706121444702
0.9745349287986755
0.9735804200172424
0.9652585387229919
0.9712727665901184
0.9647119641304016
0.9832338094711304
0.9751381278038025
0.9949343204498291
0.936486542224884
0.9455655813217163
0.9555978775024414
0.9634659886360168
0.9183512330055237
0.9415203928947449
0.9540112018585205
0.9788761734962463
0.9399408102035522
0.9370337724685669
0.9706906676292419
0.9309645891189575
0.9512734413146973
0.9638715982437134
0.9551995396614075
0.9441798329353333
0.952445387840271
0.9627553820610046
0.9618903994560242
0.963340699672699
0.9484803676605225
0.9532399773597717
0.9484729766845703
0.956434965133667
0.9564225077629089
0.983330488204956
0.9517737030982971
0.9376023411750793
0.9322165250778198
0.9318476319313049
0.9372696876525879
0.9506906867027283
0.9169092178344727
0.9320892691612244
0.8860100507736206
0.9111019372940063
0.9544515013694763
0.9401736259460449
0.9286645650863647
0.9719412922859192
0.928470253944397
0.9334388971328735
0.8976452946662903
0.9229332804679871
0.9270212054252625
0.944397509098053
0.9657695293426514
0.9209997653961182
0.9190646409988403
0.9409419298171997
0.9319862127304077
0.9282104969024658
0.9255320429801941
0.9190647006034851
0.9004422426223755
0.9179113507270813
0.9444169402122498
0.9159060120582581
0.947887122631073
0.9289532899856567
0.9291657209396362
0.9272102117538452
0.9217244386672974
0.9183389544487
0.8985407948493958
0.9523609280586243
0.9757761359214783
0.952588677406311
0.9684355854988098
0.96840900182724
0.9599023461341858
0.9312713742256165
0.9161664843559265
0.9211631417274475
0.9402858018875122
0.9083341360092163
0.9061299562454224
0.8919095396995544
0.9286699295043945
0.945727527141571
0.9355341196060181
0.9273255467414856
0.9234405755996704
0.9128381013870239
0.929358184337616
0.929865837097168
0.9530181884765625
0.9540207386016846
0.9502893686294556
0.9931994080543518
0.9494156837463379
0.97568678855896
0.9850332140922546
0.9656538367271423
0.9494748115539551
0.9396108388900757
0.9471104145050049
0.941708505153656
0.9319554567337036
0.9515952467918396
0.9844638705253601
0.9900920987129211
0.9173004627227783
0.993347704410553
0.9850489497184753
0.9644626379013062
0.963965654373169
0.9558413028717041
0.980361819267273
0.9683667421340942
0.963081955909729
0.9620254039764404
0.9633134007453918
0.9654622673988342
0.9143186211585999
0.9394460320472717
0.9632160067558289
0.9405455589294434
0.9218845367431641
0.9579829573631287
0.9222210049629211
0.965009331703186
0.9237080812454224
0.9653260707855225
0.9422798752784729
0.9509076476097107
0.9462050199508667
0.9564447999000549
0.9800207614898682
0.9721124768257141
0.9468704462051392
0.9774879217147827
0.9500925540924072
0.9205713272094727
0.9047214388847351
0.9509593844413757
0.9488124251365662
0.9525836110115051
0.8365473747253418
0.9465323090553284
0.9443168044090271
0.9357268214225769
0.9460636377334595
0.9793842434883118
0.9506816267967224
0.9651755690574646
0.9552322030067444
0.9839040040969849
0.9794403910636902
0.9518800377845764
0.9618532657623291
0.8877891898155212
0.9635329246520996
0.93153977394104
0.8369918465614319
0.925690770149231
0.9350477457046509
0.9162682890892029
0.9385402202606201
0.9406485557556152
0.9385198354721069
0.9138109087944031
0.9335604906082153
0.9043210744857788
0.9434971809387207
0.9384876489639282
0.9580392837524414
0.898958146572113
0.9196646213531494
0.9078617691993713
0.9151231050491333
0.9219515323638916
0.9541452527046204
0.9777661561965942
0.9727296233177185
0.9584023952484131
0.9361597895622253
0.9434602856636047
0.9414135217666626
0.9735020995140076
0.9432699680328369
0.9338178634643555
0.9199848771095276
0.9229933619499207
0.9433966279029846
0.9472153782844543
0.9311083555221558
0.9055821299552917
0.97946697473526
0.9156885147094727
0.912720799446106
0.9436533451080322
0.9071653485298157
0.9404617547988892
0.9163492321968079
0.9750480055809021
0.9519146680831909
0.967420220375061
0.9481029510498047
0.9579859972000122
0.9738417267799377
0.9620698690414429
0.9852555394172668
0.9179531335830688
0.9596219062805176
0.9723603129386902
0.9354326725006104
0.9554088711738586
0.9722893238067627
0.8934652209281921
0.949514627456665
0.9492124915122986
0.9421406984329224
0.9783564805984497
0.9501144289970398
0.9619730710983276
0.965347945690155
0.9482359886169434
0.9557919502258301
0.9563391804695129
0.9509151577949524
0.8834776282310486
0.9273660778999329
0.9312065839767456
0.9015241265296936
0.9364539384841919
0.9508852958679199
0.9577786326408386
0.9243844151496887
0.9250978827476501
0.9123232364654541
0.9241901636123657
0.9202654361724854
0.9396094083786011
0.9784985184669495
0.9494386911392212
0.9243481159210205
0.9294187426567078
0.9588684439659119
0.9802755117416382
0.95696622133255
0.9469785690307617
0.9688155651092529
1.0000226497650146
0.9488688111305237
0.9751330614089966
0.9476303458213806
0.921167254447937
0.9165892004966736
0.9279369711875916
0.966863751411438
0.9295065999031067
0.9469640254974365
0.9650781154632568
0.9689956903457642
0.9105993509292603
0.9404379725456238
0.9432933926582336
0.9324843883514404
0.9282099604606628
0.9780040383338928
0.9274328947067261
0.9609411954879761
0.8622804284095764
0.915420413017273
0.8929784297943115
0.9107497930526733
0.9030418395996094
0.9288911819458008
0.9065608978271484
0.9477469325065613
0.9170930981636047
0.9135798811912537
0.9284508228302002
0.9079166650772095
0.9277205467224121
0.9018192291259766
0.9249680638313293
0.8573580980300903
0.9255495071411133
0.9407573938369751
0.8961327075958252
0.9779602289199829
0.9773188829421997
0.9696235656738281
0.9368056058883667
0.9327240586280823
0.9657936692237854
0.9621920585632324
0.9682111144065857
0.9808056354522705
0.9593145251274109
0.945497453212738
0.9403455257415771
0.8928162455558777
0.9268657565116882
0.9531837701797485
0.9443351030349731
0.948830783367157
0.9592328071594238
0.9723091721534729
0.9329251050949097
0.9775519371032715
0.9754122495651245
0.9602466821670532
0.9642869830131531
0.9658829569816589
0.9854146242141724
0.9722737073898315
0.9828327894210815
0.9129627346992493
0.9622949957847595
0.9951751828193665
0.9708380699157715
0.9783466458320618
0.9671866297721863
0.9385871291160583
0.9999793767929077
0.951171875
1.0000790357589722
0.9766246676445007
0.9180065393447876
0.9259448051452637
0.9264326691627502
0.9049753546714783
0.9165797829627991
0.9558365345001221
0.9415175914764404
0.9245844483375549
0.9375752806663513
0.9182654619216919
0.9465088248252869
0.9364048838615417
0.932438313961029
0.9423875212669373
0.9274967312812805
0.9394439458847046
0.9516143798828125
0.9356057047843933
0.9254336357116699
0.9566977620124817
0.9743642807006836
0.9380254745483398
0.9590511918067932
0.9574546217918396
0.9458872675895691
0.9403873682022095
0.9224185943603516
0.9617729783058167
0.9658162593841553
0.9610724449157715
0.9793121814727783
0.9310740828514099
0.9505820274353027
0.9660834670066833
0.8987300395965576
0.8999252915382385
0.9042516350746155
0.9201020002365112
0.9386006593704224
0.9144368171691895
0.8781160116195679
0.8808361291885376
0.9711672067642212
0.9384387135505676
0.9173911809921265
0.8969785571098328
0.8986181616783142
0.9008287191390991
0.9500046372413635
0.9563113451004028
0.9204564094543457
0.9094229936599731
0.8823183178901672
0.918412446975708
0.9131602644920349
0.9190085530281067
0.9324824213981628
0.9324378967285156
0.9211874008178711
0.9293085336685181
0.9324762225151062
0.9009084701538086
0.9342469573020935
0.9253419637680054
0.9564039707183838
0.9332385659217834
0.934169352054596
0.9142141342163086
0.9126718044281006
0.9479167461395264
0.9500983357429504
0.901926577091217
0.9372926354408264
0.9287031292915344
0.9432054758071899
0.9369954466819763
0.9625705480575562
0.9839869141578674
0.9535035490989685
0.9961581230163574
0.9920746684074402
0.9536948800086975
0.9649387001991272
0.9423025846481323
0.9646634459495544
0.9517595171928406
0.9426424503326416
0.985734760761261
0.9459169507026672
0.9444948434829712
0.9448002576828003
0.9475445747375488
0.9627182483673096
0.9816703200340271
0.936585545539856
0.9448001384735107
0.9336065649986267
0.9882745742797852
0.9629364013671875
0.9906682372093201
0.9063090682029724
0.9288344383239746
0.9225355386734009
0.9012686610221863
0.9039186835289001
0.9473127126693726
0.9449695944786072
0.9082650542259216
0.9491415619850159
0.910088300704956
0.933627724647522
0.9302830696105957
0.9082475900650024
0.8585323095321655
0.9288080930709839
0.9497876167297363
0.9310454726219177
0.9393794536590576
0.9427273273468018
0.9584373235702515
0.9746476411819458
0.9375729560852051
0.9386494159698486
0.9270008206367493
0.9278405904769897
0.9568403363227844
0.9345811605453491
0.9081549048423767
0.919093906879425
0.9230619072914124
0.9564083814620972
0.9195314645767212
0.9566754102706909
0.9388757348060608
0.9355830550193787
0.9002429246902466
0.9412734508514404
0.9630432724952698
0.9372278451919556
0.9127190113067627
0.9027365446090698
0.9308359622955322
0.9360859394073486
0.9582560062408447
0.9541758298873901
0.9313179850578308
0.9257819056510925
0.9178431034088135
0.9597400426864624
0.9391903877258301
0.9019128680229187
0.9338115453720093
0.9117000102996826
0.9407038688659668
0.9394848346710205
0.8786869049072266
0.9466186761856079
0.9232059717178345
0.9550138115882874
0.9631657004356384
0.9225588440895081
0.9162656664848328
0.9279744625091553
0.9306218028068542
0.9801038503646851
0.9525222778320312
0.9166098237037659
0.8933541774749756
0.9271982908248901
0.9165167808532715
0.9330242872238159
0.9636642336845398
0.9315109252929688
0.9739769697189331
0.9098293781280518
0.9244694709777832
0.9366817474365234
0.9371492862701416
0.9622040390968323
0.979667603969574
0.9856297373771667
0.96770179271698
0.9572522044181824
0.9462975263595581
0.9757375717163086
0.9425199031829834
0.9610768556594849
0.9485328793525696
0.9543322324752808
0.9405934810638428
0.9242245554924011
0.9777822494506836
0.9288322329521179
0.9558433294296265
0.9393882751464844
0.9359963536262512
0.9520360231399536
0.9277076721191406
0.9252350926399231
0.915243923664093
0.9404342174530029
0.920950710773468
0.9585141539573669
0.9459363222122192
0.8952964544296265
0.9364026188850403
0.9096580743789673
0.9102713465690613
0.9107293486595154
0.9000338912010193
0.9074088335037231
0.8935043215751648
0.9145591855049133
0.9155981540679932
0.9402763247489929
0.9343684315681458
0.9940959811210632
0.9750478267669678
0.9954648017883301
0.940904974937439
0.9601684808731079
0.9803404808044434
0.9748035669326782
0.999940812587738
0.9716408848762512
0.9156547784805298
0.9221376180648804
0.9871069192886353
0.9843354821205139
0.9672929048538208
0.9751908779144287
0.9455878734588623
0.9755837917327881
0.9745032787322998
0.9760633111000061
0.9609816670417786
0.9689991474151611
0.9579965472221375
0.9472836256027222
0.9670715928077698
0.9066404700279236
0.9646721482276917
0.960094153881073
0.9708742499351501
0.9270723462104797
0.9736178517341614
0.9793510437011719
0.9509140849113464
0.9318399429321289
0.9755667448043823
0.971188485622406
0.9838201403617859
0.9133899807929993
0.9658326506614685
0.8960610032081604
0.9419763684272766
0.9342629313468933
0.9901466369628906
0.9606148600578308
0.9627523422241211
0.9483392834663391
0.9551770687103271
0.9661341905593872
0.9418203234672546
0.9601920247077942
0.9774762988090515
0.9549595713615417
0.9390419721603394
0.8593294620513916
0.8801822662353516
0.9560674428939819
0.9296082258224487
0.9277955293655396
0.9306199550628662
0.9234050512313843
0.9800221920013428
0.9454514980316162
0.9186950325965881
0.9442996978759766
0.951350748538971
0.9528917670249939
0.9490237236022949
0.9296970367431641
0.936813473701477
0.9499054551124573
0.9591213464736938
0.9571176171302795
0.9323711395263672
0.9700499773025513
0.9134209752082825
0.906635046005249
0.9256033301353455
0.9526994824409485
0.9367705583572388
0.9336262941360474
0.947090208530426
0.9390758872032166
0.9533454179763794
0.9633392095565796
0.9739680886268616
0.9613420367240906
0.9588111042976379
0.9503757357597351
0.9738022089004517
0.9504296779632568
0.9376058578491211
0.9531753659248352
0.9202837944030762
0.9219139814376831
0.9380293488502502
0.8848987817764282
0.9280803203582764
0.9788156747817993
0.9517407417297363
0.9777841567993164
0.9356743693351746
0.9446348547935486
0.9598487019538879
0.9465076923370361
0.9554240107536316
0.9425464272499084
0.9752979278564453
0.9732341766357422
0.9675880074501038
0.9384942650794983
0.9886337518692017
0.9894345998764038
0.9755364656448364
0.98232102394104
0.9250038862228394
0.9428993463516235
0.9638345241546631
0.9746472835540771
0.9172900915145874
0.9382227659225464
0.9522011876106262
0.9788761734962463
0.9399408102035522
0.9354427456855774
0.9706906676292419
0.9574439525604248
0.9479909539222717
0.9555369019508362
0.9526907801628113
0.9441798329353333
0.947270929813385
0.9551795721054077
0.9450629353523254
0.9573246240615845
0.9301567673683167
0.9264903664588928
0.9345240592956543
0.9429455399513245
0.9530612230300903
0.9572159051895142
0.9517444372177124
0.9495566487312317
0.9161917567253113
0.9348139762878418
0.9416426420211792
0.9521497488021851
0.9217742085456848
0.9345093965530396
0.920552670955658
0.9229188561439514
0.9510476589202881
0.9380701780319214
0.9374032020568848
0.9499590992927551
0.8776779770851135
0.9446626305580139
0.8927374482154846
0.9206000566482544
0.9243534207344055
0.9418487548828125
0.9746224284172058
0.9209997653961182
0.9099212288856506
0.932232677936554
0.9380955100059509
0.9167198538780212
0.9194381237030029
0.9267035722732544
0.922213613986969
0.9175225496292114
0.9436115026473999
0.9216214418411255
0.9308339357376099
0.9289777278900146
0.9350188374519348
0.9274243712425232
0.9278726577758789
0.9079053401947021
0.9106655716896057
0.9540213942527771
0.986809492111206
0.9395177364349365
0.9714729189872742
0.9763845205307007
0.9487020373344421
0.9431068897247314
0.8750122785568237
0.9200124144554138
0.9422010779380798
0.9072058200836182
0.9165905117988586
0.8903061151504517
0.9323082566261292
0.9453256726264954
0.9199659824371338
0.9300534129142761
0.9251639246940613
0.9259973168373108
0.929358184337616
0.914171040058136
0.9678636789321899
0.9524713158607483
0.9570027589797974
0.9937649369239807
0.972989022731781
0.9714900255203247
0.9827789068222046
0.9601587653160095
0.9251434803009033
0.9686442017555237
0.9237534403800964
0.9431361556053162
0.9277594089508057
0.9735186100006104
0.9805009961128235
0.9900920987129211
0.9227659106254578
0.993347704410553
0.9737962484359741
0.9803964495658875
0.9674773812294006
0.9635462760925293
0.9817830920219421
0.9665745496749878
0.9522372484207153
0.9600909948348999
0.9649154543876648
0.9654622673988342
0.9283899068832397
0.9275549650192261
0.9658064842224121
0.9433290958404541
0.944362461566925
0.9601483941078186
0.924651563167572
0.9602513909339905
0.9237080812454224
0.957218587398529
0.9369175434112549
0.9546133875846863
0.9479129314422607
0.9532853960990906
0.9678341746330261
0.9556179642677307
0.9441496133804321
0.9719827175140381
0.952075183391571
0.9195955395698547
0.9149913787841797
0.9601885080337524
0.9354984760284424
0.9488791227340698
0.8879692554473877
0.9549583196640015
0.9492164254188538
0.930983304977417
0.921506404876709
0.9854739904403687
0.940301775932312
0.9369074702262878
0.9489569067955017
0.9436970353126526
0.9864903092384338
0.9450268745422363
0.944541871547699
0.8601682782173157
0.9472877383232117
0.900752067565918
0.8110608458518982
0.9107638001441956
0.9156621098518372
0.9224869012832642
0.9331392049789429
0.9485510587692261
0.9408871531486511
0.9078284502029419
0.922835111618042
0.9007080793380737
0.9430597424507141
0.9592661261558533
0.9654010534286499
0.9250365495681763
0.9374715089797974
0.9598277807235718
0.9292178750038147
0.9577847123146057
0.9528573751449585
0.9302852749824524
0.9916149377822876
0.954951286315918
0.9383278489112854
0.9401078820228577
0.9525032043457031
0.9735020995140076
0.9366058707237244
0.9318311214447021
0.9178614020347595
0.9241719245910645
0.9319148063659668
0.9563681483268738
0.9238144159317017
0.8983986377716064
0.9714798927307129
0.9166073203086853
0.919174313545227
0.9436533451080322
0.869308352470398
0.8962987661361694
0.9330040216445923
0.9803625345230103
0.9475650787353516
0.9705101847648621
0.9366788268089294
0.9474316835403442
0.9850203394889832
0.9703415036201477
0.9808831810951233
0.9273634552955627
0.9691080451011658
0.9655570387840271
0.9401184320449829
0.9308528900146484
0.9390588998794556
0.8988197445869446
0.9555352926254272
0.9507507085800171
0.9448803067207336
0.9807661771774292
0.9565103650093079
0.9575799703598022
0.96006178855896
0.9470627307891846
0.9653692245483398
0.9570697546005249
0.9526577591896057
0.8645107746124268
0.9356499910354614
0.9330489635467529
0.8994489908218384
0.9364539384841919
0.9455910921096802
0.9589809775352478
0.9228374361991882
0.9427453279495239
0.9384262561798096
0.9270285964012146
0.9221358895301819
0.9406078457832336
0.9865763783454895
0.9543048739433289
0.9611961245536804
0.9640024304389954
0.9539569020271301
0.9869397282600403
0.982361912727356
0.9588150978088379
0.9735971093177795
1.0000226497650146
0.983494222164154
0.9451531171798706
0.9447442293167114
0.9203053116798401
0.8880035877227783
0.9243460893630981
0.9516589045524597
0.934724748134613
0.9565356373786926
0.9731659293174744
0.9649592638015747
0.9094598293304443
0.9420120120048523
0.9294201135635376
0.9368207454681396
0.930286169052124
0.978208601474762
0.9469361305236816
0.9711244106292725