0.8801273703575134
0.8336319923400879
0.817760169506073
0.8830970525741577
0.8996366858482361
0.857737123966217
0.8765971064567566
0.8067570924758911
0.8796448707580566
0.8276818990707397
0.9060927629470825
0.9294970035552979
0.8315866589546204
0.8306769728660583
0.8684204816818237
0.8907437920570374
0.822025716304779
0.8518824577331543
0.8227671384811401
0.8553072214126587
0.8672518730163574
0.9551953673362732
0.8906815052032471
0.8430063128471375
0.8609263300895691
0.9339043498039246
0.924108624458313
0.9272772669792175
0.9039657115936279
0.884402334690094
1.0
0.8927069306373596
0.954886794090271
0.8170211315155029
0.9190675020217896
0.911445140838623
0.8820226192474365
0.7313752770423889
0.8782110810279846
0.9478808641433716
0.9612089991569519
0.937730073928833
0.8732295632362366
0.9602624177932739
0.8997748494148254
0.9104863405227661
0.8601384162902832
0.8821095824241638
0.9193052053451538
0.9040362238883972
0.851432740688324
0.8869833946228027
0.800369381904602
0.8772578239440918
0.9254307150840759
0.8485011458396912
0.8698520660400391
0.8203858733177185
0.9085460305213928
0.7869476675987244
0.838565468788147
0.9536722898483276
0.8000551462173462
0.8296893239021301
0.8398059010505676
0.8967871069908142
0.8859274983406067
0.8380802273750305
0.8165850639343262
0.9090356230735779
0.8686026334762573
0.909034013748169
0.9680041670799255
0.9120776057243347
0.8858723044395447
0.9565474390983582
0.8358586430549622
0.8611385822296143
0.9156191349029541
0.9378557205200195
0.9368109703063965
0.8978015184402466
0.8175026774406433
0.9063593149185181
0.8728615641593933
0.9268465638160706
1.0000028610229492
0.8753867149353027
0.8763182163238525
0.8306974172592163
0.8383385539054871
0.768173336982727
0.8546345233917236
0.8389139175415039
0.8248878717422485
0.9423125982284546
1.0
0.8370952010154724
0.8891559839248657
0.9127939939498901
0.875922679901123
0.831293523311615
0.8831367492675781
0.8396492600440979
0.9225985407829285
0.8909454345703125
0.8660651445388794
0.912247896194458
0.9007696509361267
0.7991082072257996
0.8407796621322632
0.8407796621322632
0.83573317527771
0.9045161604881287
0.901088297367096
0.9130892157554626
0.9610608220100403
0.9791920185089111
0.9791920185089111
0.8489519953727722
0.8472042083740234
0.8746523857116699
0.8668102622032166
0.8442624807357788
0.831278383731842
0.9376639723777771
0.7907615303993225
0.8888580799102783
0.8902765512466431
0.7914819121360779
0.8598850965499878
0.8667595982551575
0.9440807700157166
0.8007999062538147
0.8604570031166077
0.8826518654823303
0.8921989798545837
0.8372631072998047
0.8204661011695862
0.9594773054122925
0.9357256889343262
0.8784069418907166
0.8091569542884827
0.9467682242393494
0.8683650493621826
0.8384639620780945
0.9251508116722107
0.803799033164978
0.9065066576004028
0.8088881373405457
0.8776326179504395
0.9051697254180908
0.8754390478134155
0.9552294015884399
0.8806254863739014
0.8876456618309021
0.8666568398475647
0.8475484848022461
0.8929005861282349
0.85493403673172
0.9451522827148438
0.8418740630149841
0.8397510051727295
0.8014178276062012
0.8978578448295593
0.8675606846809387
0.851956307888031
0.8332090377807617
0.8714871406555176
0.9109538793563843
0.8771055936813354
0.824671745300293
0.8894908428192139
0.8662099838256836
0.9288278818130493
0.8598427176475525
0.7853373885154724
0.829204261302948
0.8420112133026123
0.7821497321128845
0.8542039394378662
0.8762173652648926
0.9067026376724243
0.9285553693771362
0.8568340539932251
0.8239386677742004
0.7428001165390015
0.905889630317688
1.0
0.9017883539199829
0.7534233331680298
0.8409298658370972
0.9068534970283508
0.8343306183815002
0.9347795248031616
0.8914436101913452
0.8969408273696899
0.9007635712623596
0.8890153169631958
0.7330004572868347
0.8920508027076721
0.7702614068984985
0.8566416501998901
0.9421895742416382
0.8686525821685791
0.868130087852478
1.0
0.8271992206573486
0.872127115726471
0.8454219698905945
0.9163587093353271
0.9999277591705322
0.8173930644989014
0.8709250688552856
0.951632022857666
0.8517158031463623
0.8993340730667114
0.9831171035766602
0.8408238291740417
0.8069658875465393
0.905331552028656
0.8266118168830872
0.884752631187439
0.8421028256416321
0.7852011919021606
0.8262331485748291
0.877275824546814
0.7591833472251892
0.8502060770988464
0.9326651096343994
0.7602924704551697
0.8557513356208801
0.8925111889839172
0.8796029686927795
0.8333674669265747
0.9016068577766418
0.8179845213890076
0.9055781364440918
0.9046040177345276
0.9134250283241272
0.8177080750465393
0.8981502056121826
0.8703935146331787
0.9119861125946045
0.9999817609786987
0.9999817609786987
0.8090778589248657
0.8876886367797852
0.9358831644058228
0.8597976565361023
0.8935796022415161
0.8020474314689636
0.9379850029945374
0.9037110805511475
0.8127349615097046
0.8721892237663269
0.9664259552955627
0.885498046875
0.8556214570999146
0.8416644930839539
0.8562178611755371
0.9369219541549683
0.8625620007514954
0.8851375579833984
0.8434184789657593
1.000014066696167
0.7888625264167786
0.7610628604888916
0.7947167158126831
0.7797447443008423
0.8319151997566223
0.9559722542762756
0.900682270526886
0.7906039953231812
0.9123849868774414
0.9341967105865479
0.7416056394577026
1.0000251531600952
0.8186447620391846
0.8383744359016418
0.8469646573066711
0.9301888942718506
0.8392889499664307
0.929239809513092
0.8738811016082764
0.9629806280136108
0.8719671368598938
0.8695757389068604
0.77045738697052
0.9281649589538574
0.8929047584533691
0.7478780746459961
0.9547770619392395
0.8025458455085754
0.8524870276451111
0.8934072256088257
0.8786919713020325
0.8801202774047852
0.874215841293335
0.8168361783027649
0.8919658064842224
0.7975894808769226
0.8709287047386169
0.9280701875686646
0.8979865312576294
0.8715057969093323
0.7727839350700378
0.9377532005310059
0.866138219833374
0.8861372470855713
0.9248563051223755
0.821124792098999
0.8966448903083801
0.9106726050376892
0.9160909056663513
0.8539166450500488
0.8872513175010681
0.7737412452697754
0.9210001826286316
0.8362168669700623
0.8672618865966797
0.8871762156486511
0.8733340501785278
0.8006678819656372
0.8929980397224426
0.8093287944793701
0.8088715076446533
0.8529496788978577
0.9343733787536621
0.8512774109840393
0.8916140794754028
0.8369842767715454
0.9384069442749023
0.8860405087471008
0.9266578555107117
0.9691755771636963
0.828221321105957
0.8900371789932251
0.8467462062835693
0.9000816941261292
0.8548752069473267
0.8205685615539551
0.7961151003837585
0.8018341064453125
0.9224474430084229
0.786186158657074
0.7888715267181396
0.924707293510437
0.8514883518218994
0.8490371704101562
0.837855875492096
0.8176836371421814
0.9579705595970154
0.9453858733177185
0.895598828792572
0.7894802689552307
0.8476978540420532
0.8442853689193726
0.9046070575714111
0.8727772831916809
0.7899034023284912
0.7852859497070312
0.9318564534187317
0.9825018644332886
0.9033318758010864
0.9464307427406311
0.8884991407394409
0.8978747725486755
0.7580976486206055
0.9659998416900635
0.8449835181236267
0.8713791966438293
0.8362603783607483
0.9604190587997437
0.9864569902420044
0.8918769359588623
0.8754661083221436
0.8647717237472534
0.9098376035690308
0.887567400932312
0.9528771638870239
0.8482345938682556
0.8725225329399109
0.857941746711731
0.9204862713813782
0.820999801158905
0.8577583432197571
0.9403752684593201
0.9295930862426758
0.8069943189620972
0.8979778289794922
0.9430363178253174
0.901860773563385
0.9090445041656494
0.8876552581787109
0.8881486654281616
0.8670670390129089
0.9008967280387878
0.881580114364624
0.8929778337478638
0.9056443572044373
0.8529598116874695
0.9581947922706604
0.890458881855011
0.8985884189605713
0.9278500080108643
0.942007839679718
0.9211585521697998
0.8813507556915283
0.9138997793197632
0.9819496870040894
0.8879104256629944
0.9336770176887512
0.7860443592071533
0.849000871181488
0.7900100350379944
0.7465085387229919
0.9225449562072754
0.9486614465713501
0.8327523469924927
0.9645472168922424
0.8969502449035645
0.88908451795578
0.9252226948738098
0.880900502204895
0.886849045753479
0.7451874017715454
0.9017466902732849
0.9085831046104431
0.8686320781707764
0.8217176198959351
0.8558365702629089
0.9043498039245605
0.8467466235160828
0.9097229242324829
0.8609801530838013
0.8055905699729919
0.9200796484947205
0.9393313527107239
0.8680156469345093
0.8828346133232117
0.8520813584327698
0.9137476682662964
0.9183334708213806
0.8972398042678833
0.904210090637207
0.8565599918365479
0.8332250118255615
0.9672425389289856
0.8959754705429077
0.856555700302124
0.8647669553756714
0.8459386229515076
0.9087516069412231
0.907453179359436
0.8126175403594971
0.899556040763855
0.8434049487113953
0.8107358813285828
0.7990849018096924
0.8847940564155579
0.815088152885437
0.8326277732849121
0.7769551873207092
0.8966732621192932
0.9203107953071594
0.8549122214317322
0.8681135177612305
0.9105687737464905
0.7725322842597961
0.9208373427391052
0.9177107810974121
0.7602919936180115
0.765712320804596
0.8249338269233704
0.8589791059494019
0.923231840133667
0.7442157864570618
0.8484070897102356
0.827197790145874
0.8528470396995544
0.9139694571495056
0.8185082674026489
0.8567129969596863
0.713604748249054
0.823157787322998
0.9193885922431946
0.9335047602653503
0.9075130820274353
0.8347204923629761
0.8068069815635681
0.839989185333252
0.7723004817962646
0.8211327195167542
0.946804404258728
0.8865933418273926
0.8531849980354309
0.8886498212814331
0.81253981590271
0.8586404919624329
0.8548790216445923
0.7754160761833191
0.9223172664642334
0.803620457649231
0.9348692893981934
0.9138869643211365
0.8922627568244934
0.742562472820282
0.8880450129508972
0.8997966051101685
0.8878458738327026
0.7981118559837341
0.8928179144859314
0.7802450656890869
0.9686088562011719
0.8802030682563782
0.8878634572029114
0.9006769061088562
0.8611177206039429
0.8476402163505554
0.8075222969055176
0.8992380499839783
0.8278465867042542
0.7757315635681152
1.0000169277191162
0.8419175744056702
0.9045844674110413
0.9863086938858032
0.8195554614067078
0.8429428339004517
0.8668861985206604
0.9665430784225464
0.7811381220817566
0.5766989588737488
0.71572345495224
0.7915927767753601
0.8730892539024353
0.9230769276618958
0.9377197027206421
0.7655801177024841
0.9002466797828674
0.885968029499054
0.933401346206665
0.8723754286766052
0.9012407660484314
0.8406175374984741
0.7833868861198425
0.8448151350021362
0.8452968001365662
0.8530064821243286
0.7424485683441162
0.8618531823158264
0.9730249643325806
0.8347069621086121
0.824012041091919
0.8323801755905151
0.9214568138122559
0.9435927867889404
0.9042295217514038
0.9414637088775635
0.7534316778182983
0.8604081869125366
0.8754079937934875
0.8826578259468079
0.9224066734313965
0.85246741771698
0.7381986379623413
0.7671196460723877
0.7901195287704468
0.8512420058250427
0.9146595597267151
0.8441837430000305
0.8810386061668396
0.7710466384887695
0.7940606474876404
0.9162439703941345
0.7586994171142578
0.7654373049736023
0.7857493162155151
0.9601271152496338
0.8374443650245667
0.854843020439148
0.797284722328186
0.7897108197212219
0.7991479635238647
0.9523939490318298
0.7903323173522949
0.7787684798240662
0.9105445146560669
0.8829699158668518
0.930147111415863
0.7421981692314148
0.9999929666519165
0.6416860818862915
0.8770394325256348
0.7338284850120544
0.713387668132782
0.8539077043533325
0.8179528713226318
0.8666239380836487
0.8346514701843262
0.8267065286636353
0.9113886952400208
0.812105655670166
0.9050149917602539
0.8340475559234619
0.8849425315856934
0.7900590896606445
0.9327910542488098
0.887537956237793
0.9083362221717834
0.7203804850578308
0.9041368365287781
0.8634458780288696
0.9147651791572571
0.9093741178512573
0.6934125423431396
1.0000011920928955
0.7516132593154907
0.8430787324905396
0.8635932207107544
0.8009591102600098
0.8842212557792664
0.7342115044593811
0.7570675015449524
0.8350546360015869
0.8095107674598694
0.7765822410583496
0.775596559047699
0.9211909770965576
0.9006790518760681
0.948345422744751
0.875537097454071
0.8661389946937561
0.8778684735298157
0.847369909286499
0.8246362805366516
0.8948755264282227
0.7437442541122437
0.7675533294677734
0.7379046082496643
0.7062400579452515
1.0
0.8741349577903748
0.8119809031486511
0.8263509273529053
0.8871656060218811
0.8555325865745544
0.9651532173156738
0.8055434823036194
0.9055200219154358
0.8931572437286377
0.7751829624176025
0.8816888332366943
0.9071401357650757
0.9225237369537354
0.8476573824882507
0.8046583533287048
0.8139950633049011
1.0000075101852417
0.8475855588912964
0.8018143177032471
0.9252279996871948
0.8608353734016418
0.9476431608200073
0.7301438450813293
0.8273004293441772
0.8173943161964417
0.8521685600280762
0.8886135220527649
0.8037371635437012
0.7188276648521423
0.6723458766937256
0.7567312717437744
0.7696801424026489
0.8862075805664062
0.7676277756690979
0.9025539755821228
0.8447068929672241
0.9265645742416382
1.0000102519989014
0.8830856680870056
0.9080138206481934
0.8475179076194763
0.8035134077072144
0.8464015126228333
0.8375728130340576
0.8855816125869751
0.9140409827232361
0.914921760559082
0.962958574295044
0.9655928611755371
0.7133120894432068
0.8151611685752869
0.9020479917526245
0.8687255382537842
0.8182133436203003
0.8852930068969727
0.8229968547821045
0.8097773194313049
0.9637250900268555
0.9275389909744263
0.9608221650123596
0.7989619374275208
0.8679006695747375
0.844343364238739
0.8258796334266663
0.7657843828201294
0.8914106488227844
0.8328895568847656
0.9123715162277222
0.8283430933952332
0.7510300874710083
0.9443959593772888
0.9047499299049377
0.8583433628082275
0.8830939531326294
0.6576429009437561
0.8866072297096252
0.9169977903366089
0.9634597897529602
0.8813027143478394
0.7496716380119324
0.7807144522666931
0.8932629823684692
1.0000073909759521
0.8426646590232849
0.859370768070221
0.9085856676101685
0.8608070015907288
0.8521323204040527
0.8795375227928162
0.8792785406112671
0.9008079767227173
0.8951395153999329
0.9159743785858154
0.8512186408042908
0.878722071647644
0.7970933318138123
0.8166019320487976
1.0
0.8701708316802979
0.8366489410400391
0.8807108402252197
0.8443895578384399
0.8109971880912781
0.8272965550422668
0.8536736965179443
0.7053501605987549
0.8442791104316711
0.8201354146003723
0.8446958065032959
0.8749803900718689
0.7992511987686157
0.7174694538116455
0.7307423949241638
0.6851804852485657
0.8290932178497314
0.923562228679657
0.7204303741455078
0.9295373558998108
0.9295373558998108
0.905099630355835
0.9391199946403503
0.7876416444778442
0.7137452363967896
0.9460850358009338
0.782372772693634
0.8201687932014465
0.8991217613220215
0.7547826766967773
0.9169741868972778
0.8605093955993652
0.8047604560852051
0.8062102198600769
0.8317601680755615
0.8154725432395935
0.9282755851745605
0.90155029296875
0.7545185685157776
1.0000773668289185
0.7646535038948059
0.8647584319114685
0.7853318452835083
0.8632817268371582
0.9022324681282043
0.894897997379303
0.8791420459747314
0.8298494219779968
0.7158666849136353
0.8242794275283813
0.872187077999115
0.8300429582595825
0.811099112033844
0.8891121745109558
0.7990077137947083
0.8841406106948853
1.0000295639038086
0.704170823097229
0.9143467545509338
0.9041132926940918
0.78762286901474
0.7914154529571533
0.9138085842132568
0.7947583794593811
0.8583168983459473
0.8391405344009399
0.7585687041282654
0.7625902891159058
0.923377513885498
0.822965145111084
0.8089658617973328
0.8969420790672302
0.8364324569702148
0.9060313701629639
0.8143069744110107
0.8077157139778137
0.7767215371131897
0.7687100172042847
0.9490328431129456
0.9324654936790466
0.9999991655349731
0.9800029993057251
0.825555682182312
0.8202102780342102
0.779900074005127
0.737092137336731
0.8091942667961121
0.6763067245483398
0.8568790555000305
0.9129898548126221
0.8950138092041016
0.7919448614120483
0.8470457196235657
0.8892189264297485
0.7919709086418152
0.8651514053344727
0.8768550753593445
0.9034242630004883
0.8442344665527344
0.9570003151893616
0.7750735282897949
0.8442782163619995
0.8323558568954468
0.7805389165878296
0.7147667407989502
0.7569584846496582
0.9044584631919861
0.8890396356582642
0.9454711675643921
0.8437063097953796
0.8703707456588745
0.7822312116622925
0.8338637948036194
0.8894018530845642
0.8783886432647705
0.8972316980361938
0.8156278729438782
0.9523147940635681
0.8159583210945129
0.7745679616928101
0.7959994077682495
0.899549126625061
0.8630164265632629
0.763521671295166
0.8874636292457581
0.8593791723251343
0.8256508111953735
0.8694410920143127
0.8397520184516907
0.9824525117874146
0.9322419166564941
0.773208737373352
0.8724251985549927
0.8834134340286255
0.8637937903404236
0.8202630281448364
0.9418091773986816
0.7904197573661804
0.881812572479248
0.8987864255905151
0.8695099353790283
0.8722484111785889
0.8852433562278748
0.7776858806610107
0.9567492008209229
0.8998332619667053
0.892322301864624
0.8649796843528748
0.9179971218109131
0.8652669787406921
0.7550057768821716
0.8901274800300598
0.8606805801391602
0.9515189528465271
0.9433441758155823
0.8213199973106384
0.8414192199707031
0.9110369086265564
0.8298169374465942
0.8154920935630798
0.8323351144790649
0.7699440121650696
0.8390068411827087
0.9113547205924988
0.8755964040756226
0.8905181884765625
0.8618140816688538
0.8934850096702576
0.8269725441932678
0.8771520256996155
0.9044515490531921
0.9363002181053162
0.7994225025177002
0.8132083415985107
0.7073715329170227
0.7799476981163025
0.7905881404876709
0.9588685631752014
0.8146384358406067
0.7748948335647583
0.8742102980613708
0.859390377998352
0.7886917591094971
0.8355073928833008
0.802726149559021
0.8241586089134216
0.9086531400680542
0.7927214503288269
0.7731575965881348
0.8310940861701965
0.9999805092811584
0.8201050758361816
0.8247385025024414
0.8383172154426575
0.806260347366333
0.8656018972396851
0.892543613910675
0.875586986541748
0.8681161999702454
0.8722742795944214
0.7939193844795227
0.789269745349884
0.8948971033096313
0.8899821043014526
0.7901731133460999
0.736072301864624
0.9769717454910278
0.8910268545150757
0.892650306224823
0.8551682829856873
0.8905415534973145
0.742161750793457
0.843173086643219
0.9304066300392151
0.8898812532424927
0.8564212918281555
0.9021356105804443
0.9047688841819763
0.8476149439811707
0.7850385308265686
0.9839905500411987
0.8984083533287048
0.8444790840148926
0.828151285648346
0.7729560136795044
0.8315176963806152
0.9179837703704834
0.9362239241600037
0.8651218414306641
0.8428618907928467
0.9068173766136169
0.8092777729034424
0.7775480151176453
0.7246547937393188
0.8504889011383057
0.8943848013877869
0.9248238801956177
0.8095865845680237
0.8675923943519592
0.8431665301322937
0.8665533065795898
0.8931000828742981
0.7690051794052124
0.8708596229553223
0.8538696765899658
0.796868622303009
0.8584808111190796
0.7778735160827637
0.7612471580505371
0.7742792963981628
0.8999946117401123
0.9025605320930481
0.9174424409866333
0.7149662971496582
0.7354177832603455
0.8764374256134033
0.8495795726776123
0.7927725911140442
0.8100506663322449
0.9180184006690979
0.7020162343978882
0.823900580406189
0.9035798907279968
0.8628230094909668
0.9523962736129761
0.7057110071182251
0.8490097522735596
0.9338113069534302
0.8855770230293274
0.7835696339607239
0.9243122339248657
0.6568090915679932
0.8515216708183289
0.9045281410217285
0.8221675157546997
0.6972231268882751
0.7891826629638672
0.8115792274475098
0.8872010111808777
0.8410671353340149
0.8777006268501282
0.9325717091560364
0.8015801906585693
0.825922966003418
0.8167225122451782
0.7762733697891235
0.636277437210083
0.8819636106491089
0.9656323790550232
0.8707726001739502
0.7612118721008301
0.8183856010437012
0.8018854260444641
0.9088562726974487
0.8835815787315369
0.857519268989563
0.867364227771759
0.9430885910987854
0.9265042543411255
0.9087153673171997
0.8655480742454529
0.816155731678009
0.8159927129745483
0.8830652236938477
0.793945848941803
0.7787132263183594
0.7500796318054199
0.9045548439025879
0.8614681363105774
0.8066526651382446
0.8490257859230042
0.8155718445777893
0.9242898225784302
0.7931419610977173
0.8534005880355835
0.9320805668830872
0.8861041069030762
0.9150760173797607
0.7590424418449402
0.7499576807022095
0.8639561533927917
0.8332444429397583
0.8759281039237976
0.9196093678474426
0.8740429282188416
0.8168546557426453
0.912957489490509
0.9036520719528198
0.8767099976539612
0.8350633382797241
0.9538624286651611
0.8402876853942871
0.8414192199707031
0.8898391723632812
0.7776188254356384
0.7124218344688416
0.9508250951766968
0.9314775466918945
0.7250943779945374
0.9218342900276184
0.9144180417060852
0.7781389951705933
0.8495875000953674
0.878655195236206
0.7683237791061401
0.8472645282745361
0.8735654950141907
0.8147689700126648
0.8785062432289124
0.822247326374054
0.7659403681755066
0.6980566382408142
0.9208386540412903
1.000024437904358
0.7585497498512268
0.7403718829154968
0.8924204111099243
0.7241300940513611
0.8727492094039917
0.8924750685691833
0.8739054799079895
0.897228479385376
0.783562958240509
0.6114456653594971
0.7798263430595398
1.0
0.8024313449859619
0.9407821297645569
0.8959249258041382
0.7539799809455872
0.882539689540863
0.8555574417114258
0.9567364454269409
0.822105884552002
0.7802525758743286
0.7645536661148071
0.7719117999076843
0.8814783096313477
0.8949437141418457
0.7271878123283386
0.8772463798522949
0.9698861837387085
0.7677119970321655
0.8112605810165405
0.7886515855789185
0.9041516780853271
0.5791967511177063
0.8708372712135315
0.8069034218788147
0.8040999174118042
0.8687995672225952
0.8231766223907471
0.846297025680542
0.8722572922706604
0.8607494831085205
0.7682211995124817
0.803160548210144
0.8017599582672119
0.828640878200531
0.8584091663360596
0.7901789546012878
0.8769432306289673
0.8182949423789978
0.8307541608810425
0.7713256478309631
0.7792490720748901
0.8863370418548584
0.6592423319816589
0.9313126802444458
0.8288198709487915
0.792474627494812
0.824889063835144
0.9092104434967041
0.8703292608261108
0.838851273059845
0.8174949884414673
0.7935134172439575
0.9368343949317932
0.8813210129737854
0.811513364315033
0.6875103712081909
0.6931903958320618
0.7771901488304138
0.771245539188385
0.8043973445892334
0.7749891877174377
0.8605150580406189
0.7484831213951111
0.8397790789604187
0.8081789016723633
0.871449887752533
0.8816617131233215
0.8217931389808655
0.7858083844184875
0.8351713418960571
0.8142722249031067
0.8403646349906921
0.8739534616470337
0.8928643465042114
0.7806562185287476
0.8074628114700317
0.8713139295578003
0.9621748924255371
0.8341177701950073
0.8369173407554626
0.858894944190979
0.7866050004959106
0.7932753562927246
0.752892255783081
0.7805633544921875
0.8941479921340942
0.8751678466796875
0.8406998515129089
0.8833802342414856
0.8986954092979431
0.93667072057724
0.799673855304718
0.8566598296165466
0.7906610369682312
0.8618469834327698
0.8439058661460876
0.7484472990036011
0.8920308351516724
0.8168561458587646
0.896248459815979
0.8396994471549988
0.8088322281837463
0.9875044226646423
0.8582799434661865
0.8011559247970581
0.8241556286811829
0.8109080791473389
0.7922227382659912
0.8173059821128845
0.8453046083450317
0.793992280960083
0.8475385308265686
0.6996394395828247
0.8902127742767334
0.8001610040664673
0.900586724281311
0.8182827234268188
0.8054808378219604
0.7947903275489807
0.9229884147644043
0.9086002111434937
0.874788224697113
0.9648827910423279
0.9413954019546509
0.833069384098053
0.8637843132019043
0.7966946959495544
0.8439538478851318
0.9006174206733704
0.8643484711647034
0.8735495805740356
0.9423276782035828
0.931254506111145
0.7897480130195618
0.9126483798027039
0.7951897978782654
0.822241485118866
0.9079711437225342
0.6211491823196411
0.7986556887626648
0.905838668346405
0.801585853099823
0.8742627501487732
0.864823043346405
0.6502121686935425
0.8895378112792969
0.6623570322990417
0.6726297736167908
0.9167965650558472
0.7953173518180847
0.7655726671218872
0.8815714716911316
0.8132889866828918
0.7796487808227539
0.8156501054763794
0.870470404624939
0.8742349743843079
0.8550406098365784
0.8620409965515137
0.7926256060600281
0.9109079837799072
0.8189314007759094
0.837776243686676
0.8917472958564758
0.8899828195571899
0.7503032088279724
0.8228667974472046
0.8154478669166565
0.8551825881004333
0.8627618551254272
0.8013007640838623
0.8195561766624451
0.7970945239067078
0.8473542928695679
0.7729346752166748
0.7663185596466064
0.8680991530418396
0.8252679705619812
0.754616916179657
0.8265109062194824
0.8157452344894409
0.8230006098747253
0.8659325838088989
0.7863869071006775
0.8590284585952759
0.8016863465309143
0.8910164833068848
0.7999144196510315
0.7124152183532715
0.8305231928825378
0.8461616039276123
0.8348935842514038
0.83420330286026
0.7704401016235352
0.8970259428024292
0.8218448758125305
0.7373642325401306
0.8498163223266602
0.8769418597221375
0.8105006814002991
0.6923583745956421
0.8244127631187439
0.8860886693000793
0.8044232130050659
0.8700851202011108
0.9210454821586609
0.8923715949058533
0.9298979043960571
0.7685808539390564
1.0
0.8690565824508667
0.7934679388999939
0.8413611650466919
0.9490192532539368
0.8907427191734314
0.8966047763824463
0.8609597086906433
0.8911769986152649
0.7423239350318909
0.8311755061149597
0.8360186219215393
0.8065018057823181
0.8200007677078247
0.8253098726272583
0.8687878251075745
0.8405834436416626
0.8465572595596313
0.7739667296409607
0.7641837000846863
0.7621626853942871
0.7682950496673584
0.7274892330169678
0.879064679145813
0.8334206342697144
0.7910845279693604
0.8088086247444153
0.8876761198043823
0.7508345246315002
0.898206353187561
0.7650195956230164
0.8653508424758911
0.904843270778656
0.8271125555038452
0.9048035144805908
0.7997480630874634
0.8692544102668762
0.9317634105682373
0.7424654960632324
0.8946043848991394
0.654250979423523
0.8959097862243652
0.8193438053131104
0.9247040748596191
0.7912040948867798
0.7927345037460327
0.7948357462882996
0.7592207193374634
0.7415390610694885
0.8780096173286438
0.712560772895813
0.9429265856742859
0.787187397480011
0.7822470664978027
0.7988676428794861
0.9327725768089294
0.8734785318374634
0.9517664909362793
0.8676859736442566
0.750313401222229
0.8889997601509094
0.8477672934532166
0.838904082775116
0.8472321629524231
0.8114493489265442
0.8787959814071655
0.8831475377082825
0.7782642245292664
0.7434166669845581
0.7191277146339417
0.8923518657684326
0.8079283237457275
0.7625643014907837
0.8547190427780151
0.8595631718635559
0.822070300579071
0.7397050857543945
0.7957893013954163
0.8036358952522278
0.7711918950080872
0.7316579818725586
0.8924095034599304
0.7630324363708496
0.8515082001686096
0.7399834990501404
0.8249760270118713
0.9468033909797668
0.7572659254074097
0.8656519055366516
0.9705629944801331
0.7807499766349792
0.8229429125785828
0.6742793321609497
0.7389723658561707
0.8032798767089844
0.8292656540870667
0.831484317779541
0.9126431941986084
0.8167563676834106
0.8268296122550964
0.9053791165351868
0.6596107482910156
0.8428761959075928
0.8658818006515503
0.8081738948822021
0.7697014212608337
0.7447912096977234
0.8086704015731812
0.8293890357017517
0.8801442980766296
0.8452474474906921
0.829265832901001
0.5924123525619507
0.8957491517066956
0.7768310308456421
0.7577748894691467
0.8480643033981323
0.972733736038208
0.9202916622161865
0.7759732604026794
0.8661400079727173
0.7687576413154602
0.8762539625167847
0.9427298307418823
0.8498155474662781
0.9283137321472168
0.7997547388076782
0.6842672228813171
0.9268962740898132
0.7091721892356873
0.7846513390541077
0.7791906595230103
0.7978137731552124
0.8223263621330261
0.7780706882476807
0.864665150642395
0.9040216207504272
0.937872588634491
0.7428575754165649
0.8645274639129639
0.836783230304718
0.8791612982749939
0.8590750098228455
0.8139821290969849
0.7380427718162537
0.9234669804573059
0.8279203176498413
0.748666524887085
0.9340282082557678
0.840057909488678
0.8636385202407837
0.8297856450080872
0.8843356966972351
0.7839105129241943
0.7830684781074524
0.8374079465866089
0.77668696641922
0.696514368057251
0.8790917992591858
0.8068497180938721
0.8376038670539856
0.7957166433334351
0.833345353603363
0.7891122698783875
0.7698200941085815
0.800049901008606
0.8125886917114258
0.810130774974823
0.8242244720458984
0.840781033039093
0.8404161930084229
0.8113192319869995
0.8422743082046509
0.8907565474510193
0.7516089677810669
0.9225161671638489
0.862280011177063
0.6963759660720825
0.9162541627883911
0.7406009435653687
0.7474923133850098
0.8362259864807129
0.8340418338775635
0.7639719843864441
0.8375976085662842
0.8820518255233765
0.8384121060371399
0.8002631068229675
0.8110882639884949
0.8790679574012756
0.9492977261543274
0.8076706528663635
0.826930046081543
0.8291699886322021
0.821765661239624
0.8446890711784363
0.8806143999099731
0.9711927771568298
0.7883902788162231
0.7044740915298462
0.7710041403770447
0.8322488069534302
0.8022074699401855
0.8259320259094238
0.7712909579277039
0.7870723009109497
0.700922429561615
0.8498463034629822
0.839018702507019
0.8401225209236145
0.8587153553962708
0.7925953269004822
0.7931132912635803
0.874661386013031
0.8110541701316833
0.7470426559448242
0.8054469227790833
0.8676241636276245
0.8224049806594849
0.9301171898841858
0.8557496666908264
0.8842584490776062
0.7817953824996948
0.8986436724662781
0.8139178156852722
0.8078479170799255
0.7478145360946655
0.8308139443397522
0.7332324981689453
0.883089005947113
0.7775223255157471
0.8395320177078247
0.7775710821151733
0.9755581617355347
0.8440613746643066
0.8113923072814941
0.8776622414588928
0.8687571287155151
0.8286016583442688
0.8587532639503479
0.9149165749549866
0.8177506923675537
0.8081899881362915
0.7759362459182739
0.8331866264343262
0.8407140374183655
0.828076183795929
0.7828611135482788
0.8467574119567871
0.8358198404312134
0.7548155784606934
0.764024555683136
0.7939554452896118
0.8840663433074951
0.8986859917640686
0.8584649562835693
0.748924195766449
0.7501134872436523
0.8603390455245972
0.7645589709281921
0.8645575046539307
0.7326374053955078
0.8083077669143677
0.8725678324699402
0.9404873847961426
0.8664279580116272
0.8613560795783997
0.818516194820404
0.8554851412773132
0.8449134826660156
0.9101319909095764
0.7970654964447021
0.8571441769599915
0.7468396425247192
0.9289602637290955
0.8414297699928284
0.5406610369682312
0.7954725623130798
0.8492326736450195
0.7693144679069519
0.7906849980354309
0.637712299823761
0.8872958421707153
0.8957661986351013
0.869030237197876
0.8026577830314636
0.7880029082298279
0.7508901357650757
0.7841354608535767
0.8185474276542664
0.8268113732337952
0.7904006838798523
0.8274134397506714
0.8393539190292358
0.783595085144043
0.8353675603866577
0.8533347845077515
0.7939667105674744
0.8285378217697144
0.7941577434539795
0.8224437236785889
0.8535616397857666
0.9415885210037231
0.8519837260246277
0.8189689517021179
0.7827098369598389
0.7360373139381409
0.821089506149292
0.8415650129318237
0.7749746441841125
0.83580482006073
0.9603610634803772
0.8208895325660706
0.8778156042098999
0.7759638428688049
0.7644877433776855
0.7533131837844849
0.8942849636077881
0.8722465634346008
0.8379396200180054
0.8864460587501526
0.7332946062088013
0.7476258873939514
0.8461624979972839
0.8696609139442444
0.9241957068443298
0.8006989359855652
0.8390056490898132
0.7845091819763184
0.7826550006866455
0.7716968655586243
0.7042869925498962
0.8835607767105103
0.7523684501647949
0.7376278638839722
0.8462271690368652
0.8115259408950806
0.8412140607833862
0.8348894119262695
0.8599068522453308
0.838681697845459
0.8264260292053223
0.8433489203453064
0.8588266968727112
0.8169324994087219
0.8876193761825562
0.8367748260498047
0.7112618088722229
0.8575469255447388
0.8052141666412354
0.7251395583152771
0.7992696762084961
0.898685097694397
0.7562416791915894
0.7985945343971252
0.7970353960990906
0.816740870475769
0.8755879402160645
0.8579038977622986
0.8358814120292664
0.927584707736969
0.8566687703132629
0.9467045068740845
0.7183564901351929
0.771588921546936
0.9368352293968201
0.9246091842651367
0.7593873143196106
0.8856651782989502
0.7930319309234619
0.7726844549179077
0.6994194388389587
0.810735285282135
0.7668500542640686
0.8359981179237366
0.8819388151168823
0.8626999855041504
0.941044807434082
0.85863196849823
0.8770301342010498
0.9297608137130737
0.8333385586738586
0.7720767855644226
0.8163071870803833
0.8451340198516846
0.8409607410430908
0.9298222064971924
0.8819307684898376
0.8358991742134094
0.827254593372345
0.7464678883552551
0.9136990308761597
0.8103699088096619
0.7847514748573303
0.7957206964492798
0.8511679172515869
0.9218978881835938
0.9490283131599426
0.8774175643920898
0.8532063961029053
0.8657874464988708
0.8399856090545654
0.909393846988678
0.9210103750228882
0.8981065154075623
0.8697515726089478
0.7551030516624451
0.7874374985694885
0.9127455949783325
0.9329827427864075
0.9779560565948486
0.8750209808349609
0.8638443350791931
0.8584616184234619
0.8314419984817505
0.8068251013755798
0.8955746293067932
0.8308518528938293
0.8429380059242249
0.8948778510093689
0.7819840312004089
0.834935188293457
0.8144885897636414
0.8829399943351746
0.828947901725769
0.8138599991798401
0.8826373815536499
0.8619027733802795
0.9175152778625488
0.9125331044197083
0.8683968186378479
0.8511106371879578
1.0000323057174683
0.924890398979187
0.7712000012397766
0.7798582315444946
0.8718147873878479
0.7533853054046631
0.8014494180679321
0.9170975685119629
0.8256798386573792
0.9079899191856384
0.9790894389152527
0.9790894389152527
0.9285874366760254
0.9172351956367493
0.7695558071136475
0.9577651023864746
0.9371049404144287
0.8518147468566895
0.8772123456001282
0.9624678492546082
0.887200117111206
0.8870487809181213
0.911739706993103
0.8818801641464233
0.8445897698402405
0.790064811706543
0.95476895570755
0.9808011054992676
0.7992182970046997
0.797098696231842
0.9347926378250122
0.8339489102363586
0.8564399480819702
0.7180600762367249
0.872166097164154
0.8719688057899475
0.8649919629096985
0.9077233672142029
0.8173326253890991
0.8904006481170654
0.9118488430976868
0.7604036927223206
0.8546662926673889
0.8832078576087952
0.8859403729438782
0.8876186013221741
0.8319136500358582
0.8478355407714844
0.8324070572853088
0.8541558980941772
0.8667937517166138
0.8726863861083984
0.8917741775512695
0.9196169376373291
0.9357701539993286
0.8884050846099854
0.926952600479126
0.900589108467102
0.8758534789085388
0.8930267095565796
0.8355933427810669
0.856238603591919
0.8663818836212158
0.8972187042236328
0.7928904294967651
0.7888213992118835
0.7928904294967651
0.8744354248046875
0.8347598910331726
0.9468206763267517
0.8396736979484558
0.9551593065261841
0.9425593614578247
0.7579612731933594
1.0000476837158203
0.8839380145072937
0.8853827118873596
0.8769021034240723
0.8564453721046448
0.8891618847846985
0.999965250492096
0.7656266689300537
0.7824547290802002
0.7809652090072632
0.8020240664482117
0.8909614682197571
0.8979906439781189
0.8716863989830017
0.7796689867973328
0.8712563514709473
0.930594801902771
0.9105988144874573
0.8334038853645325
0.8645851612091064
0.9291929602622986
1.0000821352005005
0.8591912984848022
0.9488421082496643
0.8948708772659302
0.9087439775466919
0.8255372643470764
0.9165855646133423
0.875662088394165
0.8890147805213928
0.9005172252655029
0.9162845015525818
0.774662971496582
0.9128720164299011
0.7723402380943298
0.8394532799720764
0.8850995302200317
0.8243933916091919
0.8712186217308044
0.818985104560852
0.7878496050834656
0.8738839626312256
0.8861705660820007
0.8666812181472778
0.9256571531295776
0.9668121337890625
0.868959367275238
0.8363094329833984
0.8655968904495239
0.6860843896865845
0.9999963045120239
0.8933113217353821
0.9872364401817322
0.951434314250946
0.9167996644973755
0.8744766116142273
0.8427672982215881
0.8146350979804993
0.8599230051040649
0.9624996781349182
0.8686388731002808
0.8748833537101746
0.8887158036231995
0.8983439803123474
0.7615913152694702
0.8031884431838989
0.6942355632781982
0.9140111207962036
0.8280013203620911
0.7923864126205444
0.9231870770454407
0.7589359879493713
0.8890765905380249
0.8752363324165344
0.9876456260681152
0.7259585857391357
0.8249293565750122
0.8592081665992737
0.9300803542137146
0.8726350665092468
0.8600866198539734
0.7174810767173767
0.810733437538147
0.8700916171073914
0.8856296539306641
0.852580189704895
0.8561212420463562
0.8884270787239075
0.829689085483551
0.9297593832015991
0.9005708694458008
0.8705854415893555
0.8695455193519592
0.8790155053138733
0.9328980445861816
0.8101962804794312
0.770872175693512
0.8685374855995178
0.8267641663551331
0.8004139065742493
0.7746736407279968
0.9285631775856018
0.9251208901405334
0.8976215720176697
0.882513165473938
0.9310802221298218
0.9170743823051453
0.8962332010269165
0.8823292255401611
0.8972049355506897
0.8096128702163696
0.8030526041984558
0.8135761022567749
0.8198326826095581
0.9093844890594482
0.9062288403511047
0.8198807835578918
0.9278499484062195
0.8346507549285889
0.8767284750938416
0.8799617886543274
0.7995924949645996
0.8685049414634705
0.8461451530456543
0.8483255505561829
0.7772334218025208
0.8923971652984619
0.933286190032959
0.8980692028999329
0.8444081544876099
0.8380122780799866
0.9337086081504822
0.9031981825828552
0.9387344121932983
0.880142092704773
0.8789164423942566
0.7134672403335571
0.8541151881217957
0.8071824908256531
0.9005842804908752
0.9999722838401794
0.9395050406455994
0.9303315281867981
0.8098482489585876
0.8862018585205078
0.8629634976387024
0.8465486168861389
0.8873100280761719
0.7698482275009155
0.8477175235748291
0.8400800824165344
0.8211965560913086
0.7885305285453796
0.9122307896614075
0.7267156839370728
0.7715950012207031
0.7714582681655884
0.8185779452323914
0.8997997045516968
0.7988649606704712
0.9424297213554382
0.8671573996543884
0.877690851688385
0.7911068797111511
0.875128984451294
0.7894772887229919
0.8952337503433228
0.9586090445518494
0.9462582468986511
0.9689503312110901
0.9348385334014893
0.952127993106842
0.911736011505127
0.8315407633781433
0.8967258930206299
0.9109934568405151
0.7892836332321167
0.8849496841430664
0.7897182703018188
0.7785921096801758
0.8389288187026978
0.8111969828605652
0.827360212802887
0.8214221596717834
0.8462879061698914
0.7931990623474121
0.867363691329956
0.7945310473442078
0.9253773093223572
0.8643941879272461
0.8278601169586182
0.8559547066688538
0.8115262389183044
0.823907732963562
0.8355331420898438
0.8209061622619629
0.8336285948753357
0.8776333332061768
0.9447365999221802
0.7434274554252625
0.7756509184837341
0.8995873332023621
0.8125576376914978
0.9223943948745728
0.7947785258293152
0.7710797190666199
0.7419101595878601
0.8385667204856873
0.8999027013778687
0.8596394062042236
0.7993705868721008
0.8501468300819397
0.8571307063102722
0.925361692905426
0.881908118724823
0.8685687184333801
1.0
0.7662060260772705
0.851797878742218
0.9247749447822571
0.9018780589103699
0.9327235817909241
0.869853675365448
0.8985918760299683
0.8478550910949707
0.8944119811058044
0.7969074845314026
0.871346116065979
0.946838915348053
0.8558171391487122
0.8917807340621948
0.6376870274543762
0.9039999842643738
0.8287950754165649
0.5747871398925781
0.9658964276313782
0.9665092825889587
0.8257251381874084
0.8349660038948059
0.8440369367599487
0.827936053276062
0.8558674454689026
0.892414391040802
0.7668203711509705
0.8766083121299744
0.9043269753456116
0.8716670274734497
0.9317777156829834
0.7412577271461487
0.7960984110832214
0.9298169612884521
0.9051162600517273
0.8345807194709778
0.9673392176628113
0.8186798691749573
0.8379642367362976
0.8581975698471069
0.8265826106071472
0.9395101070404053
1.0000007152557373
0.9661604166030884
0.8406913876533508
0.8030572533607483
0.9349604249000549
0.920582115650177
0.8131452798843384
0.8041847944259644
0.8258246183395386
0.8223090171813965
0.904360830783844
0.8444730639457703
0.9410349130630493
0.925315260887146
0.8531985282897949
0.8151025772094727
0.8913875818252563
0.95444256067276
0.8927777409553528
0.8502677083015442
0.9427841305732727
0.7808517217636108
0.955825686454773
0.8891830444335938
0.8389803767204285
0.7063981890678406
0.8415791988372803
0.8304942846298218
0.8329525589942932
0.7715380787849426
0.7471016645431519
0.9245070219039917
0.970574676990509
0.7753470540046692
0.9689346551895142
0.9022477269172668
0.8609232902526855
0.9248743653297424
0.8627316355705261
0.8310902714729309
0.7630020976066589
0.9119270443916321
0.8419697880744934
0.9395267963409424
0.8414562344551086
0.9813213348388672
0.7904207706451416
0.8678692579269409
0.8844834566116333
0.8149266242980957
0.8314881920814514
0.9416512250900269
0.7722641825675964
0.8824188113212585
0.8407149910926819
0.8170593976974487
0.860136866569519
0.8033492565155029
0.7315794825553894
0.9036188721656799
0.843586802482605
0.8814898133277893
0.8441054224967957
0.8376637697219849
0.8591413497924805
0.9043722748756409
0.7976401448249817
0.8346590995788574
0.8783673048019409
0.9118523001670837
0.9275363087654114
0.844610333442688
0.9397138357162476
0.8865113854408264
0.9154717326164246
0.810820460319519
0.8610573410987854
0.975959062576294
0.8033275008201599
0.7844313979148865
0.8630867600440979
0.867313802242279
0.8837995529174805
0.8826739192008972
0.7930328249931335
0.8869112730026245
0.9169576168060303
0.8069388270378113
0.7607056498527527
0.8419229984283447
0.8435977697372437
0.7989432215690613
0.8480398654937744
0.7530195116996765
0.9054149985313416
0.7854053974151611
0.8907670378684998
0.7923783659934998
0.8979157209396362
0.8393607139587402
0.8621289730072021
0.7112783193588257
0.892503559589386
0.9402403831481934
0.8031758069992065
0.8980676531791687
0.8874404430389404
0.897212028503418
0.8185058236122131
0.8420530557632446
1.0
0.8452393412590027
0.9144449234008789
0.7411968111991882
0.8045247197151184
0.9271631240844727
0.7892329096794128
0.7597724795341492
0.7660245895385742
0.7309215068817139
0.7946209907531738
1.0
1.0000088214874268
0.8762745261192322
0.8804417252540588
0.8424805402755737
0.8555968999862671
0.8990434408187866
0.7872600555419922
0.9241443872451782
0.8282622694969177
0.8893283009529114
0.9019899964332581
0.8757665753364563
0.8958661556243896
0.819126307964325
0.8738691806793213
0.8960593342781067
0.8664904236793518
0.861506462097168
0.9196077585220337
0.7672373056411743
0.8650269508361816
0.8880641460418701
0.8856966495513916
0.8559873104095459
0.7607870697975159
0.8599480390548706
0.9083623290061951
0.7690355181694031
0.8536270260810852
0.9001578688621521
0.9627290368080139
0.7231626510620117
1.0000722408294678
0.8630123138427734
0.8587287664413452
0.8481370806694031
0.9444320201873779
0.8910139799118042
0.8405802845954895
0.9065160155296326
0.9379429221153259
0.8600230813026428
0.8450766801834106
0.8733019828796387
0.8430620431900024
0.7911256551742554
0.8295093774795532
0.877679705619812
0.8216456174850464
0.853956937789917
0.813603401184082
0.821963369846344
0.9430424571037292
0.9058928489685059
0.8524132966995239
0.851506233215332
0.8260141611099243
0.8644337058067322
0.9463987350463867
0.8040732145309448
0.8733156323432922
0.8910924196243286
0.9476314187049866
0.9316776990890503
0.8990082144737244
0.8421125411987305
0.858207643032074
0.8231335878372192
0.9999943971633911
0.861991822719574
0.9145998954772949
1.0000090599060059
0.9753360152244568
0.8388593196868896
0.7081548571586609
0.8438087701797485
0.8648588061332703
0.8699742555618286
0.9444464445114136
0.8436243534088135
0.8100501298904419
0.9515818953514099
0.872303307056427
0.8426207304000854
0.8342646360397339
0.8252835869789124
0.8578024506568909
0.9289503693580627
0.9289503693580627
0.8355715870857239
0.8287997841835022
0.8741653561592102
0.8569933176040649
0.8354206085205078
0.870735764503479
0.8752551078796387
1.0000566244125366
0.9171934723854065
0.8872912526130676
0.8233688473701477
0.9453107118606567
0.7667768001556396
0.8877051472663879
0.8759970664978027
0.8457594513893127
0.9514307379722595
0.8727249503135681
0.8271924257278442
0.8664838671684265
0.8019991517066956
0.8101353049278259
0.9243409037590027
0.8000422120094299
0.8793666958808899
0.813038170337677
0.8718794584274292
0.8760204911231995
0.846258819103241
0.8289116621017456
0.8842015266418457
0.8435493111610413
0.8932182788848877
0.7690060138702393
0.8505001068115234
0.7426510453224182
0.8358740210533142
0.8544287085533142
0.8516233563423157
0.8537052869796753
0.8709308505058289
0.9137557148933411
0.8262912034988403
0.7806596159934998
0.835101306438446
0.8495302200317383
0.8656898736953735
0.8164069056510925
0.8172784447669983
0.8630215525627136
0.7853206992149353
0.853013813495636
0.9040386080741882
0.8178786635398865
0.8291311264038086
0.8768168687820435
0.7201384902000427
0.8313869833946228
0.8852066397666931
0.9223923683166504
0.7854953408241272
0.888109564781189
0.9565384387969971
0.8358032703399658
0.8261103630065918
0.8317527770996094
0.8284428119659424
0.7996692657470703
0.7894671559333801
0.8343327641487122
0.8735775947570801
0.7838940024375916
0.7510660886764526
0.8866690993309021
0.7691627144813538
0.7858044505119324
0.7909345626831055
0.8800973296165466
0.8564919829368591
0.8923300504684448
0.7252996563911438
0.8427640795707703
0.8680695295333862
0.8687940239906311
0.8227755427360535
0.81851726770401
0.8483795523643494
0.99993896484375
0.9454567432403564
0.8323226571083069
0.9151894450187683
0.932174801826477
0.8571188449859619
0.7715688943862915
0.8246675729751587
0.8830569386482239
0.7674047946929932
0.7921441197395325
0.9076581597328186
0.8782800436019897
0.8488353490829468
0.8764973282814026
0.7680314779281616
0.82062166929245
0.8091583847999573
0.8418717384338379
0.9120442271232605
0.8522729277610779
0.8330721259117126
0.8512597680091858
0.8009738326072693
0.9265241622924805
0.7635402083396912
0.8212351202964783
0.873276948928833
0.8779694437980652
0.8353704214096069
0.8759945631027222
0.8504431843757629
0.8824895024299622
0.8560047745704651
0.8709507584571838
0.8431662321090698
0.8946025967597961
0.9035558700561523
0.9120833277702332
0.9045380353927612
0.8802024126052856
0.83064204454422
0.7714853286743164
0.8142625689506531
0.9629956483840942
0.8071489930152893
0.8182249665260315
0.823565661907196
0.9052496552467346
0.8167006373405457
0.8301518559455872
0.8703369498252869
0.8742532730102539
0.9591224789619446
0.9092146158218384
0.7463926672935486
0.878668487071991
0.8051477074623108
0.9115194082260132
0.8436688184738159
0.8737266063690186
0.8375144600868225
0.8668209314346313
0.755683422088623
0.8788064122200012
0.8890079259872437
0.8964518308639526
0.8000398278236389
0.851290225982666
0.8819342851638794
0.8804612755775452
0.9191513657569885
0.9526073932647705
0.8413952589035034
0.8430377244949341
0.7770057320594788
0.8517656326293945
0.8349574208259583
0.867944061756134
0.8015860319137573
0.7880963087081909
0.861849308013916
0.8610053658485413
0.8772994875907898
0.9017173647880554
0.9870262145996094
0.8969129920005798
0.7830074429512024
0.9144625663757324
0.8167189955711365
0.8689469695091248
0.8972870111465454
0.872006893157959
0.8673924803733826
0.8739619851112366
0.9055778384208679
0.787742555141449
0.7545689344406128
0.9788569211959839
0.8694639801979065
0.9086558818817139
0.8474485874176025
0.8435532450675964
0.8030515313148499
0.7802647352218628
0.8603660464286804
0.7365413904190063
0.9110982418060303
0.929136335849762
0.8185105919837952
0.9255571365356445
0.8552118539810181
0.8300495743751526
0.7607247233390808
0.8049781322479248
0.8275254964828491
0.8327658176422119
0.851689338684082
0.8005539774894714
0.8685241937637329
0.9150022864341736
0.8706808090209961
0.8580909371376038
0.8795772790908813
0.8676704168319702
0.9491994976997375
0.9041467905044556
0.8519300818443298
0.7679164409637451
0.8410637974739075
0.9132720232009888
0.6983989477157593
0.7882713675498962
0.8253685235977173
0.935165524482727
0.8707213401794434
0.8334301710128784
0.9032233357429504
0.8760117888450623
0.8591399192810059
0.9281309247016907
0.8473942279815674
0.8817702531814575
0.6781693696975708
0.8510775566101074
0.8563696146011353
0.863082230091095
0.8481011986732483
0.8370348811149597
0.6751904487609863
0.8141347765922546
0.8858482241630554
0.9016674160957336
0.9167384505271912
0.8430352210998535
0.8454633355140686
0.8652574419975281
0.8942497372627258
0.8783087134361267
0.7982417941093445
0.8868128657341003
0.8618639707565308
0.8938658833503723
0.8402912020683289
0.7692533135414124
0.806753933429718
0.9195360541343689
0.8526378870010376
0.6720066070556641
0.7337746024131775
0.8002254366874695
0.9279915690422058
0.888216495513916
0.8851545453071594
0.8460127115249634
0.9116116166114807
0.8043670058250427
0.7158941626548767
0.8390927314758301
0.8770068287849426
0.8645052909851074
0.9449569582939148
0.8498526811599731
0.8268681168556213
0.8809695243835449
0.8847572803497314
0.7770745754241943
0.6929253935813904
0.8293502330780029
0.781341016292572
0.8605363368988037
0.9169178605079651
0.8614955544471741
0.8412714004516602
0.7285575270652771
0.795859158039093
0.8299005031585693
0.8446844220161438
0.8923405408859253
0.8635305762290955
0.9180240631103516
0.7333829998970032
0.8244767785072327
0.9583383798599243
0.8570632934570312
0.8931809067726135
0.8139407634735107
0.8232700824737549
0.7732091546058655
0.9428362846374512
0.9420478343963623
0.9704379439353943
0.8576135635375977
0.8901236653327942
0.8479419350624084
0.8693270087242126
0.8609651923179626
0.9210798144340515
0.8956431150436401
0.7887953519821167
0.8328201174736023
0.7683728337287903
0.750962495803833
0.9208035469055176
0.9501914978027344
0.8193067312240601
0.876707911491394
0.9106452465057373
0.9263802170753479
0.8932858109474182
0.8322155475616455
0.8432352542877197
0.8486122488975525
0.9147148728370667
0.8897948265075684
0.8995997309684753
0.8519111275672913
0.8132330179214478
0.8697411417961121
0.789617657661438
0.8938203454017639
0.886567234992981
0.7593165040016174
0.8535054326057434
0.8111737370491028
0.7485829591751099
0.8426933288574219
0.9286174178123474
0.8809252381324768
0.8616498112678528
0.8451758623123169
0.7913984656333923
0.864103376865387
0.7506686449050903
0.6565847396850586
0.8395712375640869
0.8283084630966187
0.8125495910644531
0.9155186414718628
0.8724472522735596
0.8568042516708374
0.8967791199684143
0.8552231192588806
0.8105081915855408
0.8579674363136292
0.872572124004364
0.8184494376182556
0.8022416234016418
0.8794615268707275
0.9325012564659119
0.768267810344696
0.975258469581604
0.9231146574020386
0.8105747699737549
0.8443344831466675
0.9122253060340881
0.7809109687805176
0.8422831892967224
0.6933544874191284
0.8280991911888123
0.8436518907546997
0.7231224179267883
0.7234021425247192
0.7577559351921082
0.9343969821929932
0.7229552865028381
0.8006348609924316
0.8282656073570251
0.9288575649261475
1.0
0.8436506390571594
0.8450332283973694
0.785589873790741
0.8135170340538025
0.8758825659751892
0.8394961357116699
0.9251081943511963
0.8094906806945801
0.8269745111465454
0.8423539400100708
0.9129282832145691
0.7683704495429993
0.7148034572601318
0.8176472783088684
0.8149486780166626
0.7390332818031311
0.7415759563446045
0.9313609004020691
0.967721164226532
0.8490898013114929
0.9320316314697266
0.7882471084594727
0.8515615463256836
0.8446730375289917
0.8013685345649719
0.8038285970687866
0.8707842230796814
0.9508593082427979
0.8371648192405701
0.713474690914154
0.9182319045066833
0.8143162727355957
0.7627770304679871
0.86897873878479
0.8822028636932373
0.9112074375152588
0.8717564344406128
0.9999442100524902
0.9022738933563232
0.8443257212638855
0.7937003374099731
0.7742194533348083
0.8476388454437256
0.834822952747345
0.9246116280555725
0.9731432795524597
0.871883749961853
0.872074544429779
0.9673030376434326
0.8613670468330383
0.8337910771369934
0.875504732131958
0.8480197787284851
0.7669501304626465
0.8791823387145996
1.0
0.810678243637085
0.7954409122467041
0.8555219173431396
0.7138053178787231
0.854883074760437
0.8226943016052246
0.7463282942771912
0.9222363829612732
0.9388881325721741
0.8243416547775269
0.811580240726471
0.8210270404815674
0.7615396976470947
0.9507954716682434
0.8487956523895264
0.8670047521591187
0.918340265750885
0.8153873682022095
0.8070081472396851
0.9432722926139832
0.8486058712005615
0.8743231296539307
0.8189852237701416
0.7880529165267944
0.7420854568481445
0.8305399417877197
0.9307212829589844
0.8621878027915955
0.7494261264801025
0.816130518913269
0.8147744536399841
0.8108826279640198
0.8467143177986145
0.8074100613594055
0.7674132585525513
0.8094602823257446
0.8973225951194763
0.8856560587882996
0.8416379690170288
0.8845071792602539
0.7414742112159729
0.8736733198165894
0.9081282615661621
0.7862246632575989
0.8944951891899109
0.8473516702651978
0.8425110578536987
0.8328685164451599
0.8939416408538818
0.834187924861908
0.9326047897338867
0.8038667440414429
0.8490473628044128
0.8021315932273865
0.8721726536750793
0.9295454025268555
0.8908761143684387
0.8113745450973511
0.8456281423568726
0.892930805683136
0.7967115044593811
0.8668356537818909
0.8383191823959351
0.8427677750587463
0.8353109359741211
0.9605373740196228
0.8538457155227661
0.8460590839385986
0.8653029203414917
0.8272671699523926
0.8913330435752869
0.8705246448516846
0.8157358169555664
0.8687447905540466
0.8397402763366699
0.7766347527503967
0.8142633438110352
0.7930713295936584
0.8294602632522583
0.8271745443344116
0.6445218324661255
0.724680483341217
0.7139617800712585
0.7841943502426147
0.7799550890922546
0.8599274158477783
0.8294233083724976
0.823992133140564
0.8612035512924194
0.8217796683311462
0.7070448994636536
0.7295629382133484
0.7488385438919067
0.6933847665786743
0.7809574007987976
0.8308786153793335
0.808923602104187
0.7309763431549072
0.87482750415802
0.7595205903053284
0.8161603212356567
0.7903881072998047
0.8342655897140503
0.7834132313728333
0.8067325353622437
0.8125259876251221
0.6229001879692078
0.730117917060852
0.8096978068351746
0.8168867230415344
0.7620279788970947
0.7169619798660278
0.7457308769226074
0.8918684720993042
0.7540709972381592
0.7511017918586731
0.6584244966506958
0.7976678609848022
0.8142012357711792
0.6416835188865662
0.8716588020324707
0.7985718250274658
0.7975548505783081
0.9441606402397156
0.9203087687492371
0.7342708706855774
0.8403574228286743
0.7725581526756287
0.8431860208511353
0.7626932263374329
0.8412816524505615
0.8332447409629822
0.8839218616485596
0.580818235874176
0.588809609413147
0.8168779611587524
0.738714337348938
0.8620263338088989
0.6722998023033142
0.7899213433265686
0.8257356286048889
0.850174605846405
0.8377450704574585
0.8090571761131287
0.8296129107475281
0.8023879528045654
0.8483438491821289
0.7662132978439331
0.9739494323730469
0.7961202263832092
0.9223346710205078
0.8799821138381958
0.8114820122718811
0.847998321056366
0.8753377199172974
0.7616199851036072
0.7816017866134644
0.7807005047798157
0.7560611367225647
0.7640157341957092
0.8059952855110168
0.8078849911689758
0.6815578937530518
0.8023224472999573
0.8761315941810608
0.6865916848182678
0.7866940498352051
0.6792362332344055
0.7814655303955078
0.7043160200119019
0.7800143361091614
0.8501195907592773
0.7969445586204529
0.8222651481628418
0.840221643447876
0.902214765548706
0.7835747599601746
0.8126514554023743
0.7749131321907043
0.8447771668434143
0.7843359708786011
0.8410549759864807
0.8181741833686829
0.8655997514724731
0.7895123362541199
0.8643853664398193
0.7894498705863953
0.7552306056022644
0.8254974484443665
0.9237305521965027
0.8088141679763794
0.8047661781311035
0.8299528360366821
0.7027423977851868
0.8362650275230408
0.7632907629013062
0.708639919757843
0.7848211526870728
0.8106943964958191
0.714663028717041
0.6925699710845947
0.8941535949707031
0.7153499722480774
0.7302001118659973
0.8021227121353149
0.6460332274436951
0.7348620295524597
0.7891930937767029
0.8429190516471863
0.6527998447418213
0.8359904885292053
0.7509885430335999
0.8313677906990051
0.7364449501037598
0.6998804211616516
0.6982656717300415
0.782867968082428
0.798835813999176
0.7402343153953552
0.7111821174621582
0.8492884635925293
0.7706164717674255
0.8453624248504639
0.7731696963310242
0.7983044385910034
0.7724902629852295
0.8649405241012573
0.839347779750824
0.5987263321876526
0.8194865584373474
0.8439277410507202
0.7425708174705505
0.8972097635269165
0.7847095131874084
0.8969453573226929
0.8079271912574768
0.7701863646507263
0.7742809057235718
0.7515242099761963
0.7425273060798645
0.801754891872406
0.8756101131439209
0.830345630645752
0.8614242672920227
0.8220606446266174
0.7404265999794006
0.7981051802635193
0.8088445067405701
0.8129298686981201
0.7495716214179993
0.846695065498352
0.8564615249633789
0.9317780137062073
0.9472723007202148
0.8185395002365112
0.8448706865310669
0.7359126806259155
0.7951869368553162
0.9065161347389221
0.7764139175415039
0.7712527513504028
0.8214733600616455
0.8125063180923462
0.8075186610221863
0.800990641117096
0.8207986950874329
0.7867812514305115
0.8132566213607788
0.8440861701965332
0.6894910335540771
0.8992939591407776
0.7855242490768433
0.8550464510917664
0.6758745312690735
0.7896979451179504
0.8157350420951843
0.8132327198982239
0.8012505173683167
0.7914607524871826
0.7102683186531067
0.7432090044021606
0.6168973445892334
0.8353738784790039
0.7596592903137207
0.8253552913665771
0.777775764465332
0.8758455514907837
0.8087369799613953
0.8648681640625
0.7181416153907776
0.698162317276001
0.8206091523170471
0.778708815574646
0.8413534760475159
0.7645885348320007
0.8902323246002197
0.857184112071991
0.6765326857566833
0.7642155885696411
0.7229547500610352
0.6807437539100647
0.5776827335357666
0.7894963622093201
0.857108473777771
0.79435795545578
0.7987841367721558
0.7643483877182007
0.7301827073097229
0.7786094546318054
0.5139294862747192
0.8550705313682556
0.7817727327346802
0.8513256907463074
0.8520883321762085
0.7702845335006714
0.8881780505180359
0.738136887550354
0.7081766128540039
0.8817587494850159
0.6536779403686523
0.8370857238769531
0.8143736124038696
0.7345288991928101
0.8914791345596313
0.781684398651123
0.8192662000656128
0.8226458430290222
0.7848831415176392
0.8804301023483276
0.7725750803947449
0.8112814426422119
0.7947790622711182
0.9115458726882935
0.7361425757408142
0.7399617433547974
0.8049075603485107
0.7092479467391968
0.7785242795944214
0.7549000978469849
0.8144031167030334
0.7315824627876282
0.7872853875160217
0.9383381605148315
0.7362162470817566
0.7709587812423706
0.9261037111282349
0.6724907159805298
0.7194368839263916
0.7332265377044678
0.73380047082901
0.8305495381355286
0.8749224543571472
0.8072176575660706
0.8211635947227478
0.7414515614509583
0.737151026725769
0.8227663636207581
0.8377100229263306
0.7120066285133362
0.7817962169647217
0.7806839346885681
0.8264498710632324
0.7932846546173096
0.8310900330543518
0.8098010420799255
0.7021670937538147
0.8138764500617981
0.786909282207489
0.9573682546615601
0.7855799198150635
0.8057050704956055
0.7597002983093262
0.8464717864990234
0.6965259313583374
0.7560997605323792
0.8176263570785522
0.735598087310791
0.8182570934295654
0.8155553340911865
0.8946580290794373
0.9121095538139343
0.8504930138587952
0.8228643536567688
0.8766664266586304
0.7149623036384583
0.8198786973953247
0.6862689852714539
0.8108144402503967
0.7747138738632202
0.9216794967651367
0.758561372756958
0.8952468633651733
0.778091311454773
0.903573751449585
0.7712264657020569
0.7699519991874695
0.793867290019989
0.8343668580055237
0.8367136716842651
0.8359336256980896
0.682111382484436
0.6808851361274719
0.9308282136917114
0.6671454906463623
0.831623911857605
0.7827087044715881
0.7262866497039795
0.5744929909706116
0.8690953254699707
0.7706282734870911
0.7447291612625122
0.8212197422981262
0.8427964448928833
0.737395167350769
0.8804157972335815
0.7176237106323242
0.7712478637695312
0.8302294015884399
0.7208364009857178
0.7680068612098694
0.7690992951393127
0.7599443197250366
0.8126895427703857
0.8911827802658081
0.8788111805915833
0.7697076201438904
0.8732210397720337
0.825726330280304
0.8475740551948547
0.6230663657188416
0.9035518765449524
0.8252466320991516
0.8084681034088135
0.8142430782318115
0.7979719638824463
0.7870205044746399
0.7627447247505188
0.8174256086349487
0.7465074062347412
0.8252049088478088
0.7629280686378479
0.6857478022575378
1.0000028610229492
0.7885594367980957
0.7759174108505249
0.8731375336647034
0.7322872877120972
0.749187171459198
0.8161260485649109
0.9147878289222717
0.8958320617675781
0.7414916157722473
0.9005300998687744
0.9473508596420288
0.7454779744148254
0.8685271143913269
0.824308454990387
0.8094539046287537
0.7398808598518372
0.9393706321716309
0.8826093673706055
0.6498279571533203
0.8008970618247986
0.7621191740036011
0.8435174822807312
0.8017345666885376
0.7433493733406067
0.7928038239479065
0.8666262030601501
0.8128231763839722
0.8997207283973694
0.7292827367782593
0.753744900226593
0.7459328174591064
0.8032088875770569
0.8436291813850403
0.8081477880477905
0.8197161555290222
0.7731444239616394
0.7146326899528503
0.5860575437545776
0.781657338142395
0.7697938084602356
0.8365221619606018
0.7604266405105591
0.800586998462677
0.7928453683853149
0.8399074673652649
0.7495988011360168
0.7552186250686646
0.7800534963607788
0.7169407606124878
0.8127384185791016
0.7457613945007324
0.7784672379493713
0.7821593880653381
0.7098143696784973
0.7291419506072998
0.8129898309707642
0.7903940677642822
0.74191814661026
0.8296623229980469
0.9031792283058167
0.7389991879463196
0.8134127855300903
0.8256095051765442
0.4659198522567749
0.8641808032989502
0.787005603313446
0.8440017700195312
0.8042276501655579
0.7498272061347961
0.8074536323547363
0.7700096368789673
0.739052951335907
0.8205921649932861
0.8315627574920654
0.9235551357269287
0.8064951300621033
0.8088678121566772
0.7657920122146606
0.7328972816467285
0.7533343434333801
0.7531456351280212
0.8173990845680237
0.8150616884231567
0.8304206728935242
0.673713207244873
0.7987241744995117
0.695595920085907
0.7282211780548096
0.762959897518158
0.7784632444381714
0.7667008638381958
0.7470383048057556
0.6445034742355347
0.7285436391830444
0.7363697290420532
0.8091331124305725
0.6996580958366394
0.7072319388389587
0.7083355188369751
0.9418067336082458
0.7720930576324463
0.7602446675300598
0.5655512809753418
0.8185332417488098
0.7620218992233276
0.6648157835006714
0.8192439079284668
0.754688024520874
0.8580694794654846
0.8125970959663391
0.8417049050331116
0.8604039549827576
0.8468422293663025
0.815366804599762
0.7254175543785095
0.8924840688705444
0.7672578692436218
0.7471035122871399
0.6771904826164246
0.7712696194648743
0.8627439141273499
0.7637792825698853
0.7742613554000854
0.9335322976112366
0.6297721862792969
0.9187816977500916
0.851492702960968
0.7968152165412903
0.9174567461013794
0.7434674501419067
0.7723787426948547
0.7253075242042542
0.7959002256393433
0.7970789670944214
0.7952801585197449
0.8135145902633667
0.8014938831329346
0.7330648303031921
0.758282482624054
0.8135083317756653
0.8426142930984497
0.7129769325256348
0.8127243518829346
0.6940509080886841
0.7489332556724548
0.7982685565948486
0.785388171672821
0.7883005142211914
0.867768406867981
0.8671481013298035
0.810934841632843
0.7546893954277039
0.8787568807601929
0.7588422894477844
0.9790799617767334
0.7944927215576172
0.8250420689582825
0.8468588590621948
0.9113417267799377
0.7522621750831604
0.7179777026176453
0.8122981190681458
0.9061845541000366
0.7913258671760559
0.8795416951179504
0.7818487882614136
0.6352875828742981
0.6434427499771118
0.8633254170417786
0.7644309401512146
0.7795886993408203
0.7816819548606873
0.8966702222824097
0.8484013080596924
0.8870673179626465
0.7943585515022278
0.8904112577438354
0.746100664138794
0.8514150977134705
0.6756384968757629
0.8483743071556091
0.777546226978302
0.8641552329063416
0.7129852771759033
0.7718998193740845
0.7912631630897522
0.9084752798080444
0.8607511520385742
0.7615270018577576
0.7736650109291077
0.7511544823646545
0.928356945514679
0.8233827352523804