0.947943389415741
0.9218302369117737
0.9194340705871582
0.9290853142738342
0.9114855527877808
0.934407651424408
0.9152446985244751
0.9327025413513184
0.9180670380592346
0.9168455600738525
0.9226070046424866
0.9297581315040588
0.9250897765159607
0.9155292510986328
0.9345887899398804
0.8413394093513489
0.9163467288017273
0.9628159999847412
0.9031552672386169
0.9807393550872803
0.9720584750175476
0.9709586501121521
0.9591880440711975
0.9316839575767517
0.930141806602478
0.9652006030082703
0.9116876125335693
1.0000290870666504
0.9561430811882019
0.932077169418335
0.9466092586517334
0.9193893074989319
0.9165764451026917
0.9154027700424194
0.905485987663269
0.9442049860954285
0.9719468355178833
0.9820200204849243
0.9283297657966614
0.9653278589248657
0.955193817615509
0.9580023288726807
0.9520156383514404
0.9233446717262268
0.9287011027336121
0.9505211114883423
0.989219605922699
0.9531412720680237
0.9608500599861145
0.9995532035827637
0.9740462899208069
0.8793522119522095
0.9680865406990051
0.9798560738563538
0.9742377996444702
0.9457487463951111
0.9905698895454407
0.9956297874450684
0.9220502376556396
0.8993635177612305
0.9546101093292236
0.9189306497573853
0.9481476545333862
0.9506204724311829
0.9476364254951477
0.890668511390686
0.9243975281715393
0.9091116786003113
0.9575969576835632
0.9457637071609497
0.9237854480743408
0.9444406628608704
0.8888698220252991
0.9609271883964539
0.9439062476158142
0.9494971632957458
0.9773237705230713
0.9330122470855713
0.9560686349868774
0.9308345317840576
0.9428617358207703
0.9486746191978455
0.9400478601455688
0.8978546857833862
0.9177681803703308
0.9620428085327148
0.9641243815422058
0.9657249450683594
0.9646342396736145
0.9057486057281494
0.9511065483093262
0.9578279256820679
0.9495291709899902
0.9104059338569641
0.9163784384727478
0.915732741355896
0.8923348784446716
0.9063053131103516
0.9030696749687195
0.8810690641403198
0.9496991634368896
0.935077965259552
0.9198169112205505
0.9032747149467468
0.8838105201721191
0.9140676259994507
0.9740619659423828
0.931168258190155
0.9245419502258301
0.9216589331626892
0.891910970211029
0.9229146242141724
0.9316457509994507
0.9438715577125549
0.9338112473487854
0.9392410516738892
0.922640323638916
0.9375454783439636
0.9604743123054504
0.8896092176437378
0.9269631505012512
0.9169919490814209
0.9394802451133728
0.9426657557487488
0.9057031273841858
0.8491354584693909
0.901328980922699
0.9378464818000793
0.9543877243995667
0.9128984212875366
0.9356585144996643
0.9107101559638977
0.9227423071861267
0.9057642817497253
0.9497581124305725
0.9945478439331055
0.9316279888153076
0.9769635200500488
0.9612855911254883
0.9593390226364136
0.953004777431488
0.9090283513069153
0.9638131856918335
0.9047095775604248
0.9249826073646545
0.9804026484489441
0.9537807703018188
0.934813916683197
0.9581820964813232
0.9632210731506348
0.9677641987800598
0.99310302734375
0.9765822291374207
0.9704270958900452
0.9705212712287903
0.9940128326416016
0.9811236262321472
0.9912222623825073
0.9227965474128723
0.9085043668746948
0.944835901260376
0.8761358261108398
0.8952257037162781
0.9576556086540222
0.9038848876953125
0.951849102973938
0.9669276475906372
0.9337133169174194
0.9259104132652283
0.901681661605835
0.9398975372314453
0.8970884084701538
0.9083855152130127
0.9513802528381348
0.8988764882087708
0.9319047331809998
0.9018748998641968
0.9358877539634705
0.9585995674133301
0.936818540096283
0.9245818853378296
0.9190540909767151
0.9082561135292053
0.9663824439048767
0.9328245520591736
0.927457332611084
0.9245731234550476
0.9034820795059204
0.949165403842926
0.9420313835144043
0.9395502209663391
0.9102154970169067
0.9328377842903137
0.9240267276763916
0.9381827712059021
0.9609392285346985
0.9781614542007446
0.9402302503585815
0.9205670952796936
0.9324795007705688
0.9502274394035339
0.9294280409812927
0.9450122714042664
0.9236404895782471
0.9138802886009216
0.8769540190696716
0.9440908432006836
0.9426077604293823
0.9229487776756287
0.9382258057594299
0.9451351165771484
0.9330917596817017
0.9642806649208069
0.8765305280685425
0.9291039109230042
0.9410877823829651
0.935333251953125
0.9546245336532593
0.9110989570617676
0.9252859950065613
0.9164665341377258
0.9386729598045349
0.9719263315200806
0.9481447339057922
0.9382026791572571
0.8972316384315491
0.9421730637550354
0.9011155962944031
0.9019746780395508
0.9565912485122681
0.8757738471031189
0.9509621262550354
0.8902717232704163
0.9055244326591492
0.9321089386940002
0.9306172728538513
0.9374368190765381
0.975997805595398
0.9219930171966553
0.9491778016090393
0.9328692555427551
0.9231092929840088
0.9628704786300659
0.9529968500137329
0.9280972480773926
0.9287915825843811
0.9385986328125
0.9170817136764526
0.9328576326370239
0.9644454121589661
0.9090688824653625
0.9491409659385681
0.9196694493293762
0.8753315210342407
0.9375727772712708
0.8895542025566101
0.8962364196777344
0.9240005612373352
0.9460615515708923
0.9238677620887756
0.9332981109619141
0.9618445038795471
0.9051845073699951
0.925007164478302
0.8995646834373474
0.9102035760879517
0.891251802444458
0.8755283355712891
0.8766413331031799
0.8813884854316711
0.9146893620491028
0.8814750909805298
0.9128133058547974
0.9278191924095154
0.9992506504058838
0.9870192408561707
0.995672345161438
0.9574363827705383
0.990009605884552
0.9871851205825806
0.9940387606620789
0.9999802112579346
1.0000468492507935
0.8764401078224182
0.9247190356254578
0.9682387709617615
0.9963611364364624
0.9150258302688599
0.946921169757843
0.9501361846923828
0.9211247563362122
0.9540776610374451
0.963548481464386
0.929179310798645
0.9570363759994507
0.9406076073646545
0.9446373581886292
0.981086015701294
0.9460683465003967
0.9883416295051575
0.9723789095878601
0.9341663122177124
0.9572824239730835
0.9695509672164917
0.9799453020095825
0.9483999609947205
0.9293115735054016
0.9653661847114563
0.9583353400230408
0.958097517490387
0.9218046069145203
0.98380047082901
0.9147217869758606
0.926395058631897
0.9094060659408569
0.9958748817443848
0.9345043301582336
0.934977650642395
0.9706273078918457
0.9102965593338013
0.971124529838562
0.8661521673202515
0.9378894567489624
0.9789202809333801
0.9421891570091248
0.9440860152244568
0.9222869277000427
0.9384230971336365
0.9540401101112366
0.920714795589447
0.9352838397026062
0.905728816986084
0.9283405542373657
0.9636192917823792
0.9670270085334778
0.9414059519767761
0.9489819407463074
0.9780983924865723
0.9050145149230957
0.9358575940132141
0.9332610368728638
0.9274824857711792
0.953517496585846
0.9688025712966919
0.9548291563987732
0.9583877325057983
0.9652956128120422
0.8876990079879761
0.9344105124473572
0.9097025990486145
0.9620491862297058
0.9212703704833984
0.9571308493614197
0.9152977466583252
0.9172238111495972
0.9110931158065796
0.9807230234146118
0.9646583795547485
0.9652674198150635
0.9456195831298828
0.9287381768226624
0.9720262885093689
0.9386163949966431
0.9478954076766968
0.9456256628036499
0.9205256104469299
0.8683202862739563
0.9292882680892944
0.9245883822441101
0.912284255027771
0.9699259996414185
0.9051477909088135
0.9505621194839478
0.8947948217391968
0.9138708710670471
0.9680346846580505
0.9347385168075562
0.9518044590950012
0.9218950867652893
0.8900980949401855
0.9887270331382751
0.9513844847679138
0.9468648433685303
0.9543555378913879
0.9865660667419434
0.961475670337677
0.9819872975349426
0.9141622185707092
0.9167483448982239
0.9670321345329285
0.9868617057800293
0.9239012002944946
0.9333937168121338
0.962270200252533
0.9818540215492249
0.9605100750923157
0.9485228061676025
0.9660766124725342
0.9946184158325195
0.9523206949234009
0.9481897950172424
0.9275873303413391
0.9486174583435059
0.9668503999710083
0.9546604156494141
0.9275476336479187
0.9536176919937134
0.9334496855735779
0.9652839303016663
0.9614097476005554
0.9541365504264832
0.9375923275947571
0.9822511076927185
0.9498836398124695
0.9352247714996338
0.930548906326294
0.927520751953125
0.9347273111343384
0.9289138913154602
0.896981418132782
0.9674428701400757
0.9468721747398376
0.8912918567657471
0.933016300201416
0.9183149933815002
0.9465528726577759
0.9467321038246155
0.9226864576339722
0.9341370463371277
0.9327031373977661
0.9238886833190918
0.8893331289291382
0.9121761918067932
0.9683141708374023
0.9328611493110657
0.9122294783592224
0.8994049429893494
0.9348208904266357
0.9459666013717651
0.9300101399421692
0.9149110913276672
0.9374820590019226
0.9265640377998352
0.9381881952285767
0.9071994423866272
0.9510910511016846
0.9075172543525696
0.9572482109069824
0.8990683555603027
0.9141328930854797
0.9133309125900269
0.9332594871520996
0.9647247195243835
0.974369466304779
0.944525420665741
0.9743924140930176
0.9730401635169983
0.9167710542678833
0.8948256969451904
0.9158863425254822
0.916879415512085
0.9231772422790527
0.9168976545333862
0.9008253216743469
0.8836007714271545
0.9188365340232849
0.9201620817184448
0.9091534614562988
0.8902211785316467
0.9322707056999207
0.9085379838943481
0.9367702007293701
0.9390097260475159
0.9422538876533508
0.9415302872657776
0.9479581117630005
0.9777263402938843
0.9767351150512695
0.9660281538963318
0.9922186732292175
0.9484900832176208
0.9474953413009644
0.9774833917617798
0.931961178779602
0.9384303092956543
0.945072591304779
0.9566711783409119
0.9999703168869019
0.9949623346328735
0.9343422651290894
0.965092658996582
0.9853035807609558
0.9369800090789795
0.9660965800285339
0.9467983841896057
0.9701042175292969
0.9382181167602539
0.968314528465271
0.9584954380989075
0.9670392870903015
0.973199725151062
0.9193242192268372
0.9578807353973389
0.933317244052887
0.9336580038070679
0.9454781413078308
0.9180145263671875
0.9118430614471436
0.9397823214530945
0.9549465179443359
0.9750208258628845
0.9115490317344666
0.9536407589912415
0.9141215682029724
0.9391666054725647
0.9596646428108215
0.9563784003257751
0.9119617938995361
0.9734565615653992
0.9475300908088684
0.9141897559165955
0.914328932762146
0.9629085659980774
0.9097689986228943
0.9462831616401672
0.9134586453437805
0.9217067360877991
0.946659505367279
0.9227453470230103
0.9566622972488403
0.9929354786872864
0.9570903182029724
0.9091132879257202
0.9612885117530823
0.9531359076499939
0.9775130748748779
0.9173043966293335
0.9159121513366699
0.9029366374015808
0.9724950194358826
0.9260775446891785
0.9086506366729736
0.9348070025444031
0.9156666994094849
0.933696448802948
0.929088830947876
0.9451104402542114
0.9140509366989136
0.8801982402801514
0.9329248070716858
0.9019224047660828
0.934808611869812
0.9692071080207825
0.96723872423172
0.9609360098838806
0.9289546608924866
0.9460558295249939
0.9279853105545044
0.9233242869377136
0.9708368182182312
0.9661902189254761
0.9680251479148865
0.9308100342750549
0.9495041370391846
0.9038522839546204
0.9493498206138611
0.97147536277771
0.8931240439414978
0.9146181344985962
0.8933766484260559
0.9198372960090637
0.9623010158538818
0.9510642290115356
0.9248828887939453
0.8814264535903931
0.9903079867362976
0.8976009488105774
0.9115984439849854
0.9456862807273865
0.9136980175971985
0.9419437050819397
0.8486646413803101
0.9849921464920044
0.9613845944404602
0.9722113013267517
0.9355342388153076
0.8895666003227234
0.9891249537467957
0.9406734704971313
0.9765279293060303
0.8604327440261841
0.9715233445167542
0.9645758867263794
0.9252099990844727
0.9528542757034302
0.9550926089286804
0.9303953647613525
0.9408113360404968
0.9262223243713379
0.9472100138664246
0.968132734298706
0.9331576228141785
0.9421184062957764
0.9200978875160217
0.9434717893600464
0.9332467913627625
0.9609402418136597
0.9479203820228577
0.8945609927177429
0.9338384866714478
0.9161399602890015
0.8892765045166016
0.9808527231216431
0.9488947987556458
0.951582670211792
0.92287677526474
0.930235743522644
0.9407476782798767
0.931770384311676
0.920081615447998
0.913173258304596
0.9627805352210999
0.9434123635292053
0.9179704189300537
0.9646037817001343
0.9460667967796326
0.9823336601257324
0.9804708957672119
0.9193431735038757
0.9652976989746094
1.0
0.9728208780288696
0.9771013855934143
0.9315197467803955
0.9568933844566345
0.912610650062561
0.8928987979888916
0.9498182535171509
0.953804075717926
0.9514896869659424
0.9818229675292969
0.9483195543289185
0.9254150390625
0.9521738290786743
0.9183683395385742
0.9546300172805786
0.9256114363670349
0.9854785203933716
0.9083783626556396
0.9658367037773132
0.9117218255996704
0.926794171333313
0.90216064453125
0.9134549498558044
0.9204900860786438
0.9304566383361816
0.9078925848007202
0.9420220255851746
0.9273248314857483
0.9086848497390747
0.9304409623146057
0.9346330165863037
0.9302430748939514
0.9282578229904175
0.9319190382957458
0.8346489071846008
0.9271591305732727
0.965786874294281
0.9157397150993347
0.9756415486335754
0.960330605506897
0.9557914733886719
0.9497299194335938
0.9159762263298035
0.9599918723106384
0.9597814679145813
0.9275689125061035
0.9679014682769775
0.9136219620704651
0.9373959302902222
0.9391708970069885
0.9357658624649048
0.9172490835189819
0.9450213313102722
0.9045256972312927
0.9442049860954285
0.9758827090263367
0.9534331560134888
0.9334489703178406
0.966258704662323
0.988148033618927
0.9790892004966736
0.9597165584564209
0.9664416909217834
0.9861516356468201
0.9445083141326904
0.989219605922699
0.9256570935249329
0.9504284858703613
0.9943086504936218
0.9535905718803406
0.9834834933280945
0.9592354893684387
1.0001401901245117
0.9865260720252991
0.9832810759544373
0.9905698895454407
0.986809492111206
0.9247938394546509
0.8993635177612305
0.9686636328697205
0.904422402381897
0.936908483505249
0.9680322408676147
0.9423198103904724
0.9046258330345154
0.9292669892311096
0.9033860564231873
0.9401123523712158
0.9328943490982056
0.9205138087272644
0.9419223666191101
0.8967578411102295
0.9518791437149048
0.9513744711875916
0.9419304728507996
0.9635109901428223
0.9379655122756958
0.9466859102249146
0.9231777787208557
0.9090560078620911
0.9659107327461243
0.9487510323524475
0.8978546857833862
0.9181227684020996
0.9787107110023499
0.9634701609611511
0.9616503119468689
0.9684281349182129
0.9027876853942871
0.9511065483093262
0.9578084349632263
0.9292905926704407
0.9124270677566528
0.9260366559028625
0.9243027567863464
0.9248977899551392
0.901145875453949
0.910530149936676
0.8798713684082031
0.9500163197517395
0.932733952999115
0.9253143072128296
0.8977068662643433
0.8836780190467834
0.9110564589500427
0.9759728908538818
0.9311046600341797
0.926538348197937
0.9010528922080994
0.8933226466178894
0.9228494167327881
0.9243647456169128
0.9476498365402222
0.9291132688522339
0.908523440361023
0.8914654850959778
0.9224540591239929
0.9590187668800354
0.9113104939460754
0.9409286379814148
0.9162384271621704
0.9358605742454529
0.9258314371109009
0.9036548733711243
0.8593438863754272
0.914677083492279
0.9283462762832642
0.9499818682670593
0.8920223712921143
0.9153391122817993
0.9215198755264282
0.9258401989936829
0.9097568988800049
0.9501933455467224
0.9941906332969666
0.9434769153594971
1.0000085830688477
0.981001615524292
0.9625206589698792
0.9636129140853882
0.9334899187088013
0.9644685387611389
0.8830605745315552
0.9342804551124573
0.9795886874198914
0.9701156616210938
0.9056132435798645
0.9711881875991821
0.9554930329322815
0.9427028298377991
0.9681211709976196
0.9328944087028503
0.9375912547111511
0.9643473625183105
0.9849428534507751
0.9729637503623962
0.9820899963378906
0.9211421608924866
0.9101030230522156
0.9294291734695435
0.8729017972946167
0.8993946313858032
0.9661266803741455
0.9092196822166443
0.9656205177307129
0.968473494052887
0.9334858059883118
0.9271460771560669
0.8847211003303528
0.9185299873352051
0.8762597441673279
0.915021538734436
0.9461222290992737
0.9099350571632385
0.9253861308097839
0.9041577577590942
0.9428655505180359
0.9676666855812073
0.9352026581764221
0.9352879524230957
0.9227368235588074
0.9120744466781616
0.9628691673278809
0.9197703003883362
0.953041672706604
0.9156054854393005
0.8975546360015869
0.9544469118118286
0.9507110118865967
0.9420380592346191
0.920117199420929
0.9209737181663513
0.9230079054832458
0.9381827712059021
0.9682431221008301
0.9287575483322144
0.9127756953239441
0.9134198427200317
0.9399662017822266
0.944177508354187
0.9510055780410767
0.9340940117835999
0.9300666451454163
0.9009128212928772
0.880510151386261
0.9325020909309387
0.9589917063713074
0.9081916809082031
0.9453662037849426
0.9521834850311279
0.9345764517784119
0.9630741477012634
0.8847268223762512
0.9398062229156494
0.9255813956260681
0.876096248626709
0.9713571071624756
0.9047098755836487
0.931006669998169
0.916461706161499
0.9366521835327148
0.9604775309562683
0.9478082656860352
0.9345352053642273
0.8884832859039307
0.9306367635726929
0.8980162739753723
0.9233861565589905
0.9646921157836914
0.8760785460472107
0.9734525084495544
0.9028223752975464
0.9001362323760986
0.9151289463043213
0.92544025182724
0.9546785950660706
0.9871286749839783
0.9661485552787781
0.9515356421470642
0.9308932423591614
0.9571132063865662
0.9617112874984741
0.94980388879776
0.9311046004295349
0.9192134737968445
0.9494686126708984
0.9086779356002808
0.9420230984687805
0.9621694684028625
0.916309118270874
0.933903694152832
0.9343007802963257
0.934065043926239
0.9271902441978455
0.8925085663795471
0.8814180493354797
0.9387282133102417
0.9433206915855408
0.9294227361679077
0.9501332640647888
0.9387468099594116
0.9169191718101501
0.9310516119003296
0.921771764755249
0.9075334668159485
0.8578003644943237
0.8902544975280762
0.8809263706207275
0.8899574875831604
0.9046741127967834
0.8789587020874023
0.9105408787727356
0.901714563369751
0.9812905192375183
0.9753596186637878
0.995672345161438
0.9388426542282104
0.9821386337280273
0.9311546683311462
0.9700503349304199
0.9894349575042725
0.982367992401123
0.8984114527702332
0.926678478717804
0.9633949398994446
0.9658893942832947
0.9188313484191895
0.9551870822906494
0.9475882649421692
0.9469653367996216
0.9642980694770813
0.9350236058235168
0.9531266093254089
0.9770669937133789
0.9516400098800659
0.9433003664016724
0.9758603572845459
0.9460683465003967
0.9802312850952148
0.9559876322746277
0.9727481007575989
0.954342246055603
0.9357059597969055
0.9711781144142151
0.9561023712158203
0.923285186290741
0.9657191634178162
0.9498931765556335
0.9926230311393738
0.9164859652519226
0.9604616761207581
0.9487554430961609
0.9234009385108948
0.8974923491477966
0.9466772675514221
0.9272580742835999
0.9193641543388367
0.9591070413589478
0.9074485898017883
0.971124529838562
0.8793999552726746
0.9660406112670898
0.9841473698616028
0.9649728536605835
0.9226735234260559
0.8540503978729248
0.9244155883789062
0.920406699180603
0.9203506112098694
0.9126318693161011
0.9022389650344849
0.9268313646316528
0.9716613292694092
0.9537093043327332
0.9564311504364014
0.9469858407974243
0.9767321348190308
0.9519417881965637
0.9909039735794067
0.934799313545227
0.9282894730567932
0.9288305640220642
0.9513087868690491
0.9430994391441345
0.9480787515640259
0.9597092866897583
0.8831785321235657
0.927268385887146
0.9071094393730164
0.980353057384491
0.8503239750862122
0.9270672798156738
0.9393232464790344
0.9044278264045715
0.9067124128341675
0.9729298949241638
0.9704669117927551
0.9625521898269653
0.9597459435462952
0.9168604016304016
0.9720262885093689
0.9431785345077515
0.9384163022041321
0.9362984299659729
0.9151796102523804
0.8570511341094971
0.9177197813987732
0.9215443730354309
0.9097439646720886
0.9699259996414185
0.9050869941711426
0.9388458132743835
0.9066842198371887
0.9151450395584106
0.9383812546730042
0.9331986308097839
0.9387903809547424
0.9245148301124573
0.9510267972946167
0.9662147760391235
0.9712388515472412
0.9714176058769226
0.9923413395881653
0.9818059206008911
0.9609113931655884
0.9960728287696838
0.9041318297386169
0.8925044536590576
0.9542162418365479
0.9519840478897095
0.9241090416908264
0.931438684463501
0.9627993702888489
0.9746972322463989
0.9601069092750549
0.9203388094902039
0.965965747833252
0.9943852424621582
0.9447857141494751
0.9501825571060181
0.9499676823616028
0.9411097168922424
0.9467794895172119
0.9485279321670532
0.9158339500427246
0.9503760933876038
0.945181667804718
0.9433386921882629
0.9485234022140503
0.9417944550514221
0.9168413877487183
0.9767749905586243
0.9501533508300781
0.9221615791320801
0.9342266917228699
0.9299951791763306
0.9432870149612427
0.928777277469635
0.9043087363243103
0.9514071941375732
0.9201185703277588
0.895598828792572
0.9403496384620667
0.9288530945777893
0.9450848698616028
0.9431922435760498
0.9374523162841797
0.9334629774093628
0.9097239971160889
0.9237194657325745
0.9076094627380371
0.9133528470993042
0.9649129509925842
0.9356357455253601
0.8922971487045288
0.8936848640441895
0.9323180317878723
0.9449450373649597
0.9208102226257324
0.9155757427215576
0.9244358539581299
0.9160688519477844
0.948067307472229
0.9033108949661255
0.9346451759338379
0.9131726026535034
0.9304092526435852
0.9062762260437012
0.9288949966430664
0.9131727814674377
0.9463844895362854
0.9619504809379578
0.9696981906890869
0.9707348346710205
0.9658879637718201
0.96943598985672
0.9273422360420227
0.8743579387664795
0.9169735908508301
0.9246095418930054
0.9378717541694641
0.9073377847671509
0.9239251613616943
0.872179388999939
0.9286670684814453
0.9228898882865906
0.9028473496437073
0.9087013602256775
0.9315922260284424
0.9256337881088257
0.9362393617630005
0.9398104548454285
0.9541480541229248
0.9623106718063354
0.9437503814697266
0.9970676302909851
0.9625169634819031
0.9663047194480896
0.9893634915351868
0.9481439590454102
0.9389554262161255
0.9536759853363037
0.9420230984687805
0.9371995329856873
0.9412515163421631
0.9589612483978271
0.981034517288208
0.9861721396446228
0.9200356602668762
0.9672116637229919
0.9542795419692993
0.963057279586792
0.9542362689971924
0.9570594429969788
0.98134446144104
0.9487391114234924
0.9681834578514099
0.9385216236114502
0.8893744945526123
0.9731128215789795
0.9181049466133118
0.9534344673156738
0.9477545619010925
0.9344786405563354
0.9442253112792969
0.9197801351547241
0.9121108651161194
0.9363269805908203
0.949077844619751
0.9743589162826538
0.9113965630531311
0.9259827136993408
0.9134249091148376
0.9461080431938171
0.9621903896331787
0.9629135727882385
0.9215017557144165
0.9790191650390625
0.9561063051223755
0.917157769203186
0.8907537460327148
0.9506022334098816
0.9237481355667114
0.9438285231590271
0.8942488431930542
0.9119172692298889
0.9312796592712402
0.9384767413139343
0.9566357135772705
0.9940945506095886
0.9588146805763245
0.9565742015838623
0.9560773372650146
0.9220173954963684
0.9710598587989807
0.9214575886726379
0.9276845455169678
0.9121835231781006
0.9724950194358826
0.9106837511062622
0.9087544679641724
0.9023858308792114
0.9116034507751465
0.9176722764968872
0.9436872601509094
0.9476744532585144
0.9294074773788452
0.8818591833114624
0.9281662702560425
0.9089822173118591
0.9313350915908813
0.965536892414093
0.943739652633667
0.9645046591758728
0.9485838413238525
0.9930608868598938
0.9677383303642273
0.959392786026001
0.9666936993598938
0.9887862801551819
0.9788844585418701
0.9556393027305603
0.938755989074707
0.917905330657959
0.9546601176261902
0.9654929637908936
0.9277398586273193
0.9298710823059082
0.8973469138145447
0.921924889087677
0.9453557729721069
0.9509865641593933
0.9254668951034546
0.8939352035522461
0.9843797087669373
0.9038044214248657
0.8747876882553101
0.9456862807273865
0.8664473295211792
0.9506800770759583
0.8495448231697083
0.9729787111282349
0.970413327217102
0.965622067451477
0.9288733601570129
0.8898650407791138
0.98054039478302
0.9422838687896729
0.9894190430641174
0.879493772983551
0.9782334566116333
0.9546296000480652
0.9506268501281738
0.9276368618011475
0.9547898173332214
0.9277375936508179
0.9456729292869568
0.9579648971557617
0.9422645568847656
0.9602860808372498
0.9344488978385925
0.949035108089447
0.9257963299751282
0.9520905017852783
0.9274556636810303
0.9607877731323242
0.9579017162322998
0.9006457328796387
0.9322155117988586
0.9352988600730896
0.886353075504303
0.9734598994255066
0.9510219693183899
0.9508883357048035
0.9128038883209229
0.9271572232246399
0.9331714510917664
0.9427257776260376
0.9191584587097168
0.9289246797561646
0.9536406993865967
0.9180372953414917
0.9129837155342102
0.9444430470466614
0.9989023208618164
0.9711108803749084
0.9584906101226807
0.9386671185493469
0.9454626441001892
1.0
0.9635068774223328
0.9730358123779297
0.923383891582489
0.9367607235908508
0.9114235043525696
0.8792427778244019
0.9480006098747253
0.9309223890304565
0.9601565599441528
0.9834418296813965
0.9677461385726929
0.9244292974472046
0.9413390159606934
0.9158937335014343
0.9390135407447815
0.9309996366500854
0.9622078537940979
0.9089547991752625
0.968471884727478
0.9300916194915771
0.9142723083496094
0.9043577909469604
0.93143230676651
0.9173924922943115
0.9384416937828064
0.9032583832740784
0.9447661638259888
0.9291640520095825
0.9019484519958496
0.9307817816734314
0.9191128611564636
0.9426090121269226
0.9246551394462585
0.9324457049369812
0.8415072560310364
0.9207374453544617
0.9607416987419128
0.9130499362945557
0.9824140667915344
0.9688792824745178
0.9679511189460754
0.9708223342895508
0.9261953234672546
0.9453437328338623
0.969718337059021
0.9210867881774902
0.9815487265586853
0.9638954401016235
0.9371654391288757
0.9415376782417297
0.9201491475105286
0.9129894971847534
0.9603450894355774
0.9257482290267944
0.9444133639335632
0.971091628074646
0.9820200204849243
0.9146579504013062
0.9620295166969299
0.9562636613845825
0.9623801112174988
0.9558704495429993
0.9828025102615356
0.9431332945823669
0.9525989294052124
0.989219605922699
0.9477807879447937
0.965295672416687
0.9995532035827637
0.9754701256752014
0.9962126612663269
0.9735732674598694
0.9798560738563538
1.0000463724136353
0.9684072136878967
0.9905698895454407
0.986809492111206
0.9225077033042908
0.8993635177612305
0.9564933180809021
0.9017197489738464
0.9331883788108826
0.9618167877197266
0.9428103566169739
0.890668511390686
0.9338191747665405
0.9136791229248047
0.9368811845779419
0.9242619276046753
0.9101549983024597
0.9446229934692383
0.9028875827789307
0.9409549236297607
0.9572024941444397
0.9405166506767273
0.9713523983955383
0.9344871640205383
0.9764792919158936
0.9564754366874695
0.9323286414146423
0.959304690361023
0.9364008903503418
0.8978546857833862
0.9181227684020996
0.9416279196739197
0.965144693851471
0.9657249450683594
0.9699138402938843
0.8980187773704529
0.9511065483093262
0.9638346433639526
0.9156075716018677
0.9055641293525696
0.9163016676902771
0.9156895875930786
0.9402307868003845
0.9032076597213745
0.9081866145133972
0.8866722583770752
0.9513296484947205
0.9462623596191406
0.9121658205986023
0.9096605777740479
0.8968263864517212
0.9089859127998352
0.9759728908538818
0.9360150098800659
0.9180216193199158
0.9153074622154236
0.8910943865776062
0.927322268486023
0.9288111329078674
0.9397144317626953
0.933506965637207
0.9524019360542297
0.9239624738693237
0.939315676689148
0.949712872505188
0.8863219618797302
0.9278731942176819
0.9518288969993591
0.9326870441436768
0.9304854273796082
0.9077019691467285
0.8638047575950623
0.9043827652931213
0.9481953978538513
0.9632681012153625
0.9127981662750244
0.9339936375617981
0.9192866683006287
0.944226086139679
0.9145071506500244
0.9503958821296692
0.9881066679954529
0.9429358243942261
1.0000085830688477
0.9860033988952637
0.965939462184906
0.9659500122070312
0.8995673656463623
0.9824210405349731
0.8887919783592224
0.9345627427101135
0.9792402982711792
0.9385861754417419
0.9424114227294922
0.9581577777862549
0.9663655161857605
0.9682700037956238
0.99310302734375
0.9639155268669128
0.9582710266113281
0.9588822722434998
0.9939508438110352
0.9616531729698181
0.988219141960144
0.9338036179542542
0.9256278872489929
0.9282920956611633
0.893226146697998
0.9081204533576965
0.9587369561195374
0.9229844212532043
0.944632351398468
0.9437445402145386
0.9327034950256348
0.9250900149345398
0.8855023384094238
0.9336099028587341
0.890105128288269
0.9117391705513
0.9325533509254456
0.9091761708259583
0.933102548122406
0.9221541285514832
0.9484912157058716
0.9585995674133301
0.9445270895957947
0.9427232146263123
0.9179593920707703
0.9285150170326233
0.9596708416938782
0.9278847575187683
0.9171752333641052
0.8998720049858093
0.906048059463501
0.9431585669517517
0.9400302767753601
0.9428352117538452
0.921867847442627
0.9302141070365906
0.9137924909591675
0.9423563480377197
0.9706289172172546
0.948099672794342
0.9219205975532532
0.9285139441490173
0.9374040961265564
0.9463329315185547
0.9577228426933289
0.9450122714042664
0.9266040921211243
0.922981321811676
0.878399670124054
0.9491924047470093
0.9497379660606384
0.9153189659118652
0.9382258057594299
0.9364671111106873
0.9292855262756348
0.9642806649208069
0.887729823589325
0.9461545348167419
0.9425058364868164
0.935359001159668
0.971969723701477
0.9121788740158081
0.9219806790351868
0.9190413951873779
0.9347032308578491
0.9761756062507629
0.9500973224639893
0.9345352053642273
0.9026943445205688
0.944726288318634
0.9004481434822083
0.9001689553260803
0.9626004099845886
0.9074185490608215
0.9755415916442871
0.904685378074646
0.9048378467559814
0.9068036079406738
0.9344480633735657
0.9547118544578552
0.9781014323234558
0.9834800362586975
0.9510568976402283
0.9423975944519043
0.9191928505897522
0.9605017900466919
0.9339110851287842
0.9304997324943542
0.9329975247383118
0.9437580108642578
0.9155091047286987
0.9387097358703613
0.9699907302856445
0.9386903047561646
0.9632242321968079
0.9291496276855469
0.9385733604431152
0.9271910786628723
0.881289541721344
0.8958699703216553
0.9232426285743713
0.9308463931083679
0.9252942204475403
0.958513617515564
0.9618445038795471
0.902289628982544
0.9250859022140503
0.8999192714691162
0.9120317101478577
0.886535108089447
0.8806537389755249
0.8806203007698059
0.8922440409660339
0.900259792804718
0.8899067044258118
0.9143454432487488
0.9161352515220642
0.9846261739730835
0.9772987961769104
0.9911164045333862
0.9266953468322754
0.984294593334198
0.9871851205825806
0.982710599899292
0.9999802112579346
0.9854596853256226
0.8878217935562134
0.9374916553497314
0.9903285503387451
0.9775291085243225
0.9340595602989197
0.951533317565918
0.9580591320991516
0.9540470838546753
0.9630087614059448
0.9962102174758911
0.9550918936729431
0.9683006405830383
0.9575046300888062
0.9584941267967224
0.9808807969093323
0.9460683465003967
0.9883416295051575
0.9629485011100769
0.9483727812767029
0.9628788828849792
0.9826542139053345
0.9796029329299927
0.9664146304130554
0.92873615026474
0.9623153209686279
0.9374917149543762
0.9613654613494873
0.9316694140434265
0.9811087250709534
0.9221101999282837
0.9332349896430969
0.9021912217140198
0.9917688369750977
0.9390667080879211
0.9289811253547668
0.951399028301239
0.913790762424469
0.971124529838562
0.8812224864959717
0.9408687949180603
0.985867977142334
0.968538224697113
0.9403312802314758
0.911725640296936
0.9359478950500488
0.9549123048782349
0.9180349707603455
0.971687376499176
0.9033802151679993
0.9345143437385559
0.9781588912010193
0.9693498611450195
0.9438624382019043
0.946692943572998
0.9726788401603699
0.9391576647758484
0.9909039735794067
0.928244411945343
0.9277806282043457
0.9437322616577148
0.9683347344398499
0.956362247467041
0.9388415813446045
0.9638888239860535
0.8892358541488647
0.9243032336235046
0.8902977705001831
0.9446172118186951
0.9207003116607666
0.9253673553466797
0.9514181017875671
0.9233346581459045
0.9217314720153809
0.9716745018959045
0.9786630868911743
0.9529871344566345
0.960724949836731
0.9290692210197449
0.9720262885093689
0.9565054774284363
0.9480822682380676
0.9381871819496155
0.9295828342437744
0.8639377951622009
0.9387218952178955
0.919405460357666
0.9102651476860046
0.9699259996414185
0.9153962731361389
0.9518908262252808
0.9002295732498169
0.9146674275398254
0.9584140181541443
0.9361603260040283
0.9558372497558594
0.9029681086540222
0.9655866026878357
0.9819919466972351
0.9712388515472412
0.9293016195297241
0.9625716209411621
0.9917443990707397
0.9505218267440796
0.9882382154464722
0.9058555364608765
0.8963683247566223
0.9628730416297913
0.9506353139877319
0.9258930087089539
0.9296351075172424
0.9595025181770325
0.9818540215492249
0.9492111206054688
0.9357258677482605
0.965965747833252
0.9943852424621582
0.9334587454795837
0.9467840790748596
0.9505306482315063
0.9465680718421936
0.957389235496521
0.9450671076774597
0.9163692593574524
0.9523727297782898
0.9305362105369568
0.9608952403068542
0.9592517018318176
0.9497342705726624
0.9182155132293701
0.9774367213249207
0.9552523493766785
0.9188938736915588
0.9206576943397522
0.9136262536048889
0.9119936227798462
0.9279403686523438
0.9113762378692627
0.98438560962677
0.9209669828414917
0.8856514096260071
0.9320619702339172
0.9288530945777893
0.9428051114082336
0.9467321038246155
0.934934139251709
0.9341370463371277
0.9223145246505737
0.9119704961776733
0.9013226628303528
0.9102147817611694
0.960655152797699
0.9290765523910522
0.911122739315033
0.8849446177482605
0.9387450814247131
0.9297566413879395
0.9306324124336243
0.922957181930542
0.9209796786308289
0.9262580275535583
0.9378827214241028
0.8955057859420776
0.9414359331130981
0.91501784324646
0.92866051197052
0.9081889986991882
0.9186158180236816
0.9204522967338562
0.9578073620796204
0.9610003232955933
0.9960741400718689
0.9716907143592834
0.9942128658294678
0.9589661359786987
0.9346002340316772
0.9335783123970032
0.9280802011489868
0.9303882122039795
0.9273777604103088
0.9132938981056213
0.9136521220207214
0.8765677809715271
0.9312865138053894
0.9201620817184448
0.9251310229301453
0.9061135649681091
0.9379985332489014
0.9049097299575806
0.9367702007293701
0.9285295009613037
0.9820589423179626
0.9459952116012573
0.9745509624481201
0.9893455505371094
0.9756743907928467
0.9522861242294312
0.9791409969329834
0.9419591426849365
0.9526757001876831
0.957513153553009
0.9351381659507751
0.9416275024414062
0.9014580249786377
0.9547198414802551
0.9827517867088318
0.9902694821357727
0.934320867061615
0.9687898755073547
0.9787455201148987
0.9743500351905823
0.9448237419128418
0.9439839124679565
0.9700620174407959
0.9566754102706909
0.9721889495849609
0.9542335271835327
0.9693330526351929
0.9731128215789795
0.9306791424751282
0.9462452530860901
0.9456958770751953
0.9280815720558167
0.9609354138374329
0.9162191152572632
0.9089875221252441
0.9294481873512268
0.949077844619751
0.9671058654785156
0.9398536682128906
0.9411829113960266
0.9207979440689087
0.9571686387062073
0.9667717814445496
0.9501174688339233
0.9306092858314514
0.9695008993148804
0.9475300908088684
0.912982165813446
0.900537371635437
0.9635233283042908
0.918236255645752
0.9602159261703491
0.9018539190292358
0.9203731417655945
0.9551920890808105
0.9202600717544556
0.9420169591903687
0.9720204472541809
0.9548143148422241
0.9332054257392883
0.9560773372650146
0.9469133615493774
0.9829738736152649
0.9140334725379944
0.9211056232452393
0.9018910527229309
0.9724950194358826
0.9240907430648804
0.9139692783355713
0.9450017213821411
0.921459972858429
0.9336604475975037
0.925813615322113
0.9446449279785156
0.9245247840881348
0.8888989090919495
0.9415404200553894
0.904378354549408
0.917411208152771
0.94908207654953
0.970919668674469
0.9569665193557739
0.9472410678863525
0.9605438113212585
0.9614042043685913
0.9606749415397644
0.9691510796546936
0.9541684985160828
0.9919139742851257
0.9353427290916443
0.9392986297607422
0.9165849685668945
0.9155588746070862
0.9715543985366821
0.9381425380706787
0.8926594853401184
0.903164267539978
0.9156661033630371
0.9393411874771118
0.9509865641593933
0.9280775785446167
0.8939632177352905
0.9843797087669373
0.8974940180778503
0.8915320634841919
0.9456862807273865
0.9038313031196594
0.9232177138328552
0.8454108238220215
0.9810651540756226
0.9687030911445618
0.9686469435691833
0.9566605091094971
0.9089016914367676
0.9455991983413696
0.9576154947280884
0.9854845404624939
0.8730736970901489
0.9594877362251282
0.9544592499732971
0.9592898488044739
0.9580443501472473
0.9547898173332214
0.9018855690956116
0.9491919875144958
0.9368346929550171
0.947927713394165
0.9580145478248596
0.9430839419364929
0.9419400095939636
0.9466692209243774
0.9471027255058289
0.9438198804855347
0.9741279482841492
0.9377322196960449
0.9075647592544556
0.9466220736503601
0.907865583896637
0.8889694809913635
0.9573445916175842
0.9419085383415222
0.9436781406402588
0.9232479929924011
0.9354742169380188
0.8723607063293457
0.9359189867973328
0.927266001701355
0.9362629055976868
0.9612987637519836
0.9428436756134033
0.9187563061714172
0.9748120307922363
0.9560523629188538
0.9900728464126587
0.9621530175209045
0.9200558662414551
0.9747192859649658
1.0
0.958044707775116
0.9805955290794373
0.926834225654602
0.939359724521637
0.9145185947418213
0.8757572174072266
0.9321727752685547
0.9331788420677185
0.9402858018875122
0.9834418296813965
0.9663050770759583
0.9348267912864685
0.9482496380805969
0.9253973364830017
0.9471647143363953
0.9230688214302063
0.9839706420898438
0.9013088345527649
0.9584099650382996
0.9027873873710632
0.9221355319023132
0.9209737181663513
0.9296227693557739
0.9208311438560486
0.925205409526825
0.9163873791694641
0.9391180276870728
0.9229888319969177
0.9100964665412903
0.9314828515052795
0.9168512225151062
0.9437263011932373
0.9242729544639587
0.9335368275642395
0.8434524536132812
0.9384467005729675
0.9572054147720337
0.9130499362945557
0.9737716317176819
0.9607995748519897
0.9613134264945984
0.9504367113113403
0.9298521280288696
0.947210431098938
0.948330819606781
0.9510238170623779
0.9677706956863403
0.9552029371261597
0.9368590712547302
0.9491991996765137
0.8795648217201233
0.9298362731933594
0.935518741607666
0.9213719964027405
0.9483997821807861
0.9567598700523376
0.9856271743774414
0.9180271625518799
0.9530640840530396
0.9863936305046082
0.964235782623291
0.9558704495429993
0.9245412945747375
0.930330216884613
0.9622489213943481
0.989219605922699
0.9162771105766296
0.9616474509239197
0.9755115509033203
0.9744360446929932
0.8812258839607239
0.9579818844795227
0.9686245918273926
1.0000463724136353
0.9729959964752197
0.9880964159965515
0.986809492111206
0.9078919291496277
0.8993635177612305
0.9612507224082947
0.9230560064315796
0.9433141350746155
0.9519312977790833
0.9434943795204163
0.9425657391548157
0.9169261455535889
0.9085360169410706
0.9460889101028442
0.9313737154006958
0.916104257106781
0.9341835975646973
0.9005124568939209
0.9603829979896545
0.9486875534057617
0.9515056610107422
0.9475308656692505
0.9355564117431641
0.9509866237640381
0.9552236795425415
0.9436975121498108
0.9483280777931213
0.9451245069503784
0.8978546857833862
0.9046483635902405
0.9472272396087646
0.966155469417572
0.9582229256629944
0.9785453677177429
0.9033066630363464
0.9511065483093262
0.9565668702125549
0.9074917435646057
0.9402835369110107
0.9163016676902771
0.913002610206604
0.9421298503875732
0.912541925907135
0.9082158207893372
0.8710451722145081
0.9468385577201843
0.9342483282089233
0.9184499979019165
0.9025523662567139
0.8825504183769226
0.9214498996734619
0.9569977521896362
0.9416553974151611
0.9291447997093201
0.9078993201255798
0.8844522833824158
0.9288814067840576
0.9254955053329468
0.931770920753479
0.9211750626564026
0.9385973811149597
0.9145488739013672
0.9123905301094055
0.9486246109008789
0.888805627822876
0.9234881401062012
0.9109968543052673
0.9403505921363831
0.9369024634361267
0.882239818572998
0.8606857061386108
0.9049550890922546
0.950017511844635
0.9445471167564392
0.9117326140403748
0.9346959590911865
0.9058884978294373
0.9318636655807495
0.8807379007339478
0.9544087648391724
0.9622618556022644
0.9377036094665527
1.0000085830688477
0.9881758689880371
0.9613666534423828
0.9721730947494507
0.9159972667694092
0.9560673236846924
0.8765871524810791
0.9273518919944763
0.9913502931594849
0.9492115378379822
0.9071690440177917
0.9726062417030334
0.9244651794433594
0.962123453617096
0.9737790822982788
0.9376161098480225
0.9609135985374451
0.9543777108192444
0.9666350483894348
0.9551483988761902
0.996708869934082
0.9290018081665039
0.8824195861816406
0.9238594770431519
0.8601436614990234
0.887380838394165
0.9406813979148865
0.9060425758361816
0.9658252596855164
0.9668344259262085
0.9336650967597961
0.9240812659263611
0.8831351399421692
0.9170235991477966
0.8836820125579834
0.8963011503219604
0.9427812695503235
0.8963102698326111
0.9318138360977173
0.902019739151001
0.9410197138786316
0.9724453687667847
0.9464724063873291
0.9272459745407104
0.9182547330856323
0.9224576950073242
0.9746726155281067
0.9273024797439575
0.921270489692688
0.9053992629051208
0.9018480777740479
0.9263569116592407
0.937530517578125
0.9394876956939697
0.9157249927520752
0.9236109256744385
0.9158729314804077
0.946387529373169
0.9530354142189026
0.9350141882896423
0.9027425646781921
0.9603856205940247
0.9322652816772461
0.9413021802902222
0.9327918887138367
0.9391112327575684
0.9290010333061218
0.9017254114151001
0.8867598176002502
0.9325020909309387
0.9566291570663452
0.922810435295105
0.9417455792427063
0.9308032393455505
0.9355683326721191
0.9642806649208069
0.9009944200515747
0.944313108921051
0.9416995644569397
0.9297422170639038
0.9675871133804321
0.9087409973144531
0.9277482628822327
0.9100574254989624
0.9366521835327148
0.9761756062507629
0.9490790963172913
0.9335290789604187
0.90583735704422
0.9389570355415344
0.9003058075904846
0.8998146057128906
0.9644407629966736
0.9129368662834167
0.9756561517715454
0.9012274146080017
0.9191166162490845
0.9316863417625427
0.9296160340309143
0.9431554675102234
0.986209511756897
0.9834800362586975
0.9457773566246033
0.9309138655662537
0.9280046820640564
0.974281370639801
0.94133460521698
0.9311046004295349
0.9213051199913025
0.9408199787139893
0.9095187187194824
0.9556366801261902
0.9687575697898865
0.9521518349647522
0.9461976885795593
0.9210149645805359
0.9202064871788025
0.9433614015579224
0.8858565092086792
0.883513331413269
0.9217839241027832
0.9386745095252991
0.9273151159286499
0.9579864740371704
0.9361757040023804
0.9127339124679565
0.9224658012390137
0.9210035800933838
0.9052165746688843
0.8554357886314392
0.8727849125862122
0.8695135712623596
0.8849716186523438
0.9226914048194885
0.8894527554512024
0.911112904548645
0.8887760043144226
0.9846261739730835
0.9501672983169556
0.9911164045333862
0.943049967288971
0.9789316654205322
0.9845718145370483
0.9713126420974731
0.9942519664764404
0.9845837950706482
0.8526961207389832
0.9259287118911743
0.9910944700241089
0.9856680631637573
0.9187217354774475
0.954035222530365
0.9647236466407776
0.9457359910011292
0.9645577669143677
0.9470235705375671
0.959848165512085
0.9697827696800232
0.952459454536438
0.9367387294769287
0.961621105670929
0.9337134957313538
0.9802312850952148
0.9555535912513733
0.9719433188438416
0.9650673866271973
0.9598718285560608
0.9572851061820984
0.9682706594467163
0.93062424659729
0.9623153209686279
0.9450576305389404
0.9561814665794373
0.9204104542732239
0.9549905061721802
0.8914873600006104
0.9234408140182495
0.8998955488204956
0.9899223446846008
0.9160439968109131
0.9385786652565002
0.9496088624000549
0.9251047968864441
0.9752603769302368
0.8737154603004456
0.9447769522666931
0.987579345703125
0.9576088190078735
0.9331496953964233
0.911331832408905
0.9233199954032898
0.8524760603904724
0.9218373894691467
0.9126195311546326
0.8990300893783569
0.9236124157905579
0.9414793848991394
0.9321214556694031
0.9423983097076416
0.952176570892334
0.9699121117591858
0.922675609588623
0.919633686542511
0.9272409677505493
0.9364450573921204
0.9267513155937195
0.9349581003189087
0.9474369287490845
0.9349741339683533
0.9670182466506958
0.8743913769721985
0.915797233581543
0.9092932343482971
0.9685736894607544
0.9078519344329834
0.9270303845405579
0.9324066042900085
0.9048880338668823
0.9272780418395996
0.9729298949241638
0.9716312289237976
0.9587135314941406
0.9507766366004944
0.9075112342834473
0.9720262885093689
0.9610011577606201
0.9424484968185425
0.9434528946876526
0.9223920702934265
0.8765431642532349
0.9210261702537537
0.9215443730354309
0.9137226343154907
0.9699259996414185
0.9141702055931091
0.9533382654190063
0.8893151879310608
0.9131982922554016
0.9677609205245972
0.9262045621871948
0.9277353286743164
0.9245148301124573
0.9380891919136047
0.9747485518455505
0.9400391578674316
0.9743673801422119
0.9315015077590942
0.9865660667419434
0.9638928771018982
0.9955543875694275
0.9077587127685547
0.9182910323143005
0.9298969507217407
0.9706791639328003
0.926216721534729
0.932083785533905
0.9644351601600647
0.9818540215492249
0.956646203994751
0.9305603504180908
0.965965747833252
0.9488468170166016
0.942610502243042
0.9463319182395935
0.9539318680763245
0.9465680718421936
0.9398112297058105
0.9621109962463379
0.9281570315361023
0.9476967453956604
0.9522879719734192
0.9778615832328796
0.9506374001502991
0.9426842927932739
0.9033076167106628
0.9767749905586243
0.951027512550354
0.912653386592865
0.922858715057373
0.9221163392066956
0.9171112179756165
0.9236610531806946
0.9042899012565613
0.9529523253440857
0.9007239937782288
0.8932386040687561
0.9550453424453735
0.928257942199707
0.9372384548187256
0.9654915928840637
0.927753210067749
0.9304242134094238
0.9180518388748169
0.9255351424217224
0.9036117792129517
0.913676917552948
0.9497324228286743
0.9356357455253601
0.9264886379241943
0.8940586447715759
0.9310151934623718
0.9339295625686646
0.9222020506858826
0.8856409788131714
0.9116373062133789
0.9100550413131714
0.9517809152603149
0.9030739068984985
0.9464542865753174
0.9066484570503235
0.8991592526435852
0.8969069123268127
0.9228430986404419
0.935885488986969
0.8891151547431946
0.9434357285499573
0.9777253866195679
0.9544500112533569
0.9741174578666687
0.9465438723564148
0.9549477696418762
0.8872853517532349
0.9389567375183105
0.9091520309448242
0.9427117109298706
0.9107752442359924
0.9187542200088501
0.8699945211410522
0.8976621031761169
0.9198114275932312
0.9016528129577637
0.9063537120819092
0.9322653412818909
0.9018247723579407
0.9367702007293701
0.9274594187736511
0.9544388055801392
0.9437201023101807
0.9454201459884644
0.985317051410675
0.8957101106643677
0.9663004875183105
0.9847989082336426
0.9423593878746033
0.938817024230957
0.9421135187149048
0.9556366801261902
0.9376257658004761
0.929106593132019
0.9554575681686401
0.9896605014801025
0.9930906891822815
0.9393662810325623
0.991576075553894
0.9817240238189697
0.9418568015098572
0.957196831703186
0.9358088970184326
0.9822080731391907
0.9480077624320984
0.9625298380851746
0.9487537145614624
0.9794389009475708
0.9731128215789795
0.9069185853004456
0.9578807353973389
0.9477953910827637
0.9310206174850464
0.9478483200073242
0.9152961373329163
0.9072082042694092
0.9351796507835388
0.949077844619751
0.9634721875190735
0.9332952499389648
0.9418764710426331
0.9218721985816956
0.9495937824249268
0.9728291034698486
0.9606150388717651
0.9438072443008423
0.970332145690918
0.9536111950874329
0.9071486592292786
0.8927744030952454
0.9520745277404785
0.9176566004753113
0.9548057913780212
0.8685638904571533
0.9034229516983032
0.9307694435119629
0.9288976192474365
0.9620059132575989
0.9509122967720032
0.9666383266448975
0.958000898361206
0.9599097371101379
0.9768159985542297
0.9798659086227417
0.9184386730194092
0.9340458512306213
0.9122821092605591
0.9724950194358826
0.9380489587783813
0.912622332572937
0.9181851744651794
0.9284016489982605
0.9174370169639587
0.9396485090255737
0.9365217685699463
0.9324135780334473
0.8913562297821045
0.9451501965522766
0.9196053147315979
0.9323229789733887
0.926101803779602
0.9491342306137085
0.9482951164245605
0.9335426092147827
0.9306301474571228
0.9491183757781982
0.9357647895812988
0.9705649614334106
0.9966944456100464
0.9868687987327576
0.9539616703987122
0.9127658009529114
0.908815324306488
0.9294067025184631
0.9715543985366821
0.9270382523536682
0.9189889430999756
0.8760219812393188
0.9230806827545166
0.9416462779045105
0.9514707922935486
0.929004967212677
0.8858616352081299
0.9802525043487549
0.900063157081604
0.8982077836990356
0.9456862807273865
0.9135195016860962
0.9283257126808167
0.8491194844245911
0.9621589183807373
0.9322822093963623
0.965694785118103
0.9307096600532532
0.8927189707756042
0.9690424799919128
0.9422838687896729
0.989035427570343
0.8721744418144226
0.9515425562858582
0.9509220719337463
0.942226231098175
0.973514974117279
0.9810097813606262
0.9282408952713013
0.9439929127693176
0.9564944505691528
0.942465603351593
0.9589369297027588
0.927515983581543
0.9425251483917236
0.9525969624519348
0.9378896951675415
0.9353039860725403
0.9623759984970093
0.9575703144073486
0.8988616466522217
0.9272363781929016
0.9161251187324524
0.8814049959182739
0.9558762311935425
0.9521483182907104
0.951582670211792
0.9227908849716187
0.9232089519500732
0.8974699378013611
0.9387726783752441
0.9225985407829285
0.9406939744949341
0.9606599807739258
0.9136958122253418
0.8970669507980347
0.9371684193611145
0.9655366539955139
0.983808696269989
0.9594762325286865
0.9218767881393433
0.9760278463363647
1.0
0.9484046697616577
0.9866399765014648
0.937900185585022
0.9467096328735352
0.9035665392875671
0.8744664192199707
0.9522514939308167
0.918820321559906
0.9380872845649719
0.9834418296813965
0.906960666179657
0.9297577142715454
0.9377052783966064
0.9334110021591187
0.9255803227424622
0.9234523773193359
0.9767512679100037
0.9226635098457336
0.9570887684822083
0.9096877574920654
0.916795015335083
0.9024832844734192
0.9079476594924927
0.9109174013137817
0.921491265296936
0.9152960777282715
0.9369882941246033
0.9265122413635254
0.9050306081771851
0.9316323399543762
0.9296272993087769
0.9426090121269226
0.9148507714271545
0.9360625147819519
0.8444583415985107
0.9432594180107117
0.9499384760856628
0.9157397150993347
0.9824140667915344
0.9660109281539917
0.963201642036438
0.9500846862792969
0.9366042613983154
0.9506996273994446
0.9597814679145813
0.9480194449424744
0.988653838634491
0.9627019762992859
0.9335876703262329
0.9479808211326599
0.9027209281921387
0.9285888075828552
0.9544018507003784
0.9234644174575806
0.9526675939559937
0.9719468355178833
0.9820200204849243
0.9253252744674683
0.9658308029174805
0.9743167161941528
0.9780149459838867
0.9619985222816467
0.9312854409217834
0.9768880009651184
0.9702359437942505
0.989219605922699
0.9203484654426575
0.965295672416687
0.9995532035827637
0.9506160616874695
0.988642156124115
0.9478167295455933
0.9798560738563538
1.0000463724136353
0.9636096954345703
0.9999819993972778
0.986809492111206
0.9092499017715454
0.8993635177612305
0.9420144557952881
0.8918613195419312
0.9330142140388489
0.962968647480011
0.9506980180740356
0.8960589170455933
0.9316460490226746
0.9063670039176941
0.9441492557525635
0.9402389526367188
0.9101549983024597
0.9487533569335938
0.9039415717124939
0.9434877038002014
0.9503788948059082
0.9541277289390564
0.9022710919380188
0.9357659816741943
0.9658984541893005
0.9536787271499634
0.9472198486328125
0.9588889479637146
0.9299198389053345
0.8978546857833862
0.9181227684020996
0.9486101865768433
0.9592132568359375
0.9657249450683594
0.9801663160324097
0.9024229645729065
0.9469277262687683
0.9638346433639526
0.9156075716018677
0.9288211464881897
0.9191556572914124
0.9157195091247559
0.933814287185669
0.9075649976730347
0.9085208177566528
0.8862740397453308
0.9546940326690674
0.9437332153320312
0.9199655055999756
0.8976615071296692
0.8842606544494629
0.9090963006019592
0.9761127233505249
0.9540935158729553
0.9278098940849304
0.9159131050109863
0.8928483724594116
0.9204984903335571
0.9342502355575562
0.9108892679214478
0.9155362248420715
0.9151239991188049
0.92781662940979
0.9116516709327698
0.94526207447052
0.9149803519248962
0.9283944368362427
0.917727530002594
0.9326870441436768
0.9288183450698853
0.9166025519371033
0.8670093417167664
0.898902177810669
0.9485772848129272
0.948689877986908
0.8971921801567078
0.9166162014007568
0.9176061153411865
0.9491326808929443
0.9082061648368835
0.9703841805458069
0.9863426089286804
0.9310680031776428
0.9957363605499268
0.9881758689880371
0.9593390226364136
0.9509321451187134
0.9339694380760193
0.9685425162315369
0.8831496834754944
0.9346750378608704
0.9765323400497437
0.9462790489196777
0.9281452894210815
0.9581577777862549
0.9559469223022461
0.9732063412666321
0.9784469604492188
0.944756269454956
0.9532075524330139
0.9531548619270325
0.9886488318443298
0.9579039216041565
0.9931555390357971
0.9199529886245728
0.911870539188385
0.9276702404022217
0.8899187445640564
0.8925114274024963
0.9392250776290894
0.9104218482971191
0.9188930988311768
0.9525033235549927
0.930565595626831
0.9257062077522278
0.8817095160484314
0.9489453434944153
0.8906910419464111
0.9121031165122986
0.9444416761398315
0.9101415276527405
0.9291321039199829
0.9028468132019043
0.9533933401107788
0.9748528599739075
0.94034743309021
0.9463796615600586
0.9278290271759033
0.9153112173080444
0.9663824439048767
0.9033727049827576
0.9086752533912659
0.9151432514190674
0.8989378213882446
0.9499944448471069
0.9274828433990479
0.9378824830055237
0.9209864139556885
0.9302141070365906
0.9219481348991394
0.9399465918540955
0.9464823603630066
0.937637984752655
0.9406099319458008
0.9185838103294373
0.9214150905609131
0.9474420547485352
0.963620662689209
0.9450122714042664
0.9366969466209412
0.9346528053283691
0.8915777206420898
0.950537919998169
0.9452633857727051
0.9213115572929382
0.9382258057594299
0.9282892942428589
0.9432304501533508
0.9642806649208069
0.8906374573707581
0.9384697675704956
0.9432489275932312
0.9270996451377869
0.971969723701477
0.913611888885498
0.932859480381012
0.9200130701065063
0.9318322539329529
0.9761756062507629
0.9478082656860352
0.9471712708473206
0.9003666043281555
0.9296640753746033
0.9055289030075073
0.9176662564277649
0.9650270342826843
0.897677481174469
0.9694129228591919
0.902721643447876
0.9049651026725769
0.9309244751930237
0.9338666200637817
0.9309467077255249
0.9781014323234558
0.9834800362586975
0.9515356421470642
0.9330939054489136
0.9329119920730591
0.9708207845687866
0.9437994956970215
0.9455078840255737
0.931519091129303
0.9405844807624817
0.9155091047286987
0.9387097358703613
0.9727297425270081
0.9234917759895325
0.9609152674674988
0.93425053358078
0.9198057055473328
0.9289143085479736
0.9097206592559814
0.8857625126838684
0.9136574864387512
0.9503076672554016
0.9258267879486084
0.9580742120742798
0.9618445038795471
0.910635232925415
0.922490656375885
0.896418571472168
0.9123314619064331
0.8818490505218506
0.8833166360855103
0.8687447905540466
0.8963145017623901
0.9247081279754639
0.8847980499267578
0.9199672341346741
0.898009181022644
0.9873835444450378
0.9664128422737122
0.995672345161438
0.9306167364120483
0.967159628868103
0.9845718145370483
0.9786337614059448
0.9999802112579346
0.9854596853256226
0.8895454406738281
0.9088164567947388
0.9823465943336487
0.9852499961853027
0.9231747984886169
0.9523397088050842
0.9448248744010925
0.9535483121871948
0.9651942253112793
0.952330470085144
0.9550918936729431
0.9135885238647461
0.9567472338676453
0.942102313041687
0.9758753180503845
0.9425135850906372
0.9858649373054504
0.9624767303466797
0.9377455711364746
0.9605315327644348
0.9808021783828735
0.9796029329299927
0.9705433249473572
0.9195749759674072
0.9661673903465271
0.9512747526168823
0.9830806851387024
0.9321718215942383
0.9829689264297485
0.915395975112915
0.9353187084197998
0.9007834792137146
0.994230329990387
0.9335049390792847
0.9288560748100281
0.9527066349983215
0.9151415824890137
0.9758762121200562
0.8894448280334473
0.93556809425354
0.9799090027809143
0.964034378528595
0.8923138380050659
0.871446430683136
0.9204639196395874
0.9383991360664368
0.9263802170753479
0.9466328620910645
0.916262686252594
0.936438798904419
0.9870448708534241
0.9508649706840515
0.9290387034416199
0.9393934607505798
0.9648363590240479
0.9344939589500427
0.9617519974708557
0.9358623027801514
0.930443525314331
0.9508548974990845
0.9588209986686707
0.9414218068122864
0.9380517601966858
0.9658621549606323
0.9033538699150085
0.9308867454528809
0.892319917678833
0.9654695987701416
0.9197176098823547
0.9265600442886353
0.9401037693023682
0.9085407257080078
0.9246282577514648
0.9739248752593994
0.9786630868911743
0.9553210735321045
0.9489259123802185
0.9297157526016235
0.9720262885093689
0.9400423169136047
0.9367167353630066
0.9511654376983643
0.931334376335144
0.8729967474937439
0.9260286092758179
0.919405460357666
0.9103657603263855
0.9699259996414185
0.9090937376022339
0.9666191339492798
0.9103592038154602
0.916703999042511
0.9617051482200623
0.893943190574646
0.9558372497558594
0.9211173057556152
0.9487027525901794
0.9715703129768372
0.9513844847679138
0.9611216187477112
0.9931634068489075
0.9877352118492126
0.9632651209831238
0.9882382154464722
0.9089834094047546
0.9067296385765076
0.9653761386871338
0.9519840478897095
0.9049038887023926
0.9410563111305237
0.9627993702888489
0.9818540215492249
0.956646203994751
0.9365899562835693
0.965965747833252
0.9741731882095337
0.9517449140548706
0.9502888321876526
0.9419763684272766
0.9465680718421936
0.9443281292915344
0.939896285533905
0.9194890856742859
0.9528718590736389
0.9317877888679504
0.9662109017372131
0.945798933506012
0.9410114288330078
0.9104285836219788
0.9749506711959839
0.957729697227478
0.9175909757614136
0.8955659866333008
0.9213175177574158
0.9284390211105347
0.9279403686523438
0.9070264101028442
0.98438560962677
0.9267020225524902
0.9014321565628052
0.9377703070640564
0.9268583655357361
0.9454116225242615
0.9510568380355835
0.9439927339553833
0.9332768321037292
0.9041514992713928
0.9259352087974548
0.9011971354484558
0.9149347543716431
0.9537408947944641
0.9356357455253601
0.8987861275672913
0.8900508880615234
0.9415597915649414
0.9322656989097595
0.9148151874542236
0.9179589152336121
0.9313035011291504
0.9247831106185913
0.9339844584465027
0.9060055017471313
0.9452679753303528
0.919185221195221
0.9063719511032104
0.9176382422447205
0.9095304608345032
0.8971777558326721
0.926925539970398
0.9542346596717834
0.9924741387367249
0.9500173926353455
0.9774357080459595
0.9736303091049194
0.9173268675804138
0.9331162571907043
0.9010685086250305
0.9145776033401489
0.9414481520652771
0.9133459329605103
0.9123589396476746
0.8727661371231079
0.9208740592002869
0.9201620817184448
0.9039666652679443
0.9156884551048279
0.9310885667800903
0.9205657839775085
0.9367702007293701
0.9311396479606628
0.9802335500717163
0.9467833042144775
0.9477867484092712
0.9893455505371094
0.9822709560394287
0.9649848341941833
0.9804959893226624
0.951810359954834
0.9287383556365967
0.9672718644142151
0.9351381659507751
0.9322807788848877
0.9106457233428955
0.9698120951652527
0.9827517867088318
0.9930906891822815
0.9405129551887512
0.991576075553894
0.9554725289344788
0.9715288281440735
0.9580462574958801
0.9478898048400879
0.9819502830505371
0.9461877346038818
0.9628254175186157
0.9547065496444702
0.9790533185005188
0.9731128215789795
0.9230697751045227
0.9462452530860901
0.9505940079689026
0.9280815720558167
0.9610320329666138
0.9184228181838989
0.9140664935112
0.9205034971237183
0.949077844619751
0.9586522579193115
0.9373133182525635
0.9546557068824768
0.9302263855934143
0.9463623762130737
0.9685961604118347
0.9503327012062073
0.9367437958717346
0.9574041366577148
0.9561063051223755
0.9095224142074585
0.8979185819625854
0.9629085659980774
0.935600221157074
0.9602159261703491
0.9018539190292358
0.9243075251579285
0.9597015380859375
0.9390180706977844
0.9424965977668762
0.9735133051872253
0.9578387141227722
0.922326922416687
0.9560773372650146
0.9438750147819519
0.982154130935669
0.917745053768158
0.9196181297302246
0.890861451625824
0.9662958979606628
0.9209287166595459
0.9296472072601318
0.934170126914978
0.9171883463859558
0.9373412132263184
0.9188474416732788
0.9386980533599854
0.9292442202568054
0.8868542909622192
0.950436532497406
0.9033558964729309
0.9241997599601746
0.9707556962966919
0.96723872423172
0.9573319554328918
0.9579319357872009
0.9778022766113281
0.9303027391433716
0.9580733180046082
0.9691510796546936
0.9264101386070251
0.9995774030685425
0.942352831363678
0.9281643629074097
0.9226044416427612
0.9460610151290894
0.9715543985366821
0.8945186138153076
0.9121382236480713
0.887446939945221
0.9158853888511658
0.9356319308280945
0.9709588289260864
0.9262468218803406
0.8919930458068848
0.9749065041542053
0.9003466367721558
0.9067461490631104
0.9456862807273865
0.8994289636611938
0.893456757068634
0.8607110977172852
0.9810651540756226
0.9464662075042725
0.9735719561576843
0.9344528913497925
0.896072506904602
0.9849520921707153
0.9576154947280884
0.9842920899391174
0.8671655058860779
0.9714612364768982
0.9347665905952454
0.959132969379425
0.9577668905258179
0.9481732845306396
0.9303953647613525
0.954685628414154
0.948479413986206
0.9534416198730469
0.9580145478248596
0.9369402527809143
0.9588857293128967
0.941148579120636
0.9364117980003357
0.9470682144165039
0.9798411726951599
0.9575798511505127
0.8934505581855774
0.9237105250358582
0.9157585501670837
0.9047688245773315
0.9558762311935425
0.9501429796218872
0.949940025806427
0.9347048401832581
0.9281494617462158
0.9310970902442932
0.9366909861564636
0.9196969270706177
0.9310129880905151
0.9710111618041992
0.9496163725852966
0.9156734943389893
0.9776747822761536
0.9640288352966309
0.9900728464126587
0.9844356179237366
0.9316145181655884
0.9596413373947144
1.0
0.9655821323394775
0.9531829357147217
0.926834225654602
0.939359724521637
0.8909274339675903
0.8649017810821533
0.9383689165115356
0.9371516704559326
0.9628791809082031
0.9948686361312866
0.9301803708076477
0.9344406723976135
0.9485824108123779
0.9281575083732605
0.9300712943077087
0.929556667804718
0.9803229570388794
0.9432589411735535
0.9590380191802979