0.932296872138977
0.9308575391769409
0.8973311185836792
0.9518096446990967
0.9335825443267822
0.9253610968589783
0.9456623196601868
0.9094425439834595
0.9225706458091736
0.9296473860740662
0.930469810962677
0.945576012134552
0.9153753519058228
0.8918153047561646
0.9375473260879517
0.9598962664604187
0.9419587254524231
0.9380090832710266
0.8896234035491943
0.8955581784248352
0.9398625493049622
0.9819248914718628
0.9352580308914185
0.9208577871322632
0.9011238813400269
0.956712543964386
0.9596343040466309
0.9688234329223633
0.9673076272010803
0.9682304263114929
0.9999998807907104
0.9877204895019531
0.991179347038269
0.9221358895301819
0.9853785037994385
0.9544844627380371
0.9308269023895264
0.8870999217033386
0.9103724956512451
0.9823285341262817
0.9837862849235535
0.9772301912307739
0.95133376121521
0.9804346561431885
0.9678088426589966
0.9643739461898804
0.934693455696106
0.9472227692604065
0.9700019359588623
0.9592444896697998
0.931702733039856
0.9236606955528259
0.9117777943611145
0.9553461670875549
0.9715031385421753
0.9322124123573303
0.9526504874229431
0.9140074253082275
0.9542656540870667
0.9106923937797546
0.930396556854248
0.9815409183502197
0.9233988523483276
0.9102637767791748
0.9249624609947205
0.9534849524497986
0.949235200881958
0.9552373886108398
0.9193973541259766
0.9399861097335815
0.9365972280502319
0.9682513475418091
0.9376069903373718
0.9702008366584778
0.9250362515449524
0.9816640615463257
0.9438755512237549
0.9650847315788269
0.9506769180297852
0.97648024559021
0.9526711702346802
0.9400425553321838
0.9057912230491638
0.9559245705604553
0.9581817984580994
0.9541066884994507
1.0000214576721191
0.9625961184501648
0.9432041645050049
0.9004657864570618
0.944371223449707
0.8683356642723083
0.8966286182403564
0.9131948351860046
0.9043450355529785
0.9720068573951721
1.0
0.9077691435813904
0.9374262690544128
0.9594574570655823
0.9767045378684998
0.9289211630821228
0.9378460645675659
0.8861055374145508
0.9649099111557007
0.9539669752120972
0.9440076351165771
0.9629221558570862
0.9486892819404602
0.9352120757102966
0.9373770952224731
0.9373770952224731
0.9434244632720947
0.9660212397575378
0.9649474620819092
0.9439224004745483
0.9815080165863037
0.9818054437637329
0.9913698434829712
0.9151392579078674
0.9521868824958801
0.9417245388031006
0.9503985047340393
0.9221736788749695
0.923283040523529
0.9579117894172668
0.9029480218887329
0.9542115926742554
0.9647723436355591
0.9033041596412659
0.9490370750427246
0.9335635304450989
0.9777494668960571
0.9235084652900696
0.9205557107925415
0.9379900097846985
0.9566041827201843
0.907041072845459
0.9137678146362305
0.9717379808425903
0.982418954372406
0.9367667436599731
0.8946173191070557
0.9821872115135193
0.9533194899559021
0.9460708498954773
0.969136655330658
0.9182412028312683
0.9496980905532837
0.9201274514198303
0.9193413853645325
0.9392691850662231
0.9548449516296387
0.9844592809677124
0.936153769493103
0.9363065361976624
0.9738404750823975
0.9123538732528687
0.9536741971969604
0.9171021580696106
0.9642552733421326
0.9320477843284607
0.9207707047462463
0.9115367531776428
0.9586867094039917
0.931236207485199
0.9151824116706848
0.9003313183784485
0.94845050573349
0.9600333571434021
0.9627208113670349
0.8760576844215393
0.9456099271774292
0.9370039701461792
0.9461907148361206
0.9138910174369812
0.8916897773742676
0.9268477559089661
0.8973938226699829
0.9231054186820984
0.9215920567512512
0.9393702149391174
0.9425260424613953
0.9688757061958313
0.9427906274795532
0.929645836353302
0.8750783205032349
0.9397456645965576
0.9923632144927979
0.971781849861145
0.866978108882904
0.9103019833564758
0.958048939704895
0.894542396068573
0.9641417860984802
0.9379220008850098
0.9374021291732788
0.9558702111244202
0.9381571412086487
0.8886486887931824
0.95350581407547
0.8827654719352722
0.9579517841339111
0.9805806875228882
0.9103801846504211
0.9370670914649963
1.0
0.9194096326828003
0.9228673577308655
0.9503496289253235
0.9650583267211914
0.9999982118606567
0.9171867370605469
0.9210788011550903
0.9912343621253967
0.9292818307876587
0.964191198348999
0.9926686882972717
0.924709677696228
0.8924917578697205
0.9417807459831238
0.9088305830955505
0.9417163729667664
0.9358953833580017
0.9077498316764832
0.9057101607322693
0.9407695531845093
0.8610895872116089
0.9387890100479126
0.9717313647270203
0.906927764415741
0.9271814823150635
0.9517375826835632
0.9434219002723694
0.888603925704956
0.9604722857475281
0.9259070754051208
0.9499558210372925
0.9629248380661011
0.9495141506195068
0.9125361442565918
0.9651151895523071
0.940744161605835
0.9666290879249573
1.000057578086853
1.000057578086853
0.9251164793968201
0.9295635223388672
0.9397304058074951
0.9184187650680542
0.9366387724876404
0.9177578687667847
0.964356005191803
0.9377791881561279
0.8832365274429321
0.9460166692733765
0.9769168496131897
0.9307393431663513
0.924342155456543
0.9309380650520325
0.9260789155960083
0.9396043419837952
0.928778886795044
0.9336047172546387
0.9190219640731812
1.0001834630966187
0.9317581653594971
0.8797757625579834
0.9153403043746948
0.9015421271324158
0.9368718862533569
0.9770715832710266
0.9135474562644958
0.8668792843818665
0.9648327827453613
0.9853154420852661
0.8954629302024841
1.0000122785568237
0.9137037396430969
0.9298374056816101
0.9314013719558716
0.9611507654190063
0.9284802079200745
0.963117778301239
0.916447103023529
0.9868807196617126
0.926522970199585
0.9238068461418152
0.9022511839866638
0.9502924084663391
0.9868643879890442
0.8611139059066772
0.9795838594436646
0.8984969854354858
0.9319576621055603
0.9513599276542664
0.9527689218521118
0.9478856921195984
0.9509163498878479
0.9572097659111023
0.9499737620353699
0.9249208569526672
0.9517824053764343
0.9884642958641052
0.9590179920196533
0.9158786535263062
0.8909975290298462
0.9584451913833618
0.9161456227302551
0.9559952616691589
0.959507405757904
0.9078410267829895
0.9560992121696472
0.9651235342025757
0.9524450302124023
0.9534095525741577
0.9440113306045532
0.8561810851097107
0.9229930639266968
0.916424036026001
0.9382908344268799
0.9411372542381287
0.945004940032959
0.9058430790901184
0.951913058757782
0.9200173616409302
0.9112868905067444
0.9508730173110962
0.9621906876564026
0.907568097114563
0.9459704160690308
0.9057233333587646
0.9773874282836914
0.9110853672027588
0.9630922675132751
0.9793325066566467
0.9491578936576843
0.9004144668579102
0.9147816300392151
0.9690542221069336
0.9563727974891663
0.8883700966835022
0.9298264980316162
0.8869835734367371
0.9247199892997742
0.8818228840827942
0.9281401038169861
0.9567650556564331
0.9324586391448975
0.9384435415267944
0.9471040368080139
0.8959548473358154
0.9825242161750793
0.9673889875411987
0.9483126401901245
0.903756856918335
0.9226469993591309
0.920445442199707
0.9387987852096558
0.9361336827278137
0.8895741701126099
0.8890489935874939
0.9677412509918213
0.9955815076828003
0.9465643763542175
0.9686181545257568
0.9585047364234924
0.9575695991516113
0.9063500165939331
0.9825522303581238
0.8946158289909363
0.9273562431335449
0.9132765531539917
0.9723603129386902
0.9909552931785583
0.9675020575523376
0.9497799277305603
0.9170596599578857
0.958563506603241
0.9544264078140259
0.9601938128471375
0.9298388361930847
0.940192461013794
0.9120395183563232
0.9505128860473633
0.9082275629043579
0.9201683402061462
0.9841830134391785
0.9599401950836182
0.8939626812934875
0.94573575258255
0.9816504716873169
0.940707266330719
0.9695913195610046
0.9295516014099121
0.9534014463424683
0.9461109638214111
0.938270628452301
0.9476882219314575
0.9617202281951904
0.956551730632782
0.9199374914169312
0.968288004398346
0.9430075883865356
0.9649406671524048
0.9806738495826721
0.9593414068222046
0.9774495363235474
0.9324488043785095
0.9815120100975037
0.9951435327529907
0.947417140007019
0.9666391611099243
0.8944045901298523
0.9435375928878784
0.9256943464279175
0.9046494364738464
0.9433873295783997
0.982746422290802
0.8985892534255981
0.987352728843689
0.9385411143302917
0.9453385472297668
0.9540172219276428
0.942992627620697
0.9395888447761536
0.9152811169624329
0.9597451090812683
0.9481815695762634
0.9518858194351196
0.9201065897941589
0.9129988551139832
0.9709082841873169
0.91750568151474
0.9430710077285767
0.9489266872406006
0.9135971069335938
0.9668662548065186
0.9666414856910706
0.9398946762084961
0.9496789574623108
0.9374628663063049
0.9593779444694519
0.9597458243370056
0.940656840801239
0.9497216939926147
0.9186962842941284
0.9293949007987976
0.9871394634246826
0.9442102909088135
0.8909642696380615
0.9383195042610168
0.9166303873062134
0.9534497261047363
0.9577246904373169
0.908206582069397
0.9274265766143799
0.9420996308326721
0.8987458348274231
0.910187304019928
0.9511117935180664
0.8939759135246277
0.8858782649040222
0.8889051675796509
0.9422536492347717
0.9614071249961853
0.9358387589454651
0.94906085729599
0.965749979019165
0.9012048840522766
0.960783064365387
0.9507339596748352
0.9080166220664978
0.8726695775985718
0.9240220189094543
0.9069465398788452
0.9483522772789001
0.9121454358100891
0.9425728917121887
0.9604918956756592
0.9470434784889221
0.9593695402145386
0.9133591055870056
0.899785041809082
0.8586018681526184
0.9334044456481934
0.9589632749557495
0.9853722453117371
0.9467915296554565
0.9376416206359863
0.9160827398300171
0.9321512579917908
0.9230550527572632
0.9102708101272583
0.9693116545677185
0.9316897988319397
0.9658697247505188
0.9608604907989502
0.894393801689148
0.9107088446617126
0.8936033248901367
0.9113183617591858
0.9734006524085999
0.8653859496116638
0.968295156955719
0.9448000192642212
0.958557665348053
0.8468177914619446
0.9542230367660522
0.9447886943817139
0.9450774788856506
0.9465110898017883
0.93409663438797
0.8786522150039673
0.9805407524108887
0.9339118599891663
0.9362961053848267
0.9736834168434143
0.9203115701675415
0.9376426339149475
0.9073206782341003
0.95945805311203
0.9218423366546631
0.8536293506622314
0.9999303817749023
0.9455272555351257
0.926222562789917
0.9978585243225098
0.8942171931266785
0.9339126348495483
0.918112576007843
0.9879058003425598
0.8865291476249695
0.8156202435493469
0.9015657305717468
0.8338389992713928
0.9374284148216248
0.9536974430084229
0.9629793167114258
0.89597088098526
0.9338840842247009
0.9427904486656189
0.9689833521842957
0.9219179153442383
0.9256302714347839
0.9356650114059448
0.888986349105835
0.9295412302017212
0.9331870675086975
0.8876398205757141
0.8894546627998352
0.9211878180503845
0.988766610622406
0.9131740927696228
0.9043505191802979
0.8986411690711975
0.9599097967147827
0.9745161533355713
0.9443340301513672
0.9598220586776733
0.8559280633926392
0.921052098274231
0.9261561036109924
0.9586120843887329
0.9726967811584473
0.9116033911705017
0.8533897995948792
0.8966854214668274
0.9237299561500549
0.9239746928215027
0.9621862769126892
0.9140350818634033
0.9349404573440552
0.8657412528991699
0.8777211904525757
0.9629311561584473
0.8386932611465454
0.9027683734893799
0.9218806624412537
0.9828242063522339
0.8997558355331421
0.8918797373771667
0.9322341680526733
0.931801974773407
0.8705844283103943
0.9830443859100342
0.8739671111106873
0.8815974593162537
0.9645681381225586
0.9584331512451172
0.951231837272644
0.874481201171875
1.0000169277191162
0.8455668091773987
0.9550799131393433
0.878577470779419
0.8613005876541138
0.8959600329399109
0.8686440587043762
0.9401887059211731
0.9209938645362854
0.9197507500648499
0.9498805999755859
0.9051826596260071
0.9599900245666504
0.9234791994094849
0.9524034857749939
0.9012197852134705
0.9507335424423218
0.9251871705055237
0.9739760160446167
0.878364086151123
0.9362633228302002
0.915603756904602
0.9416424632072449
0.9670770764350891
0.8754241466522217
0.9999590516090393
0.9026961326599121
0.9352682828903198
0.9199874997138977
0.8987576365470886
0.9230822324752808
0.8450729250907898
0.9077627062797546
0.9187704920768738
0.8786064982414246
0.9231341481208801
0.8945115804672241
0.9556076526641846
0.9348441362380981
0.9841828942298889
0.9602278470993042
0.9274554252624512
0.9509961009025574
0.8967590928077698
0.8939990997314453
0.957987904548645
0.8773952722549438
0.8793627619743347
0.9020777344703674
0.8542185425758362
0.9823781847953796
0.9288413524627686
0.8818331956863403
0.8950828313827515
0.9151750802993774
0.9095137715339661
0.9929417967796326
0.9052826762199402
0.971900463104248
0.9539542198181152
0.8956541419029236
0.9425686001777649
0.9733943939208984
0.9763481020927429
0.913210391998291
0.9246057868003845
0.9171913862228394
1.0000755786895752
0.9246973395347595
0.9163104295730591
0.967820405960083
0.9388143420219421
0.9875301122665405
0.8389109373092651
0.8996694087982178
0.9080040454864502
0.949764609336853
0.9216261506080627
0.8758342266082764
0.8691103458404541
0.8631412982940674
0.9044032692909241
0.8743129968643188
0.9419587850570679
0.9056001901626587
0.9576732516288757
0.9279912710189819
0.9375889301300049
0.9998793601989746
0.9584566950798035
0.954414427280426
0.900084376335144
0.8997088074684143
0.9199169874191284
0.9338561296463013
0.9401434659957886
0.9521505236625671
0.9532800912857056
0.9907166361808777
0.9761850833892822
0.8632885813713074
0.9175238609313965
0.9400113224983215
0.8860462307929993
0.9172115921974182
0.9476929903030396
0.8849695324897766
0.8865276575088501
0.9864469766616821
0.9433509111404419
0.9661299586296082
0.8836520314216614
0.9035361409187317
0.9153491258621216
0.9210510849952698
0.8741336464881897
0.9466074705123901
0.9043899774551392
0.9503484964370728
0.928103506565094
0.8824624419212341
0.9642894864082336
0.9471389651298523
0.9233959913253784
0.9510084986686707
0.8662310838699341
0.9468532800674438
0.9514470100402832
0.9869181513786316
0.95546555519104
0.8753652572631836
0.8337318301200867
0.9155253767967224
0.9999511241912842
0.9462549090385437
0.932686448097229
0.9577611088752747
0.9036751985549927
0.9134373068809509
0.966778039932251
0.9686722755432129
0.9734217524528503
0.9690119624137878
0.9494221806526184
0.9086096882820129
0.929535984992981
0.8738746643066406
0.946992814540863
1.0
0.9491716623306274
0.9424382448196411
0.938301682472229
0.921463668346405
0.8867483139038086
0.9017914533615112
0.9215835928916931
0.8896455764770508
0.9399915337562561
0.9165692925453186
0.9640726447105408
0.9286367893218994
0.8801774382591248
0.8433189392089844
0.8882589936256409
0.8534770011901855
0.9227166771888733
0.9336245059967041
0.8351190090179443
0.9774019718170166
0.9774019718170166
0.9665806293487549
0.9859438538551331
0.8838480114936829
0.8602350950241089
0.9661970734596252
0.8603710532188416
0.9156648516654968
0.9498596787452698
0.8687039613723755
0.9562380909919739
0.891440212726593
0.9146047830581665
0.9089027047157288
0.8984854221343994
0.9179002642631531
0.9708604216575623
0.9603822827339172
0.8791425824165344
0.9999666213989258
0.8986103534698486
0.9454912543296814
0.8837522864341736
0.9360254406929016
0.9600301384925842
0.9483949542045593
0.9303087592124939
0.907675564289093
0.8698190450668335
0.9145618081092834
0.9486706256866455
0.9379801750183105
0.9025073051452637
0.9445378184318542
0.8802149295806885
0.9541357755661011
0.9999885559082031
0.8124706149101257
0.958829402923584
0.940377414226532
0.8831477761268616
0.8839492201805115
0.9626194834709167
0.942327618598938
0.9158983826637268
0.9137079119682312
0.8676196932792664
0.8742378950119019
0.9679222106933594
0.8769128918647766
0.9101142883300781
0.9547890424728394
0.9200510382652283
0.9867472648620605
0.9121538996696472
0.8919905424118042
0.9325320720672607
0.8741913437843323
0.9565833210945129
0.9675519466400146
1.000017762184143
0.9872653484344482
0.8990908265113831
0.919435977935791
0.9000637531280518
0.8650937676429749
0.9003381133079529
0.8949588537216187
0.9041910171508789
0.9587114453315735
0.9252997636795044
0.9431964159011841
0.9189698100090027
0.965887725353241
0.8887482285499573
0.9352681040763855
0.904472827911377
0.9461250305175781
0.960382342338562
0.9928882718086243
0.8886474370956421
0.9340879321098328
0.9314448833465576
0.9025039076805115
0.8996558785438538
0.8783971667289734
0.9621164202690125
0.9801756739616394
0.9255437254905701
0.9297829270362854
0.9382532238960266
0.8878213167190552
0.9167304635047913
0.9448914527893066
0.9332391619682312
0.9306266903877258
0.9181761741638184
0.9915300607681274
0.8918147683143616
0.8904770612716675
0.9079074263572693
0.9233626127243042
0.9410171508789062
0.9108928442001343
0.93355792760849
0.9205739498138428
0.9097674489021301
0.9134654402732849
0.909095823764801
0.9892396926879883
0.9743639826774597
0.8479415774345398
0.942783772945404
0.9533857107162476
0.9011331796646118
0.9056657552719116
0.9550518989562988
0.8820482492446899
0.9285241961479187
0.9417436122894287
0.9264712929725647
0.9454309344291687
0.9408828616142273
0.8816782236099243
0.9737489819526672
0.9489895105361938
0.9341967105865479
0.926234245300293
0.9525420665740967
0.921583354473114
0.8718293905258179
0.9503797888755798
0.9321492910385132
0.9764456152915955
0.975091814994812
0.9268794059753418
0.9213322401046753
0.9449697136878967
0.9384287595748901
0.9138389825820923
0.909310519695282
0.8756440281867981
0.9432371258735657
0.9638442397117615
0.9555664658546448
0.9329764246940613
0.8798242211341858
0.9574838280677795
0.9141464829444885
0.9459814429283142
0.9652565717697144
0.9702176451683044
0.9059210419654846
0.9091108441352844
0.8206235766410828
0.8934300541877747
0.9169010519981384
0.9863916039466858
0.8966407179832458
0.8582059144973755
0.9375547170639038
0.9080765843391418
0.9068151712417603
0.9067057371139526
0.8756646513938904
0.9028482437133789
0.95652174949646
0.876216471195221
0.9182736277580261
0.9467588067054749
1.0000290870666504
0.9107023477554321
0.8984513282775879
0.9161655306816101
0.8701182007789612
0.9203627109527588
0.9366892576217651
0.8815048336982727
0.9245508909225464
0.9519044756889343
0.9197207093238831
0.9029618501663208
0.9370516538619995
0.9370383024215698
0.9080073833465576
0.8384749293327332
0.992725133895874
0.9402285218238831
0.9708033800125122
0.9404458403587341
0.9527944326400757
0.8509232997894287
0.9185248017311096
0.9477025866508484
0.9416573643684387
0.9064847230911255
0.960104763507843
0.964148759841919
0.8978744149208069
0.9158499240875244
0.9953451156616211
0.9646297693252563
0.9553518891334534
0.9209305644035339
0.8687694668769836
0.8924058675765991
0.9371594786643982
0.973677396774292
0.9235965013504028
0.9172453880310059
0.94773930311203
0.913608968257904
0.8910002708435059
0.856967568397522
0.9412010312080383
0.9601646065711975
0.9677274823188782
0.9121195077896118
0.9221624732017517
0.9408566355705261
0.9386945366859436
0.9653685092926025
0.8868645429611206
0.9328195452690125
0.9299092292785645
0.8996574282646179
0.9204931259155273
0.873489260673523
0.8873311281204224
0.8841447830200195
0.9501256346702576
0.9577763676643372
0.9619044065475464
0.8269678354263306
0.879906415939331
0.9473135471343994
0.9253267049789429
0.9188293814659119
0.9069057703018188
0.9665375351905823
0.8419795036315918
0.9145375490188599
0.9552270770072937
0.9496319890022278
0.9803290367126465
0.828166127204895
0.9069687724113464
0.9491366147994995
0.9431643486022949
0.8789138793945312
0.9455596208572388
0.8405455350875854
0.934526264667511
0.9848726987838745
0.8961395025253296
0.8269866704940796
0.8591756820678711
0.8975644707679749
0.9427587985992432
0.9047926068305969
0.9412765502929688
0.9678925275802612
0.9030596613883972
0.8979437351226807
0.9067213535308838
0.8614681959152222
0.7835862636566162
0.9470732808113098
0.9864953756332397
0.9551554322242737
0.9002600908279419
0.903765082359314
0.9067354798316956
0.9457074999809265
0.9606835246086121
0.9055026173591614
0.9268356561660767
0.981446385383606
0.9737844467163086
0.966944694519043
0.9053589701652527
0.8911998867988586
0.9377609491348267
0.9511914849281311
0.9198446869850159
0.9081246852874756
0.8658602237701416
0.943812906742096
0.9180022478103638
0.9213362336158752
0.9154047966003418
0.9402698874473572
0.9648492336273193
0.9130458831787109
0.9406567811965942
0.9632176756858826
0.9518091678619385
0.9236427545547485
0.8565365076065063
0.8738008737564087
0.8716502785682678
0.8810254335403442
0.9332399368286133
0.9907588958740234
0.9441983699798584
0.9085526466369629
0.9620086550712585
0.9601026177406311
0.9286994934082031
0.9463868141174316
0.9884101152420044
0.8927975296974182
0.9213322401046753
0.9244648218154907
0.8931853771209717
0.8522061109542847
0.9835999608039856
0.9824458360671997
0.8859997391700745
0.9649151563644409
0.906073272228241
0.924618661403656
0.9417151808738708
0.9444906115531921
0.9251294136047363
0.935088038444519
0.9268625974655151
0.8986258506774902
0.944943368434906
0.9052267670631409
0.8700825572013855
0.9093811511993408
0.9659534096717834
1.0000295639038086
0.9019652009010315
0.8900890946388245
0.9410250782966614
0.9011607766151428
0.9156772494316101
0.9475662112236023
0.9454505443572998
0.9405933022499084
0.8780376315116882
0.8633022904396057
0.881079375743866
1.0
0.9169700741767883
0.9814962148666382
0.9605938792228699
0.8766324520111084
0.9364542365074158
0.9638351202011108
0.9442651867866516
0.9213680028915405
0.8879879713058472
0.8788153529167175
0.8885899782180786
0.9411112666130066
0.9541099667549133
0.8702877759933472
0.9499985575675964
0.9813812971115112
0.8804055452346802
0.930464506149292
0.8715777397155762
0.966796338558197
0.7748095989227295
0.9429032802581787
0.8911948204040527
0.8953742384910583
0.9468719363212585
0.9180891513824463
0.9510917663574219
0.9284083843231201
0.9251961708068848
0.9190908074378967
0.8712980151176453
0.9008761048316956
0.9127957820892334
0.9039512276649475
0.8986063599586487
0.9372940063476562
0.9153406620025635
0.9266270995140076
0.9013389348983765
0.9045974016189575
0.9381411075592041
0.8316340446472168
0.9401501417160034
0.9215922355651855
0.8961009383201599
0.8830152750015259
0.9405246376991272
0.9406796097755432
0.928167462348938
0.9373249411582947
0.8848186731338501
0.9632470607757568
0.9278907775878906
0.9178923964500427
0.8470839858055115
0.8340262770652771
0.8873831033706665
0.8747026324272156
0.9023433923721313
0.8791655898094177
0.9144091606140137
0.8636154532432556
0.90132075548172
0.8930366635322571
0.9315479397773743
0.9475247263908386
0.9188874363899231
0.8638378381729126
0.917461633682251
0.9070273041725159
0.9184979796409607
0.9356573224067688
0.9508756399154663
0.8590589761734009
0.9209991097450256
0.9101545214653015
0.9833905100822449
0.9322128295898438
0.8857700824737549
0.932806670665741
0.8906441330909729
0.870312511920929
0.9177724123001099
0.878603994846344
0.9305914640426636
0.9184049367904663
0.8895358443260193
0.8945934772491455
0.9511032104492188
0.9662774801254272
0.8742035627365112
0.931713879108429
0.9174386858940125
0.9218604564666748
0.9060471057891846
0.8491063714027405
0.9767394065856934
0.8859429955482483
0.9574291110038757
0.9537147879600525
0.9050155282020569
0.9924768209457397
0.9332981705665588
0.9311397671699524
0.8857545256614685
0.8956072926521301
0.8894249200820923
0.9331696033477783
0.9020292162895203
0.9037424325942993
0.9236618280410767
0.837005078792572
0.8996829390525818
0.9026826620101929
0.9338189363479614
0.8653668165206909
0.8997771143913269
0.8824674487113953
0.9697016477584839
0.9521164894104004
0.9238647222518921
0.9887042045593262
0.9800382256507874
0.9014702439308167
0.9383392930030823
0.8973196148872375
0.9334587454795837
0.9495335221290588
0.9238058924674988
0.9704706072807312
0.9804239273071289
0.9397725462913513
0.8613616824150085
0.9371361136436462
0.8989311456680298
0.9196358919143677
0.9529081583023071
0.8189234733581543
0.8954184055328369
0.9258266091346741
0.9082901477813721
0.9041340947151184
0.9064596891403198
0.823634147644043
0.9026647210121155
0.8557909727096558
0.895477831363678
0.9563507437705994
0.8907617926597595
0.8931428790092468
0.90750652551651
0.9011161923408508
0.8924180269241333
0.8794248700141907
0.9650014638900757
0.9039968848228455
0.9538847208023071
0.9596989154815674
0.9173417091369629
0.9502673745155334
0.9231429100036621
0.9324245452880859
0.9163910746574402
0.9485104084014893
0.8697636723518372
0.9124171137809753
0.8969683647155762
0.8874601721763611
0.9325886964797974
0.9352667331695557
0.8881413340568542
0.8786548972129822
0.9284429550170898
0.9284518957138062
0.9204021096229553
0.9318782687187195
0.9065924286842346
0.8684849143028259
0.9238200187683105
0.9278356432914734
0.8854197263717651
0.9399508833885193
0.9036319851875305
0.9242178797721863
0.9005579352378845
0.9189637899398804
0.9138718247413635
0.8609160780906677
0.9378560781478882
0.920335590839386
0.8885306715965271
0.9045692682266235
0.8607247471809387
0.9235143065452576
0.9270012974739075
0.9131186008453369
0.9171412587165833
0.9249152541160583
0.9052496552467346
0.8148965835571289
0.9511932134628296
0.9458836913108826
0.9204196929931641
0.9404523372650146
0.9631510376930237
0.9560947418212891
0.9582359194755554
0.8884150981903076
0.999915599822998
0.9395202398300171
0.9127886295318604
0.8842006921768188
0.9782108068466187
0.9283902645111084
0.9268432855606079
0.8922610878944397
0.9258648157119751
0.8702310919761658
0.879923939704895
0.9039865732192993
0.9133995771408081
0.9259473085403442
0.8625945448875427
0.9404739141464233
0.9188991189002991
0.8999918103218079
0.897484302520752
0.844388484954834
0.8613103628158569
0.8920732140541077
0.8818991780281067
0.9111678600311279
0.9354235529899597
0.9100992679595947
0.8730596303939819
0.933944821357727
0.8992031812667847
0.9477699398994446
0.871306836605072
0.9287073612213135
0.9462685585021973
0.9038242101669312
0.9501226544380188
0.9063406586647034
0.8909598588943481
0.9611353874206543
0.8589122891426086
0.9130289554595947
0.7966375946998596
0.9550076127052307
0.9014875292778015
0.9586275815963745
0.9098767638206482
0.9115157127380371
0.8968807458877563
0.8861036896705627
0.8745189309120178
0.9223471879959106
0.8337543606758118
0.9746151566505432
0.8727592825889587
0.9077251553535461
0.9082902669906616
0.978377103805542
0.9229505658149719
0.9903605580329895
0.9026519060134888
0.8582398295402527
0.9395601749420166
0.9316743612289429
0.8984547257423401
0.9079456329345703
0.9143998622894287
0.9301988482475281
0.9474925994873047
0.9085553288459778
0.8761730194091797
0.8759889602661133
0.9235550761222839
0.9279019236564636
0.8741264343261719
0.9247469305992126
0.9370043873786926
0.909907341003418
0.8423969745635986
0.8703523874282837
0.9123868942260742
0.9229512214660645
0.8523434996604919
0.9527925848960876
0.883975625038147
0.9050872921943665
0.8718650937080383
0.9073783755302429
0.9821515679359436
0.8263559341430664
0.9275117516517639
0.9858354926109314
0.8562710881233215
0.9222712516784668
0.8445597290992737
0.8753242492675781
0.8674452304840088
0.9287697672843933
0.8949128985404968
0.9696784019470215
0.9334238171577454
0.912683367729187
0.9509577751159668
0.8426253795623779
0.9207060933113098
0.9420908689498901
0.8757001161575317
0.9058467149734497
0.8892594575881958
0.8957515954971313
0.9020371437072754
0.9313116073608398
0.9282209873199463
0.873487651348114
0.7821343541145325
0.9184189438819885
0.879330039024353
0.8988713622093201
0.90577632188797
0.9889183640480042
0.9417843222618103
0.8767138719558716
0.9117593169212341
0.8925776481628418
0.9432910680770874
0.9813374280929565
0.8977080583572388
0.9703227281570435
0.8951135873794556
0.8238714337348938
0.9415467381477356
0.8732951283454895
0.9135092496871948
0.8846278190612793
0.9045169949531555
0.8792492747306824
0.8912986516952515
0.903232216835022
0.920688807964325
0.9732381105422974
0.8844142556190491
0.9583745002746582
0.8995480537414551
0.9276524782180786
0.9242164492607117
0.9136211276054382
0.8782816529273987
0.964568018913269
0.9139639735221863
0.9005722403526306
0.9780802726745605
0.9357477426528931
0.9428268074989319
0.924843966960907
0.954376220703125
0.8929014205932617
0.9047600030899048
0.9265806674957275
0.8971894383430481
0.8709164261817932
0.9305931925773621
0.9175751209259033
0.94560706615448
0.878101110458374
0.9132283329963684
0.9102919101715088
0.8751491904258728
0.9190665483474731
0.8969666957855225
0.9419810175895691
0.9142037034034729
0.9636309146881104
0.9321785569190979
0.8953516483306885
0.9372759461402893
0.9465339183807373
0.8795615434646606
0.9617348313331604
0.9313257336616516
0.8589567542076111
0.9431445002555847
0.8378743529319763
0.8436591029167175
0.9484063982963562
0.926627516746521
0.8653424978256226
0.9220778942108154
0.9593614935874939
0.9158596396446228
0.8860030174255371
0.9067788124084473
0.9498882293701172
0.9692885875701904
0.8863654732704163
0.9243215918540955
0.9305190443992615
0.8961195945739746
0.9376178979873657
0.9560181498527527
0.9888104200363159
0.9230325222015381
0.8250250220298767
0.870268702507019
0.9225844144821167
0.9173531532287598
0.89634108543396
0.8899911046028137
0.9039187431335449
0.8457895517349243
0.882534921169281
0.903572678565979
0.9263813495635986
0.9413438439369202
0.8902056217193604
0.8698722720146179
0.9372410774230957
0.9061933755874634
0.8928099274635315
0.9059461951255798
0.9233431816101074
0.9068949222564697
0.9740158319473267
0.9404438734054565
0.9478610157966614
0.863021969795227
0.9498563408851624
0.8797966241836548
0.9047716856002808
0.8484494686126709
0.930659830570221
0.8673632740974426
0.9623337388038635
0.8647865056991577
0.9170000553131104
0.8742272257804871
0.9916229844093323
0.9320916533470154
0.9317275881767273
0.9306677579879761
0.9284981489181519
0.9358445405960083
0.9182841777801514
0.9477609395980835
0.9094006419181824
0.9079602956771851
0.890648365020752
0.9167343974113464
0.9103429913520813
0.9254114031791687
0.8800858855247498
0.9273166656494141
0.8959607481956482
0.8756111264228821
0.8767048120498657
0.8863998651504517
0.934497058391571
0.9653874039649963
0.906011700630188
0.8784564137458801
0.830442488193512
0.8857356309890747
0.8611789345741272
0.9370806217193604
0.8748283982276917
0.8701146841049194
0.8925024271011353
0.9395025968551636
0.9008567333221436
0.9209824800491333
0.9098448157310486
0.9322280883789062
0.9179790019989014
0.9539024829864502
0.8983448147773743
0.9189152717590332
0.938514769077301
0.9676711559295654
0.8943659067153931
0.8139346241950989
0.9348240494728088
0.9060859084129333
0.879654586315155
0.8905348181724548
0.8624908328056335
0.9623019099235535
0.9569096565246582
0.9271337389945984
0.9059444069862366
0.9205473065376282
0.8689839243888855
0.8833404183387756
0.9204010367393494
0.9223832488059998
0.8739378452301025
0.9125531315803528
0.9066077470779419
0.8943780660629272
0.9314031600952148
0.8930848836898804
0.9214891195297241
0.9084414839744568
0.8840806484222412
0.9433756470680237
0.9573786854743958
0.9758352637290955
0.9287097454071045
0.9371719360351562
0.9023354053497314
0.8256563544273376
0.9382728338241577
0.8965768218040466
0.8995020985603333
0.8841013312339783
0.989479660987854
0.8830178380012512
0.9375513792037964
0.8725688457489014
0.8923782110214233
0.8802695274353027
0.9578825235366821
0.9347262978553772
0.9182149767875671
0.9603700041770935
0.8798316121101379
0.8728579878807068
0.9022160172462463
0.9571619629859924
0.9808571338653564
0.9337574243545532
0.8988562822341919
0.9230247735977173
0.8865233659744263
0.8767510652542114
0.8759986758232117
0.9529852271080017
0.8803202509880066
0.8794540166854858
0.9055539965629578
0.8809577226638794
0.9470083117485046
0.9697850346565247
0.9108655452728271
0.899506688117981
0.9130797386169434
0.9176117181777954
0.9159022569656372
0.8941963911056519
0.9496042728424072
0.9146794080734253
0.8722698092460632
0.9182457327842712
0.8899137377738953
0.8588424921035767
0.8907735347747803
0.9562979340553284
0.8790265917778015
0.8937362432479858
0.8834542632102966
0.9019154906272888
0.9389747977256775
0.883495569229126
0.9109466075897217
0.9832035899162292
0.9372913837432861
0.9823265671730042
0.8547275066375732
0.8909516930580139
0.9500294923782349
0.9745349884033203
0.8893908858299255
0.9464282989501953
0.9225110411643982
0.9193401336669922
0.8506159782409668
0.8987545967102051
0.8808813691139221
0.9224247336387634
0.9351763129234314
0.9289593696594238
0.9763619303703308
0.9363089799880981
0.9465949535369873
0.949485182762146
0.945472776889801
0.9051486253738403
0.9310455322265625
0.9296002388000488
0.9049439430236816
0.9674495458602905
0.938602089881897
0.9275216460227966
0.9256137013435364
0.8921550512313843
0.960012674331665
0.9128115177154541
0.902025580406189
0.8827474117279053
0.9240275025367737
0.9453781247138977
0.9802554845809937
0.9203181862831116
0.9193662405014038
0.9410141110420227
0.9553022384643555
0.933709979057312
0.9549428820610046
0.9477441906929016
0.9251680374145508
0.8966003656387329
0.9025622606277466
0.9783880710601807
0.9761011600494385
0.9806477427482605
0.934529721736908
0.9215712547302246
0.9024854302406311
0.9185280203819275
0.9200063347816467
0.9481091499328613
0.8926476836204529
0.9318257570266724
0.9488818049430847
0.907239556312561
0.9400702714920044
0.9333978891372681
0.9489932656288147
0.9164465665817261
0.8958022594451904
0.9467480778694153
0.9241256713867188
0.9529600143432617
0.9504091739654541
0.9164238572120667
0.9289469122886658
0.9999613761901855
0.9564708471298218
0.8547534942626953
0.8824281692504883
0.9352289438247681
0.8800384402275085
0.9184412956237793
0.9478183388710022
0.9069063663482666
0.9437332153320312
0.9889164566993713
0.9889164566993713
0.9681754112243652
0.9684293270111084
0.895882248878479
0.9754166007041931
0.9805543422698975
0.9319843053817749
0.9546322822570801
0.9755780100822449
0.9374408721923828
0.9306908249855042
0.9653997421264648
0.9440857172012329
0.9074064493179321
0.9103792905807495
0.9767540693283081
0.9770268201828003
0.9244539141654968
0.928787887096405
0.9776962399482727
0.9168962240219116
0.912540078163147
0.8724393248558044
0.9552014470100403
0.9537405371665955
0.9317978620529175
0.9607290029525757
0.9019685387611389
0.9429072141647339
0.9716656804084778
0.8694648742675781
0.9228031635284424
0.960575520992279
0.9620934128761292
0.9677398204803467
0.9099481105804443
0.9491260051727295
0.9278103113174438
0.9402380585670471
0.9440943002700806
0.9211663603782654
0.9426627159118652
0.9731214642524719
0.9768408536911011
0.9534746408462524
0.9526990056037903
0.9364647269248962
0.9266406297683716
0.9655449986457825
0.9186051487922668
0.9366796612739563
0.9458014965057373
0.9405856728553772
0.9020492434501648
0.895962655544281
0.9020492434501648
0.9316718578338623
0.9121178984642029
0.9751993417739868
0.9340313673019409
0.9726528525352478
0.9629400372505188
0.8783032894134521
0.9999606609344482
0.9265734553337097
0.9361071586608887
0.9370372295379639
0.936757504940033
0.9439440369606018
1.000016689300537
0.8780267834663391
0.9009512066841125
0.9211239814758301
0.9151889085769653
0.9630128145217896
0.9371606111526489
0.90740567445755
0.8944854736328125
0.9210343360900879
0.9627160429954529
0.9721895456314087
0.9102834463119507
0.9369417428970337
0.9426220655441284
0.9998966455459595
0.888338565826416
0.9572305679321289
0.9682642221450806
0.9462428689002991
0.9300512671470642
0.9580627083778381
0.951938807964325
0.960406482219696
0.9316691756248474
0.9513978362083435
0.9209648370742798
0.944969654083252
0.9141754508018494
0.9362796545028687
0.9323083162307739
0.9527502655982971
0.9500720500946045
0.9423266053199768
0.9318403601646423
0.9589222073554993
0.9527431130409241
0.9447553753852844
0.9722545742988586
0.9836926460266113
0.9155993461608887
0.8860582709312439
0.9353269338607788
0.8960256576538086
0.9999687671661377
0.9495187401771545
0.985761821269989
0.9807798266410828
0.9414418339729309
0.922662079334259
0.909247636795044
0.9141119122505188
0.9192708730697632
0.9890443682670593
0.9251735210418701
0.9094270467758179
0.9412646889686584
0.9624359607696533
0.925179660320282
0.895313024520874
0.9352472424507141
0.9552503228187561
0.9381225109100342
0.868198037147522
0.9638194441795349
0.9006590247154236
0.9316930174827576
0.9164335131645203
0.9968825578689575
0.8996362686157227
0.8784173130989075
0.9221383333206177
0.9772363305091858
0.9503660798072815
0.9467278718948364
0.8679364323616028
0.9065621495246887
0.9271859526634216
0.9409850835800171
0.902423620223999
0.9107677340507507
0.9357730150222778
0.9363475441932678
0.945059061050415
0.9367354512214661
0.9481357932090759
0.9268352389335632
0.9474005103111267
0.9629544019699097
0.9164988994598389
0.9045296311378479
0.9161949157714844
0.9122462272644043
0.9091984033584595
0.9217323064804077
0.9761084318161011
0.9644789099693298
0.9417235255241394
0.9423238039016724
0.9216066002845764
0.9588795900344849
0.9539896249771118
0.9440578818321228
0.9810352921485901
0.9038789868354797
0.9049251079559326
0.8684353232383728
0.9168139100074768
0.9427986741065979
0.9487258195877075
0.9389107823371887
0.9646337628364563
0.8714513182640076
0.9545615911483765
0.9391006231307983
0.9092345237731934
0.9439359903335571
0.9412782192230225
0.8975260257720947
0.9093805551528931
0.9552150964736938
0.9855454564094543
0.9506602883338928
0.9282270073890686
0.9135563969612122
0.9827287793159485
0.9483649134635925
0.984502911567688
0.9351080060005188
0.9367305040359497
0.8554948568344116
0.9224077463150024
0.9215627908706665
0.9562674164772034
0.9999709725379944
0.9851823449134827
0.9646371006965637
0.9108965396881104
0.942936360836029
0.942434549331665
0.9507741332054138
0.9542818665504456
0.8474511504173279
0.9315539598464966
0.9020659923553467
0.8894530534744263
0.8995272517204285
0.9599708318710327
0.9015798568725586
0.9048915505409241
0.8865118622779846
0.8781834244728088
0.9345676898956299
0.9445879459381104
0.9720886945724487
0.905714213848114
0.9575170874595642
0.8953673243522644
0.9207187294960022
0.8598113656044006
0.9499134421348572
0.9761545062065125
0.9695140719413757
0.984467625617981
0.9722282886505127
0.9660966992378235
0.9422034621238708
0.9046902656555176
0.9519432783126831
0.9653578400611877
0.8899304866790771
0.9602721333503723
0.9040967226028442
0.8888942003250122
0.9123618602752686
0.8958672881126404
0.9333771467208862
0.9205846786499023
0.9407771825790405
0.8730311989784241
0.9402148127555847
0.9015650749206543
0.9732112288475037
0.9210696220397949
0.9303735494613647
0.9272900819778442
0.9028908610343933
0.903419554233551
0.9155340790748596
0.9205899238586426
0.9331180453300476
0.9481078386306763
0.9626391530036926
0.9054524302482605
0.9139089584350586
0.9775128364562988
0.8984689712524414
0.9490435719490051
0.8814375400543213
0.8673515915870667
0.9132079482078552
0.9062355756759644
0.9523770213127136
0.9339154362678528
0.8903775811195374
0.9184160232543945
0.9462706446647644
0.9644089341163635
0.9273613095283508
0.9607887864112854
1.000037431716919
0.9080920815467834
0.9239802956581116
0.9708268046379089
0.9584406614303589
0.9640627503395081
0.9415237903594971
0.9573728442192078
0.9353563785552979
0.9164853096008301
0.9095879793167114
0.9015548825263977
0.9715039730072021
0.9074743390083313
0.9553145170211792
0.866725742816925
0.9711708426475525
0.8973750472068787
0.8222814202308655
0.9896349906921387
0.9856230020523071
0.9258411526679993
0.8898595571517944
0.9240391850471497
0.9098942875862122
0.9181771874427795
0.9352338314056396
0.9169602990150452
0.9486207962036133
0.9307414889335632
0.9366422295570374
0.9220414757728577
0.8446754813194275
0.9044358730316162
0.9615421295166016
0.9467756152153015
0.9320586919784546
0.9773719310760498
0.891692042350769
0.9235774874687195
0.9394327402114868
0.9152603149414062
0.9973679184913635
1.0000401735305786
0.988949716091156
0.9435288906097412
0.9400579333305359
0.9640970230102539
0.9957431554794312
0.9615718722343445
0.9236320853233337
0.8787329196929932
0.893403947353363
0.9577094912528992
0.9185985922813416
0.9711586236953735
0.9742039442062378
0.9017860889434814
0.8913542032241821
0.9548820853233337
0.9706718921661377
0.9428045153617859
0.9254297018051147
0.9604883193969727
0.8787294030189514
0.9795618653297424
0.9283783435821533
0.9129849672317505
0.817024827003479
0.9174445271492004
0.918334424495697
0.9042184352874756
0.8839094042778015
0.876028299331665
0.9652983546257019
0.9805145859718323
0.9280934929847717
0.9845858812332153
0.9580156207084656
0.9369393587112427
0.9539960026741028
0.9221541285514832
0.8975921273231506
0.8983513712882996
0.9873848557472229
0.9422422051429749
0.9594622850418091
0.9134912490844727
0.9874559640884399
0.929618239402771
0.9285876154899597
0.927458643913269
0.9212077856063843
0.9415876269340515
0.976496696472168
0.9006837010383606
0.9520399570465088
0.9312101006507874
0.9176074266433716
0.9214330315589905
0.8989438414573669
0.88711017370224
0.9547104239463806
0.9028966426849365
0.9443094730377197
0.9215700626373291
0.9218885898590088
0.9408702850341797
0.9424734711647034
0.8949226140975952
0.9180593490600586
0.9291239976882935
0.9536869525909424
0.9633729457855225
0.9083570837974548
0.9774060249328613
0.9461173415184021
0.9619379043579102
0.9164900183677673
0.9154231548309326
0.9707085490226746
0.912362813949585
0.9063423275947571
0.9393962025642395
0.9189025163650513
0.9548770785331726
0.9298250675201416
0.9486387372016907
0.9538561701774597
0.9549161791801453
0.9013930559158325
0.8933112621307373
0.8937303423881531
0.9302809834480286
0.8893312215805054
0.9265196323394775
0.8711500763893127
0.9445875287055969
0.8951975107192993
0.937568187713623
0.8508598208427429
0.9441438913345337
0.9532263875007629
0.9243654608726501
0.8401881456375122
0.9392455816268921
0.9500359296798706
0.8945026993751526
0.9517742395401001
0.9397322535514832
0.91867595911026
0.9005174040794373
0.9273408651351929
1.0
0.9467365145683289
0.936704158782959
0.9228900671005249
0.8924160599708557
0.9441735148429871
0.9143828749656677
0.8993852138519287
0.897110104560852
0.8556735515594482
0.9188278317451477
1.0
1.0
0.9273909330368042
0.9413177967071533
0.9096252918243408
0.918217122554779
0.9674288630485535
0.9153622388839722
0.9615127444267273
0.9193639159202576
0.9375349879264832
0.9617054462432861
0.9505967497825623
0.9275547862052917
0.8862662315368652
0.9480812549591064
0.9590873122215271
0.943812906742096
0.9397105574607849
0.9721585512161255
0.8886372447013855
0.9466878771781921
0.948146641254425
0.9350717663764954
0.9240845441818237
0.8435167074203491
0.9331314563751221
0.9580374956130981
0.9003138542175293
0.9384822249412537
0.9523655772209167
0.983259916305542
0.8543241620063782
1.0001620054244995
0.9492000937461853
0.9204795956611633
0.9246285557746887
0.9659448862075806
0.927734375
0.9365938901901245
0.9640376567840576
0.9887934923171997
0.9268689155578613
0.9314361810684204
0.9443003535270691
0.937050461769104
0.8943808674812317
0.9147906303405762
0.9313727021217346
0.9394032955169678
0.9225521683692932
0.9115250110626221
0.9334015250205994
0.9736746549606323
0.9629996418952942
0.9238258004188538
0.9272142648696899
0.8908933997154236
0.9235401749610901
0.9748989939689636
0.8900104761123657
0.9372642040252686
0.9703181982040405
0.9846407175064087
0.9554241895675659
0.9870035648345947
0.8968130946159363
0.9204422235488892
0.9076600074768066
1.0000181198120117
0.9230340719223022
0.9652846455574036
1.0000947713851929
0.9872363209724426
0.9443910717964172
0.8611191511154175
0.9092980623245239
0.9455878734588623
0.935651421546936
0.9673555493354797
0.9353727698326111
0.9059960246086121
0.9875155687332153
0.9415814876556396
0.9361658692359924
0.9228988289833069
0.9289286136627197
0.926474928855896
0.9429197311401367
0.9429197311401367
0.9172066450119019
0.8898355960845947
0.9372472167015076
0.9414148926734924
0.9496344923973083
0.9421089887619019
0.9535667300224304
1.0
0.9557145833969116
0.9300193786621094
0.9115973711013794
0.983219563961029
0.8894553780555725
0.9509162306785583
0.9353851079940796
0.9355225563049316
0.9748160243034363
0.9477584958076477
0.8654250502586365
0.9420081973075867
0.8963755369186401
0.905202329158783
0.9514513611793518
0.9039726853370667
0.9328033328056335
0.8913989663124084
0.9490301012992859
0.9332035779953003
0.9338051676750183
0.8850196599960327
0.9506545662879944
0.9151225090026855
0.9654800891876221
0.9305537939071655
0.9601728916168213
0.869249165058136
0.9005674123764038
0.9293803572654724
0.9176627993583679
0.9187809228897095
0.925862729549408
0.9661479592323303
0.8853432536125183
0.9101715087890625
0.9302384853363037
0.9423792958259583
0.9393689036369324
0.9431963562965393
0.9083487391471863
0.935737669467926
0.9076856374740601
0.9128034114837646
0.9470177292823792
0.9251802563667297
0.895631730556488
0.9482570886611938
0.8676364421844482
0.9254602789878845
0.9583283066749573
0.9592621922492981
0.8917011618614197
0.9545649290084839
0.9942037463188171
0.9160159230232239
0.9264554977416992
0.9261574149131775
0.924089252948761
0.8942849040031433
0.9310042262077332
0.9692910313606262
0.9485440850257874
0.8727434873580933
0.8987046480178833
0.9323515892028809
0.880385160446167
0.8818883299827576
0.8870596289634705
0.9266670346260071
0.9304924011230469
0.9615547060966492
0.8831719756126404
0.9349336624145508
0.9548753499984741
0.9657905101776123
0.9308455586433411
0.9073557257652283
0.94441819190979
0.9999206066131592
0.9799963235855103
0.9310611486434937
0.9560210108757019
0.9677269458770752
0.929876983165741
0.8836175203323364
0.9355528354644775
0.9400045275688171
0.8798669576644897
0.896406352519989
0.9459529519081116
0.9449185132980347
0.9104480147361755
0.9425653219223022
0.8756294846534729
0.9153217673301697
0.9089946150779724
0.9313316345214844
0.9527108669281006
0.9306449294090271
0.9348194003105164
0.9176983833312988
0.8931657671928406
0.9560256600379944
0.904359757900238
0.9062997102737427
0.933058500289917
0.9293858408927917
0.9177705645561218
0.927223265171051
0.9404072761535645
0.9564207196235657
0.9395408630371094
0.9439621567726135
0.9194003343582153
0.939466655254364
0.943080723285675
0.9569932818412781
0.9634525179862976
0.9576428532600403
0.916340172290802
0.8941822648048401
0.9224810004234314
0.9731001257896423
0.9025541543960571
0.9125586748123169
0.9169939160346985
0.9537662863731384
0.9020375609397888
0.9282006621360779
0.9440202116966248
0.9422217607498169
0.9862982630729675
0.9549164175987244
0.8550450205802917
0.9385152459144592
0.9447454810142517
0.9578279256820679
0.9514880180358887
0.9255046248435974
0.9459744691848755
0.9432228207588196
0.8988097310066223
0.9497037529945374
0.9551197290420532
0.9563512206077576
0.9477576613426208
0.8873676657676697
0.9493335485458374
0.9438393712043762
0.9411353468894958
0.9743024706840515
0.9062185287475586
0.8907849192619324
0.8603202104568481
0.928124725818634
0.9281811118125916
0.9454342722892761
0.8960191011428833
0.9231151938438416
0.9329695701599121
0.94099360704422
0.9424425959587097
0.9564905166625977
0.9890562891960144
0.9469989538192749
0.896941065788269
0.9778912663459778
0.9162366390228271
0.9420847296714783
0.9599906802177429
0.9282904863357544
0.9233165979385376
0.9316301941871643
0.9622471332550049
0.9004253149032593
0.8731963634490967
0.9912064075469971
0.9082325100898743
0.941475510597229
0.9298499226570129
0.9197889566421509
0.8975592255592346
0.8881698846817017
0.9256281852722168
0.8773820996284485
0.9558866620063782
0.9664452075958252
0.9030895829200745
0.9648301601409912
0.930834949016571
0.9066371917724609
0.8915384411811829
0.925879955291748
0.8968309164047241
0.9177574515342712
0.95670485496521
0.9073180556297302
0.9363170266151428
0.972029447555542
0.9393808841705322
0.9362053275108337
0.9540104866027832
0.9222148656845093
0.9744439125061035
0.9586272239685059
0.9216461777687073
0.9021897912025452
0.910798192024231
0.9795762896537781
0.8661748766899109
0.9313852190971375
0.9150639176368713
0.9685680866241455
0.9478861093521118
0.9174697399139404
0.9683390259742737
0.9369251132011414
0.931527316570282
0.978899359703064
0.9005874991416931
0.9317733645439148
0.841328501701355
0.9122976660728455
0.9374638199806213
0.9375731348991394
0.9363607168197632
0.9082455635070801
0.8659168481826782
0.9477675557136536
0.9370918273925781
0.9386553168296814
0.975458025932312
0.943635880947113
0.9086642861366272
0.9590669274330139
0.9180904030799866
0.9451374411582947
0.9010443687438965
0.9362972378730774
0.9470329880714417
0.9385728240013123
0.9358361959457397
0.8566486835479736
0.9046763777732849
0.9586568474769592
0.9363402128219604
0.8476359248161316
0.8716301321983337
0.9279130101203918
0.9577223658561707
0.9537948966026306
0.9639675617218018
0.9300075769424438
0.9646375179290771
0.9014165997505188
0.8974971771240234
0.9249945878982544
0.9430438876152039
0.9464545845985413
0.9841980338096619
0.9248511791229248
0.9227285385131836
0.9243038892745972
0.9558863043785095
0.8838342428207397
0.8681198358535767
0.9169553518295288
0.8973579406738281
0.9320330619812012
0.9454945921897888
0.9378613829612732
0.9483147263526917
0.8929550051689148
0.9177183508872986
0.9286891222000122
0.930172324180603
0.9399092793464661
0.9374637007713318
0.9683836102485657
0.8777697682380676
0.9212382435798645
0.9786438941955566
0.9202019572257996
0.9488312602043152
0.9149314165115356
0.9285132884979248
0.896194338798523
0.9724893569946289
0.9710922837257385
0.9834524393081665
0.9475415945053101
0.9470442533493042
0.9250036478042603
0.9249557852745056
0.9283731579780579
0.9649049043655396
0.9480339288711548
0.8884419202804565
0.938785970211029
0.8987252116203308
0.8927950263023376
0.9612657427787781
0.9843555092811584
0.9159034490585327
0.9468262195587158
0.9642425775527954
0.976324737071991
0.9178453087806702
0.9197468757629395
0.9337239861488342
0.9106634259223938
0.9759304523468018
0.9236258268356323
0.9541178941726685
0.9296050071716309
0.8915921449661255
0.9511016011238098
0.8935236930847168
0.943541407585144
0.9578391313552856
0.9207227826118469
0.928451418876648
0.8702998161315918
0.8729411363601685
0.932277262210846
0.9661239385604858
0.9230695962905884
0.9433263540267944
0.9316197037696838
0.8911754488945007
0.9282405376434326
0.8956294655799866
0.8280887603759766
0.922796368598938
0.8994739055633545
0.9379374384880066
0.929241955280304
0.9314761161804199
0.942031979560852
0.9541153907775879
0.9207839965820312
0.9005950689315796
0.9222291707992554
0.9254449009895325
0.8880563974380493
0.8973027467727661
0.9407778382301331
0.9691599011421204
0.8579400777816772
0.9879045486450195
0.9715011119842529
0.9299362301826477
0.9235371351242065
0.9453190565109253
0.8929809927940369
0.9422265291213989
0.8423147797584534
0.9339794516563416
0.9281097650527954
0.8655898571014404
0.8557174801826477
0.8524379730224609
0.9555322527885437
0.8609358668327332
0.9252183437347412
0.9153419733047485
0.9800689816474915
1.0000476837158203
0.902206301689148
0.9364464282989502
0.894050657749176
0.8875845670700073
0.9614824056625366
0.9063477516174316
0.9719224572181702
0.925529420375824
0.9410194754600525
0.934138834476471
0.9597468376159668
0.859382688999176
0.888025164604187
0.9367848038673401
0.9188559055328369
0.8827905058860779
0.8800129294395447
0.974632740020752
0.9828559756278992
0.9380422234535217
0.9612327814102173
0.8795185685157776
0.902049720287323
0.9348016977310181
0.8998643755912781
0.9227641820907593
0.9383293390274048
0.9835736751556396
0.9094758629798889
0.8846830129623413
0.9734604954719543
0.9158852696418762
0.9161479473114014
0.9439600110054016
0.9279054403305054
0.9745750427246094
0.9529599547386169
0.9999980926513672
0.8956537842750549
0.9405848383903503
0.9031940698623657
0.91351318359375
0.886943519115448
0.8871067762374878
0.9721559882164001
0.97026127576828
0.9350149631500244
0.9537961483001709
0.977878749370575
0.9484351277351379
0.8928260803222656
0.9578378796577454
0.9262863397598267
0.9107169508934021
0.9352660179138184
0.9999470114707947
0.9196563959121704
0.9358401894569397
0.9401881694793701
0.8836936354637146
0.9299678802490234
0.9175189733505249
0.8890869617462158
0.9790945649147034
0.9662167429924011
0.9185497164726257
0.8813253045082092
0.913335919380188
0.8685160279273987
0.9810492992401123
0.9392780065536499
0.9518553018569946
0.964429497718811
0.9308353066444397
0.8980522155761719
0.9690496325492859
0.95583575963974
0.9378816485404968
0.9149508476257324
0.8788409233093262
0.8742151856422424
0.9554320573806763
0.976343035697937
0.9414036870002747
0.901868462562561
0.9140282273292542
0.9107792973518372
0.9075518250465393
0.930774986743927
0.897846519947052
0.909661591053009
0.9268508553504944
0.9385358691215515
0.9382057189941406
0.9343633055686951
0.9327917695045471
0.8814284801483154
0.931897759437561
0.9655987620353699
0.8968560695648193
0.9661182165145874
0.8960997462272644
0.9305486679077148
0.9119479656219482
0.9381408095359802
0.9355542063713074
0.9524223208427429
0.9017884135246277
0.936357319355011
0.8911348581314087
0.9347230195999146
0.94450843334198
0.9560016393661499
0.9384713768959045
0.936728835105896
0.9444051384925842
0.9215543270111084
0.9219431281089783
0.9287095069885254
0.9117012619972229
0.9206247329711914
0.9726013541221619
0.9333301782608032
0.9169703125953674
0.9386089444160461
0.9254342317581177
0.9551466703414917
0.9119303226470947
0.9147018194198608
0.9584599137306213
0.924077033996582
0.9059835076332092
0.8865284323692322
0.8816862106323242
0.9130070805549622
0.9086623787879944
0.8293851613998413
0.858885645866394
0.8420395255088806
0.8575401902198792
0.8820920586585999
0.94742351770401
0.9362518787384033
0.86363685131073
0.9356329441070557
0.8811509013175964
0.82085120677948
0.8243608474731445
0.8620319366455078
0.8496491312980652
0.8635477423667908
0.8986328840255737
0.8607649207115173
0.8202527761459351
0.9001601338386536
0.8570564985275269
0.8871455192565918
0.8910614848136902
0.8914944529533386
0.8692752122879028
0.8756917715072632
0.9006412625312805
0.8104282021522522
0.8970078229904175
0.8931871652603149
0.8815364837646484
0.8872344493865967
0.8214960694313049
0.8632156848907471
0.9240501523017883
0.8831444978713989
0.8672887086868286
0.7681233882904053
0.8588893413543701
0.8774406313896179
0.8130788207054138
0.9533186554908752
0.8850519061088562
0.8876913189888
0.9407902359962463
0.9480742812156677
0.8688949942588806
0.9288355112075806
0.8599889278411865
0.890028715133667
0.8594548106193542
0.910881519317627
0.9029579758644104
0.917790949344635
0.7647414207458496
0.7756636142730713
0.9120323657989502
0.8571521043777466
0.9308207631111145
0.8208273649215698
0.8774847984313965
0.8807663917541504
0.8870837092399597
0.9178597927093506
0.8648767471313477
0.9019294381141663
0.8751131296157837
0.9151769280433655
0.8603107333183289
0.9843504428863525
0.8648118376731873
0.956419050693512
0.9148975014686584
0.8933999538421631
0.9180827140808105
0.9608606696128845
0.8378416299819946
0.8577810525894165
0.8616434335708618
0.864013135433197
0.8746738433837891
0.872037410736084
0.8875094652175903
0.8005895018577576
0.8796820640563965
0.9427918195724487
0.8338855504989624
0.8952092528343201
0.8059089183807373
0.8649516105651855
0.819922924041748
0.8670111298561096
0.8967369198799133
0.8694577813148499
0.8921255469322205
0.8846396207809448
0.9227806925773621
0.890963077545166
0.8845466375350952
0.8729740977287292
0.9138292074203491
0.8574485778808594
0.9379746317863464
0.8850200176239014
0.9448856711387634
0.8540614247322083
0.9471004605293274
0.8676586151123047
0.8306441307067871
0.8609784245491028
0.9485334753990173
0.9286081194877625
0.8601107001304626
0.8969387412071228
0.8877972960472107
0.891139030456543
0.890556812286377
0.8386166095733643
0.8741162419319153
0.8850444555282593
0.8079013824462891
0.8220969438552856
0.9435258507728577
0.8366162776947021
0.8532999157905579
0.8948968052864075
0.8019055724143982
0.8672764897346497
0.8979842066764832
0.9027764201164246
0.8171665072441101
0.9243834018707275
0.8693137764930725
0.9039486646652222
0.8711921572685242
0.847615659236908
0.8139744997024536
0.8546355962753296
0.8725809454917908
0.8275812268257141
0.8296443819999695
0.9023656845092773
0.8967287540435791
0.8952138423919678
0.8606755137443542
0.8530785441398621
0.8309934139251709
0.9328427314758301
0.8889678120613098
0.7331436276435852
0.9059187173843384
0.893285870552063
0.8459761142730713
0.9267994165420532
0.8903672099113464
0.93958580493927
0.898433268070221
0.8821461796760559
0.8605878949165344
0.8473158478736877
0.8459194898605347
0.8555557727813721
0.9106738567352295
0.8894456028938293
0.9415179491043091
0.9035481810569763
0.847255527973175
0.8679525256156921
0.8879497647285461
0.929772675037384
0.8315073251724243
0.902495801448822
0.9053401350975037
0.9507277607917786
0.9685688614845276
0.8798251748085022
0.9031630158424377
0.8295051455497742
0.8608059287071228
0.9623364210128784
0.9123921990394592
0.8862550854682922
0.8793044686317444
0.8668413162231445
0.8621770739555359
0.8977055549621582
0.8945637941360474
0.8838211297988892
0.8784900307655334
0.8996453881263733
0.8908248543739319
0.9411746859550476
0.8692392110824585
0.9103268980979919
0.8209079504013062
0.882888913154602
0.9007768630981445
0.8663893342018127
0.9043620824813843
0.8615448474884033
0.8362663984298706
0.8540336489677429
0.787432074546814
0.9395627975463867
0.8594710230827332
0.8919694423675537
0.845417857170105
0.9212990999221802
0.8705630302429199
0.9251752495765686
0.8513834476470947
0.8392328023910522
0.8774670362472534
0.8476756811141968
0.9039058089256287
0.8406712412834167
0.9397944211959839
0.9234377145767212
0.8235107660293579
0.8572649359703064
0.8508477807044983
0.8350237011909485
0.8086687922477722
0.8784116506576538
0.8768518567085266
0.8823054432868958
0.9016467332839966
0.8683925867080688
0.8307177424430847
0.8971169590950012
0.7906501889228821
0.8809643387794495
0.8706051707267761
0.9180898070335388
0.9358838796615601
0.88213050365448
0.9744947552680969
0.8915784358978271
0.8802379369735718
0.9292875528335571
0.7927040457725525
0.9028202295303345
0.8910320401191711
0.8515994548797607
0.9596084952354431
0.8497788310050964
0.9215509295463562
0.9156301617622375
0.881434440612793
0.9418572783470154
0.8670611381530762
0.8854021430015564
0.88346266746521
0.9342042207717896
0.844910740852356
0.8486408591270447
0.8991490602493286
0.8784307241439819
0.8493524789810181
0.8592873215675354
0.9089078307151794
0.9206802845001221
0.8799697756767273
0.966935932636261
0.8664674162864685
0.8879625201225281
0.9749240875244141
0.8178426623344421
0.8486852645874023
0.8427664041519165
0.8645688891410828
0.8990858197212219
0.899702787399292
0.880846381187439
0.8580388426780701
0.88692307472229
0.8645749688148499
0.8884149193763733
0.8725395202636719
0.888143002986908
0.8909902572631836
0.867937445640564
0.8713706731796265
0.8892830014228821
0.855465292930603
0.8861160278320312
0.8769698739051819
0.8963618874549866
0.8614007234573364
0.971150815486908
0.8879714608192444
0.9048833250999451
0.8633027672767639
0.8884128332138062
0.8419716358184814
0.871300458908081
0.8660166263580322
0.828890860080719
0.8612778782844543
0.8791620135307312
0.9536508917808533
0.9402806758880615
0.906583309173584
0.8958145976066589
0.9523332118988037
0.8734778165817261
0.8741189241409302
0.8221513032913208
0.9062149524688721
0.8828259110450745
0.9386225938796997
0.86332768201828
0.9500789642333984
0.8722146153450012
0.9244323968887329
0.8880264759063721
0.841446042060852
0.8757057189941406
0.9022778272628784
0.9073364734649658
0.8817862868309021
0.814963698387146
0.8354614973068237
0.9475666880607605
0.8705772161483765
0.9214385747909546
0.8833359479904175
0.8499770760536194
0.7620308995246887
0.9172298908233643
0.8516712784767151
0.8530242443084717
0.9274394512176514
0.8819889426231384
0.8363251686096191
0.9027677178382874
0.8432254791259766
0.8493670225143433
0.9328017234802246
0.8230383396148682
0.8507558703422546
0.8557212948799133
0.8485172390937805
0.9149711728096008
0.9262253642082214
0.9148427844047546
0.8534331321716309
0.9134591817855835
0.9173346757888794
0.8710170388221741
0.788987398147583
0.955129086971283
0.8783264756202698
0.871256947517395
0.883049488067627
0.8609322309494019
0.8433803915977478
0.8784176707267761
0.8910921216011047
0.923703670501709
0.8990808725357056
0.870502769947052
0.8470647931098938
1.0000921487808228
0.8839872479438782
0.842153012752533
0.9202176928520203
0.8366140127182007
0.8511877059936523
0.8872292637825012
0.9316335916519165
0.9560452699661255
0.8254445195198059
0.949222981929779
0.9780439138412476
0.8502209782600403
0.897729754447937
0.8956210613250732
0.8871846199035645
0.8459932804107666
0.9451037645339966
0.9117347002029419
0.7991504669189453
0.8701658844947815
0.8656448721885681
0.9009729027748108
0.8633430004119873
0.8497185707092285
0.8669968247413635
0.9345109462738037
0.899022102355957
0.9480390548706055
0.8532385230064392
0.8719738721847534
0.8521620631217957
0.9127204418182373
0.9061715006828308
0.8805100321769714
0.8921920657157898
0.8300976753234863
0.8300684690475464
0.7626548409461975
0.8693918585777283
0.8890313506126404
0.9151677489280701
0.8562928438186646
0.9532451629638672
0.873307466506958
0.884969174861908
0.876420795917511
0.8647361397743225
0.8378934264183044
0.8454807996749878
0.8790952563285828
0.86761873960495
0.855215311050415
0.8748020529747009
0.8707315921783447
0.8871197700500488
0.8764050006866455
0.8589726686477661
0.8558034896850586
0.8929904699325562
0.9315309524536133
0.849841833114624
0.8656169176101685
0.8811173439025879
0.7624054551124573
0.9250169396400452
0.8708055019378662
0.9050612449645996
0.9013925194740295
0.8514292240142822
0.896630048751831
0.8658633232116699
0.8277848958969116
0.8927796483039856
0.9164297580718994
0.9429975748062134
0.8618955612182617
0.8739269971847534
0.8580533862113953
0.8554877638816833
0.8761675953865051
0.8782715201377869
0.8650426864624023
0.9026315212249756
0.902795135974884
0.819107174873352
0.8806043267250061
0.8151177763938904
0.8560215830802917
0.860977828502655
0.8703687191009521
0.8602803349494934
0.866672158241272
0.8025159239768982
0.8641902208328247
0.8497334718704224
0.8302761316299438
0.8161205649375916
0.8200281262397766
0.8329766988754272
0.9708733558654785
0.8318871259689331
0.8773198127746582
0.7758830189704895
0.8730036616325378
0.8796690106391907
0.8273921608924866
0.9041239023208618
0.844140350818634
0.8998717665672302
0.8920204043388367
0.9218229055404663
0.9145291447639465
0.9303104281425476
0.890003502368927
0.8406175971031189
0.9434698224067688
0.8449447751045227
0.8754698634147644
0.9021444916725159
0.9166222214698792
0.9190561771392822
0.8557992577552795
0.849612832069397
0.9175789952278137
0.8413286805152893
0.9405243992805481
0.9030513167381287
0.8752661943435669
0.974755585193634
0.8370311260223389
0.8736751675605774
0.8696957230567932
0.9005150198936462
0.8817556500434875
0.8838306069374084
0.8810039162635803
0.8579340577125549
0.8555556535720825
0.9021450281143188
0.8528318405151367
0.8988716006278992
0.8537750840187073
0.8929740786552429
0.8072224855422974
0.8714699745178223
0.8992549777030945
0.8812132477760315
0.8284099102020264
0.9031850099563599
0.9190317988395691
0.8826637864112854
0.86026531457901
0.946914553642273
0.8661718964576721
0.9916735887527466
0.8399889469146729
0.9181209206581116
0.9269566535949707
0.9512830972671509
0.8690521121025085
0.8485610485076904
0.8809785842895508
0.921481192111969
0.8790894746780396
0.9183765649795532
0.8687630295753479
0.7878378629684448
0.8338134288787842
0.8999974727630615
0.8499521017074585
0.8975609540939331
0.8984973430633545
0.9358713030815125
0.9373955726623535
0.9222499132156372
0.8704234957695007
0.9147257804870605
0.8710786700248718
0.9200084209442139
0.8010410666465759
0.9183935523033142
0.891386866569519
0.9290370941162109
0.851675271987915
0.8430877923965454
0.8826534748077393
0.9318854212760925
0.884888768196106
0.8498422503471375
0.8743051886558533
0.8789030313491821
0.9748655557632446
0.9042850732803345