0.9476069808006287
0.9375701546669006
0.8930004239082336
0.9490780234336853
0.9284526109695435
0.9176177382469177
0.929367184638977
0.8855642676353455
0.9288040995597839
0.9171061515808105
0.9379442930221558
0.9591851234436035
0.9168574213981628
0.8846805095672607
0.9360708594322205
0.9417020082473755
0.9555502533912659
0.9502519965171814
0.8903142213821411
0.92484050989151
0.9455671906471252
0.9774925112724304
0.9525457620620728
0.9198963046073914
0.9055704474449158
0.9593170285224915
0.9536227583885193
0.9654732942581177
0.9666498899459839
0.9622450470924377
1.0
0.9873421788215637
0.9912306070327759
0.9138043522834778
0.9807836413383484
0.9589105248451233
0.9267526268959045
0.8779523372650146
0.9357738494873047
0.9803512692451477
0.9713646173477173
0.974407434463501
0.9441063404083252
0.9750488996505737
0.9597575664520264
0.9572857618331909
0.9417679309844971
0.9423398375511169
0.9679988622665405
0.9561040997505188
0.9452105164527893
0.9396166205406189
0.9157875776290894
0.9405490756034851
0.9702854752540588
0.9391459226608276
0.9510732889175415
0.9241023063659668
0.9387609362602234
0.9012824296951294
0.9130781292915344
0.9801884889602661
0.8871135711669922
0.8865619897842407
0.9069815874099731
0.9579690098762512
0.9436053037643433
0.9419862627983093
0.8969987630844116
0.9620785713195801
0.9401229023933411
0.974473237991333
0.9313068985939026
0.9649624228477478
0.9009743928909302
0.9822892546653748
0.9499632120132446
0.9696205854415894
0.9557148814201355
0.9735479950904846
0.9481548070907593
0.9445745348930359
0.8962079882621765
0.9507301449775696
0.9541270136833191
0.9572861194610596
1.0000790357589722
0.9563072919845581
0.9355467557907104
0.9059852957725525
0.9270135164260864
0.8566492199897766
0.8990657329559326
0.9379093647003174
0.8961879014968872
0.9598270654678345
1.0
0.895492672920227
0.9297084212303162
0.9427260756492615
0.9863924384117126
0.9187451601028442
0.9306328892707825
0.9131000638008118
0.961143970489502
0.956072211265564
0.9172417521476746
0.9558768272399902
0.9466351270675659
0.9119175672531128
0.9510052800178528
0.9510052800178528
0.9282439947128296
0.9570479393005371
0.953303337097168
0.9554157257080078
0.9768643379211426
0.9729852080345154
0.9872333407402039
0.9153065085411072
0.9297797679901123
0.9367122650146484
0.9446631669998169
0.9119905233383179
0.9200445413589478
0.962476909160614
0.9101153016090393
0.9508457779884338
0.9693489670753479
0.9056104421615601
0.9355671405792236
0.9178858995437622
0.969405472278595
0.901068925857544
0.9190147519111633
0.9314238429069519
0.95829838514328
0.9081346988677979
0.9103784561157227
0.9707409739494324
0.9618186354637146
0.9396345615386963
0.8535633683204651
0.9819207787513733
0.934892475605011
0.927291989326477
0.970403254032135
0.9049066305160522
0.9393544793128967
0.9012238383293152
0.9246256947517395
0.9435813426971436
0.9532557725906372
0.9888685941696167
0.9208095669746399
0.9024121165275574
0.9785035252571106
0.9197412729263306
0.9495647549629211
0.9208536148071289
0.9575648903846741
0.9113879203796387
0.9023239016532898
0.9129811525344849
0.9520692229270935
0.9198433756828308
0.9054644107818604
0.9081665873527527
0.9396701455116272
0.9668423533439636
0.9549908638000488
0.8546009659767151
0.9532174468040466
0.9283410906791687
0.9296248555183411
0.9059850573539734
0.881465494632721
0.9140384793281555
0.9090421795845032
0.9160558581352234
0.918059766292572
0.938117265701294
0.9454932808876038
0.9642442464828491
0.9702367782592773
0.9170763492584229
0.866462767124176
0.940517783164978
0.9948158264160156
0.962260901927948
0.8753997087478638
0.9004637002944946
0.9743789434432983
0.901850700378418
0.9513441920280457
0.9313721656799316
0.943718433380127
0.9650759696960449
0.9446803331375122
0.8813696503639221
0.945274829864502
0.910611629486084
0.9669533967971802
0.9704631567001343
0.9348002672195435
0.9466621279716492
0.9999999403953552
0.9187496304512024
0.9288941025733948
0.9421612620353699
0.9410355687141418
0.9999149441719055
0.9057656526565552
0.9131587743759155
0.9940011501312256
0.9226314425468445
0.9535723924636841
0.9913918375968933
0.9005399346351624
0.8690963983535767
0.9045223593711853
0.9056447148323059
0.9515804052352905
0.9227575659751892
0.904350757598877
0.89621901512146
0.917154848575592
0.8655943870544434
0.925622820854187
0.9728661775588989
0.8731788396835327
0.9336926341056824
0.9453380703926086
0.9407415390014648
0.8594380617141724
0.9565340280532837
0.9191095232963562
0.92559814453125
0.9612154364585876
0.9485666751861572
0.9018841981887817
0.9659184217453003
0.9257237911224365
0.9712553024291992
0.9999419450759888
0.9999419450759888
0.8940659761428833
0.9374353885650635
0.9591049551963806
0.9357613921165466
0.9447557330131531
0.9273523688316345
0.9645944833755493
0.948226273059845
0.9204429984092712
0.9355564117431641
0.9786860942840576
0.9353811740875244
0.9272474050521851
0.9181226491928101
0.9227995872497559
0.9370086193084717
0.9123048186302185
0.9172932505607605
0.8877813816070557
1.0000364780426025
0.9108128547668457
0.8545651435852051
0.9005573391914368
0.8925719857215881
0.9462106823921204
0.9790067672729492
0.9394939541816711
0.8577154874801636
0.9663918018341064
0.9740711450576782
0.8756051063537598
0.9999576210975647
0.9149453639984131
0.9200707674026489
0.9195489883422852
0.9726899862289429
0.9066474437713623
0.9678254723548889
0.9228333830833435
0.9852713942527771
0.9072471857070923
0.9164603352546692
0.890900194644928
0.9528668522834778
0.9898816347122192
0.8509238362312317
0.9734315872192383
0.9025089740753174
0.918450117111206
0.9637155532836914
0.9446079730987549
0.9398833513259888
0.9512056112289429
0.9489206671714783
0.9424903988838196
0.9124699234962463
0.9449014067649841
0.9890027046203613
0.9163710474967957
0.9358454942703247
0.8825554847717285
0.9538719058036804
0.8814976215362549
0.9444747567176819
0.9617815613746643
0.9230548143386841
0.9588791131973267
0.9646357893943787
0.9475319981575012
0.9396112561225891
0.9360048770904541
0.8496294617652893
0.9277997016906738
0.9018861651420593
0.9352087378501892
0.9438926577568054
0.9153734445571899
0.904545783996582
0.9445253610610962
0.9336892366409302
0.9127547144889832
0.941236674785614
0.9441969990730286
0.9178731441497803
0.9363447427749634
0.9006769061088562
0.9760100245475769
0.9284687638282776
0.9561577439308167
0.9829460382461548
0.9520370960235596
0.9204314947128296
0.9119592308998108
0.9569164514541626
0.9368163347244263
0.8962973356246948
0.9162958860397339
0.8994090557098389
0.941929280757904
0.8819635510444641
0.9460483193397522
0.9699471592903137
0.9403741359710693
0.9104047417640686
0.9431039690971375
0.8921708464622498
0.9758422374725342
0.9665005803108215
0.9414837956428528
0.8762965798377991
0.9063875079154968
0.8671269416809082
0.9399444460868835
0.9324355125427246
0.899121105670929
0.9000543355941772
0.956112802028656
0.9956774115562439
0.9359869956970215
0.9689980745315552
0.9593977332115173
0.9557828903198242
0.8911264538764954
0.9808028340339661
0.8919911980628967
0.9319401979446411
0.9140087962150574
0.9708705544471741
0.9863359332084656
0.9517427086830139
0.9421320557594299
0.9142596125602722
0.9532051086425781
0.9315363168716431
0.9484166502952576
0.9245293140411377
0.93277907371521
0.9483107924461365
0.9565846920013428
0.8776024580001831
0.9048261046409607
0.9804803133010864
0.9441004395484924
0.9108285307884216
0.9348897337913513
0.9825672507286072
0.9467042088508606
0.9551343321800232
0.94969642162323
0.9321271777153015
0.9370238184928894
0.9410179853439331
0.9441282153129578
0.9548344016075134
0.950164258480072
0.9046385884284973
0.9742020964622498
0.9330503940582275
0.9642766118049622
0.97327721118927
0.9611959457397461
0.9759358763694763
0.923766553401947
0.9755157828330994
0.9968597888946533
0.9435021877288818
0.948413610458374
0.8974800705909729
0.9256186485290527
0.9030659198760986
0.8879411816596985
0.9397797584533691
0.9771736264228821
0.8966139554977417
0.9794329404830933
0.9361881017684937
0.9332250952720642
0.9621597528457642
0.9310026168823242
0.9251844882965088
0.9240598678588867
0.9589388966560364
0.9535714387893677
0.9452288746833801
0.912864625453949
0.9193775057792664
0.9631439447402954
0.888873279094696
0.9402012825012207
0.9467588067054749
0.903412401676178
0.963663637638092
0.9609668254852295
0.9325343370437622
0.9382283687591553
0.9261178970336914
0.9614970684051514
0.9682709574699402
0.9336721301078796
0.9556375741958618
0.9109054803848267
0.9298161268234253
0.9823882579803467
0.9487651586532593
0.9110363125801086
0.9292727708816528
0.9175423979759216
0.9463562369346619
0.9444466829299927
0.8884311318397522
0.913761556148529
0.9289951324462891
0.9015839099884033
0.914309561252594
0.943427562713623
0.9300990700721741
0.8773581385612488
0.8834564089775085
0.9462742805480957
0.9623891711235046
0.9365261197090149
0.9407902359962463
0.9609396457672119
0.8817710280418396
0.9589098691940308
0.9533406496047974
0.89253830909729
0.8757991194725037
0.912878155708313
0.9248758554458618
0.9398434162139893
0.9038674235343933
0.9264326691627502
0.9395893812179565
0.931852400302887
0.9459614157676697
0.904668390750885
0.9144909977912903
0.8298751711845398
0.9201265573501587
0.9573490023612976
0.963359534740448
0.9354628920555115
0.9145376682281494
0.9062044620513916
0.9262174963951111
0.9207450151443481
0.8946664929389954
0.9593992233276367
0.936523973941803
0.9554861187934875
0.952947199344635
0.8917239904403687
0.9103960394859314
0.9092885255813599
0.8900271654129028
0.9616417288780212
0.8833008408546448
0.9580028653144836
0.9441514015197754
0.965372622013092
0.8607472777366638
0.9452034831047058
0.9267468452453613
0.9599714279174805
0.9565005898475647
0.9572857618331909
0.8747091293334961
0.9792203903198242
0.9275690317153931
0.9409298300743103
0.9714783430099487
0.9269572496414185
0.9058321714401245
0.905036211013794
0.9510357975959778
0.8997414112091064
0.8710224628448486
1.0000313520431519
0.9285820722579956
0.9314393997192383
0.9960038661956787
0.8734923601150513
0.9220507740974426
0.927995502948761
0.985805332660675
0.868146538734436
0.8171358704566956
0.9690378904342651
0.895987331867218
0.9321306347846985
0.9700797200202942
0.9604390859603882
0.8962198495864868
0.9307577610015869
0.9457276463508606
0.962838351726532
0.9136973023414612
0.9499245882034302
0.9217624068260193
0.8793678283691406
0.9329624176025391
0.9134430289268494
0.900589644908905
0.8486121892929077
0.9046963453292847
0.9904035329818726
0.911734938621521
0.8931635618209839
0.8963590264320374
0.9599653482437134
0.9688792824745178
0.9399280548095703
0.9533441662788391
0.8724265694618225
0.909527599811554
0.9248666763305664
0.9429218173027039
0.9720326662063599
0.914932370185852
0.846688985824585
0.8850452303886414
0.913435161113739
0.9142727255821228
0.9617810249328613
0.9037944674491882
0.9253667593002319
0.8549466133117676
0.8705570697784424
0.9490807056427002
0.86095130443573
0.9051280617713928
0.9098641276359558
0.9804136753082275
0.9116454124450684
0.8996065855026245
0.9125515818595886
0.9231106042861938
0.8982792496681213
0.9921674728393555
0.8844892978668213
0.8779624700546265
0.9549804925918579
0.9458011984825134
0.9676239490509033
0.8627499341964722
0.9999632835388184
0.8297703266143799
0.9512240290641785
0.8630895614624023
0.8568803071975708
0.8952690958976746
0.8840085864067078
0.9341170787811279
0.9062372446060181
0.9083134531974792
0.9488991498947144
0.9115169048309326
0.958949089050293
0.9204116463661194
0.9452685713768005
0.9153749942779541
0.9528160095214844
0.9387021064758301
0.9674380421638489
0.8517301678657532
0.9403497576713562
0.9204274415969849
0.9599449634552002
0.9423821568489075
0.8672139048576355
0.9998558759689331
0.934228241443634
0.9415189027786255
0.9367532134056091
0.8905131220817566
0.9426714181900024
0.8274375796318054
0.9057092666625977
0.9097596406936646
0.8801832795143127
0.9105955362319946
0.8799915909767151
0.9640005230903625
0.9322079420089722
0.983216404914856
0.950751781463623
0.9207075834274292
0.9355331659317017
0.9194911122322083
0.905193567276001
0.9514598846435547
0.8652162551879883
0.8891530632972717
0.9169356822967529
0.8848233222961426
0.9935095310211182
0.9220533967018127
0.8821700215339661
0.9061385989189148
0.9161531329154968
0.9145061373710632
0.9922325611114502
0.9019112586975098
0.9642350077629089
0.948340892791748
0.9449245929718018
0.9443835616111755
0.96338951587677
0.9751531481742859
0.9139590859413147
0.8987146615982056
0.9099432826042175
1.0000216960906982
0.9209416508674622
0.8970609903335571
0.9657363891601562
0.9452760219573975
0.9837381839752197
0.8284063339233398
0.9123470187187195
0.9027463793754578
0.9421096444129944
0.946539580821991
0.8987101316452026
0.8709901571273804
0.8879918456077576
0.8872585296630859
0.8926615118980408
0.9325204491615295
0.87054842710495
0.9519457817077637
0.9249691367149353
0.9512418508529663
0.9999992847442627
0.9497721791267395
0.9580046534538269
0.919526219367981
0.8959084153175354
0.883337140083313
0.9702926874160767
0.930658757686615
0.9597573280334473
0.947157084941864
0.9823051691055298
0.9761483073234558
0.8506195545196533
0.9338309168815613
0.9347583651542664
0.9303183555603027
0.9086924195289612
0.9441748857498169
0.8796951174736023
0.8902057409286499
0.9915196299552917
0.946340799331665
0.9764096140861511
0.8832361698150635
0.9294759631156921
0.9068623781204224
0.9025123715400696
0.9196131825447083
0.9396852254867554
0.9036208987236023
0.964231014251709
0.9383062720298767
0.902683675289154
0.966238260269165
0.9461638331413269
0.9110589027404785
0.942501962184906
0.8570467233657837
0.9422764778137207
0.9525168538093567
0.984239399433136
0.9448599219322205
0.8764545321464539
0.8421435952186584
0.9455506801605225
1.0000286102294922
0.9354960322380066
0.9338020086288452
0.9444714188575745
0.9089450836181641
0.9158737659454346
0.9388689994812012
0.9315827488899231
0.963250458240509
0.9520801305770874
0.9493877291679382
0.8945082426071167
0.9019449353218079
0.8844099640846252
0.9441849589347839
1.0
0.9702908396720886
0.924603283405304
0.9426863789558411
0.8981061577796936
0.8716213703155518
0.8935466408729553
0.9161649346351624
0.8559991121292114
0.9434849619865417
0.9120445847511292
0.9431172609329224
0.9414045810699463
0.8542759418487549
0.8964635729789734
0.8871299624443054
0.8491239547729492
0.9369619488716125
0.9233226776123047
0.8393785357475281
0.9728938341140747
0.9728938341140747
0.9625380635261536
0.9723262190818787
0.8928375840187073
0.8610213398933411
0.9606491327285767
0.8571244478225708
0.908806324005127
0.9426565766334534
0.8717674612998962
0.9511305093765259
0.930268406867981
0.8994731307029724
0.8984122276306152
0.9149211049079895
0.9126948118209839
0.970159113407135
0.9538835883140564
0.8856241703033447
1.0000038146972656
0.9003790020942688
0.9465261697769165
0.9048734307289124
0.9282785654067993
0.9431690573692322
0.9487972259521484
0.9327415823936462
0.9025001525878906
0.8807875514030457
0.9010001420974731
0.9467534422874451
0.910930335521698
0.8843634128570557
0.9386702179908752
0.8768079876899719
0.9385309219360352
0.9999692440032959
0.8596943616867065
0.9573801755905151
0.945803165435791
0.8664793372154236
0.8695316910743713
0.951714277267456
0.9585456252098083
0.917868971824646
0.9016181826591492
0.8628948926925659
0.8570303320884705
0.9655481576919556
0.884100079536438
0.8965100646018982
0.9429144263267517
0.9142287373542786
0.983858585357666
0.9297645688056946
0.8954641222953796
0.9459347128868103
0.8557713031768799
0.9471922516822815
0.9688612222671509
1.0000649690628052
0.981284499168396
0.8973879218101501
0.9344346523284912
0.8757999539375305
0.8665732741355896
0.8946004509925842
0.8745968341827393
0.9114203453063965
0.9519676566123962
0.9212282299995422
0.908075749874115
0.9068450927734375
0.9570736289024353
0.8858493566513062
0.9349825978279114
0.9035364985466003
0.9406002163887024
0.9384570121765137
0.9940884113311768
0.8858662843704224
0.9222845435142517
0.9167032837867737
0.9077401161193848
0.8693915605545044
0.8476497530937195
0.9576466679573059
0.9768128395080566
0.9178781509399414
0.9158039689064026
0.9273841977119446
0.8622397184371948
0.8760120868682861
0.9417969584465027
0.9387746453285217
0.9353275299072266
0.9169566035270691
0.9882604479789734
0.8744766116142273
0.8892866373062134
0.910334587097168
0.9247373938560486
0.9329198002815247
0.8800544738769531
0.9291596412658691
0.9297600388526917
0.908741295337677
0.8973031640052795
0.895092248916626
0.9869574904441833
0.9715323448181152
0.8505645394325256
0.9349589943885803
0.9456337690353394
0.9108020663261414
0.9025242328643799
0.9662430286407471
0.8690816164016724
0.9161862134933472
0.9418849945068359
0.9252523183822632
0.9297652244567871
0.9405092000961304
0.8784584999084473
0.9747477173805237
0.9492644667625427
0.9371632933616638
0.9290406703948975
0.9521942138671875
0.9168580174446106
0.8660068511962891
0.9401732087135315
0.9381147623062134
0.9752420783042908
0.9739582538604736
0.9486339092254639
0.9080811142921448
0.9492518901824951
0.9293339252471924
0.9030137658119202
0.9062145948410034
0.8522583842277527
0.9275654554367065
0.9618454575538635
0.9601894617080688
0.9410426020622253
0.8839846849441528
0.9468657970428467
0.9069280028343201
0.9386880397796631
0.9531452655792236
0.967750072479248
0.8871288895606995
0.890824556350708
0.8195025324821472
0.8809443712234497
0.9078409671783447
0.9829611778259277
0.9203339219093323
0.8589745759963989
0.9326733946800232
0.9174563884735107
0.9046237468719482
0.9086511135101318
0.8784992098808289
0.9040510058403015
0.9541388750076294
0.8728855848312378
0.9054344296455383
0.9554222822189331
1.0000457763671875
0.9169043898582458
0.8954793214797974
0.9060845375061035
0.859070897102356
0.9160099625587463
0.9223745465278625
0.949307918548584
0.921716034412384
0.9574491381645203
0.9074389934539795
0.8728792071342468
0.9247114658355713
0.9324371218681335
0.8895589113235474
0.8414297103881836
0.9939357042312622
0.9671407341957092
0.9749249219894409
0.942305862903595
0.945883572101593
0.8309425711631775
0.9424976706504822
0.9508775472640991
0.940871000289917
0.9493242502212524
0.9522719383239746
0.9518993496894836
0.8955780267715454
0.8923074007034302
0.9856622219085693
0.9640209078788757
0.9426635503768921
0.918445885181427
0.849049985408783
0.8745723962783813
0.9561590552330017
0.9718608260154724
0.9259167909622192
0.9162071943283081
0.9526163339614868
0.90159672498703
0.8985686898231506
0.8587548732757568
0.9276214241981506
0.9487824440002441
0.9808764457702637
0.9110423922538757
0.9199962019920349
0.9275369644165039
0.9359416961669922
0.9579765796661377
0.9037526845932007
0.9302753806114197
0.9279332160949707
0.8995917439460754
0.9464923739433289
0.876494824886322
0.8663866519927979
0.8776025176048279
0.9413508176803589
0.9539644122123718
0.960713267326355
0.8314825296401978
0.8658592104911804
0.9409606456756592
0.9143441319465637
0.9160884618759155
0.9171644449234009
0.9616243243217468
0.868743360042572
0.9085874557495117
0.9524164795875549
0.9519197344779968
0.9855155944824219
0.8698325753211975
0.9038385152816772
0.9479476809501648
0.9326545000076294
0.8745702505111694
0.940010666847229
0.8320084810256958
0.928340494632721
0.9799968004226685
0.889327347278595
0.8561532497406006
0.891708254814148
0.8948192000389099
0.9382278919219971
0.8953649997711182
0.9313981533050537
0.9659714102745056
0.8876639604568481
0.9015464782714844
0.9047130942344666
0.8766135573387146
0.7993946671485901
0.9329584836959839
0.9850353598594666
0.9302815794944763
0.8858374357223511
0.9072282910346985
0.8902372121810913
0.9489341378211975
0.9537203311920166
0.9068829417228699
0.9183969497680664
0.98619544506073
0.9639255404472351
0.9588407278060913
0.8970927596092224
0.8977547883987427
0.9263623356819153
0.9447962045669556
0.9247986674308777
0.9072676301002502
0.8884388208389282
0.9391732215881348
0.9227756857872009
0.9239584803581238
0.9123802185058594
0.923566460609436
0.9605957865715027
0.8983484506607056
0.9361451864242554
0.9592582583427429
0.9477137923240662
0.9459370970726013
0.860763669013977
0.8768414258956909
0.8828984498977661
0.8597395420074463
0.942343533039093
0.9874851703643799
0.9516047835350037
0.8966870307922363
0.9552685022354126
0.9522036910057068
0.9431737065315247
0.9439330101013184
0.9790531992912292
0.902852475643158
0.9080811142921448
0.9348043203353882
0.8943246603012085
0.8305528163909912
0.974686324596405
0.9797506332397461
0.8701305389404297
0.9518401026725769
0.9285377860069275
0.9271079301834106
0.9207183122634888
0.9523995518684387
0.9306652545928955
0.9328513145446777
0.932938814163208
0.8976359367370605
0.9401298761367798
0.8948866724967957
0.8622997403144836
0.9078088998794556
0.9641559720039368
1.0000431537628174
0.9005615711212158
0.8852145671844482
0.9355534911155701
0.8758253455162048
0.9272704124450684
0.9411993622779846
0.9314327239990234
0.9344950318336487
0.8823122978210449
0.8759693503379822
0.8786171674728394
1.0
0.9189575910568237
0.9772389531135559
0.9636690616607666
0.8781537413597107
0.938706636428833
0.956427276134491
0.9438350796699524
0.9208883047103882
0.8914307355880737
0.8882710933685303
0.904949963092804
0.9346211552619934
0.947120189666748
0.8516088724136353
0.9392192959785461
0.9817662239074707
0.8916900753974915
0.913237452507019
0.8722514510154724
0.9525238871574402
0.7800789475440979
0.9308061599731445
0.8867761492729187
0.8930372595787048
0.940154492855072
0.907275915145874
0.9431414604187012
0.9331322908401489
0.9230191707611084
0.8930550217628479
0.8599181771278381
0.8809247612953186
0.9072479605674744
0.9060938954353333
0.8889734148979187
0.9301111698150635
0.916200578212738
0.919961154460907
0.9031866788864136
0.9088250398635864
0.9521066546440125
0.8021748661994934
0.9597948789596558
0.9127814173698425
0.882922887802124
0.8706554174423218
0.9529409408569336
0.9293830394744873
0.9306543469429016
0.9158070683479309
0.8890870213508606
0.9634681940078735
0.9351089596748352
0.9011104702949524
0.8156300783157349
0.8140947222709656
0.8882576823234558
0.8774778842926025
0.9003518223762512
0.8714895248413086
0.9189064502716064
0.8490025997161865
0.9024989604949951
0.8802769184112549
0.9249837398529053
0.9562246799468994
0.9170882105827332
0.8558278679847717
0.9119136333465576
0.900465190410614
0.9182202816009521
0.9168726801872253
0.9514155387878418
0.884800374507904
0.8964253664016724
0.9273653030395508
0.9789998531341553
0.9200651049613953
0.8984165191650391
0.9246575236320496
0.8723565936088562
0.849766731262207
0.8959313631057739
0.8661060333251953
0.9301927089691162
0.9198535084724426
0.8869885206222534
0.9179007411003113
0.9495764970779419
0.9675089120864868
0.8639842867851257
0.9080711603164673
0.8906768560409546
0.9217320680618286
0.903788149356842
0.856799840927124
0.9836167097091675
0.8959018588066101
0.9542160630226135
0.9547863602638245
0.8895630240440369
0.992270827293396
0.9342991709709167
0.9113402962684631
0.8749034404754639
0.8871825933456421
0.876217782497406
0.9290646910667419
0.9166247248649597
0.8889146447181702
0.909782886505127
0.829430341720581
0.938330352306366
0.8891854286193848
0.934794008731842
0.8686397075653076
0.895612895488739
0.8852684497833252
0.9690913558006287
0.9438835382461548
0.9089435338973999
0.9905145168304443
0.9790415167808533
0.901915431022644
0.9364922046661377
0.9385755062103271
0.9292354583740234
0.9427633285522461
0.9357960820198059
0.9607468247413635
0.9681997895240784
0.9460108280181885
0.862764835357666
0.951301634311676
0.8733443021774292
0.9055402278900146
0.9598499536514282
0.8493707180023193
0.8914444446563721
0.9238613843917847
0.8991413116455078
0.9091516137123108
0.9137557148933411
0.8095055818557739
0.9170490503311157
0.864597499370575
0.8876603245735168
0.9660977125167847
0.8884792327880859
0.8965499401092529
0.9239513874053955
0.9024407267570496
0.8818916082382202
0.880996823310852
0.9539884328842163
0.9181728959083557
0.9355650544166565
0.9388810992240906
0.9027640223503113
0.9442612528800964
0.9207181334495544
0.9068795442581177
0.9210242033004761
0.9430893063545227
0.8594889044761658
0.9123319983482361
0.8966425657272339
0.8977194428443909
0.9279327392578125
0.9265841841697693
0.8683395385742188
0.8772850036621094
0.9024838805198669
0.9226974844932556
0.9167482256889343
0.9293874502182007
0.9133123159408569
0.8718911409378052
0.9198560118675232
0.9132465124130249
0.8877555131912231
0.9172505736351013
0.9252294898033142
0.918485701084137
0.9074767231941223
0.9201909303665161
0.9164840579032898
0.8663823008537292
0.9226855635643005
0.9274529218673706
0.8755306005477905
0.8910790681838989
0.8591447472572327
0.9275863170623779
0.9055036306381226
0.8911339640617371
0.9175336956977844
0.9208561778068542
0.905425488948822
0.8298695683479309
0.972084641456604
0.9496920704841614
0.9000000953674316
0.9313928484916687
0.960814893245697
0.9475418925285339
0.9623295068740845
0.8701372146606445
0.9999709725379944
0.9257530570030212
0.9078661799430847
0.8925594091415405
0.9709987044334412
0.9388489723205566
0.9371562004089355
0.8873494267463684
0.9318892955780029
0.8476425409317017
0.8938918113708496
0.89716637134552
0.9197729825973511
0.9275224208831787
0.8738582730293274
0.9290074706077576
0.9188563227653503
0.8919618725776672
0.920626699924469
0.8445548415184021
0.843033492565155
0.8746725916862488
0.8653525710105896
0.94382643699646
0.9288134574890137
0.8931048512458801
0.8756957054138184
0.9256603717803955
0.8913326859474182
0.9488592147827148
0.8766466975212097
0.9252954721450806
0.9541293978691101
0.9009691476821899
0.9423919916152954
0.91399747133255
0.8881615996360779
0.9615756869316101
0.8437844514846802
0.9307348728179932
0.8236450552940369
0.951433002948761
0.892703652381897
0.9593651294708252
0.8922971487045288
0.8960311412811279
0.8846695423126221
0.8587988615036011
0.8358575701713562
0.929496705532074
0.8434193134307861
0.9760286211967468
0.8762446641921997
0.887423574924469
0.9003238677978516
0.987331748008728
0.9381470084190369
0.9938260316848755
0.9031758904457092
0.8608579039573669
0.9399628639221191
0.9182022213935852
0.901154637336731
0.9065872430801392
0.916231095790863
0.9072408676147461
0.9597732424736023
0.9044013619422913
0.8746562600135803
0.8554375171661377
0.9282559156417847
0.9081553816795349
0.8755393624305725
0.9104287624359131
0.921422004699707
0.9048547148704529
0.8458686470985413
0.8648723363876343
0.9042988419532776
0.947903037071228
0.8425295948982239
0.9384127259254456
0.8800415992736816
0.9181005954742432
0.8550311326980591
0.9026602506637573
0.9741888642311096
0.8266194462776184
0.9180223941802979
0.982293426990509
0.8564898371696472
0.9209527373313904
0.8523514270782471
0.8752322196960449
0.8733934164047241
0.9219607710838318
0.9085603356361389
0.9736010432243347
0.9584742188453674
0.8933067321777344
0.9456213712692261
0.8355472683906555
0.9112979769706726
0.940849244594574
0.8706390857696533
0.8984441757202148
0.8925705552101135
0.8828654289245605
0.9149567484855652
0.939407467842102
0.8980568051338196
0.8661075830459595
0.7743096351623535
0.9038963913917542
0.8764821290969849
0.8798179626464844
0.9018344879150391
0.9875439405441284
0.9396519064903259
0.8685087561607361
0.959749698638916
0.8971841931343079
0.9348130822181702
0.981971800327301
0.927243709564209
0.9684455394744873
0.892816960811615
0.8194734454154968
0.9242156147956848
0.8646382093429565
0.8979043364524841
0.8893768787384033
0.8999274373054504
0.8777315020561218
0.8995456099510193
0.9174423217773438
0.934086263179779
0.9827069640159607
0.8749899864196777
0.9550063014030457
0.9247669577598572
0.9438331127166748
0.9337503910064697
0.9199519157409668
0.8843743801116943
0.9591867923736572
0.8955473303794861
0.913804292678833
0.9803464412689209
0.9334378838539124
0.9479723572731018
0.9129111766815186
0.9504121541976929
0.88178551197052
0.8983455896377563
0.912432849407196
0.8666389584541321
0.8562366962432861
0.9366247653961182
0.9071126580238342
0.9427851438522339
0.8804092407226562
0.9086779356002808
0.8961439728736877
0.8756645917892456
0.930227518081665
0.8934654593467712
0.9432529807090759
0.8996440172195435
0.9784303903579712
0.9137730598449707
0.8868718147277832
0.9298132658004761
0.9480890035629272
0.8844236731529236
0.955167829990387
0.9352366328239441
0.9156051874160767
0.9602034091949463
0.8409590125083923
0.83563631772995
0.9340965747833252
0.9023758172988892
0.8434449434280396
0.9084146618843079
0.9507821798324585
0.9039264917373657
0.8871981501579285
0.9235166907310486
0.938904345035553
0.9705910682678223
0.8637688159942627
0.9198138117790222
0.9403789639472961
0.8879442811012268
0.9119724035263062
0.9404146671295166
0.9881778955459595
0.92047119140625
0.8340872526168823
0.8803164958953857
0.9084579348564148
0.9210364818572998
0.8907065987586975
0.8696853518486023
0.8795903921127319
0.8125553131103516
0.8707603216171265
0.9095311164855957
0.9178178310394287
0.9312926530838013
0.9108297228813171
0.8894299268722534
0.9411796927452087
0.8938737511634827
0.8771408200263977
0.8973385691642761
0.935715913772583
0.9203270673751831
0.9648258090019226
0.9546055197715759
0.9360466599464417
0.8743830323219299
0.9658818244934082
0.8872079849243164
0.8944591283798218
0.8398231863975525
0.9096860289573669
0.8380851149559021
0.9517115354537964
0.8622371554374695
0.9162871837615967
0.8737210631370544
0.9877983927726746
0.9198306798934937
0.9254971742630005
0.924231231212616
0.9225795865058899
0.9415808916091919
0.9037557244300842
0.9537743330001831
0.9067747592926025
0.8979676365852356
0.8700052499771118
0.8974211812019348
0.9038820862770081
0.8911322951316833
0.8821726441383362
0.9318795800209045
0.8864777684211731
0.8471460938453674
0.8889557719230652
0.8752253651618958
0.9289408922195435
0.9599689245223999
0.9109004139900208
0.8561945557594299
0.8428202271461487
0.8925681710243225
0.8598666787147522
0.925049364566803
0.8577269315719604
0.8649380803108215
0.9007253050804138
0.9433515667915344
0.9117588996887207
0.9085181355476379
0.9074841141700745
0.938605785369873
0.898420512676239
0.9543567895889282
0.8903430700302124
0.9231181144714355
0.9113373756408691
0.9644401669502258
0.9125455617904663
0.8482221364974976
0.9557265639305115
0.9155870079994202
0.8651595115661621
0.877261757850647
0.871823787689209
0.9522263407707214
0.9507818818092346
0.9225346446037292
0.8566082715988159
0.9129260182380676
0.8672050833702087
0.8778494000434875
0.9135342836380005
0.9286802411079407
0.8800190091133118
0.9544620513916016
0.9059685468673706
0.8908911347389221
0.9236378073692322
0.9047607779502869
0.9215372204780579
0.9014692902565002
0.8620020151138306
0.9311437606811523
0.9447282552719116
0.9688181281089783
0.9271946549415588
0.9286870956420898
0.8978530764579773
0.8549041152000427
0.9230918884277344
0.9004759788513184
0.8854770660400391
0.8918519020080566
0.9946774244308472
0.8898926377296448
0.9378018379211426
0.841486930847168
0.8830437064170837
0.8726164102554321
0.9508562088012695
0.9222360849380493
0.8991162776947021
0.9485280513763428
0.8490095734596252
0.8583739995956421
0.8985143899917603
0.947804868221283
0.9681565165519714
0.9380007982254028
0.8945043683052063
0.9065164923667908
0.8873258233070374
0.8785255551338196
0.871421217918396
0.9431719183921814
0.8649728298187256
0.8573359847068787
0.9066407680511475
0.8640051484107971
0.9360666275024414
0.968419075012207
0.9256274700164795
0.9148123860359192
0.9016258716583252
0.9109777212142944
0.9136801362037659
0.8904894590377808
0.9462151527404785
0.9268522262573242
0.8401239514350891
0.9255410432815552
0.8808024525642395
0.825745701789856
0.9116866588592529
0.9568594098091125
0.8674855828285217
0.8731132745742798
0.8633419871330261
0.8965141773223877
0.9266466498374939
0.8972699046134949
0.8994853496551514
0.9757601618766785
0.93692946434021
0.9807134866714478
0.863893985748291
0.8976040482521057
0.939142644405365
0.9706613421440125
0.8771166205406189
0.9457167387008667
0.9162392616271973
0.9080466032028198
0.8472098112106323
0.8936273455619812
0.875124990940094
0.923010528087616
0.9320991039276123
0.9258582592010498
0.9717000722885132
0.9425414204597473
0.9495242238044739
0.9502524733543396
0.9491711854934692
0.8860332369804382
0.9385531544685364
0.921334445476532
0.9045180082321167
0.9709970951080322
0.9315956830978394
0.9271392226219177
0.919819712638855
0.8815004229545593
0.9559393525123596
0.9246973395347595
0.8928423523902893
0.8754366636276245
0.9157755970954895
0.9419234991073608
0.9803159832954407
0.9153322577476501
0.9180690050125122
0.8947283625602722
0.9430660605430603
0.9304436445236206
0.9480448365211487
0.9368405342102051
0.9259230494499207
0.8886151313781738
0.9081093072891235
0.9729869961738586
0.968921959400177
0.9870657920837402
0.9251270294189453
0.9232137799263
0.9061199426651001
0.9124200940132141
0.9329027533531189
0.9465234279632568
0.8968678116798401
0.9294224381446838
0.9415030479431152
0.900089681148529
0.9406796097755432
0.8983320593833923
0.9382299184799194
0.9120298027992249
0.9292516708374023
0.9452952742576599
0.9163236021995544
0.9455598592758179
0.945296585559845
0.9208933711051941
0.9427658319473267
1.0000410079956055
0.9538587927818298
0.8404120802879333
0.9013367295265198
0.9454492330551147
0.883833646774292
0.9206508994102478
0.9506762623786926
0.9113601446151733
0.9488917589187622
0.9811902642250061
0.9811902642250061
0.9662688970565796
0.9622907042503357
0.8756248950958252
0.9753148555755615
0.9756021499633789
0.932935357093811
0.9514265656471252
0.9724575877189636
0.932184100151062
0.9271146059036255
0.9574012756347656
0.935483992099762
0.9133851528167725
0.8924492597579956
0.9742059707641602
0.9844188094139099
0.9112846851348877
0.909702479839325
0.9719519019126892
0.9302045106887817
0.9388588070869446
0.8585978746414185
0.9487833380699158
0.9494577050209045
0.9414982199668884
0.9555591344833374
0.8886578679084778
0.9449583292007446
0.9626514911651611
0.8661224246025085
0.9270541071891785
0.947869598865509
0.9486258029937744
0.957957923412323
0.9169891476631165
0.9233146905899048
0.9185020327568054
0.928719699382782
0.9315678477287292
0.9290214776992798
0.9469698071479797
0.9676486253738403
0.972288191318512
0.9480189085006714
0.9558836221694946
0.9251822829246521
0.9389004707336426
0.9577139616012573
0.9170026183128357
0.9221934676170349
0.9744338393211365
0.9425963163375854
0.9110653400421143
0.9068576693534851
0.9110653400421143
0.9341307878494263
0.907698392868042
0.9706318974494934
0.9399929046630859
0.9773001074790955
0.9598258137702942
0.9348148107528687
0.9999611377716064
0.9259744882583618
0.9371095299720764
0.9360328316688538
0.9309011101722717
0.9312689304351807
1.0000778436660767
0.8652973175048828
0.8867799043655396
0.8925230503082275
0.8972571492195129
0.9558238983154297
0.9300315380096436
0.9086436629295349
0.8889496922492981
0.9291844367980957
0.9595110416412354
0.9575405716896057
0.9164811968803406
0.9275268316268921
0.9419750571250916
0.9999959468841553
0.9753689765930176
0.9584916234016418
0.9676045775413513
0.9378990530967712
0.9214362502098083
0.960441529750824
0.9405120015144348
0.9552853107452393
0.9346936345100403
0.9546535611152649
0.9030563831329346
0.9325835108757019
0.9031305909156799
0.9552348256111145
0.9335631728172302
0.9365353584289551
0.9325783848762512
0.9421716928482056
0.9367287755012512
0.9536888003349304
0.9401499032974243
0.9342154860496521
0.9839515686035156
0.9895486235618591
0.9397729635238647
0.9157086610794067
0.9326643347740173
0.9161795973777771
1.0000227689743042
0.9396364688873291
0.9881123900413513
0.9763826131820679
0.9390469789505005
0.9018579721450806
0.9215471148490906
0.9171377420425415
0.9069067239761353
0.9829880595207214
0.9237567782402039
0.9237099885940552
0.946797788143158
0.9658164381980896
0.9292716383934021
0.8643589019775391
0.9078093767166138
0.9507970213890076
0.9244644641876221
0.88426673412323
0.9686761498451233
0.874545156955719
0.9378215074539185
0.9174173474311829
0.9972918033599854
0.894340991973877
0.8795002698898315
0.9230680465698242
0.9774073362350464
0.9358372688293457
0.9314218163490295
0.8176240921020508
0.8921217322349548
0.9275771379470825
0.9442635774612427
0.9046680927276611
0.9160375595092773
0.9313527345657349
0.9108532667160034
0.943344235420227
0.9435926675796509
0.9332788586616516
0.9313657879829407
0.9478320479393005
0.9709120988845825
0.8983086347579956
0.8888276815414429
0.9167112708091736
0.9019048810005188
0.900550365447998
0.9001297354698181
0.9778890609741211
0.9668557643890381
0.9613884687423706
0.9407193660736084
0.9336562156677246
0.9519680142402649
0.9333705306053162
0.940945029258728
0.9873462915420532
0.9049237370491028
0.8846784830093384
0.8965297937393188
0.9043275713920593
0.9364016652107239
0.9478666186332703
0.9253960251808167
0.9543580412864685
0.8969590663909912
0.9470412135124207
0.9297479391098022
0.8868276476860046
0.9405266046524048
0.92911297082901
0.8919504880905151
0.9058845639228821
0.9453596472740173
0.9766149520874023
0.9415154457092285
0.9222421050071716
0.9057684540748596
0.9815094470977783
0.9356717467308044
0.9790865778923035
0.9288813471794128
0.9351521730422974
0.8694535493850708
0.9260340929031372
0.9129501581192017
0.9592383503913879
1.0000137090682983
0.9846471548080444
0.9654815196990967
0.8957776427268982
0.9393774271011353
0.9319385290145874
0.9543411731719971
0.9433971047401428
0.8421880006790161
0.9054858088493347
0.8938403725624084
0.8976374864578247
0.8784417510032654
0.954197108745575
0.8889826536178589
0.9112895727157593
0.866777777671814
0.8924283981323242
0.9330435395240784
0.9408376812934875
0.9716407060623169
0.9108915328979492
0.9583736062049866
0.9224504828453064
0.9218634366989136
0.8606671094894409
0.9464512467384338
0.9736868143081665
0.9709649085998535
0.9849047064781189
0.9672268033027649
0.9737375378608704
0.9475235342979431
0.9046350121498108
0.9479314684867859
0.9556929469108582
0.8897475600242615
0.9509169459342957
0.8933627009391785
0.8789892196655273
0.8973842859268188
0.8945015072822571
0.9427059292793274
0.9004227519035339
0.9519069194793701
0.8605712652206421
0.9304371476173401
0.8818372488021851
0.9615387916564941
0.927972674369812
0.922316312789917
0.9344379901885986
0.9270651936531067
0.8991904854774475
0.8921582698822021
0.9095916748046875
0.9131948351860046
0.9419224858283997
0.9734877943992615
0.8978184461593628
0.9019370675086975
0.9767693281173706
0.9049047231674194
0.9516016840934753
0.8727512359619141
0.8532674312591553
0.9465494155883789
0.9056283831596375
0.9450002908706665
0.9341451525688171
0.8854367136955261
0.9257712960243225
0.9282726049423218
0.9693432450294495
0.9326465129852295
0.956762433052063
0.9999725818634033
0.8679895401000977
0.9206067323684692
0.9690940380096436
0.954578161239624
0.9573109745979309
0.9408082365989685
0.9447810649871826
0.9200259447097778
0.9239922165870667
0.9003468751907349
0.8861619234085083
0.9753171801567078
0.9055699110031128
0.9402598738670349
0.8682671785354614
0.9657931327819824
0.9031141400337219
0.8154302835464478
0.9819064736366272
0.9823428392410278
0.9278063178062439
0.8900337219238281
0.9106413125991821
0.9173328280448914
0.9196896553039551
0.9349960684776306
0.9351064562797546
0.9457762241363525
0.94419264793396
0.9355372786521912
0.917977511882782
0.8657916784286499
0.900535523891449
0.954759418964386
0.9396988749504089
0.92132568359375
0.9763570427894592
0.8860506415367126
0.9219471216201782
0.9372274279594421
0.9078167676925659
0.9957375526428223
0.9999774694442749
0.9862480163574219
0.9161610007286072
0.9174767136573792
0.9581983089447021
0.9918149709701538
0.9808520078659058
0.9100238084793091
0.9181572794914246
0.9231542944908142
0.9587084054946899
0.9332661628723145
0.9695054292678833
0.9687698483467102
0.9070303440093994
0.8824145793914795
0.9599599242210388
0.9697895646095276
0.9384045600891113
0.9105995297431946
0.964272677898407
0.8826960325241089
0.9806450009346008
0.9332064986228943
0.9037941098213196
0.8114453554153442
0.9189136624336243
0.9068465232849121
0.9170457124710083
0.902492105960846
0.8857026696205139
0.9710410833358765
0.9838694334030151
0.8836952447891235
0.980712354183197
0.9177880883216858
0.9518459439277649
0.9561059474945068
0.9281105399131775
0.8952088952064514
0.871699869632721
0.9832488894462585
0.9296780824661255
0.9577676653862
0.8957713842391968
0.9850403666496277
0.9467729926109314
0.9148594737052917
0.9347545504570007
0.9097517728805542
0.9332981109619141
0.9719991683959961
0.916759192943573
0.9439262747764587
0.9312965273857117
0.9095852971076965
0.9072444438934326
0.8911119699478149
0.8740197420120239
0.9473161101341248
0.9068018198013306
0.9360966086387634
0.9109750390052795
0.9110153317451477
0.9339179992675781
0.9389775991439819
0.8859322667121887
0.913479208946228
0.9431731104850769
0.9648686051368713
0.9636576771736145
0.8961889147758484
0.9727086424827576
0.9406847357749939
0.9795544147491455
0.8994923233985901
0.9083564877510071
0.9587891101837158
0.9013823866844177
0.8950708508491516
0.9226844906806946
0.9085274338722229
0.941734790802002
0.9351914525032043
0.9453799724578857
0.9534995555877686
0.9433484077453613
0.8954015970230103
0.8635342717170715
0.9063752889633179
0.9205095171928406
0.9295021891593933
0.9295471906661987
0.8360984921455383
0.9443509578704834
0.9248553514480591
0.9420520663261414
0.8437648415565491
0.9496310949325562
0.9310149550437927
0.9196706414222717
0.8443759679794312
0.9438599944114685
0.9611092209815979
0.9006789922714233
0.9443092346191406
0.9374605417251587
0.9032256007194519
0.9004941582679749
0.9143912196159363
1.0
0.9504166841506958
0.9461964964866638
0.9376685619354248
0.9402875304222107
0.9565688371658325
0.9042867422103882
0.8687240481376648
0.9234973192214966
0.8635607361793518
0.9139283299446106
1.0
1.0
0.9262763857841492
0.9360026121139526
0.9237433075904846
0.9141303300857544
0.9675260186195374
0.9086280465126038
0.9470574855804443
0.9035643935203552
0.9387919902801514
0.9613841772079468
0.9518766403198242
0.937798798084259
0.8776388764381409
0.9456294775009155
0.9510423541069031
0.9262605905532837
0.9297031760215759
0.9661358594894409
0.8998843431472778
0.9411709308624268
0.9380893707275391
0.9330902695655823
0.9131712317466736
0.8600724339485168
0.9449818730354309
0.955613374710083
0.8833416700363159
0.9325058460235596
0.9532425999641418
0.9871865510940552
0.8971940875053406
0.9999510049819946
0.9411569833755493
0.9139805436134338
0.9067825078964233
0.9632908701896667
0.9334303140640259
0.9203051924705505
0.9595578908920288
0.9828709363937378
0.9253480434417725
0.9154282212257385
0.9337329864501953
0.9263167381286621
0.8823561072349548
0.9143655896186829
0.9072571992874146
0.9157366156578064
0.9214029312133789
0.8954896330833435
0.9118149876594543
0.9780982732772827
0.9637444615364075
0.90254145860672
0.9265515208244324
0.8829803466796875
0.9322936534881592
0.9781364798545837
0.901631772518158
0.9187008738517761
0.9563798308372498
0.9723420143127441
0.941274881362915
0.9807142019271851
0.906075656414032
0.9077930450439453
0.8835652470588684
0.9999955892562866
0.9140828847885132
0.9553604125976562
1.0000343322753906
0.9863603115081787
0.9256923794746399
0.8472625017166138
0.9089359641075134
0.9305335879325867
0.9202399849891663
0.9696530103683472
0.9275177717208862
0.9082662463188171
0.9714763760566711
0.9408994913101196
0.9286447167396545
0.9133115410804749
0.9182054996490479
0.9142264723777771
0.9478438496589661
0.9478438496589661
0.9084476828575134
0.8810539245605469
0.9229007959365845
0.9176206588745117
0.941166341304779
0.9319417476654053
0.9439583420753479
1.0
0.9483196139335632
0.9232185482978821
0.9137820601463318
0.9772578477859497
0.8770052194595337
0.9338492751121521
0.9180972576141357
0.9278233647346497
0.9749139547348022
0.9447676539421082
0.8923786282539368
0.9342417120933533
0.9033263921737671
0.8961641788482666
0.948752224445343
0.8949912786483765
0.9294022917747498
0.8858652114868164
0.9384810924530029
0.9356091022491455
0.9106810092926025
0.9041511416435242
0.9428800344467163
0.9190444946289062
0.958513081073761
0.9343643188476562
0.9469863772392273
0.8619440793991089
0.8915310502052307
0.9100943207740784
0.9222456216812134
0.9139543771743774
0.9123600721359253
0.9603332281112671
0.8958332538604736
0.9038733839988708
0.9317152500152588
0.9347419738769531
0.9344626069068909
0.9243236780166626
0.9108137488365173
0.9250075221061707
0.8907281160354614
0.9143063426017761
0.9481067657470703
0.9212948083877563
0.9086138606071472
0.9393492341041565
0.8520404100418091
0.9104241728782654
0.9337294697761536
0.9473180770874023
0.8656634092330933
0.9451196193695068
0.9928582310676575
0.9145358800888062
0.8943297863006592
0.9090136885643005
0.9176064133644104
0.9245635867118835
0.9501409530639648
0.9633619785308838
0.9428060054779053
0.8654031157493591
0.8906872868537903
0.9339370131492615
0.8610125184059143
0.8609598875045776
0.8897098898887634
0.9383307695388794
0.9147316813468933
0.9505666494369507
0.9053143858909607
0.9125769734382629
0.9521852135658264
0.9564112424850464
0.9140563607215881
0.910112202167511
0.9260914921760559
0.9998791217803955
0.9734686613082886
0.90807044506073
0.9736899733543396
0.9674872756004333
0.9402565360069275
0.8882628679275513
0.9218882322311401
0.9403624534606934
0.8619204163551331
0.8741095662117004
0.9511237740516663
0.929660975933075
0.897658109664917
0.9269118309020996
0.8626850247383118
0.902829647064209
0.8884162902832031
0.9213053584098816
0.9511317610740662
0.908769428730011
0.9284337759017944
0.9174748063087463
0.8744426965713501
0.9570697546005249
0.9119450449943542
0.902862548828125
0.9253074526786804
0.9315282702445984
0.920171856880188
0.9288689494132996
0.9303324222564697
0.9489288926124573
0.9465546607971191
0.9538255929946899
0.9174444675445557
0.9348837733268738
0.9658401012420654
0.9589220881462097
0.9469162821769714
0.9547390341758728
0.9039871096611023
0.8887952566146851
0.9165103435516357
0.9705032110214233
0.8896066546440125
0.9005482196807861
0.9056217670440674
0.9507983326911926
0.8892087936401367
0.9199914336204529
0.9309164881706238
0.9352867603302002
0.9842079877853394
0.9706485271453857
0.8437543511390686
0.9270246028900146
0.9280994534492493
0.9591637849807739
0.9458017945289612
0.9093079566955566
0.9413198232650757
0.948387086391449
0.8767118453979492
0.9408064484596252
0.945311427116394
0.9504186511039734
0.9314599633216858
0.8918360471725464
0.9383797645568848
0.9411077499389648
0.934033215045929
0.9734435677528381
0.9186352491378784
0.8720349073410034
0.8742257356643677
0.9252787232398987
0.9074773788452148
0.9392885565757751
0.9060841798782349
0.9100478887557983
0.9315102696418762
0.9264826774597168
0.9365342855453491
0.9560312628746033
0.9914752840995789
0.9476511478424072
0.8981045484542847
0.9808334708213806
0.9119395017623901
0.9315664172172546
0.947296679019928
0.9283967018127441
0.9322116374969482
0.9367696046829224
0.9480627775192261
0.8574446439743042
0.8373368978500366
0.9914675951004028
0.9133449792861938
0.9394257068634033
0.9200378060340881
0.9128665924072266
0.8747422695159912
0.8790464401245117
0.9350524544715881
0.8887794017791748
0.9481970071792603
0.9634063839912415
0.8953236937522888
0.9678223133087158
0.9252331256866455
0.9025275111198425
0.8970790505409241
0.924632728099823
0.8924944996833801
0.8968720436096191
0.9463748335838318
0.9035822153091431
0.9262794256210327
0.9648665189743042
0.9244748950004578
0.9274201989173889
0.9498761892318726
0.9032288193702698
0.9665449857711792
0.9564498066902161
0.9164925813674927
0.9016715884208679
0.9072357416152954
0.9778071045875549
0.8488651514053345
0.9273195266723633
0.8953157067298889
0.9587056636810303
0.9234569072723389
0.8877297043800354
0.9624420404434204
0.9294373989105225
0.9277214407920837
0.9747366309165955
0.9095794558525085
0.9317330121994019
0.8374109864234924
0.8919373750686646
0.9322382807731628
0.9273948669433594
0.9241035580635071
0.9094123244285583
0.8901218175888062
0.9341492056846619
0.9397419095039368
0.9203858971595764
0.9703190922737122
0.9467470645904541
0.9003861546516418
0.9655737280845642
0.9172982573509216
0.9530752897262573
0.8897502422332764
0.9278221726417542
0.938495934009552
0.9300100803375244
0.9158679842948914
0.9010699987411499
0.9232563972473145
0.9493837952613831
0.9238494634628296
0.8370400071144104
0.8664492964744568
0.9171130061149597
0.9543963670730591
0.9476980566978455
0.9507741332054138
0.9175168871879578
0.9559432864189148
0.9097742438316345
0.8659915328025818
0.9222010374069214
0.9291383624076843
0.9352434873580933
0.9813797473907471
0.9247696995735168
0.9126236438751221
0.9340134263038635
0.9382452368736267
0.883583664894104
0.8794248700141907
0.9131003022193909
0.8821583390235901
0.92532879114151
0.9440330862998962
0.9355012774467468
0.9461210370063782
0.8879422545433044
0.9187904596328735
0.9218818545341492
0.9282748699188232
0.9276823997497559
0.9197419881820679
0.9586321115493774
0.8710033893585205
0.9175799489021301
0.9736924767494202
0.9187894463539124
0.943481981754303
0.9046162962913513
0.9148377776145935
0.9003541469573975
0.9667701721191406
0.9654409885406494
0.9844608902931213
0.9258531332015991
0.9664598703384399
0.9181875586509705
0.9211379289627075
0.9333364963531494
0.9513110518455505
0.9424173831939697
0.873146116733551
0.9406834840774536
0.9081709384918213
0.8813611268997192
0.9616754055023193
0.9785342216491699
0.9021015167236328
0.9430984854698181
0.9605098962783813
0.976955771446228
0.9282627105712891
0.8940495848655701
0.9118120670318604
0.9226365685462952
0.971649706363678
0.9266715049743652
0.9655225872993469
0.9063796997070312
0.8940285444259644
0.9419659972190857
0.889013409614563
0.944408655166626
0.9514167904853821
0.8982210159301758
0.9196280241012573
0.8818871378898621
0.8685556054115295
0.9307892918586731
0.9711796641349792
0.9164652228355408
0.9342671036720276
0.9197578430175781
0.8681749701499939
0.9247263669967651
0.9085288047790527
0.8263481855392456
0.9080225825309753
0.8870591521263123
0.9206318259239197
0.9358975887298584
0.9284409880638123
0.9434265494346619
0.9566342234611511
0.921294629573822
0.9046640396118164
0.922815203666687
0.9266003370285034
0.8851459622383118
0.8905237317085266
0.9237529635429382
0.9467054605484009
0.8779550790786743
0.9894438982009888
0.9642064571380615
0.9126542210578918
0.9209376573562622
0.9489924907684326
0.8790542483329773
0.9295604825019836
0.8125272393226624
0.9236246347427368
0.9233415722846985
0.8508331775665283
0.8616665005683899
0.8620901703834534
0.9661903977394104
0.8727790713310242
0.9107698202133179
0.8957107067108154
0.9763582944869995
0.9999406933784485
0.8805752992630005
0.9444865584373474
0.9086903929710388
0.8817059993743896
0.9555008411407471
0.911549985408783
0.9635299444198608
0.8945191502571106
0.9260545969009399
0.926242470741272
0.952680766582489
0.8429120182991028
0.8575510382652283
0.9414058923721313
0.8987378478050232
0.8756349682807922
0.8640645146369934
0.9695267081260681
0.9914530515670776
0.9316430687904358
0.955912172794342
0.8836596608161926
0.8949308395385742
0.920232355594635
0.8976050615310669
0.907863199710846
0.9297773241996765
0.9786520600318909
0.9151850938796997
0.882891833782196
0.9713175296783447
0.9024697542190552
0.9119443297386169
0.9402185678482056
0.9293118715286255
0.9718274474143982
0.9494684338569641
0.9999593496322632
0.9677352905273438
0.9224655628204346
0.9081563353538513
0.9172706604003906
0.8962242603302002
0.8947151899337769
0.9701523184776306
0.9848076701164246
0.936768114566803
0.9390456080436707
0.9781741499900818
0.9347721934318542
0.8948251008987427
0.9528967142105103
0.9431313276290894
0.8901243209838867
0.9328593015670776
1.0000098943710327
0.9162783026695251
0.9348354339599609
0.9385165572166443
0.8579762578010559
0.9199837446212769
0.9178219437599182
0.8881196975708008
0.9695783257484436
0.9662623405456543
0.9125598073005676
0.9096794128417969
0.9024916291236877
0.8532242178916931
0.9833204746246338
0.9329373836517334
0.9461178183555603
0.9512707591056824
0.9172549843788147
0.883658766746521
0.9643079042434692
0.9493280053138733
0.9402952194213867
0.9082311391830444
0.8564611077308655
0.886906087398529
0.9656524062156677
0.9704405069351196
0.9283947348594666
0.8782622814178467
0.9134018421173096
0.9154448509216309
0.919581949710846
0.9137529134750366
0.9346708655357361
0.9001034498214722
0.9225644469261169
0.9446567893028259
0.9442864060401917
0.9179619550704956
0.9295094013214111
0.883057177066803
0.9412771463394165
0.9648909568786621
0.8899165987968445
0.9631769061088562
0.8938156962394714
0.9149346351623535
0.905154824256897
0.9470263123512268
0.9254208207130432
0.9525671005249023
0.9123190641403198
0.9074041843414307
0.8868221044540405
0.9401715397834778
0.9527390599250793
0.9406105875968933
0.9238430261611938
0.912611186504364
0.9520288705825806
0.8909406065940857
0.929547131061554
0.922613263130188
0.9116091728210449
0.9040337204933167
0.9749546051025391
0.9465028047561646
0.9122726321220398
0.9308937788009644
0.9113779664039612
0.946333646774292
0.8976835608482361
0.9042667746543884
0.9519835114479065
0.9202505350112915
0.8929473161697388
0.8849756121635437
0.8739991784095764
0.8910757899284363
0.900313138961792
0.8381087779998779
0.8473376035690308
0.8860392570495605
0.8491818308830261
0.8577536344528198
0.9300462603569031
0.9194629192352295
0.8733866214752197
0.9116014838218689
0.8692379593849182
0.7933245897293091
0.8136625289916992
0.8723490834236145
0.8621331453323364
0.845470666885376
0.8729826211929321
0.8709592223167419
0.8275975584983826
0.9016550183296204
0.8572103977203369
0.8989831805229187
0.9128981232643127
0.8839054107666016
0.8355444073677063
0.8541876077651978
0.8906111121177673
0.8133785724639893
0.8847724795341492
0.893669068813324
0.8648073673248291
0.8528382778167725
0.8177288174629211
0.8317238688468933
0.9044991135597229
0.8638628125190735
0.8536774516105652
0.7799643278121948
0.8814466595649719
0.8659125566482544
0.8069120645523071
0.9461044669151306
0.892668604850769
0.8806508183479309
0.9444113373756409
0.9514215588569641
0.8620345592498779
0.9238139390945435
0.8620580434799194
0.8564313054084778
0.8548697829246521
0.9221481084823608
0.9096071720123291
0.9100682735443115
0.7721437811851501
0.791377604007721
0.8877742886543274
0.8490909934043884
0.9215407371520996
0.8197623491287231
0.8788350224494934
0.8881062269210815
0.8795549869537354
0.8895652294158936
0.8593716025352478
0.8952012062072754
0.8765630125999451
0.9172932505607605
0.8557860851287842
0.9887617826461792
0.8430496454238892
0.9613781571388245
0.9214379787445068
0.8591212630271912
0.878935694694519
0.9729011058807373
0.8192471265792847
0.8529855012893677
0.8882247805595398
0.8522142171859741
0.8780056238174438
0.8568266034126282
0.9096566438674927
0.8052821159362793
0.8828470706939697
0.9309887886047363
0.8618839979171753
0.8572220206260681
0.7990736961364746
0.8540920615196228
0.819798469543457
0.8576052784919739
0.8758642077445984
0.8606047034263611
0.8951782584190369
0.862989068031311
0.9156608581542969
0.897829532623291
0.8760493397712708
0.8608038425445557
0.9149519205093384
0.8433670401573181
0.9414767026901245
0.9252206683158875
0.9383746981620789
0.8481775522232056
0.9571572542190552
0.8568616509437561
0.836656928062439
0.8633749485015869
0.9658299088478088
0.925255537033081
0.8422895073890686
0.8925902247428894
0.8830269575119019
0.8827387094497681
0.8608261346817017
0.8284284472465515
0.8697195649147034
0.8822150826454163
0.800263524055481
0.8430181741714478
0.9451590180397034
0.8256351947784424
0.8393935561180115
0.8741017580032349
0.8174740076065063
0.8448166847229004
0.8880468010902405
0.9006892442703247
0.8142505884170532
0.9154190421104431
0.8505188822746277
0.9206584095954895
0.890467643737793
0.8553553223609924
0.8106893301010132
0.8639586567878723
0.881877064704895
0.8323636651039124
0.8104984164237976
0.8792595267295837
0.8766660690307617
0.8781028985977173
0.8586667776107788
0.8430259823799133
0.8360995054244995
0.927120566368103
0.8960338830947876
0.726309061050415
0.8942517638206482
0.8776496052742004
0.8297723531723022
0.9281823635101318
0.8801949620246887
0.9414812326431274
0.8891443014144897
0.8792317509651184
0.849975049495697
0.8307676911354065
0.8232191205024719
0.8476969599723816
0.8908981084823608
0.8819061517715454
0.9156173467636108
0.8858424425125122
0.8382288813591003
0.8791022896766663
0.8783801198005676
0.9227294921875
0.83473801612854
0.8902207612991333
0.8999294638633728
0.9386506676673889
0.9822965264320374
0.8665571212768555
0.9032450914382935
0.8259676694869995
0.8397804498672485
0.9554837346076965
0.906988799571991
0.8632637858390808
0.8577695488929749
0.8421952724456787
0.8393202424049377
0.8750762939453125
0.87989342212677
0.86750328540802
0.8853833675384521
0.9248696565628052
0.914779543876648
0.9566982984542847
0.8632398843765259
0.9189635515213013
0.8226608037948608
0.8618619441986084
0.8716365694999695
0.8594207763671875
0.880664587020874
0.849662184715271
0.8166402578353882
0.8467512726783752
0.7696240544319153
0.938086986541748
0.8451849222183228
0.8904927968978882
0.8472004532814026
0.9294219017028809
0.8677565455436707
0.942165732383728
0.8568105101585388
0.8466299772262573
0.8870927095413208
0.8328734040260315
0.9115957617759705
0.8363214731216431
0.9131872653961182
0.9005220532417297
0.8171385526657104
0.8359751105308533
0.8549745082855225
0.8370223045349121
0.7837379574775696
0.8439708352088928
0.8907989263534546
0.8678480982780457
0.888030469417572
0.8658127784729004
0.8405676484107971
0.8954547047615051
0.800739049911499
0.8835857510566711
0.8904275894165039
0.9144359827041626
0.9187403917312622
0.8756253719329834
0.9688004851341248
0.898820161819458
0.8846479654312134
0.9322596788406372
0.8184553384780884
0.9219621419906616
0.8788073658943176
0.8463245034217834
0.9519222974777222
0.8573358654975891
0.8960591554641724
0.8992546796798706
0.8736631274223328
0.9188450574874878
0.8644006848335266
0.8618316650390625
0.8666150569915771
0.9334506988525391
0.8377392888069153
0.8372611999511719
0.8755289912223816
0.876384973526001
0.8381760716438293
0.8523845076560974
0.9300609230995178
0.8947520852088928
0.9007526636123657
0.9655528664588928
0.8457821011543274
0.8742166757583618
0.9751301407814026
0.8043699860572815
0.8486121892929077
0.8719585537910461
0.8477676510810852
0.8988246321678162
0.8981093168258667
0.8856322169303894
0.8507908582687378
0.8919139504432678
0.8619347810745239
0.8755624294281006
0.8921009302139282
0.8847561478614807
0.8624789714813232
0.8517799377441406
0.8665469884872437
0.8709761500358582
0.8425247073173523
0.8771924376487732
0.8884701132774353
0.8945527672767639
0.8473144173622131
0.9784438014030457
0.9009429216384888
0.896794319152832
0.8522689342498779
0.9038550853729248
0.8411741852760315
0.8842729330062866
0.8697072863578796
0.8339976072311401
0.8812724351882935
0.8672406077384949
0.9379742741584778
0.9373760223388672
0.9140762686729431
0.8893168568611145
0.9386180639266968
0.8590221405029297
0.8569906949996948
0.8111390471458435
0.8936506509780884
0.864815890789032
0.9398044347763062
0.8463433384895325
0.9593278765678406
0.845329999923706
0.9110047817230225
0.8702876567840576
0.8298382759094238
0.8646770715713501
0.8800613284111023
0.8959363102912903
0.8606549501419067
0.8267777562141418
0.8077151775360107
0.9496949911117554
0.900840163230896
0.9079210758209229
0.8785682916641235
0.8414477705955505
0.7863690853118896
0.9115015268325806
0.8512671589851379
0.8349267244338989
0.9244136810302734
0.8948197960853577
0.823731541633606
0.9132573008537292
0.8218544125556946
0.8483269810676575
0.939250111579895
0.8651164770126343
0.8460471034049988
0.8581001162528992
0.8153655529022217
0.929064929485321
0.9302038550376892
0.9217761158943176
0.8521737456321716
0.9150537252426147
0.9101428389549255
0.8852283954620361
0.7765223383903503
0.948127031326294
0.8662316799163818
0.8569127917289734
0.8512186408042908
0.8371433019638062
0.8415185809135437
0.8761967420578003
0.8867531418800354
0.9048256874084473
0.8842532634735107
0.8665556907653809
0.8653349280357361
1.000051736831665
0.8852419257164001
0.8682634234428406
0.912899911403656
0.8343302011489868
0.8545328974723816
0.8769287467002869
0.9237501621246338
0.9564670324325562
0.8201680183410645
0.9206899404525757
0.9768928289413452
0.8427945971488953
0.9010283350944519
0.9027795791625977
0.8618156313896179
0.8642404079437256
0.9430698156356812
0.923663318157196
0.7928930521011353
0.8897492289543152
0.8483940958976746
0.9040850400924683
0.8605189323425293
0.8224195837974548
0.8585721850395203
0.9582713842391968
0.8723554015159607
0.934127151966095
0.8461127877235413
0.8483743071556091
0.81696617603302
0.9127205014228821
0.9046171307563782
0.8753096461296082
0.9007336497306824
0.8433972001075745
0.8212323784828186
0.7612204551696777
0.8317992687225342
0.8943676352500916
0.895272970199585
0.8426374793052673
0.9556520581245422
0.8582794070243835
0.8817702531814575
0.8868595957756042
0.8339879512786865
0.8119090795516968
0.8749104142189026
0.8771958351135254
0.875602662563324
0.8407686948776245
0.851279079914093
0.8857102394104004
0.8587505221366882
0.8669859170913696
0.8863492608070374
0.8502312302589417
0.9018965363502502
0.9233517646789551
0.8290544748306274
0.8490316867828369
0.881216824054718
0.7514495849609375
0.8913724422454834
0.8670033812522888
0.9024479389190674
0.9109933376312256
0.8137989640235901
0.8681855201721191
0.8525486588478088
0.8267602324485779
0.8780087232589722
0.8917157053947449
0.9724534749984741
0.8568110466003418
0.8642511963844299
0.8293513059616089
0.8514358401298523
0.8608381748199463
0.8772419095039368
0.8379654288291931
0.9040632843971252
0.9301903247833252
0.8022705912590027
0.897747814655304
0.7998278141021729
0.8645311594009399
0.8675959706306458
0.9056624174118042
0.8441234827041626
0.8569236397743225
0.8009311556816101
0.8667341470718384
0.8375118374824524
0.8633948564529419
0.824804425239563
0.8069890141487122
0.8290728330612183
0.9785019755363464
0.8081527352333069
0.9164475798606873
0.7889513969421387
0.8592137694358826
0.8773270845413208
0.8069266080856323
0.8869685530662537
0.8377860188484192
0.8947476744651794
0.8703135251998901
0.9355254769325256
0.9059799313545227
0.9180616140365601
0.8859862089157104
0.8279257416725159
0.9323064088821411
0.8374332189559937
0.8766701221466064
0.8515943884849548
0.9458913803100586
0.9163880348205566
0.8587343096733093
0.8609730005264282
0.9437794089317322
0.867050051689148
0.9144917130470276
0.8986871242523193
0.8542217016220093
0.9662714004516602
0.8555652499198914
0.866436243057251
0.8766446113586426
0.8897603154182434
0.881441056728363
0.8932426571846008
0.8746329545974731
0.8481404781341553
0.8645736575126648
0.8780421018600464
0.8389288187026978
0.8971400856971741
0.819361686706543
0.8809928894042969
0.8266911506652832
0.8399642705917358
0.8858823776245117
0.8786531090736389
0.7968263030052185
0.895037829875946
0.9071723222732544
0.854653537273407
0.842043936252594
0.9423853158950806
0.8482488989830017
0.9966386556625366
0.851212203502655
0.9137004017829895
0.9411148428916931
0.9782501459121704
0.837206244468689
0.8384342193603516
0.8654159903526306
0.8954768180847168
0.8646142482757568
0.9028806686401367
0.8627192974090576
0.7640767097473145
0.8266728520393372
0.8983168601989746
0.8564572930335999
0.8757362961769104
0.9005448222160339
0.9212607145309448
0.9480013251304626
0.9069108366966248
0.870363712310791
0.9073567986488342
0.8763330578804016
0.9030570983886719
0.7954146265983582
0.8991393446922302
0.885330855846405
0.9235678315162659
0.8358754515647888
0.8421453833580017
0.9062668085098267
0.9159098863601685
0.8506170511245728
0.8516905903816223
0.8741790056228638
0.8724240660667419
0.9814716577529907
0.8998404741287231