0.8208765983581543
0.7102064490318298
0.7455007433891296
0.7719764709472656
0.7265592217445374
0.7591744661331177
0.7614691257476807
0.8007177114486694
0.7224807143211365
0.6785389184951782
0.6739253401756287
0.6895872354507446
0.6970103979110718
0.7308712601661682
0.8074741363525391
0.6203197240829468
0.7837727665901184
0.8778564929962158
0.5264878273010254
0.9671579599380493
0.901235818862915
0.8822369575500488
0.8443971872329712
0.7415534257888794
0.8370001912117004
0.78465735912323
0.8163298964500427
0.9999876022338867
0.8841804265975952
0.8521563410758972
0.8385314345359802
0.7623288631439209
0.7370238304138184
0.794970691204071
0.7897117733955383
0.8794364333152771
0.9093502759933472
0.9107083678245544
0.723853349685669
0.9073514938354492
0.9247739315032959
0.8555361032485962
0.8306862711906433
0.8775145411491394
0.8615819811820984
0.8313547968864441
0.9662793874740601
0.7786758542060852
0.9080501794815063
1.000002145767212
0.9129350185394287
0.8968756794929504
0.8317994475364685
0.8868220448493958
0.9155988097190857
0.8888751864433289
0.9718369245529175
0.9717021584510803
0.7789326310157776
0.7617300152778625
0.8018941283226013
0.8179185390472412
0.8437265753746033
0.8439560532569885
0.8237128853797913
0.7646472454071045
0.7611094117164612
0.7874293327331543
0.88873291015625
0.8469017148017883
0.7873472571372986
0.8179393410682678
0.7760161757469177
0.9020218849182129
0.8346561193466187
0.8310590982437134
0.9181585907936096
0.826035737991333
0.8751214146614075
0.8158815503120422
0.853602945804596
0.8289629817008972
0.816975474357605
0.7559054493904114
0.662700355052948
0.8931973576545715
0.8862284421920776
0.9097119569778442
0.8586987853050232
0.8245781064033508
0.8579902052879333
0.8628625273704529
0.8306311964988708
0.7319261431694031
0.7638702392578125
0.7310497760772705
0.6890104413032532
0.7148943543434143
0.5674558281898499
0.5716001987457275
0.8430339694023132
0.7385452389717102
0.6982066035270691
0.6303756833076477
0.7250930666923523
0.7927095890045166
0.8025870323181152
0.8394104838371277
0.7674010396003723
0.7038244605064392
0.6323530673980713
0.6950809955596924
0.776097297668457
0.769013524055481
0.8306958675384521
0.8511680960655212
0.677157461643219
0.8303183317184448
0.7937736511230469
0.6551440954208374
0.7310764193534851
0.678353488445282
0.8097952008247375
0.8137964606285095
0.7653231024742126
0.6655787825584412
0.7058765888214111
0.8245754837989807
0.8406310081481934
0.7027497887611389
0.8378708958625793
0.732967734336853
0.807166337966919
0.770922839641571
0.8693041205406189
0.9790109992027283
0.8319501876831055
0.8976548314094543
0.8744180202484131
0.847091794013977
0.8800641298294067
0.7952818870544434
0.8513925075531006
0.8457492589950562
0.724222719669342
0.944190502166748
0.8148548007011414
0.8514806628227234
0.8344324231147766
0.8487862944602966
0.919754147529602
0.9476256370544434
0.9299728870391846
0.8681649565696716
0.8476982116699219
0.9844542741775513
0.9457199573516846
0.9659480452537537
0.7072880864143372
0.7931249737739563
0.806209146976471
0.6571654677391052
0.7256772518157959
0.8455588221549988
0.7443885207176208
0.7200431823730469
0.8285681009292603
0.7525255084037781
0.7736446857452393
0.7752949595451355
0.7524177432060242
0.7922226786613464
0.8376715183258057
0.8676685690879822
0.7601224184036255
0.8334963321685791
0.7813270688056946
0.86883145570755
0.8332469463348389
0.8700989484786987
0.7932592034339905
0.8486397862434387
0.7639636993408203
0.7695961594581604
0.760715901851654
0.7606540322303772
0.6819062829017639
0.7249977588653564
0.8404160737991333
0.7534489631652832
0.81740802526474
0.8058801889419556
0.8192164301872253
0.7238682508468628
0.7391315698623657
0.8863422870635986
0.928898274898529
0.7359102368354797
0.7686706185340881
0.8273786902427673
0.8325068354606628
0.810833215713501
0.7587553262710571
0.7858091592788696
0.708787202835083
0.7500280141830444
0.8607001900672913
0.7991480827331543
0.5749927759170532
0.70879727602005
0.7613081932067871
0.7259941101074219
0.8572985529899597
0.7484900951385498
0.84145587682724
0.7546796202659607
0.8600771427154541
0.8094168901443481
0.7718950510025024
0.7912920117378235
0.7267473936080933
0.8124161958694458
0.9213117957115173
0.8046578764915466
0.6911585927009583
0.7800518274307251
0.8561907410621643
0.7268078327178955
0.7790067791938782
0.8467312455177307
0.7571911215782166
0.9033571481704712
0.7270163893699646
0.7653508186340332
0.8062106370925903
0.747920036315918
0.911527156829834
0.8817294836044312
0.8880149126052856
0.909615159034729
0.8296500444412231
0.8144515752792358
0.8713495135307312
0.8322174549102783
0.8438806533813477
0.8357272148132324
0.850074827671051
0.7927825450897217
0.773200273513794
0.8723822832107544
0.7556204199790955
0.8642035722732544
0.7724308967590332
0.7724632620811462
0.8426005244255066
0.7247151136398315
0.7204799056053162
0.7219711542129517
0.8047276735305786
0.6929746866226196
0.8055558800697327
0.857868492603302
0.6227744221687317
0.817335307598114
0.7142879962921143
0.6709029078483582
0.7655938863754272
0.6937686800956726
0.7263053059577942
0.6403096318244934
0.7239423394203186
0.728135883808136
0.8427788019180298
0.833664059638977
0.9922311902046204
0.9393131732940674
0.9902083873748779
0.8965594172477722
0.9314126968383789
0.9135547280311584
0.9653342366218567
1.0000026226043701
0.9999858140945435
0.6831912398338318
0.7757048010826111
0.9056456089019775
0.9692760109901428
0.8559126853942871
0.8748725056648254
0.8115286231040955
0.7971416711807251
0.8657037019729614
0.8439463973045349
0.7689853310585022
0.826640248298645
0.7562699913978577
0.8284379243850708
0.8960294127464294
0.7855867743492126
0.9666460752487183
0.8766010403633118
0.8415595293045044
0.8476254343986511
0.8494840860366821
0.8842841982841492
0.8289152383804321
0.8201172351837158
0.9349083304405212
0.8635552525520325
0.9314092397689819
0.7306171655654907
0.9030923843383789
0.6881217360496521
0.7913022637367249
0.8322268128395081
0.9747797250747681
0.860327422618866
0.8252891898155212
0.8740310072898865
0.8149341940879822
0.8919990062713623
0.7971263527870178
0.8378422856330872
0.9294121861457825
0.831871509552002
0.8290759921073914
0.7343142628669739
0.636607825756073
0.8590749502182007
0.7325765490531921
0.7615936994552612
0.7649391889572144
0.7389768362045288
0.8799806237220764
0.8614423871040344
0.7723520994186401
0.8435072302818298
0.9223862886428833
0.7679213881492615
0.7891720533370972
0.7701287269592285
0.8080080151557922
0.8189020156860352
0.9508407711982727
0.8928031325340271
0.8077303171157837
0.897293746471405
0.7411491274833679
0.7122389078140259
0.7799133062362671
0.8709291219711304
0.7989984154701233
0.7765253782272339
0.7812049388885498
0.8597062826156616
0.8466737270355225
0.9226016402244568
0.8894563317298889
0.8651689291000366
0.8806322813034058
0.850874662399292
0.8899827003479004
0.8540960550308228
0.8675333857536316
0.7954537272453308
0.7849615216255188
0.7216700911521912
0.7613251209259033
0.7080944180488586
0.7943643927574158
0.8778839707374573
0.8217989802360535
0.8418247699737549
0.749045729637146
0.818295419216156
0.8928738236427307
0.9236652255058289
0.8723523616790771
0.8019109964370728
0.8539576530456543
0.9659460186958313
0.908215343952179
0.7688384056091309
0.9018299579620361
0.9247877597808838
0.9116754531860352
0.8912478685379028
0.7892123460769653
0.7998905181884766
0.9187246561050415
0.9453822374343872
0.7627262473106384
0.8082839250564575
0.9293330311775208
0.931906521320343
0.838212788105011
0.8329088091850281
0.9121747612953186
0.967743456363678
0.9062225222587585
0.8838629722595215
0.8380105495452881
0.7877084612846375
0.8567824363708496
0.8867689967155457
0.83756422996521
0.8798859715461731
0.7335701584815979
0.8586875200271606
0.8477914929389954
0.8928287029266357
0.8661454319953918
0.9391370415687561
0.7853925228118896
0.9234989881515503
0.8133405447006226
0.794291079044342
0.8662033677101135
0.8290296196937561
0.7964782118797302
0.9999833106994629
0.7611770033836365
0.724712073802948
0.7986587285995483
0.857141375541687
0.8132173418998718
0.8137255311012268
0.7387208342552185
0.7362028956413269
0.7732192873954773
0.7938947081565857
0.670218825340271
0.8098874688148499
0.8663511276245117
0.7468467354774475
0.7712512612342834
0.8007307648658752
0.7934874296188354
0.8032349348068237
0.772203803062439
0.666269838809967
0.7240378260612488
0.6636565923690796
0.8013886213302612
0.762045681476593
0.8047751188278198
0.6605311036109924
0.8494219779968262
0.735266387462616
0.7496832609176636
0.8203891515731812
0.8246020078659058
0.8972117304801941
0.9264585971832275
0.831652045249939
0.9346069097518921
0.926352322101593
0.8568024635314941
0.8008739352226257
0.7004444599151611
0.7182355523109436
0.6752045154571533
0.6802608966827393
0.7556867599487305
0.5824688076972961
0.7553450465202332
0.8301420211791992
0.7854142785072327
0.6542937755584717
0.7285977602005005
0.6965512037277222
0.8780828714370728
0.8348524570465088
0.8327697515487671
0.8428336977958679
0.8892037272453308
0.9577256441116333
0.950664758682251
0.8708586096763611
0.9870259761810303
0.8633998036384583
0.86164391040802
0.9022088646888733
0.7676970958709717
0.8177433609962463
0.8272368311882019
0.8549414873123169
0.9999856352806091
0.9651430249214172
0.7253928184509277
0.9204062819480896
0.9506958723068237
0.8833277225494385
0.9236020445823669
0.8837356567382812
0.9174626469612122
0.8497158288955688
0.8855414390563965
0.8956030607223511
0.8912883996963501
0.9212448000907898
0.812336266040802
0.8481719493865967
0.8000394105911255
0.8233781456947327
0.8487548828125
0.8553609848022461
0.7982769012451172
0.90167635679245
0.8028018474578857
0.9288208484649658
0.7423309683799744
0.8217089176177979
0.8113711476325989
0.771364152431488
0.8813108205795288
0.8983277082443237
0.7666267156600952
0.9100348353385925
0.7907677292823792
0.7443094253540039
0.7338992953300476
0.8271715044975281
0.7991808652877808
0.7804991006851196
0.6364453434944153
0.8786495327949524
0.8611371517181396
0.7751487493515015
0.7537959814071655
0.95297771692276
0.7481414675712585
0.6986521482467651
0.8887421488761902
0.8740710616111755
0.935232937335968
0.8131535053253174
0.8025096654891968
0.7274906635284424
0.8869323134422302
0.7927030920982361
0.5910096764564514
0.8127419948577881
0.7033262252807617
0.7085164189338684
0.7729998826980591
0.810409665107727
0.7838349342346191
0.6543260216712952
0.7671721577644348
0.6663088798522949
0.8445029258728027
0.8611972332000732
0.8634151220321655
0.7930104732513428
0.7664750218391418
0.8201813101768494
0.8261590003967285
0.79415363073349
0.9139726161956787
0.8476598262786865
0.943912148475647
0.8275271058082581
0.7861059904098511
0.8121852874755859
0.8330747485160828
0.9177488088607788
0.7888550758361816
0.7825475931167603
0.7713490128517151
0.7809982299804688
0.8378878235816956
0.9090799689292908
0.7735709547996521
0.6908164620399475
0.9569370746612549
0.7357332706451416
0.7337190508842468
0.8935798406600952
0.7607806921005249
0.855560302734375
0.7400731444358826
0.9655879139900208
0.8740645051002502
0.931819498538971
0.8036623001098633
0.8603481650352478
0.9255858659744263
0.7993870377540588
0.9328378438949585
0.7191634774208069
0.8753349781036377
0.8830748796463013
0.8275631666183472
0.9546818137168884
0.9164783358573914
0.8584975600242615
0.8307310342788696
0.7845258712768555
0.781200647354126
0.9081099033355713
0.8373912572860718
0.8140028715133667
0.8263900279998779
0.7945448756217957
0.8784273862838745
0.8560346961021423
0.8468249440193176
0.6005102396011353
0.7628423571586609
0.7670217752456665
0.7051581144332886
0.7819121479988098
0.7960523366928101
0.8287337422370911
0.7593533992767334
0.7588679194450378
0.8135343790054321
0.7466093897819519
0.7347109913825989
0.7771830558776855
0.8735837340354919
0.911159336566925
0.84820157289505
0.8618901968002319
0.777193009853363
0.8696175217628479
0.9540349841117859
0.8392603993415833
0.841476559638977
0.9999952912330627
0.9453432559967041
0.8466618061065674
0.8831125497817993
0.8253717422485352
0.7144774198532104
0.7836377024650574
0.8562580943107605
0.8300904631614685
0.8233143091201782
0.9172370433807373
0.8457052707672119
0.649829089641571
0.8500012755393982
0.7979145050048828
0.8821031451225281
0.7275604605674744
0.9372900724411011
0.7457578182220459
0.908577024936676
0.6387611031532288
0.728812575340271
0.6974632143974304
0.6517249941825867
0.7318084239959717
0.7211513519287109
0.6582340002059937
0.8154934048652649
0.74565589427948
0.6845736503601074
0.6960945129394531
0.7300572395324707
0.6395314335823059
0.6987574696540833
0.8181000351905823
0.6188364624977112
0.8060849905014038
0.8937488794326782
0.5324193835258484
0.9220765829086304
0.8429039120674133
0.8716747164726257
0.7950712442398071
0.7060980796813965
0.8881375789642334
0.8255861401557922
0.8541452288627625
0.8346105217933655
0.8562407493591309
0.8482001423835754
0.8259201049804688
0.8520730137825012
0.7601640224456787
0.8271923661231995
0.7916727066040039
0.8794364333152771
0.9162178635597229
0.8382664918899536
0.7730035781860352
0.889452338218689
0.9690381288528442
0.9175961017608643
0.9142375588417053
0.9351951479911804
0.9663410782814026
0.8150972723960876
0.9662793874740601
0.776392936706543
0.8894086480140686
0.9586758613586426
0.9411476254463196
0.9620210528373718
0.8341430425643921
1.0000325441360474
0.9585265517234802
0.9563551545143127
0.9718369245529175
0.9039686918258667
0.792779266834259
0.7617300152778625
0.8707744479179382
0.6501557230949402
0.7562853097915649
0.8497141003608704
0.8113791346549988
0.8350379467010498
0.8082585334777832
0.7750005722045898
0.8468629121780396
0.786017656326294
0.7943823933601379
0.8000444769859314
0.7877339720726013
0.8611985445022583
0.8210383057594299
0.8123999834060669
0.8414115905761719
0.8515327572822571
0.7288594841957092
0.7680312991142273
0.7591007947921753
0.8492140769958496
0.8422055244445801
0.7559054493904114
0.6750873327255249
0.9242737889289856
0.8757898211479187
0.8918402194976807
0.8572206497192383
0.758545994758606
0.8579902052879333
0.8864536285400391
0.6937555074691772
0.7048855423927307
0.7647559642791748
0.765683114528656
0.7926169037818909
0.684177577495575
0.5732197761535645
0.5457228422164917
0.8135266304016113
0.7192559242248535
0.7150611877441406
0.6636894941329956
0.6849084496498108
0.759023904800415
0.8152592778205872
0.8628069758415222
0.7307575941085815
0.6618403792381287
0.6301533579826355
0.6703101396560669
0.6877245903015137
0.7574646472930908
0.8095822334289551
0.7800320982933044
0.6308932304382324
0.7760278582572937
0.8801934123039246
0.6355443000793457
0.7777938842773438
0.6906875967979431
0.8471451997756958
0.7821325659751892
0.7604857087135315
0.7039949893951416
0.7518739700317383
0.7849395275115967
0.832993745803833
0.6407198905944824
0.8096808195114136
0.7986904978752136
0.7957156300544739
0.8300489783287048
0.8840678930282593
0.9798546433448792
0.9121077656745911
0.9999974966049194
0.9705950021743774
0.8506531119346619
0.8848327994346619
0.8468768000602722
0.8780505657196045
0.8289822340011597
0.7951347231864929
0.9467054009437561
0.8911484479904175
0.7368362545967102
0.8719539642333984
0.8568488955497742
0.9174485802650452
0.9014204144477844
0.7368642091751099
0.8141948580741882
0.8360066413879395
0.938483476638794
0.9081941843032837
0.9465507864952087
0.7427678108215332
0.8150781989097595
0.7622843980789185
0.6507526636123657
0.7154340744018555
0.8720592856407166
0.7364991903305054
0.7354533076286316
0.870849072933197
0.7492827773094177
0.7696736454963684
0.7816789150238037
0.720344066619873
0.6273233294487
0.8103574514389038
0.838422417640686
0.8007267117500305
0.8161454796791077
0.8035436868667603
0.8766095042228699
0.8666088581085205
0.8247724175453186
0.811273455619812
0.8292260766029358
0.7440491318702698
0.7598696947097778
0.7464647889137268
0.8319256901741028
0.6913778781890869
0.6899079084396362
0.8518151044845581
0.744647741317749
0.8038265109062195
0.797898530960083
0.775943398475647
0.6877739429473877
0.7391315698623657
0.8701954483985901
0.7823149561882019
0.7021978497505188
0.7144231200218201
0.7872581481933594
0.785825252532959
0.8581445217132568
0.7547078728675842
0.7893198132514954
0.7405720353126526
0.7363911271095276
0.8223360180854797
0.8405949473381042
0.617267370223999
0.7425894737243652
0.7908084392547607
0.743414580821991
0.8105334639549255
0.6054348945617676
0.8258610963821411
0.702997088432312
0.8079121708869934
0.8675662279129028
0.7560099363327026
0.7624335289001465
0.7134357690811157
0.7971699833869934
0.894571840763092
0.7938823699951172
0.6761703491210938
0.7119694948196411
0.8216879963874817
0.7142380475997925
0.8126509189605713
0.8833337426185608
0.744787871837616
0.911189079284668
0.7925847172737122
0.7893493175506592
0.7550405263900757
0.7384176254272461
0.8535143136978149
0.9236528277397156
0.8643530011177063
0.9137924313545227
0.8219742774963379
0.9095419645309448
0.8593426942825317
0.8042544722557068
0.8528392910957336
0.825514554977417
0.8683661222457886
0.7797150015830994
0.828538715839386
0.8756035566329956
0.819612443447113
0.8660351037979126
0.7962586283683777
0.842211902141571
0.8369343876838684
0.7513098120689392
0.7236483693122864
0.7680383324623108
0.8102952241897583
0.7474126815795898
0.8722083568572998
0.8219972848892212
0.6233389377593994
0.8283475041389465
0.76740962266922
0.6670780777931213
0.7494660019874573
0.711214005947113
0.6958508491516113
0.6727026700973511
0.7527787685394287
0.7225454449653625
0.8342158794403076
0.7936975359916687
0.958585262298584
0.9284804463386536
0.9902083873748779
0.8053888082504272
0.9495891332626343
0.8408530354499817
0.9026775360107422
0.9791224598884583
0.8837371468544006
0.8056678771972656
0.8313615918159485
0.9308636784553528
0.8984019756317139
0.8609040379524231
0.9243783950805664
0.8287618160247803
0.8697525858879089
0.9046908020973206
0.8460873365402222
0.8541510105133057
0.9100757241249084
0.8259003758430481
0.8581377267837524
0.9010777473449707
0.7855867743492126
0.938327968120575
0.8437200784683228
0.9265909194946289
0.839924156665802
0.7798539400100708
0.8368912935256958
0.841005265712738
0.773204505443573
0.9457248449325562
0.8335326910018921
0.9683325886726379
0.7662128806114197
0.9169905185699463
0.8851224780082703
0.8453648090362549
0.803721010684967
0.8560920357704163
0.8643838167190552
0.8636311292648315
0.8330286145210266
0.7753535509109497
0.8919990062713623
0.8172963261604309
0.9152393341064453
0.9409868717193604
0.907413899898529
0.7702422142028809
0.513416588306427
0.7038961052894592
0.8728135824203491
0.818307101726532
0.693295955657959
0.7675692439079285
0.7798190712928772
0.9166883826255798
0.8238159418106079
0.8747128844261169
0.8890810608863831
0.9461638331413269
0.8536955118179321
0.9657136797904968
0.7737668752670288
0.8195903897285461
0.773341953754425
0.89060378074646
0.8973512053489685
0.8001636266708374
0.8725606203079224
0.7271960377693176
0.649712085723877
0.7838563323020935
0.901965320110321
0.7243064045906067
0.7093111276626587
0.8575258851051331
0.8034794926643372
0.8112671971321106
0.8915644288063049
0.9115113019943237
0.8478273749351501
0.8816984295845032
0.7949985861778259
0.8899827003479004
0.8343226313591003
0.8526808023452759
0.8197407126426697
0.6494960784912109
0.6942330598831177
0.7498761415481567
0.6504105925559998
0.7882519364356995
0.8778839707374573
0.8480545878410339
0.8292438387870789
0.8035750985145569
0.8236515522003174
0.8112128973007202
0.9164709448814392
0.8252170085906982
0.7858660817146301
0.9179539084434509
0.889327347278595
0.9218048453330994
0.9183543920516968
0.9760426878929138
0.9148573875427246
0.9552116990089417
0.9812490344047546
0.7875416278839111
0.7192040085792542
0.9090292453765869
0.8755723834037781
0.7578794956207275
0.8003010749816895
0.8834977746009827
0.906032383441925
0.8619576692581177
0.8168050646781921
0.9020463228225708
0.8893668055534363
0.8800978660583496
0.8913230895996094
0.8688840270042419
0.7848090529441833
0.7791967988014221
0.8371327519416809
0.8487184643745422
0.8817116022109985
0.7280770540237427
0.7875680327415466
0.7946809530258179
0.8668060898780823
0.8188008069992065
0.9378938674926758
0.809544026851654
0.8615518808364868
0.7934563755989075
0.8024510741233826
0.84604811668396
0.7892695069313049
0.7620843648910522
0.7038564085960388
0.7191120386123657
0.7706787586212158
0.8270095586776733
0.872892439365387
0.8006320595741272
0.8062962293624878
0.7651473879814148
0.7469567656517029
0.6564056277275085
0.7830362319946289
0.8104360103607178
0.8287510871887207
0.9110543727874756
0.7389985918998718
0.7475100159645081
0.7970189452171326
0.8069954514503479
0.8155514001846313
0.7484706044197083
0.7021967768669128
0.6756724715232849
0.6961072087287903
0.8227282762527466
0.7564956545829773
0.7702426314353943
0.6754791140556335
0.7783069610595703
0.7661809325218201
0.7547168135643005
0.7929757833480835
0.8970979452133179
0.9062042832374573
0.9191076159477234
0.8921992182731628
0.9250130653381348
0.9294824004173279
0.8678523302078247
0.8228225111961365
0.6466203331947327
0.7047919631004333
0.728097140789032
0.6547239422798157
0.7296193838119507
0.5500783920288086
0.7377681732177734
0.8205408453941345
0.7583431601524353
0.7705642580986023
0.7655915021896362
0.7295027375221252
0.8171955943107605
0.8275378942489624
0.890255868434906
0.8927388191223145
0.850348174571991
0.9813390374183655
0.9179384708404541
0.8856649398803711
0.959852933883667
0.9188172817230225
0.860893726348877
0.8248527646064758
0.828538715839386
0.8312825560569763
0.807039201259613
0.8549277782440186
0.9208579063415527
0.9510733485221863
0.7230945825576782
0.9044874310493469
0.8854128122329712
0.8895235657691956
0.849460244178772
0.8760643601417542
0.9391757249832153
0.8541661500930786
0.8938078284263611
0.9084819555282593
0.7968583703041077
0.9133601784706116
0.7926207184791565
0.8164721727371216
0.8134368658065796
0.8115255236625671
0.8274296522140503
0.8446062803268433
0.7717146873474121
0.8663174510002136
0.7906877994537354
0.9215064644813538
0.7560002207756042
0.7821347117424011
0.8318856358528137
0.8173688054084778
0.9314751029014587
0.9284560680389404
0.8044152855873108
0.9076930284500122
0.8157818913459778
0.7282862067222595
0.6748921871185303
0.7603095173835754
0.8096116781234741
0.7652266025543213
0.6111225485801697
0.853782057762146
0.8949823379516602
0.8153983950614929
0.7764102816581726
0.9783833622932434
0.7749319672584534
0.819751501083374
0.8300907611846924
0.8285431265830994
0.9237655401229858
0.8247074484825134
0.8400247693061829
0.740689218044281
0.8869323134422302
0.6959415078163147
0.5450096726417542
0.7292664051055908
0.7433822154998779
0.7156732082366943
0.8348167538642883
0.8142990469932556
0.8005756735801697
0.6935856342315674
0.7290874719619751
0.6888732314109802
0.8325837850570679
0.9002768993377686
0.753147542476654
0.8638957142829895
0.8093370795249939
0.9848732948303223
0.8434578776359558
0.8833172917366028
0.8468311429023743
0.9771036505699158
0.9875838756561279
0.9079587459564209
0.6829395890235901
0.8039844036102295
0.8039588332176208
0.9320602416992188
0.8076218366622925
0.7862624526023865
0.7784869074821472
0.7823533415794373
0.771388828754425
0.9033989906311035
0.7714006900787354
0.6472009420394897
0.9083665013313293
0.7253832817077637
0.6548290848731995
0.8935798406600952
0.6882744431495667
0.8818438649177551
0.7130178809165955
0.906600832939148
0.9226569533348083
0.9449902772903442
0.823454737663269
0.9001815915107727
0.9411665797233582
0.8137304782867432
0.9449701905250549
0.7845168113708496
0.9369890689849854
0.9100794196128845
0.8785098195075989
0.6355693936347961
0.8166897296905518
0.7960993647575378
0.8372308015823364
0.8259459733963013
0.758929967880249
0.8733757734298706
0.8461775779724121
0.8016768097877502
0.8013418912887573
0.8287777304649353
0.8570587635040283
0.8246874809265137
0.8701178431510925
0.6176124215126038
0.7920312881469727
0.816007137298584
0.7495399713516235
0.8172072172164917
0.819009006023407
0.8154937028884888
0.7187048196792603
0.7187681198120117
0.7965285778045654
0.7757226824760437
0.7132003307342529
0.7845177054405212
0.8735837340354919
0.7702233195304871
0.782359778881073
0.8215132355690002
0.970940887928009
0.879199743270874
0.8962240219116211
0.8323312997817993
0.8183579444885254
0.9999952912330627
0.898514449596405
0.8175194263458252
0.8510759472846985
0.7986993193626404
0.7747558951377869
0.786628782749176
0.8770651817321777
0.783851683139801
0.8857702016830444
0.91009920835495
0.9179577231407166
0.7097504138946533
0.8344759345054626
0.8454799056053162
0.8379437923431396
0.8008838891983032
0.9290188550949097
0.7804925441741943
0.9090960621833801
0.7583481073379517
0.7106158137321472
0.6802846193313599
0.7036270499229431
0.7049252986907959
0.755636990070343
0.6572845578193665
0.8144793510437012
0.7520798444747925
0.6731155514717102
0.7042956948280334
0.6869581341743469
0.7072965502738953
0.7059729099273682
0.788966178894043
0.647363543510437
0.8074132204055786
0.8659539818763733
0.5302144885063171
0.956720769405365
0.9347060918807983
0.8798230886459351
0.8607016205787659
0.722854495048523
0.8786162734031677
0.8386736512184143
0.8255537152290344
0.9624261856079102
0.8924605250358582
0.8082302212715149
0.8168941140174866
0.7276891469955444
0.8100308179855347
0.8555275201797485
0.835591733455658
0.9040594100952148
0.8996526002883911
0.9107083678245544
0.7564327716827393
0.9049620032310486
0.9173381924629211
0.8683170676231384
0.8427873849868774
0.9499462842941284
0.8921083211898804
0.8561661839485168
0.9662793874740601
0.7310217618942261
0.9144859313964844
1.000002145767212
0.9302317500114441
0.9791191816329956
0.8762640357017517
0.8868220448493958
1.0000066757202148
0.9201741814613342
0.9718369245529175
0.9039686918258667
0.7892397046089172
0.7617300152778625
0.8108456134796143
0.6988296508789062
0.7867577075958252
0.8494852781295776
0.8275653123855591
0.7646472454071045
0.7833132743835449
0.8119458556175232
0.8147993683815002
0.8033269643783569
0.7868790030479431
0.7683332562446594
0.7812652587890625
0.8378099799156189
0.8394896984100342
0.810128927230835
0.9035913944244385
0.8519663214683533
0.9017762541770935
0.8641772866249084
0.841357946395874
0.8200829029083252
0.7776777744293213
0.7559054493904114
0.6750873327255249
0.8470575213432312
0.8783171772956848
0.9097119569778442
0.8872325420379639
0.7393578886985779
0.8579902052879333
0.9033457636833191
0.7493972778320312
0.6581025123596191
0.7561571002006531
0.7164914011955261
0.7747440338134766
0.6736068725585938
0.5598755478858948
0.565462052822113
0.8586175441741943
0.7369681596755981
0.679940938949585
0.6544039249420166
0.7366888523101807
0.7223395109176636
0.8152592778205872
0.8697456121444702
0.733249843120575
0.7142972946166992
0.6003682017326355
0.6691882014274597
0.7757225632667542
0.7358267903327942
0.8131275177001953
0.8005194664001465
0.65711909532547
0.8177745342254639
0.8277956247329712
0.6333150267601013
0.7295360565185547
0.8009740114212036
0.8049876093864441
0.7728524208068848
0.7665277719497681
0.7350223064422607
0.7173338532447815
0.8446753025054932
0.8766506314277649
0.7004696726799011
0.8375433087348938
0.8080571889877319
0.8713487982749939
0.8297179341316223
0.8998643159866333
0.9668846726417542
0.863570511341095
0.9999974966049194
0.9649834632873535
0.863308310508728
0.9350018501281738
0.7722442746162415
0.9498112797737122
0.7972845435142517
0.8040452599525452
0.928394079208374
0.8570227026939392
0.855387806892395
0.8359274864196777
0.8387335538864136
0.9204221963882446
0.9476256370544434
0.8912452459335327
0.8360192775726318
0.7679861783981323
0.9788331389427185
0.9044615626335144
0.9564139246940613
0.6994887590408325
0.8200239539146423
0.805433452129364
0.6881554126739502
0.7383413314819336
0.8443779945373535
0.8159586191177368
0.7066465616226196
0.8196813464164734
0.7524965405464172
0.7699426412582397
0.791298508644104
0.7165747880935669
0.7333290576934814
0.8267711997032166
0.8603893518447876
0.7873041033744812
0.8386098146438599
0.8290258049964905
0.8992319703102112
0.8332469463348389
0.8588443994522095
0.8152272701263428
0.866051435470581
0.7656762599945068
0.7494663000106812
0.7550573945045471
0.7361264824867249
0.7105445265769958
0.7114879488945007
0.8322659730911255
0.7211104035377502
0.8080658912658691
0.7831652164459229
0.7884958982467651
0.686267614364624
0.7539405226707458
0.8903939127922058
0.818503201007843
0.7493373155593872
0.7266509532928467
0.7897928357124329
0.8214764595031738
0.8746751546859741
0.7587553262710571
0.7914432287216187
0.756426215171814
0.749322235584259
0.8591716885566711
0.8117828369140625
0.6232712864875793
0.70879727602005
0.7374417781829834
0.7015976309776306
0.8572985529899597
0.6837204098701477
0.8773389458656311
0.7477301955223083
0.8978537321090698
0.8532083630561829
0.7643749713897705
0.7922873497009277
0.7440135478973389
0.797722339630127
0.9201908111572266
0.8228418827056885
0.6761703491210938
0.7465777397155762
0.8463892936706543
0.724141538143158
0.7955065369606018
0.9177445769309998
0.8000921010971069
0.9295583963394165
0.7535115480422974
0.7811250686645508
0.7558372020721436
0.760566234588623
0.8425523638725281
0.8913224339485168
0.9550870656967163
0.9284172058105469
0.8550004959106445
0.849246084690094
0.8881871700286865
0.8163058161735535
0.8152320981025696
0.859196126461029
0.8467740416526794
0.787731945514679
0.8032430410385132
0.8913454413414001
0.8279159665107727
0.8798196315765381
0.767065703868866
0.8441260457038879
0.8316463232040405
0.713294267654419
0.719174325466156
0.7142813801765442
0.7926352620124817
0.7291598916053772
0.8429645299911499
0.857868492603302
0.5926406979560852
0.8190906047821045
0.7507216930389404
0.6732549071311951
0.7692550420761108
0.6883819699287415
0.7140246629714966
0.669119119644165
0.7383670806884766
0.7492841482162476
0.7958564758300781
0.8018601536750793
0.9575326442718506
0.922328531742096
0.9594752788543701
0.7684284448623657
0.9537458419799805
0.9135547280311584
0.9425323009490967
1.0000026226043701
0.9171533584594727
0.7468317747116089
0.8704251646995544
0.9616921544075012
0.899775505065918
0.8814871311187744
0.8858053088188171
0.8607717156410217
0.876821756362915
0.891052782535553
0.983649492263794
0.8750170469284058
0.8788217306137085
0.8500989079475403
0.8687384724617004
0.8949595093727112
0.7855867743492126
0.9666460752487183
0.8712895512580872
0.9046459794044495
0.8534478545188904
0.9091759920120239
0.8644863963127136
0.9007219672203064
0.8158329129219055
0.934424638748169
0.8663949966430664
0.935383141040802
0.7607846856117249
0.9083297252655029
0.7158645987510681
0.8322314620018005
0.8163330554962158
0.961350679397583
0.873296856880188
0.8988690376281738
0.8234643340110779
0.7696418166160583
0.8919990062713623
0.8208687901496887
0.8668374419212341
0.9539059996604919
0.9155077338218689
0.8282167315483093
0.7003933191299438
0.7085719108581543
0.8764485716819763
0.778838574886322
0.9078431129455566
0.7681552171707153
0.7497645020484924
0.9434599280357361
0.8757485747337341
0.8553965091705322
0.8896543383598328
0.9369105696678162
0.8340604305267334
0.9657136797904968
0.7493609189987183
0.8095699548721313
0.7904000282287598
0.9321863055229187
0.8902294635772705
0.7839831709861755
0.8977096080780029
0.7538354992866516
0.6691768169403076
0.7668866515159607
0.7979881167411804
0.8025439977645874
0.6953609585762024
0.8622775673866272
0.8529394865036011
0.867531418800354
0.9137189984321594
0.9163122177124023
0.8823277950286865
0.8993633389472961
0.8433806300163269
0.8899827003479004
0.811255693435669
0.8712664842605591
0.8100020289421082
0.7583291530609131
0.718721866607666
0.7880066633224487
0.684318482875824
0.7824745178222656
0.8778839707374573
0.8441060185432434
0.8639584183692932
0.7772321701049805
0.8169701099395752
0.8594299554824829
0.9159579277038574
0.8892149925231934
0.7918268442153931
0.9493628144264221
0.9209380745887756
0.9218048453330994
0.7471755743026733
0.9259941577911377
0.9818469285964966
0.8909173607826233
0.9392077922821045
0.7619824409484863
0.749305248260498
0.903609573841095
0.8596155643463135
0.7598538994789124
0.777687132358551
0.8596088290214539
0.931906521320343
0.7525042295455933
0.8308591842651367
0.9020463228225708
0.8893668055534363
0.846325159072876
0.8302723169326782
0.8738602995872498
0.7785952687263489
0.799843430519104
0.8767672181129456
0.8046876192092896
0.8498265743255615
0.7150424122810364
0.8124173879623413
0.8043501377105713
0.8599688410758972
0.8215824365615845
0.8640623092651367
0.7863609194755554
0.9035669565200806
0.7807522416114807
0.7865005135536194
0.7998045682907104
0.8183678984642029
0.7888018488883972
0.7862362265586853
0.7018212676048279
0.7482330203056335
0.7816410660743713
0.872892439365387
0.781373143196106
0.8137255311012268
0.7468019127845764
0.7362028956413269
0.6936011910438538
0.7914782762527466
0.6828091144561768
0.8125117421150208
0.8708919882774353
0.7028706073760986
0.7530329823493958
0.7853429913520813
0.8017576336860657
0.7785477042198181
0.765494704246521
0.7421411275863647
0.70550537109375
0.7057542204856873
0.8082125186920166
0.7429136633872986
0.8007441163063049
0.6742131114006042
0.7954344153404236
0.7570075392723083
0.7523216009140015
0.7734584808349609
0.8664687275886536
0.9349993467330933
0.9891998171806335
0.897612452507019
0.978004515171051
0.9343845248222351
0.8960301280021667
0.8623623847961426
0.614569902420044
0.7181699275970459
0.7397348284721375
0.6485384702682495
0.7389211058616638
0.554883599281311
0.7454039454460144
0.8301420211791992
0.8085958957672119
0.7720844745635986
0.7408573627471924
0.6788708567619324
0.8780828714370728
0.8098154067993164
0.9329369068145752
0.8496058583259583
0.9189145565032959
0.9614110589027405
0.9357557892799377
0.8454040884971619
0.9520791172981262
0.9194323420524597
0.9048372507095337
0.8275588750839233
0.8018593788146973
0.838158905506134
0.7606015205383301
0.8311686515808105
0.9280701875686646
0.9430422186851501
0.7888627648353577
0.9191790819168091
0.9532194137573242
0.9154295325279236
0.8774034976959229
0.8548492789268494
0.9069183468818665
0.8947963118553162
0.9005113244056702
0.8926565051078796
0.9096929430961609
0.9133601784706116
0.8219833374023438
0.8018089532852173
0.7975518703460693
0.8095187544822693
0.8863183856010437
0.8561715483665466
0.7836793661117554
0.842475175857544
0.7906877994537354
0.8935660719871521
0.7854342460632324
0.8319162726402283
0.813569188117981
0.8059819936752319
0.9185747504234314
0.9071769118309021
0.8259098529815674
0.8810051083564758
0.7907677292823792
0.7342803478240967
0.7111371755599976
0.8373420238494873
0.8067290782928467
0.8126402497291565
0.5990553498268127
0.8484607338905334
0.9061089158058167
0.763668954372406
0.7493947148323059
0.9081525206565857
0.7383788824081421
0.7955847978591919
0.8300907611846924
0.8577458262443542
0.946733295917511
0.8021185398101807
0.8051303625106812
0.6371341943740845
0.8869323134422302
0.7392140030860901
0.5679225921630859
0.7843146324157715
0.7158477306365967
0.697710394859314
0.8198807835578918
0.7759713530540466
0.7993492484092712
0.6530705690383911
0.7180470824241638
0.6711021661758423
0.8068666458129883
0.8139914870262146
0.8828465342521667
0.7798832654953003
0.8095101714134216
0.8038643598556519
0.8789519667625427
0.8845945000648499
0.8955662250518799
0.7851243019104004
0.9533334374427795
0.8210708498954773
0.6526243686676025
0.7938991189002991
0.8011833429336548
0.9083225131034851
0.8261606097221375
0.7727259397506714
0.7814291715621948
0.7602593302726746
0.7447866201400757
0.9033989906311035
0.7730250954627991
0.6743908524513245
0.9083665013313293
0.7323142290115356
0.7097763419151306
0.8935798406600952
0.7225116491317749
0.7897838950157166
0.7252920269966125
0.9590270519256592
0.9203163981437683
0.9323684573173523
0.8818784952163696
0.8978614211082458
0.8705055117607117
0.8854379057884216
0.9222806096076965
0.7532961368560791
0.8615411520004272
0.9029512405395508
0.8969234228134155
0.8861551284790039
0.8166897296905518
0.7704733610153198
0.826677680015564
0.8037433624267578
0.7907257080078125
0.8997801542282104
0.8529234528541565
0.8113786578178406
0.8505746126174927
0.8298344612121582
0.9059482216835022
0.8694415092468262
0.8323848247528076
0.6620391607284546
0.8246762156486511
0.7871131300926208
0.7299202680587769
0.7413303852081299
0.7808741927146912
0.8294277787208557
0.7498055696487427
0.7687694430351257
0.7787409424781799
0.7365206480026245
0.7295588850975037
0.8073087930679321
0.886368989944458
0.7721698880195618
0.8612746596336365
0.9190126061439514
0.8081711530685425
0.9578245878219604
0.8886700868606567
0.8678538799285889
0.8824270963668823
0.9999952912330627
0.8828973174095154
0.8412878513336182
0.873511552810669
0.8178129196166992
0.7501609921455383
0.7928414940834045
0.8174417614936829
0.7992355823516846
0.8559055328369141
0.91009920835495
0.8967148065567017
0.7168511748313904
0.8694272041320801
0.8619126677513123
0.8316529393196106
0.8041298389434814
0.9681265950202942
0.7471386790275574
0.8882174491882324
0.6861818432807922
0.7283378839492798
0.6934833526611328
0.7187164425849915
0.7334138751029968
0.691950798034668
0.6885741353034973
0.8138359189033508
0.7433800101280212
0.6801592111587524
0.7186760902404785
0.6594405770301819
0.7599230408668518
0.6906397938728333
0.7924612760543823
0.6223331689834595
0.8116986155509949
0.8677118420600891
0.5302144885063171
0.9661797285079956
0.8506363034248352
0.8867509365081787
0.8321863412857056
0.7383611798286438
0.8726255297660828
0.80263751745224
0.8629371523857117
0.8821762204170227
0.8764736652374268
0.8423535823822021
0.8262049555778503
0.6936467885971069
0.7660020589828491
0.8181695938110352
0.8017042875289917
0.8923450708389282
0.8631350994110107
0.9153671264648438
0.8055796027183533
0.8671516180038452
0.9545091390609741
0.8991175293922424
0.8427873849868774
0.8956118822097778
0.8921083211898804
0.8776862025260925
0.9662793874740601
0.6766588091850281
0.9153457283973694
0.9586758613586426
0.9205215573310852
0.9097651839256287
0.8092305660247803
0.8442507386207581
1.0000066757202148
0.871290385723114
0.9569804668426514
0.9039686918258667
0.764860987663269
0.7617300152778625
0.83819180727005
0.8030096888542175
0.8095954656600952
0.868736982345581
0.8210029006004333
0.8359262347221375
0.7830216884613037
0.8216345310211182
0.8509687185287476
0.8536600470542908
0.7929772734642029
0.8179582953453064
0.7756306529045105
0.8527095913887024
0.8381794691085815
0.8193258047103882
0.7675641775131226
0.831794261932373
0.8260874152183533
0.8756897449493408
0.8657357692718506
0.7590370774269104
0.8192774653434753
0.7559054493904114
0.6750873327255249
0.8446938395500183
0.8837181329727173
0.8951581120491028
0.9043047428131104
0.7484710216522217
0.8579902052879333
0.8873717188835144
0.7120084762573242
0.7300030589103699
0.7561571002006531
0.7338923811912537
0.7936615943908691
0.7134756445884705
0.5610868334770203
0.5460981726646423
0.8264312744140625
0.7264721393585205
0.7506781220436096
0.6627465486526489
0.7157321572303772
0.6974278092384338
0.768928587436676
0.8652349710464478
0.7491450309753418
0.6843808889389038
0.6114382743835449
0.6824522018432617
0.7740297913551331
0.7281723022460938
0.7980010509490967
0.7752785086631775
0.7534438967704773
0.8127291202545166
0.8838208913803101
0.7130695581436157
0.7744659781455994
0.678353488445282
0.8418459892272949
0.8307855129241943
0.7929792404174805
0.7431932091712952
0.7152866125106812
0.8359614014625549
0.8179068565368652
0.6961133480072021
0.8546025156974792
0.7587602734565735
0.7989046573638916
0.8151008486747742
0.896877646446228
0.9504113793373108
0.9199172854423523
0.9999974966049194
0.9761897921562195
0.8374097943305969
0.9368603229522705
0.8305155038833618
0.9128793478012085
0.8005096912384033
0.7636289596557617
0.9740413427352905
0.8284215927124023
0.7478988766670227
0.8775013089179993
0.7895677089691162
0.9317921996116638
0.9014768004417419
0.7868275046348572
0.8609182834625244
0.7707764506340027
0.8535214066505432
0.8904035687446594
0.9899256229400635
0.69486004114151
0.7429953813552856
0.7372392416000366
0.6388681530952454
0.7038187980651855
0.8475558161735535
0.7801195383071899
0.7123327255249023
0.8459833264350891
0.7447128891944885
0.7589809894561768
0.7796591520309448
0.7216454148292542
0.723400890827179
0.820925235748291
0.8648048043251038
0.763366162776947
0.8319733738899231
0.8103426694869995
0.8803975582122803
0.8713942170143127
0.8520878553390503
0.8299403190612793
0.8248023986816406
0.7654144167900085
0.8991346955299377
0.7570406794548035
0.7376201748847961
0.6862333416938782
0.7188609838485718
0.8464773893356323
0.6910029053688049
0.8235996961593628
0.7992806434631348
0.8294293880462646
0.6893203258514404
0.7953153252601624
0.8670593500137329
0.836746096611023
0.6989171504974365
0.7963255643844604
0.797217607498169
0.7810907959938049
0.8424736857414246
0.8271745443344116
0.786060094833374
0.7434749603271484
0.7618406414985657
0.8223360180854797
0.838828980922699
0.6327906250953674
0.7253307104110718
0.7365283966064453
0.7525874972343445
0.8572985529899597
0.7095183730125427
0.8352052569389343
0.778423547744751
0.8475081324577332
0.845415472984314
0.7216019630432129
0.8100546598434448
0.7586601376533508
0.7971699833869934
0.9201908111572266
0.7965751886367798
0.6851654052734375
0.7454719543457031
0.832986056804657
0.7170255184173584
0.8014532923698425
0.9011862277984619
0.808002233505249
0.935361385345459
0.7991431355476379
0.814587414264679
0.7830497622489929
0.7578392028808594
0.911527156829834
0.9089347720146179
0.9550870656967163
0.91404128074646
0.8421220779418945
0.825985848903656
0.8924285769462585
0.7993752360343933
0.8528392910957336
0.8419971466064453
0.8750776052474976
0.7866054773330688
0.8874783515930176
0.8910964131355286
0.8377620577812195
0.8355811834335327
0.7983710169792175
0.8254815340042114
0.8615391254425049
0.7366145849227905
0.7212738990783691
0.7647309899330139
0.8133901357650757
0.7471776008605957
0.8824081420898438
0.7872052192687988
0.5930948853492737
0.8160148859024048
0.7679471373558044
0.6571629643440247
0.7454036474227905
0.7063782811164856
0.713079571723938
0.6477656960487366
0.7598463892936707
0.7485506534576416
0.8298214077949524
0.756928563117981
0.9575326442718506
0.8808618783950806
0.9594752788543701
0.8018353581428528
0.9327380657196045
0.8695324063301086
0.9227887988090515
0.9965670704841614
0.9343931674957275
0.6869992613792419
0.837070643901825
0.9697089195251465
0.9106023907661438
0.8541273474693298
0.9059104323387146
0.9134097695350647
0.8740227222442627
0.9061194062232971
0.8834092020988464
0.9034773111343384
0.8889215588569641
0.853972852230072
0.8501598834991455
0.9010777473449707
0.819693386554718
0.938327968120575
0.8525504469871521
0.8926958441734314
0.9041853547096252
0.8579254150390625
0.8182634711265564
0.9000114798545837
0.7784929275512695
0.934424638748169
0.8181617259979248
0.9569213390350342
0.740696370601654
0.9240625500679016
0.6832705140113831
0.8222694396972656
0.81297767162323
0.9683106541633606
0.839459240436554
0.8650184869766235
0.8277966976165771
0.8293321132659912
0.9056386351585388
0.7976198196411133
0.906837522983551
0.9507541060447693
0.8972674608230591
0.8221670985221863
0.661916971206665
0.664128839969635
0.7949297428131104
0.7938913106918335
0.7375045418739319
0.7382644414901733
0.7547097206115723
0.8425066471099854
0.8188209533691406
0.8138440251350403
0.8728978633880615
0.9001356959342957
0.8102057576179504
0.8319441676139832
0.7439717650413513
0.8168160319328308
0.8184155821800232
0.8660613894462585
0.8830617666244507
0.7976636290550232
0.8895311951637268
0.730737566947937
0.6695289015769958
0.7540193796157837
0.8768677711486816
0.8051567673683167
0.7000167965888977
0.8425122499465942
0.850914716720581
0.8145756125450134
0.8915644288063049
0.9239147901535034
0.8479528427124023
0.888687014579773
0.7946341037750244
0.8899827003479004
0.8507435917854309
0.8508002758026123
0.8423842191696167
0.793523371219635
0.7245352268218994
0.7532153725624084
0.6504105925559998
0.8070043325424194
0.8778839707374573
0.8619592785835266
0.8761782050132751
0.7945159077644348
0.8166359066963196
0.9025304913520813
0.8755741715431213
0.8622581362724304
0.7858660817146301
0.9180378317832947
0.9109880924224854
0.9012206792831421
0.937111496925354
0.8843533992767334
0.9247877597808838
0.9350256323814392
0.979570209980011
0.8064373135566711
0.7713949084281921
0.8830307722091675
0.862468421459198
0.7624861001968384
0.811370313167572
0.8899050951004028
0.931906521320343
0.7876414060592651
0.8228880763053894
0.9020463228225708
0.8034392595291138
0.87837153673172
0.8628281354904175
0.8872520327568054
0.7785952687263489
0.7398976683616638
0.861170768737793
0.8653298616409302
0.8677104115486145
0.7743051052093506
0.8629144430160522
0.8001049757003784
0.8667303323745728
0.8459060788154602
0.9378938674926758
0.8056998252868652
0.860798180103302
0.7635785341262817
0.7974773645401001
0.8271012306213379
0.7785820364952087
0.7603099346160889
0.8935940265655518
0.6409904956817627
0.7306756973266602
0.8472824096679688
0.8207443356513977
0.777957022190094
0.9007778167724609
0.7580101490020752
0.7256962656974792
0.6574881076812744
0.8095799684524536
0.7529881596565247
0.8229702115058899
0.8533271551132202
0.7389985918998718
0.7665034532546997
0.8073056936264038
0.8133391737937927
0.767000675201416
0.7517076134681702
0.6807017922401428
0.6416657567024231
0.6877995133399963
0.8347784876823425
0.7456488013267517
0.8028411269187927
0.6888675689697266
0.753961443901062
0.715594470500946
0.7501295804977417
0.7850685119628906
0.755425214767456
0.9115663766860962
0.9263460636138916
0.8510994911193848
0.9097479581832886
0.9236315488815308
0.8780178427696228
0.8486973643302917
0.6785711050033569
0.7135176658630371
0.743208646774292
0.6658278107643127
0.7077924609184265
0.4977439343929291
0.7357995510101318
0.8385464549064636
0.7583431601524353
0.7743207216262817
0.7424010038375854
0.7041744589805603
0.8780828714370728
0.8008841872215271
0.879885196685791
0.8377506136894226
0.8302639126777649
0.9667873382568359
0.8829740285873413
0.8872751593589783
0.9569723010063171
0.932107150554657
0.8576974272727966
0.8016217350959778
0.8874783515930176
0.8253940343856812
0.8263084292411804
0.8376983404159546
0.9430732727050781
0.9735150337219238
0.7436122894287109
0.9705867767333984
0.9590340256690979
0.8786219358444214
0.8927426934242249
0.8453986644744873
0.948516845703125
0.8819028735160828
0.8905534744262695
0.9055615663528442
0.9228594303131104
0.9133601784706116
0.7844445109367371
0.8481719493865967
0.8092893362045288
0.812735378742218
0.8246719837188721
0.8493804931640625
0.7751286029815674
0.8799496293067932
0.7906877994537354
0.9228570461273193
0.9062705039978027
0.8330608010292053
0.836432695388794
0.8062096834182739
0.9414410591125488
0.9220858812332153
0.8371966481208801
0.8953456282615662
0.8064844012260437
0.735539972782135
0.6763588190078735
0.7935096621513367
0.8235589861869812
0.8099628686904907
0.5787616968154907
0.8689495921134949
0.8522440791130066
0.7950013279914856
0.8316847085952759
0.9116168022155762
0.7999938726425171
0.8527043461799622
0.8573705554008484
0.9519182443618774
0.9249669909477234
0.8460028171539307
0.8953326940536499
0.7224624752998352
0.8869323134422302
0.7781610488891602
0.5043681859970093
0.7622659206390381
0.7702809572219849
0.7116114497184753
0.78739994764328
0.7933620810508728
0.7972054481506348
0.6767317056655884
0.7302922010421753
0.7192531824111938
0.8638715147972107
0.8174235224723816
0.8151143789291382
0.7760279774665833
0.805241584777832
0.7730121612548828
0.8236656785011292
0.8264814019203186
0.8900724649429321
1.0000147819519043
0.9247364401817322
0.8457990884780884
0.7232238054275513
0.7955839037895203
0.8042616248130798
0.9083225131034851
0.8223171830177307
0.8107972741127014
0.7712366580963135
0.7837578654289246
0.7557184100151062
0.8130807876586914
0.7803648114204407
0.6715735197067261
0.9027215838432312
0.7479027509689331
0.7220629453659058
0.8935798406600952
0.730363130569458
0.7962715029716492
0.7337465882301331
0.9296116828918457
0.8296746611595154
0.944000780582428
0.8614006638526917
0.8893393874168396
0.8731495141983032
0.8137304782867432
0.9466739892959595
0.7632296085357666
0.8928859233856201
0.8926790952682495
0.8794854879379272
0.9046064019203186
0.8489127159118652
0.7983795404434204
0.8299397826194763
0.8319153189659119
0.7661942839622498
0.8868614435195923
0.8302052617073059
0.8070612549781799
0.8526265025138855
0.8096052408218384
0.8866311311721802
0.8497074246406555
0.8649595975875854
0.5977099537849426
0.7329688668251038
0.7868707776069641
0.7294743657112122
0.7330855131149292
0.831459641456604
0.8287337422370911
0.7625929117202759
0.7096632719039917
0.7727257609367371
0.7294884920120239
0.7315942049026489
0.8150513768196106
0.9408994913101196
0.8088040947914124
0.7869384288787842
0.806291401386261
0.8419666290283203
0.9175889492034912
0.9011543989181519
0.8097465634346008
0.8912121653556824
0.9999952912330627
0.8368073105812073
0.8749250769615173
0.8723196387290955
0.8118796348571777
0.7682257294654846
0.774795651435852
0.8923071026802063
0.7843462824821472
0.8594306707382202
0.91009920835495
0.8913316130638123
0.737334132194519
0.8144530653953552
0.8655471801757812
0.7977197766304016
0.7828763127326965
0.944913923740387
0.7667014002799988
0.882952868938446
0.7511073350906372
0.6985036730766296
0.6910550594329834
0.6612265110015869
0.7279754877090454
0.6843893527984619
0.6844242215156555
0.8036184310913086
0.7523304224014282
0.6695061326026917
0.718967616558075
0.7052297592163086
0.7072965502738953
0.681896448135376
0.7963632345199585
0.6251528859138489
0.801139771938324
0.8768396377563477
0.5324193835258484
0.956720769405365
0.8988201022148132
0.8981168866157532
0.7931706309318542
0.7840337753295898
0.8903140425682068
0.8255861401557922
0.8451480269432068
0.9306991696357727
0.884008526802063
0.8244206309318542
0.8296703100204468
0.7381516098976135
0.8002912998199463
0.8330290913581848
0.8037845492362976
0.9040594100952148
0.9093502759933472
0.9107083678245544
0.7764155864715576
0.9078812599182129
0.9173381924629211
0.8843629360198975
0.9017815589904785
0.9032831192016602
0.9488386511802673
0.9059933423995972
0.9662793874740601
0.7062397003173828
0.9144859313964844
1.000002145767212
0.910153865814209
0.9822961688041687
0.9121383428573608
0.8868220448493958
1.0000066757202148
0.9054268598556519
1.0000183582305908
0.9039686918258667
0.7704735398292542
0.7617300152778625
0.7928327918052673
0.6469131112098694
0.742943525314331
0.8597582578659058
0.8395283818244934
0.7947875261306763
0.8002607822418213
0.7992349863052368
0.817002534866333
0.8135602474212646
0.7868790030479431
0.8085897564888
0.7833972573280334
0.814621090888977
0.8268099427223206
0.807094156742096
0.7846472859382629
0.8196741342544556
0.867767870426178
0.8519099950790405
0.8664137125015259
0.8225579857826233
0.8240443468093872
0.7559054493904114
0.6750873327255249
0.829869270324707
0.8783171772956848
0.9097119569778442
0.9179096817970276
0.7781721353530884
0.8410397171974182
0.9033457636833191
0.7493972778320312
0.7504494190216064
0.7460654973983765
0.7521043419837952
0.768487811088562
0.6707057952880859
0.580147385597229
0.5679277181625366
0.8367132544517517
0.7304149866104126
0.7103952765464783
0.6328925490379333
0.7013198733329773
0.7376781702041626
0.8515021800994873
0.8652349710464478
0.7507531642913818
0.6725770235061646
0.616098165512085
0.6647548675537109
0.7646719813346863
0.7276642918586731
0.8049033880233765
0.8126713037490845
0.7011040449142456
0.8118070960044861
0.8335214853286743
0.6638922691345215
0.7403663992881775
0.6906875967979431
0.8049876093864441
0.7791674733161926
0.7969682812690735
0.7482720613479614
0.7034350633621216
0.8337500691413879
0.8353511691093445
0.6776352524757385
0.8110346794128418
0.7946366667747498
0.8859914541244507
0.8225882649421692
0.9148305654525757
0.9638342261314392
0.8267233371734619
0.9760564565658569
0.9761897921562195
0.847091794013977
0.9195117950439453
0.856640100479126
0.9301874041557312
0.8548070192337036
0.8123422265052795
0.9327718615531921
0.8300520181655884
0.8123226165771484
0.8359274864196777
0.8294975757598877
0.9329737424850464
0.9182476997375488
0.8076449632644653
0.8264809846878052
0.7445791363716125
0.9788331389427185
0.8991422057151794
0.96755450963974
0.7053636908531189
0.8110035061836243
0.746734619140625
0.694390058517456
0.6936584711074829
0.8236105442047119
0.7793381810188293
0.6990970373153687
0.8046314716339111
0.744443953037262
0.768729031085968
0.7757139205932617
0.7709640860557556
0.7294913530349731
0.8062821626663208
0.8384511470794678
0.7852973937988281
0.8204584717750549
0.8106843829154968
0.8807360529899597
0.8849973082542419
0.8458569645881653
0.8285923600196838
0.8399754762649536
0.7615203261375427
0.7695961594581604
0.770774245262146
0.6447528004646301
0.716054379940033
0.6737639904022217
0.8431133031845093
0.6953497529029846
0.8188623189926147
0.793211817741394
0.7884958982467651
0.6432631015777588
0.7708843946456909
0.8640997409820557
0.8020306825637817
0.7418408393859863
0.7412896752357483
0.7811506986618042
0.7865384817123413
0.8736640810966492
0.7587553262710571
0.8025567531585693
0.7597841620445251
0.7585036754608154
0.8602395057678223
0.8036196231842041
0.6165460348129272
0.70879727602005
0.6934486627578735
0.7447006702423096
0.8572985529899597
0.7058119773864746
0.8416637182235718
0.7543393969535828
0.8582384586334229
0.8532083630561829
0.7307990193367004
0.7254699468612671
0.7435457110404968
0.7925010323524475
0.9201908111572266
0.7938823699951172
0.6761703491210938
0.7470705509185791
0.8299158811569214
0.7184737920761108
0.8254080414772034
0.9094460606575012
0.7947284579277039
0.9295583963394165
0.7662667632102966
0.7938429117202759
0.7906627655029297
0.7609217762947083
0.887328028678894
0.8913224339485168
0.9550870656967163
0.9137924313545227
0.8380793929100037
0.8672598600387573
0.8830413818359375
0.8002877831459045
0.8773008584976196
0.859196126461029
0.86606365442276
0.787731945514679
0.8032430410385132
0.903725802898407
0.8132034540176392
0.863767147064209
0.7781900763511658
0.8328288197517395
0.8576632142066956
0.770128607749939
0.7251242995262146
0.7370272278785706
0.8370774388313293
0.738602876663208
0.8678664565086365
0.857868492603302
0.6593614220619202
0.8128634691238403
0.7419661283493042
0.6842896342277527
0.7541380524635315
0.6906968951225281
0.7345954775810242
0.6614924669265747
0.7536408305168152
0.7504182457923889
0.8298214077949524
0.7944157123565674
0.9885297417640686
0.9128556251525879
0.9902083873748779
0.7960439324378967
0.9115962386131287
0.8695324063301086
0.9227887988090515
1.0000026226043701
0.9171533584594727
0.7469431757926941
0.821151852607727
0.9520720839500427
0.9286563396453857
0.8940613865852356
0.9059104323387146
0.8307763934135437
0.9005655646324158
0.9103543758392334
0.89826899766922
0.8750170469284058
0.8527679443359375
0.8417419791221619
0.864227294921875
0.9146413803100586
0.7174124121665955
0.9094546437263489
0.864126443862915
0.8904276490211487
0.8007557392120361
0.8848534226417542
0.8644863963127136
0.8685624003410339
0.8145302534103394
0.9457248449325562
0.9024896025657654
0.9485870599746704
0.756754994392395
0.9185307621955872
0.6993054747581482
0.8297094106674194
0.8017681837081909
0.9692894816398621
0.8653395771980286
0.8924896121025085
0.8324844837188721
0.8044185042381287
0.9024856090545654
0.8166832327842712
0.8758013844490051
0.9484459161758423
0.8764904737472534
0.7856975793838501
0.5483976602554321
0.6483350992202759
0.8822168111801147
0.7532973289489746
0.7610331177711487
0.724896252155304
0.754244327545166
0.9512597918510437
0.8085808753967285
0.7854422330856323
0.8730406165122986
0.8843355178833008
0.837032675743103
0.8455518484115601
0.7669914960861206
0.816433846950531
0.8132712244987488
0.8750913143157959
0.8649239540100098
0.7622079849243164
0.8895311951637268
0.7185195088386536
0.6758396029472351
0.7521827816963196
0.8583470582962036
0.7999240159988403
0.751619279384613
0.8456447124481201
0.8397253155708313
0.8686798214912415
0.8987528681755066
0.9163122177124023
0.8394265174865723
0.8724573850631714
0.8436020612716675
0.8899827003479004
0.8339616656303406
0.8448817133903503
0.8424803018569946
0.7685367465019226
0.7243822813034058
0.7704645991325378
0.684318482875824
0.7803530097007751
0.8778839707374573
0.8426045179367065
0.9040853977203369
0.7656251788139343
0.8253122568130493
0.8882137537002563
0.8597078323364258
0.8892149925231934
0.7918268442153931
0.9247305393218994
0.908316433429718
0.908215343952179
0.8427897095680237
0.9819842576980591
0.9499616622924805
0.9362016916275024
0.9392077922821045
0.7786184549331665
0.773517906665802
0.9239664077758789
0.8755723834037781
0.6636931896209717
0.7886731028556824
0.8834977746009827
0.931906521320343
0.7876414060592651
0.8191652894020081
0.9020463228225708
0.8893668055534363
0.8647080063819885
0.8367967009544373
0.8636354207992554
0.7785952687263489
0.7599000334739685
0.855209469795227
0.8275865912437439
0.847368597984314
0.7354011535644531
0.7682303190231323
0.7823904156684875
0.8330259919166565
0.812545120716095
0.8622936606407166
0.8083604574203491
0.8945672512054443
0.7033557891845703
0.7822038531303406
0.8197113871574402
0.8183678984642029
0.7618826627731323
0.7862362265586853
0.7256101965904236
0.777389407157898
0.8226785659790039
0.8441262245178223
0.8104903697967529
0.8195640444755554
0.7669010758399963
0.7562630772590637
0.6882973313331604
0.811061441898346
0.7052825093269348
0.8109585046768188
0.8913307189941406
0.7389985918998718
0.7967336177825928
0.7895894050598145
0.8361852169036865
0.7785477042198181
0.7458897829055786
0.7631962895393372
0.6805152297019958
0.712592601776123
0.8100439310073853
0.7582616209983826
0.7920346260070801
0.6848016977310181
0.7763376235961914
0.7469570636749268
0.757347047328949
0.7472038865089417
0.8680276870727539
0.9069888591766357
0.9617931842803955
0.8120567202568054
0.9102627038955688
0.9376747012138367
0.827976405620575
0.853404700756073
0.6127974390983582
0.7021658420562744
0.7556517720222473
0.6830419898033142
0.731101930141449
0.5505729913711548
0.7532990574836731
0.8301420211791992
0.7529715895652771
0.7700247168540955
0.7463877201080322
0.7333126068115234
0.8780828714370728
0.7912046313285828
0.9234016537666321
0.8349395990371704
0.8534865975379944
0.9614110589027405
0.9357557892799377
0.8718771934509277
0.9562624096870422
0.9330738186836243
0.8407065272331238
0.878592848777771
0.8018593788146973
0.8274331092834473
0.7742493748664856
0.9012559056282043
0.9280701875686646
0.9735150337219238
0.7497634887695312
0.9705867767333984
0.9032891988754272
0.9278587698936462
0.9077697396278381
0.874771237373352
0.9557463526725769
0.8897003531455994
0.8473894000053406
0.907479465007782
0.9316102266311646
0.9133601784706116
0.8208132386207581
0.8018089532852173
0.8281382918357849
0.8095187544822693
0.8752354979515076
0.8533604741096497
0.763727068901062
0.8720548748970032
0.7906877994537354
0.8883029222488403
0.8356904983520508
0.8282666206359863
0.838758111000061
0.7878524661064148
0.8924301266670227
0.8822742700576782
0.8365696668624878
0.8541435599327087
0.8157818913459778
0.7130094170570374
0.6993159055709839
0.8271715044975281
0.7991098761558533
0.8126402497291565
0.5990553498268127
0.8668880462646484
0.8979769945144653
0.7710109949111938
0.717976987361908
0.9116168022155762
0.7732723355293274
0.7572216987609863
0.8300907611846924
0.8406202793121338
0.9394449591636658
0.8159496784210205
0.8387463092803955
0.6273987293243408
0.8333456516265869
0.7020381093025208
0.5522448420524597
0.726935625076294
0.7046771049499512
0.7350592613220215
0.8136906623840332
0.7843703627586365
0.793651282787323
0.6675904989242554
0.7180207967758179
0.6759207248687744
0.8560973405838013
0.911888837814331
0.8634151220321655
0.7719131112098694
0.8146458268165588
0.8594579100608826
0.8279845118522644
0.8913182020187378
0.8955662250518799
0.6737335920333862
0.990339994430542
0.830437958240509
0.7620500326156616
0.8147812485694885
0.798581600189209
0.9083225131034851
0.7997325658798218
0.7818092107772827
0.7634567022323608
0.7690957188606262
0.7447866201400757
0.9033989906311035
0.7611837387084961
0.6627957820892334
0.8921538591384888
0.7253832817077637
0.7216752171516418
0.8935798406600952
0.6983508467674255
0.7875879406929016
0.7799050211906433
0.9590270519256592
0.8438736200332642
0.9323684573173523
0.8325886130332947
0.8709079027175903
0.9161681532859802
0.8854379057884216
0.9305136799812317
0.7817816734313965
0.8855066299438477
0.8590300679206848
0.884672999382019
0.8861551284790039
0.8166897296905518
0.8584975600242615
0.8419191837310791
0.8430482745170593
0.8135596513748169
0.8997801542282104
0.8261297345161438
0.8371042609214783
0.8436921238899231
0.7961403131484985
0.9233574271202087
0.8694415092468262
0.8443471789360046
0.6014377474784851
0.7493569254875183
0.7991945743560791
0.7251406311988831
0.7330855131149292
0.7942802906036377
0.8269841074943542
0.7565392255783081
0.7605903148651123
0.8281906843185425
0.7294884920120239
0.7141658663749695
0.8146085739135742
0.9408994913101196
0.9148051142692566
0.8433105945587158
0.9104833006858826
0.8506813049316406
0.9578245878219604
0.9819384217262268
0.8529874086380005
0.9322178959846497
0.9999952912330627
0.9345948100090027
0.8175194263458252
0.873511552810669
0.8178129196166992
0.6770094037055969
0.782345175743103
0.8458315134048462
0.8061856031417847
0.8720417022705078
0.9466566443443298
0.876076877117157
0.7496397495269775
0.846932053565979
0.8841342329978943
0.8236187100410461
0.8004225492477417
0.9476568698883057
0.848908543586731
0.8909497857093811