-0.6281140112395016
-0.5116006307002298
-0.4902574974360373
-0.2657666919258573
-0.482204858308799
-0.4811618758331673
-0.44020489467071455
-0.39067224950079515
-0.30158755585860686
-0.42446225764479784
-0.3845512526820237
-0.5427928758664438
-0.45529653771859274
-0.3276026863132792
-0.5267342570335598
-0.5688046790938136
-0.19980776718915855
-0.31216374297001453
-0.2375834794713496
-0.21958442709485515
-0.4025377846412178
-0.3036044542983317
-0.22172530624265063
-0.33741999081510565
-0.16738833081312454
-0.5344347197671551
-0.3018580798867334
-0.2879241026171577
-0.047100705746218885
-0.08005804807965394
-0.2421225826338484
-0.4420517199821453
-0.29756301153604636
-0.21616301664567655
-0.1255177647793207
-0.3726540776249243
-0.2026679149560756
-0.22522141446043892
-0.2842506435930977
-0.041798539511761656
-0.257690376300291
-0.06435480986382969
-0.21288416516129338
-0.09752674833645525
-0.19138021140930372
-0.22221692980802565
-0.19578042409201796
-0.3178344540978423
-0.08156047324952242
-0.09318263117336512
-0.07922323792891744
-0.23533126545341498
-0.27055236674775796
-0.2864332722190067
-0.27494856763385067
-0.16100286100436623
-0.05601703001443098
-0.30447649845952873
-0.23997686303230525
-0.19072430991718364
-0.2475982089953992
-0.582502574004399
-0.5663488263235293
-0.052937318091619334
-0.15756458100770532
-0.08358807818377001
-0.14038650278150844
-0.1506299695254535
-0.17266073135274745
-0.3059443190233352
-0.30822867569335677
-0.28976883137562026
-0.167128946692226
-0.21743274124893902
-0.13926314079343183
-0.14221865246105958
-0.27932547356333115
-0.17698363921341514
-0.22717630234496744
-0.17767746881834934
-0.17922217770249027
-0.2511874775698738
-0.17426466249901768
-0.23162599378168358
-0.5608734744943608
-0.24889847192858855
-0.2843444395959568
-0.11005732334678142
-0.14188616132995735
-0.3813930374974595
-0.039046902890157664
-0.1995646392341881
-0.5420711258625227
-0.5327357140810324
-0.42957393419095136
-0.21800511437586612
-0.22053443871991613
-0.10505782788113804
-0.28873824930165803
-0.4766714090620294
-0.08955429387701108
-0.3261071699911445
-0.3022084476000489
-0.39461145954896326
-0.161933341121629
-0.5297444207330888
-0.6401499121695051
-0.4134728506014351
-0.2361443836616513
-0.4242724738902647
-0.3513014807724553
-0.4254300879452647
-0.2687871046611353
-0.3568702322634225
-0.31667174884401766
-0.36734398371034194
-0.27803685105494563
-0.3217820456707673
-0.2602190954888198
-0.38393376638947374
-0.09523019222668239
-0.18565703262662425
-0.16607938035016817
-0.26095134099299977
-0.39885364643383736
-0.35134413424290717
-0.3268407171309945
-0.26956095816130754
-0.2883064383778291
-0.2552629203439991
-0.2254208348326323
-0.320216414577557
-0.24547370141836333
-0.31607396656427306
-0.20253168015658768
-0.18555864886358825
-0.26507245132106527
-0.21890366246715875
-0.17981333028630758
-0.1811942646503994
-0.2619169103360015
-0.30647073407987413
-0.3412297214807387
-0.2982715981850427
-0.3368649786006776
-0.28481981311539206
-0.3708002173549216
-0.34595211857612884
-0.4458766274638337
-0.4287598057166896
-0.2880592715360366
-0.24429840134762404
-0.38558721786523265
-0.30343382159575444
-0.32161143978351703
-0.3073764555057874
-0.2964134475544246
-0.0809842998224437
-0.5007268576642944
-0.31534357717409495
-0.26411306588111294
-0.2581830069323642
-0.2899562855521318
-0.1762279312702298
-0.28509448652883534
-0.43534548403368156
-0.18800277876825128
-0.1752822670141736
-0.3544846534523868
-0.17234398758923825
-0.15209174098299894
-0.8228002993927341
-0.4210299604909062
-0.37814543803606265
-0.195237547897735
-0.2755786111742706
-0.30287015099214426
-0.16371536434015133
-0.3074768415001447
-0.3642464059107756
-0.21916037802284838
-0.3907691853393682
-0.265298588620853
-0.26041358580965346
-0.1314743432078352
-0.20854859743544374
-0.3200729427406051
-0.3002340326497674
-0.09545177183949238
-0.2650107426726603
-0.21299984382420822
-0.14970797190547908
-0.21447000858081794
-0.19431161715154455
-0.20510047545799404
-0.048910409126841414
-0.337869091676701
-0.3087508542975761
-0.5939849773424355
-0.4350876177778664
-0.23420645103363147
-0.2422952699007233
-0.35871893306022157
-0.2767627351979092
-0.2895461626581848
-0.3521070605928285
-0.29343210426779065
-0.3515524875875027
-0.4641268547719072
-0.20290926628166422
-0.2912155751135454
-0.25853419060477445
-0.5224241203300064
-0.5781848913067403
-0.3967390770284188
-0.31347572354048076
-0.3810520956857325
-0.36611194678421843
-0.25270352422404674
-0.533328538621353
-0.390875879797213
-0.42391442524575
-0.24314780421992838
-0.5645027986618444
-0.1891752703814057
-0.49080214681396406
-0.47886067375244146
-0.3782458786641433
-0.3247377067094104
-0.3659664034093148
-0.3596281632884354
-0.27021990047679045
-0.3549021927096014
-0.24267894343000235
-0.36067430476772294
-0.36152215705620494
-0.8065414318132635
-0.165185695167257
-0.484201621267605
-0.24855514804675227
-0.08910665988757194
-0.10054881762136453
-0.08569483832616298
-0.26316410771743215
-0.1306350896672378
-0.21410871785145297
-0.17875100222850354
-0.12187818984587212
-0.22307687726539588
-0.20664113269108392
-0.3549991754622516
-0.42850276104980756
-0.4167904646186307
-0.3944026123966424
-0.33058225201851793
-0.34616919207794483
-0.3192808217068783
-0.47076503289780525
-0.4139050804829013
-0.38152577702900736
-0.2968558104986987
-0.33232232068996503
-0.43975926833095336
-0.33462392204032
-0.3545012154646636
-0.21868255882001975
-0.2812763498432914
-0.1833906816321239
-0.337411519828384
-0.37088024909016765
-0.1148984705393305
-0.31523077440489333
-0.28421699291303265
-0.2560348147269767
-0.17072152060480805
-0.1777979902247745
-0.12255230921962723
-0.3258341404783437
-0.3316145643996238
-0.10813808477190318
-0.2012410984534599
-0.05916561013359273
-0.028365155257160546
-0.5375636704283081
-0.4195770861464563
-0.32323348786894973
-0.1871155222324744
-0.29123047460727014
-0.24624391117226208
-0.5614232846913552
-0.4537464935583942
-0.20763999956107237
-0.4199844609877005
-0.36986243661336476
-0.30607506261754075
-0.27601246034268734
-0.3627322798984047
-0.35198752294464186
-0.5434797530564853
-0.29062518430894
-0.26516271632699695
-0.1927397939249803
-0.2093013493594869
-0.1718587830126122
-0.20640404268475337
-0.19289619993260693
-0.32892715261137906
-0.11943445320344415
-0.37235088512058584
0.01790434973988808
-0.23714678116728483
-0.2060112616580736
-0.39567832270813846
-0.2648759283405905
-0.25365688968665506
-0.24179198813862351
-0.04822160818542631
-0.10096449865051482
-0.25560782417658134
-0.13957857021955944
-0.17586837806153272
-0.1952539500381303
-0.2193078197779037
-0.1948252728356079
-0.12039134817905511
-0.2822419917601171
-0.47903122458222047
-0.2877341882463649
-0.22738205205802758
-0.41341393590515396
-0.549946201465248
-0.48414553919039727
-0.2650266516747455
-0.14014347676585742
-0.3326025821560798
-0.31540501572617885
-0.2947159263314678
-0.3429531822595354
-0.3161547836077223
-0.48007665617425155
-0.43137648952011715
-0.3251931309914896
-0.38749053483159124
-0.19351326125860385
-0.2087001883863583
-0.304254831153637
-0.22569807643650402
-0.28688233566955335
-0.3544149220381296
-0.3791641870322374
-0.3380662962095329
-0.22787725047990098
-0.30218888192647897
-0.331647087935266
-0.44219828988271115
-0.2789378026285892
-0.4352382800706154
-0.07427389365025833
-0.08190181879296532
-0.1275989252178577
-0.15020101950330417
-0.4502824781645606
-0.18208576944620714
-0.16614264816730412
-0.15306866238909556
-0.38593935586224426
-0.33008320845452205
-0.3037364253932968
-0.6934900393478137
-0.30457491571031314
-0.385797564595326
-0.30792080113007353
-0.32007592576091926
-0.28565393469737055
-0.27125254357336154
-0.25317871429590677
-0.25434872948385717
-0.14863563790025658
-0.44778928970449106
-0.17445299333801595
-0.3256981137736536
-0.2954968157352316
-0.32764703595189304
-0.251973443795976
-0.2792542445046553
-0.2835396539155871
-0.29891254697258185
-0.24596241582664435
-0.35405217283923995
-0.2090053402936854
-0.06728198299300125
-0.3028890815697745
-0.42945118249567826
-0.2674890383537738
-0.13056783390938193
-0.21154501825753874
-0.22938277619473063
-0.30167449295433335
-0.35955590734584353
-0.11037007759037398
-0.16417893161675373
-0.18856963887402856
-0.1628074735790076
-0.44387930860242064
-0.242632937187245
-0.3549946003641846
-0.28629478398865943
-0.30454187660921006
-0.13480010232669304
-0.28033638343451295
-0.19516647980557017
-0.28108900691594474
-0.19125819115251702
-0.10769590084628472
-0.18944064715354325
-0.18566518939218796
-0.2221684275592914
-0.3035080721929976
-0.13309107700052536
-0.2019792813939278
-0.8239128000325816
-1.0162213472217965
-0.4092166765744174
-0.2013129193302433
-0.1177942873643878
-0.17162658362295458
-0.3451422260910586
-0.2028927844074352
-0.2292929704925023
-0.30563507400066997
-0.25060442835463087
-0.3058681002829313
-0.2544990406155443
-0.17029929514675574
-0.30863697964610637
-0.7052263380630144
-0.38099622206904227
-0.3459742710336259
-0.4645918305396153
-0.2891141034946496
-0.4586947023246001
-0.4440112363189927
-0.5262492542835034
-0.30838290936471713
-0.4231070687615887
-0.35231474351620184
-0.4909933032848776
-0.40425994111273844
-0.330307911606049
-0.4363299451990798
-0.5319577135551761
-0.4741483563728095
-0.1784108075825751
-0.25229637967847224
-0.23442874904794075
-0.2783935615782366
-0.26679928698523625
-0.4262039245758278
-0.2837393831381384
-0.6713751659257936
-0.3735270051769333
-0.424007602618785
-0.467958537896139
-0.4214589225670512
-0.5719692769067052
-0.36923519848833913
-0.22631412814690582
-0.4604512621435365
-0.42673008687177794
-0.36022880805211505
-0.34470702248261553
-0.5689084755901266
-0.2105936453178509
-0.2428670035327204
-0.19342994933900476
-0.34821564591479637
-0.22174071532066875
-0.0999842654944908
-0.08588372689936247
-0.24959539466557373
-0.1495061477907519
-0.2873734408541153
-0.2987765392274182
-0.2588409127413243
-0.2742213826104426
-0.2722034632298169
-0.2556154778803458
-0.28951836585921
-0.4631990714132451
-0.3343867088647783
-0.36241239218887944
-0.29324278841247076
-0.4404012015431127
-0.30524216615210353
-0.18465594552704845
-0.3345702639289668
-0.21915625651221987
-0.43661403042408575
-0.38915227329114854
-0.27362659369150566
-0.3629710738736317
-0.3145215586879635
-0.4147910480708368
-0.16006378847150488
-0.11632110997910361
-0.4009778940938503
-0.07343228247712608
-0.26826189948391627
-0.24330085024601167
-0.43186863089695016
-0.20840319935183227
-0.5107695912413945
-0.28214061578345645
-0.24642924974676783
-0.22085293684442453
-0.18427372148121207
-0.20294586993801222
-0.33569103305160597
-0.20223461268150894
-0.05712769741984919
-0.03866354686269663
-0.28752697631559077
-0.05403464758101867
-0.3219318226131071
-0.07962869248225957
-0.9055016066682542
-0.12822000777836434
-0.17461328113101127
-0.2437391928109367
-0.26777297726150784
-0.14067861223789796
-0.16062606367496635
-0.33114815027071565
-0.09599343549047501
-0.27493241668859647
-0.10908969568280474
-0.15314700304364692
-0.22956791960019152
-0.6145727827344875
-0.2157608810772721
-0.3709694334045366
-0.8000798752582927
-0.45512945803178706
-0.22389615167377036
-0.3571653935550534
-0.4956184402268121
-0.3096262129089716
-0.4086576854991807
-0.4612076523838706
-0.4256114145567913
-0.3632720067352878
-0.2573253346697584
-0.24418614545573247
-0.2804660894551497
-0.4213541289636751
-0.42850508558862743
-0.43977917733913696
-0.4351816311614148
-0.4041036195330172
-0.26745775925379806
-0.36969895576517786
-0.1647731594304147
-0.28320473001188756
-0.5515383989124497
-0.42587302618751466
-0.4358509881363217
-0.12075988718975661
-0.2966636803081317
-0.2867451451541849
-0.32394767329172947
-0.29911159063197246
-0.26211595858436476
-0.42866506596784704
-0.2682401802248902
-0.34648688438754116
-0.41824331461330666
-0.36413712058895914
-0.36352843528881423
-0.522167047303084
-0.616846596860726
-0.6423224043276672
-0.5173103540517344
-0.3769587608075622
-0.4135066578479304
-0.19846042458239954
-0.4047367360679938
-0.2528816338823571
-0.3799911917415896
-0.4108125066233348
-0.3092509155811997
-0.3752182640606413
-0.438905455395565
-0.3638047195213796
-0.41309883203596887
-0.5386442537311922
-0.5507600506527058
-0.610137722962378
-0.25891778628250883
-0.3440381283139938
-0.08436410070208977
-0.15509699213154188
-0.2882378779874507
-0.353068906722796
-0.23762915703388554
-0.3023186335038526
-0.3248090064346728
-0.41555633057606356
-0.15026407412991039
-0.5189871129253406
-0.3628340714688283
-0.27054130002336957
-0.19240352076527295
-0.4836257208400314
-0.4307750147024487
-0.202963279873983
-0.27098892375842415
-0.37932632744316697
-0.3861275322724462
-0.26334617516983805
-0.2265380293630847
-0.24180317075740237
-0.07267124572406486
-0.4733079922112873
-0.10529570228109214
-0.2089643460409319
-0.3587730528939676
-0.32581658702142463
-0.27001474353993077
-0.12117051124118094
-0.3217722959059951
-0.09669011061339963
-0.2445953848530893
-0.4116782356780503
-0.22789733529745665
-0.4709633114670374
-0.6449007995883562
-0.3902014629907693
-0.20718370108035938
-0.40205041754324655
-0.22398424262766803
-0.17033979119614717
-0.1180416792364462
-0.6694823071579292
-0.33707673291597184
-0.2631158876872709
-0.307081360398731
-0.4761731910888052
-0.27373759519257296
-0.33548388173645566
-0.19884105569477217
-0.6038602231679502
-0.49152871245237373
-0.5103581369479658
-0.4284581563230719
-0.43564123269725297
-0.43364801622548466
-0.45502501130380235
-0.4041936949968099
-0.3051580805820856
-0.387531008115741
-0.4545386107671604
-0.48185004135226384
-0.4370586008983638
-0.36006663351522716
-0.4852867657546377
-0.6010366514341557
-0.1448108712838886
-0.24750973776089807
-0.26699069649147744
-0.2689324642127803
-0.3495306769149524
-0.26292097053359537
-0.2658322885196544
-0.29215382212437907
-0.19357563091223062
-0.3708914076496342
-0.23189777126565225
-0.20074039840811886
-0.09838377694718253
-0.07211518933280558
-0.1745686299508437
-0.3573522104862823
-0.21016262786542406
-0.10515831114960211
-0.13415011562258666
-0.3726540776249243
-0.16631417785740316
-0.2356609081448242
-0.1646078724358705
-0.05179650268782093
-0.2367815507533766
-0.09088230623405796
-0.20858885469960226
-0.11164597874501725
-0.18876764361870046
-0.1251502842551825
-0.19578042409201796
-0.31747097787709505
-0.010341774661798753
-0.03229267967005922
-0.08125869189150481
-0.2903911253633974
-0.17595986947210995
-0.31844043743076555
-0.2225028227219058
-0.2308575329496793
-0.05601703001443098
-0.21907058675038693
-0.18850375267677055
-0.19072430991718364
-0.23164303909792056
-0.5890170599774026
-0.3901091073810189
-0.06849549039900116
-0.16433305118962305
-0.030882906604054072
-0.13112046587042897
-0.17182235970236276
-0.1415012577445638
-0.2592416244895063
-0.23627148241082052
-0.2858910496886727
-0.13418667432305653
-0.1812135791082844
-0.12742747321146408
-0.11554157276169141
-0.22285233349708355
-0.17702353271516313
-0.1849827696670548
-0.20423508680440855
-0.20074172483672076
-0.13805255807335637
-0.09490910766894822
-0.23162599378168358
-0.3661798493671679
-0.07493978194878465
-0.15482847483940904
-0.06987437266644808
-0.15893077653983279
-0.3321035415727408
-0.039046902890157664
-0.13085936338388288
-0.5854249218990353
-0.39404683403984814
-0.3384537737926302
-0.2268311134415849
-0.10644050186532056
-0.16000003553216036
-0.3057623250713389
-0.3881805943735075
-0.09723103012326684
-0.3399618396142493
-0.24800503472284396
-0.45869003936293085
-0.16355634909904793
-0.49950211800245353
-0.39723596028504593
-0.2883585643787443
-0.23568162156453087
-0.35657393191938996
-0.3167871361765492
-0.37027971677324734
-0.3262028292305086
-0.34003024366299867
-0.29075586717396285
-0.3691085491820279
-0.34052543696947535
-0.2507722111038973
-0.24247298116294064
-0.30387228498103924
-0.09762148469814297
-0.1701311379078318
-0.16610962411842523
-0.28926758032602107
-0.2661365785724159
-0.3146380726618987
-0.3348140100045236
-0.21422415074611684
-0.23813458836679569
-0.20196739430449878
-0.25147838698570407
-0.31466171922661945
-0.3155177414239424
-0.25244362881166305
-0.1775064102113622
-0.15931406766868728
-0.21404168040240973
-0.24246264047125388
-0.08460894987769468
-0.2386217368337874
-0.2431683409032117
-0.20666225564618568
-0.2640562126297525
-0.24107129558878665
-0.33708791171877533
-0.2741551079961514
-0.279486654617648
-0.27286287014715216
-0.2996604209231272
-0.28802356967728304
-0.3145883142769474
-0.22178039194231053
-0.26320747700908415
-0.3462108657662585
-0.3031627924875287
-0.21354122971588274
-0.278840798982597
-0.08209836364647316
-0.43053708655806056
-0.37819403098365423
-0.31702137926064
-0.25954247853398954
-0.19062086644036758
-0.19893277164543505
-0.2304385663869657
-0.5285847056828288
-0.15588945400652643
-0.18015352989170463
-0.28755197916721564
-0.14443767588635342
-0.10216858529442868
-0.7258880767447743
-0.3891028478577653
-0.3127106928666334
-0.22355002497416498
-0.2312389807754992
-0.30005002567492656
-0.2167409646481162
-0.44218927784248657
-0.3290832190047148
-0.17320283128049552
-0.41014320196304366
-0.21760007440974527
-0.2382382398512986
-0.14766695474980096
-0.17310911836374
-0.34235766640532933
-0.2383863693633284
-0.061441693837084754
-0.24770591304908574
-0.24582643234192947
-0.08454929229641578
-0.20296268448206345
-0.20679996671173373
-0.20510047545799404
-0.02488723213175678
-0.3337685343638822
-0.25662797132983045
-0.6471333684813124
-0.4306285352331335
-0.27341890611563896
-0.19510676977658825
-0.22968753948949694
-0.29754475343907394
-0.23503445061170664
-0.33505106773864723
-0.2586345519981298
-0.3115964022152528
-0.4057661151236746
-0.16490327418418071
-0.3261776209939699
-0.27081748694893776
-0.5404504544293167
-0.5816879628571916
-0.3550407958084543
-0.18336821504399375
-0.3915884965975286
-0.25555152285965516
-0.2669638724992722
-0.41309176271457193
-0.3026068676304883
-0.37904064177428126
-0.2509714559313712
-0.4691068036288677
-0.17086584365351426
-0.4204212229060158
-0.43453874900381473
-0.3618752830481302
-0.295357500129971
-0.30047344714666674
-0.3118195156355869
-0.2863817310207979
-0.33576183486311045
-0.27935292388549426
-0.34137905962027154
-0.28329495988123643
-0.5847180048639525
-0.09803193460539456
-0.456980563215662
-0.22267355640443176
-0.08293849596528635
-0.06707928267452129
-0.07635993171737737
-0.23203102667264286
-0.16199661129757753
-0.17774612081141133
-0.13596507672675362
-0.16807245245694746
-0.14393837559702566
-0.22360168443803363
-0.3328355248785937
-0.4297633504189088
-0.40234265249087287
-0.2674275880152075
-0.24889250242130534
-0.35823124446852955
-0.25850272804167596
-0.4226571202518772
-0.3510613803606061
-0.24790144988775875
-0.24227436730588175
-0.3406132393219976
-0.4659605305304115
-0.31359132226321024
-0.2573826852776371
-0.1743400794020506
-0.2417627132140438
-0.2186195732459596
-0.22114814689419937
-0.35953466255245503
-0.1112045936379879
-0.2945775162914936
-0.26599181210570205
-0.1925197011749944
-0.13172655673763556
-0.16999430204765503
-0.12255230921962723
-0.27011676154765957
-0.2309768110120029
-0.058403252182847615
-0.12579296848228744
-0.03629983133678433
-0.012742602829081184
-0.4223723360477722
-0.31863102041221947
-0.31245656021784884
-0.22534389500185625
-0.18674026875844635
-0.20666121516501856
-0.41805584458745576
-0.3187062545006645
-0.17071190950745008
-0.17459888700675819
-0.25858058173712944
-0.1946060492453317
-0.16993505968940742
-0.28810299905720405
-0.3425905299954328
-0.5434797530564853
-0.24979865208347152
-0.17053060721046748
-0.14655657068164468
-0.1705712009912299
-0.22336473208606994
-0.2596201881708525
-0.15231095302102043
-0.21461400073407788
-0.11483029058401523
-0.2776405834717959
-0.02416251628689442
-0.14862280774210002
-0.24583982076380562
-0.4242508576177831
-0.0643511012653919
-0.09385361016977833
-0.16211629788081844
-0.07383349602052763
-0.04127827551749358
-0.2496160578671643
-0.12305569988892201
-0.17586837806153272
-0.1699677984803023
-0.19473611387783124
-0.24352096272002433
-0.11821239520872262
-0.2838006155601792
-0.5640673891005787
-0.34265863943886504
-0.22356796484812141
-0.44223678803915867
-0.4645779342378041
-0.3659912668914842
-0.27366600079706765
-0.1948135045506087
-0.26300164082691496
-0.39408176965213654
-0.3090182245192879
-0.29788493867154736
-0.17755647376900324
-0.3600798175567698
-0.3295500867810698
-0.3048790611375495
-0.4057664030603532
-0.13493995810601683
-0.1589372613181234
-0.28967140821555987
-0.16214997225086064
-0.2711118875185015
-0.36100829392958594
-0.3029600365482244
-0.3399694348120249
-0.2737333498175415
-0.3475106492227718
-0.2714979738226553
-0.45671007159214316
-0.16878370053985575
-0.2116706104560006
-0.03476261871185282
-0.06785701418147994
-0.15390877824392357
-0.14556651647784424
-0.4502824781645606
-0.1493402289920479
-0.11092172277992751
-0.19990281895122586
-0.441328862920943
-0.2582264161512628
-0.29605474719322417
-0.6367568211639993
-0.30010156397822546
-0.385797564595326
-0.2720243829613557
-0.2884505998912025
-0.2379428059766342
-0.2285778691588814
-0.1512944371483544
-0.24433959457115118
-0.10498688778682008
-0.37451554210670857
-0.22724709141137306
-0.29617267583646645
-0.30323687421383144
-0.24778752441511026
-0.32194810006667157
-0.2594811478772241
-0.16662547472780237
-0.28930447409873805
-0.2642986026494162
-0.20603936709163956
0.011759039224721796
-0.034461222396787894
-0.21979762987355728
-0.2337084775531908
-0.07887411252367615
-0.13457575932606547
-0.416503834582676
-0.16819907454340766
-0.14968275378336637
-0.21982032310970562
-0.10070620662688234
-0.13660572892724981
-0.15393019129107743
-0.12243053006940186
-0.4400863777488696
-0.16216638337044276
-0.1786046217690705
-0.29278559984775554
-0.28758031176653676
-0.15701704016888196
-0.2638600000643855
-0.19371976716951916
-0.25360602746421756
-0.19223597194091396
-0.11601577533872304
-0.22174508273671684
-0.15749061087902905
-0.1677433279571789
-0.2659483237549483
-0.08148437262243724
-0.1903112206218726
-0.8841839131836413
-0.8138436822387486
-0.4420300477105466
-0.13437823238313312
-0.08134266343247598
-0.14513145009820735
-0.322751502434195
-0.28537870031131546
-0.18210893754608298
-0.3562642028062475
-0.289986473953794
-0.13553249149408603
-0.23208540110381648
-0.19801045441248255
-0.24736548597110453
-0.5075074309702489
-0.2677154512633384
-0.27368861615990553
-0.29523501063212954
-0.32794423316914073
-0.2447333345883203
-0.42879483507556865
-0.46995733567140163
-0.251739960328726
-0.43700461487348347
-0.2641835187144361
-0.40835374292027676
-0.33680269108325
-0.2866149690016112
-0.3782098805120871
-0.5025371799007796
-0.4050913968773816
-0.16871922951224877
-0.20018841175700963
-0.2593386207274293
-0.27992135098795734
-0.25617644626168423
-0.4050563314024319
-0.27507760133159304
-0.5981740623540504
-0.29565809668021426
-0.4098417973724042
-0.37878270219844423
-0.35532762233351195
-0.5015498046753268
-0.26634680794803217
-0.27788972214784796
-0.41913941093700313
-0.364475488325974
-0.28479147766417673
-0.2745122002459291
-0.5674288125870255
-0.19604379512059134
-0.08085364395701511
-0.16999548952262
-0.3038431910946915
-0.12969728770261063
-0.11273337443039705
-0.11096362839751867
-0.2500489682879384
-0.10134787811888957
-0.1813739139820092
-0.25127925496251374
-0.13569982329731883
-0.258340468197186
-0.23421076348169628
-0.13789891032236012
-0.20730410801306032
-0.3187399863588378
-0.3791195297652675
-0.2965770841219347
-0.36418848230193684
-0.36003696673535845
-0.261116527495792
-0.16656700472582042
-0.32885935035157954
-0.2501666230282253
-0.38161644757194846
-0.28344008572113655
-0.23766567295971402
-0.2019182531773448
-0.29549436100397275
-0.43197402057646084
-0.1064924628977113
-0.15852167060307476
-0.20393576894342852
-0.0714647250543266
-0.24528517996905908
-0.1850155936156801
-0.2767440085803873
-0.17499408210975154
-0.41820869941417005
-0.13774379270824527
-0.07283959320476702
-0.11505909018838828
-0.06341710663883743
-0.11699891915404659
-0.19469736773857405
-0.1491475773886835
-0.03425705753311453
0.013278081175956358
-0.2351835015994711
-0.02782487490741542
-0.21911426224323372
-0.15055468866351296
-0.5657103180929678
-0.142766282460571
-0.153715045115351
-0.2348500682580037
-0.18821838132469582
-0.12834978299395644
-0.2011861985768696
-0.24936947729527936
-0.07105468502149953
-0.16266536883074595
-0.15892162455491876
-0.17684436288617228
-0.13950722890652417
-0.5906401209890656
-0.2157608810772721
-0.27259429349724135
-0.4976090549227743
-0.2956346804362122
-0.20235735150798045
-0.24236430659789782
-0.3785801301818564
-0.3248936985711295
-0.3197808643258946
-0.399321954637621
-0.392651220093186
-0.2938264643144106
-0.2872429578743198
-0.26247741210699355
-0.33898441822023784
-0.41572941929283813
-0.3352974793678146
-0.5491735498330377
-0.349105185917129
-0.3859277318736193
-0.28660030894682526
-0.15912556425621793
-0.15604601683799096
-0.1990707441535554
-0.43068469707348966
-0.2525637259078095
-0.3677434632841533
-0.08536725211083979
-0.2027289504506512
-0.20070102840414572
-0.23862565540551128
-0.26214668923902856
-0.16002846691272554
-0.4626665163079714
-0.23187642067185704
-0.33947366294716796
-0.3000182511664322
-0.35639061805297356
-0.24917737651807842
-0.522167047303084
-0.5696891798594597
-0.584735133245827
-0.4636862334212214
-0.3693641761151881
-0.3774361301034727
-0.18284835355016982
-0.36319910278685424
-0.21910138246944816
-0.3191026439242552
-0.40658257622641913
-0.3232376382351194
-0.31374981186671547
-0.34262723008842866
-0.2615790240642667
-0.33453237187456336
-0.4006664174478334
-0.4890933456773543
-0.5316890959335034
-0.2374380795388022
-0.21021561529201166
-0.1589492165380248
-0.13234829598778375
-0.2829648951816674
-0.39168484588768543
-0.22623667142700415
-0.26266882643649897
-0.2879063777838687
-0.42653558113519097
-0.10752030788696598
-0.44469133145093953
-0.3225400304745124
-0.3189086974127795
-0.17111182009039638
-0.44067279366291756
-0.37695929386723726
-0.17959669495607034
-0.2511330650768789
-0.18611234940971993
-0.2933521279675882
-0.37367388146032865
-0.2036828032770649
-0.10075531851622105
-0.051577141891294365
-0.30457825819804496
-0.06496415033371433
-0.16892231450050654
-0.1976824819023399
-0.33245888889606334
-0.23333842460809
-0.06133467255242986
-0.1469475000684693
-0.09669011061339963
-0.14775333526572448
-0.3317886664126634
-0.226789207925625
-0.41255386383012405
-0.4615730771222081
-0.36882848945236546
-0.12759268907797877
-0.417948724909715
-0.21198108996674847
-0.14836645322586284
-0.06922203364157231
-0.4446542068137628
-0.3914687472857554
-0.20273931295802106
-0.2745881909584565
-0.5415668321025707
-0.28858487735607197
-0.24878932307060653
-0.19681289382560913
-0.774370404823631
-0.49999696548078987
-0.5329804213307985
-0.3103276598338928
-0.4617642203818002
-0.5154283626957343
-0.45084683062189973
-0.4021985541542453
-0.2916340061552256
-0.47048652401504
-0.3757816021697511
-0.4781382113414444
-0.4711477828970482
-0.32763268457745276
-0.5209489148500813
-0.5655947573506203
-0.19240439407277943
-0.28183009791841024
-0.26512168923843993
-0.24454705850019542
-0.22352823117150367
-0.311159329217678
-0.23325134097120998
-0.2982240797311135
-0.18215127749703908
-0.4874188276385558
-0.27237301366071626
-0.35752608800700436
-0.07272478694945744
-0.1119073785929825
-0.24663180426777853
-0.4546636143853269
-0.1933671993098794
-0.12293548759104567
-0.16975842700318294
-0.31146508357281266
-0.19467102815309806
-0.22522141446043892
-0.257991017273727
-0.014194625529173888
-0.18676664082070765
-0.05668663717112832
-0.20700036838111557
-0.15687489973069546
-0.08301551777324923
-0.2198540914498589
-0.19578042409201796
-0.28024306644295877
-0.02256242452935997
-0.09318263117336512
-0.009621865279345665
-0.23361941585131585
-0.19047909002276708
-0.2864332722190067
-0.2626670916644115
-0.16793553859470856
-0.05601703001443098
-0.21907058675038693
-0.18485128159570507
-0.19072430991718364
-0.23133905228388213
-0.6264335715957596
-0.5795014028283488
-0.05631313190941495
-0.1352193911384047
-0.08358807818377001
-0.1632674081584226
-0.1546235110448565
-0.13935741326358575
-0.28635237158296384
-0.25024665332679197
-0.3058712132939876
-0.16353495453809586
-0.21497780463903216
-0.13022478006041005
-0.16263654249401127
-0.27808856409600236
-0.1785669375372816
-0.18674467898299074
-0.14893882569635064
-0.1679693328706301
-0.2340692001023879
-0.1493459939683805
-0.23162599378168358
-0.3661798493671679
-0.11530215004248656
-0.15320674147553792
-0.11005732334678142
-0.13916162003895832
-0.31976460444450383
-0.039046902890157664
-0.18983253575879322
-0.7029503793867599
-0.583926417851844
-0.3527140078875415
-0.2846824045794658
-0.17321609533041848
-0.17845683711213062
-0.2469423343623784
-0.45730073658924963
-0.12765252775450214
-0.4415427205676987
-0.28390645001668935
-0.42056417903911436
-0.1948881322060096
-0.6077745909412139
-0.39723596028504593
-0.34048027262340386
-0.2480797042933422
-0.39308920873067915
-0.4374764770871107
-0.3865322042862064
-0.37025228166662427
-0.4679992993322404
-0.28109707837977005
-0.4165757574219293
-0.4185710491282135
-0.2708181364808261
-0.33086925054540633
-0.24538817155790238
-0.08105174720844499
-0.22013676308108288
-0.1511409519883245
-0.28663290038808587
-0.2822781912429628
-0.31169639322187553
-0.29876479213139673
-0.29925024757790203
-0.25402438003228667
-0.250358149926743
-0.23496571506261155
-0.3583256506615333
-0.3866169707425062
-0.30554640133311556
-0.1822020822526741
-0.11861946368340737
-0.24786303100366525
-0.24246264047125388
-0.06770247952115577
-0.2065736050124347
-0.2060210155024481
-0.24504611378266306
-0.2737265031739
-0.2504316100171824
-0.322521541735614
-0.2900774072867419
-0.34779599713629195
-0.27543982608864725
-0.3834872517355551
-0.3907207369212399
-0.34248375197355857
-0.24429840134762404
-0.37291426850103515
-0.38214663077370303
-0.37320976376989057
-0.23295816846809103
-0.3057072641124619
-0.09050035768488862
-0.5364589922240476
-0.3953867539687941
-0.2916651797375484
-0.28865821146428505
-0.25177895413402046
-0.18413748417159814
-0.24738577547963203
-0.5140706464456061
-0.21069330332232572
-0.19968561576866833
-0.30498007413247125
-0.13898933785329776
-0.17954251812672045
-0.932048577804588
-0.4172636808538078
-0.3338351217660344
-0.31122375697000665
-0.2657653415793649
-0.27442124765129106
-0.17225112977075224
-0.3074768415001447
-0.37673233381148785
-0.16902174827056576
-0.35917794706355766
-0.19082838538204594
-0.26557817805060635
-0.1618625000173099
-0.19202725234338452
-0.28343591301813
-0.21634888399731195
-0.038733362044450104
-0.30017984201480397
-0.17995756781003458
-0.0940323081852169
-0.29669326413436103
-0.13373127205165553
-0.15885358966541308
-0.05884420374230215
-0.4006617166308841
-0.2911600701122522
-0.7690069504367782
-0.3910736464374702
-0.2201777178100809
-0.2221341672800019
-0.35871893306022157
-0.34198887151737367
-0.2350838367707071
-0.35456794367173283
-0.2977865194123836
-0.32237619022538916
-0.4458702733437212
-0.20290926628166422
-0.30784768807942464
-0.31893881245905564
-0.5224241203300064
-0.5765368742076007
-0.38995668836980196
-0.2616596927787782
-0.3936022709388327
-0.2773291404562595
-0.2103329775633831
-0.5555434839842159
-0.37119573996507793
-0.3904769572258664
-0.23248053225828386
-0.449544449351047
-0.17086584365351426
-0.513281901405799
-0.4149599587835187
-0.42677982734479225
-0.35577479520908883
-0.35119323726838686
-0.33087008489954034
-0.24445248232859462
-0.3588649494117344
-0.3044602805042683
-0.34894724914230185
-0.2542912802574919
-0.8896087419016667
-0.11965449627934321
-0.47879499650847634
-0.22061770444144907
-0.07851603544394103
-0.039145393909731985
-0.06597330809735208
-0.28874050355468417
-0.18318416140800425
-0.20242089377374944
-0.09414949546657547
-0.13886874497819074
-0.17421632932770215
-0.24616052256229565
-0.34572574309399606
-0.4517000372748602
-0.3992386264789282
-0.33479239988537585
-0.2822944683523838
-0.4344342955266173
-0.38347644020705496
-0.4487326880369491
-0.37355231857381627
-0.31888294124475103
-0.259677285278522
-0.33232232068996503
-0.6062600753136771
-0.3307377750913982
-0.39089727111513695
-0.22566452885260507
-0.26033687394305627
-0.21965584375989916
-0.2816975949343355
-0.306793222400023
-0.11757619834309113
-0.3058700251744713
-0.3857268199998282
-0.1995167596880918
-0.16139971552403343
-0.19992701596489254
-0.1480657835141856
-0.3220512472178812
-0.22596237657180301
-0.10813808477190318
-0.11525754117762599
-0.05916561013359273
-0.1236059364936738
-0.45544715566028426
-0.3295960069536782
-0.23980567913085388
-0.22552551420560474
-0.2547264678267223
-0.29551260597669005
-0.36155535425737656
-0.37174183474728983
-0.1538753173543525
-0.27062752217643293
-0.25680978007945704
-0.23667329320883135
-0.22492115146405117
-0.30227342268488855
-0.3706568669547452
-0.5434797530564853
-0.29062518430894
-0.24106441019327934
-0.1625843139659502
-0.16999108393601037
-0.16241081588595707
-0.1809919511480057
-0.1494514943098088
-0.29333189870002396
-0.10776436635263803
-0.4019776254157658
-0.012307691691151035
-0.21652119508203305
-0.27810414548069107
-0.4401412551317926
-0.11153591212172442
-0.10760113337143284
-0.1576267000753503
-0.043329209400061186
-0.09570616883052863
-0.23002501183184937
-0.1887780778281986
-0.17586837806153272
-0.16999895595073156
-0.17463809465755264
-0.1922765271689949
-0.14166211172141957
-0.2892931498763345
-0.5040615933121506
-0.3566334696142565
-0.2685601763410132
-0.38712257729649424
-0.5353108697659974
-0.47028633845775436
-0.2759569720999278
-0.124902844941294
-0.3075447334467396
-0.42766569144823674
-0.31193095558522327
-0.3109404493132862
-0.32169114691494155
-0.3600798175567698
-0.36117645388491604
-0.3093846877945999
-0.32520448510285394
-0.15581306491385105
-0.23494196532311534
-0.3244176295046727
-0.21346296689997685
-0.24581813438410727
-0.37909892648068666
-0.33480779948679906
-0.3914687286595002
-0.1950562950410833
-0.35406257425376436
-0.27877071638693984
-0.5069230005729144
-0.24318058552667843
-0.2884700464657376
-0.049022141416571685
-0.05558157825130011
-0.1589183141672328
-0.13669114647978586
-0.4502824781645606
-0.2287912622217067
-0.130047509195707
-0.2290135187955692
-0.4400847051646142
-0.30056717200924604
-0.35130308512036185
-0.7779655447074424
-0.27880813627217627
-0.385797564595326
-0.30674152230332097
-0.3032141757753454
-0.24471573836693827
-0.2429056114931506
-0.11790607995363472
-0.2898135553439565
-0.1567681919087574
-0.4619389609470069
-0.23899526505997343
-0.36676077434176596
-0.30323687421383144
-0.37059164412695805
-0.29860848314843086
-0.30073253462745614
-0.20834874972197187
-0.2571710804619004
-0.28013507241375196
-0.22266992362582094
-0.15480222347339384
-0.08113536349675057
-0.27255791043895156
-0.28038070727583564
-0.19718140329442269
-0.13056783390938193
-0.3107816327028283
-0.1902634700317653
-0.14968275378336637
-0.21982032310970562
-0.12483951655730552
-0.09298779940293084
-0.13638182040320374
-0.10164948247089167
-0.39504430080016406
-0.21878268498820197
-0.16898572628600228
-0.2832054646883565
-0.28178557130580717
-0.22616708329602997
-0.26277481608188197
-0.20115474500032443
-0.2526392278434451
-0.20670528493934925
-0.10737248985799841
-0.16457835907208723
-0.19284656095704322
-0.20057767563925433
-0.29883799686932044
-0.11917580283199924
-0.2507467804870227
-1.0553905224294495
-0.8782644009120455
-0.3951009770452729
-0.2564775355687926
-0.08134266343247598
-0.17553801735285773
-0.3451422260910586
-0.24571107271757886
-0.2292929704925023
-0.3795287751995459
-0.33259727083100055
-0.23649820743807526
-0.2387478823779441
-0.23450239126687789
-0.18175912270827016
-0.6661215642270368
-0.3176534432982934
-0.36977110148004894
-0.3967740762609434
-0.24427570196338266
-0.26008500326158723
-0.39906112027600193
-0.483230829021449
-0.31553508949193954
-0.45862823586865653
-0.33734603172287875
-0.5008245238421826
-0.3752471613291395
-0.32770318052361264
-0.427444231985443
-0.5422170183984297
-0.4221064276288074
-0.1497678899351788
-0.19518651131133524
-0.26486012742845877
-0.2690917954569479
-0.2907030828804007
-0.4114865209669861
-0.2803364532248113
-0.5846903646881897
-0.31179411550373726
-0.42907876171531756
-0.4162196377075272
-0.37124916341543607
-0.5681089718753899
-0.2825770562677674
-0.22631412814690582
-0.47472072342356747
-0.3721057745670052
-0.34984914032256653
-0.3139861584057218
-0.5689084755901266
-0.2642991558722681
-0.08796777715064058
-0.16556594069566943
-0.34536099464507725
-0.10932066412047314
-0.10358185535447839
-0.14894633150065628
-0.2551480002683724
-0.094890520221101
-0.28734778728966737
-0.30949231032661484
-0.21592948686415947
-0.21394113466212872
-0.3036626307015351
-0.2805113394122712
-0.21036558930499177
-0.4277050529361994
-0.40074863642265857
-0.3551734881029698
-0.3295775007928384
-0.38384703053870234
-0.2656261841777201
-0.2140570781113153
-0.32257540618753855
-0.24764877463083362
-0.32180969895901584
-0.24687868778004818
-0.2659168023624089
-0.2019182531773448
-0.36745285942446587
-0.3860596009137565
-0.12364653573836998
-0.14989505468726155
-0.32746648421972085
-0.074810305160806
-0.27951803005825926
-0.19796177411244442
-0.2767440085803873
-0.18146373603306376
-0.4233493126429754
-0.20307168179804086
-0.11787703202142652
-0.1646574596028581
-0.12104187261965549
-0.16476891510908803
-0.2713000337953376
-0.13734728304477212
-0.05712769741984919
0.012110690286491754
-0.20232739165388774
-0.09216634319840938
-0.24283517226981793
-0.138661514958629
-0.9285026620589577
-0.13959661679090346
-0.24366708248037044
-0.2708346781993928
-0.2586744743388238
-0.16189358458315806
-0.22181203080330653
-0.23626127539324476
-0.07105468502149953
-0.26924511262775547
-0.08435418126858713
-0.10586645831674801
-0.24605660511495264
-0.5054809063122927
-0.2157608810772721
-0.3908615113518987
-0.8925480439390467
-0.33031856407874927
-0.20656415127903327
-0.5045269119571275
-0.34696818279650576
-0.3346459414159444
-0.33265743858065233
-0.3708562201109158
-0.3158188870658382
-0.2874477834423488
-0.2892132269686934
-0.291945733428125
-0.31377196450713285
-0.31467139686764467
-0.34541131941173087
-0.5795263228938471
-0.39731231288654334
-0.35330758866281037
-0.24045728870917088
-0.3041271433297646
-0.1750506905973332
-0.2437742192605642
-0.5312216267634386
-0.2919262565815927
-0.4620788888907469
-0.12214396154304047
-0.22738881969651392
-0.33907458656509554
-0.29996016106476164
-0.2757354623613052
-0.19575951293710625
-0.4626665163079714
-0.21445136229374484
-0.33028933286559375
-0.3000182511664322
-0.36200710514189993
-0.2033974164691431
-0.522167047303084
-0.6259279738931648
-0.647108463013406
-0.4993992336905889
-0.38850672199759356
-0.3829570502861567
-0.20113855983591228
-0.30928907456177024
-0.24629191471449374
-0.4010470528074859
-0.4771447001521316
-0.3534363437761286
-0.3711064806548814
-0.4344502839062382
-0.3038700714375054
-0.3487221354959381
-0.5144922209743985
-0.4890933456773543
-0.6619159148033603
-0.2772921530274501
-0.276268917021561
-0.2754159286078829
-0.15143326641100874
-0.27730228232376297
-0.30207101510812345
-0.31849204155211075
-0.25160178554096624
-0.30564404439520776
-0.36942277890373754
-0.16849605585011002
-0.4801620725732818
-0.31834095758480674
-0.287662221986659
-0.15380500104276157
-0.37431801738472936
-0.3887080158398801
-0.15198318206971462
-0.34068666100159295
-0.32830345556981166
-0.2881580872383781
-0.31404212578994317
-0.15681823627450286
-0.06649808576638988
-0.07232983217834188
-0.44445817191116965
-0.16671474648526646
-0.2406827595168664
-0.35953601642274535
-0.3523797097280562
-0.3009093818592963
-0.06441032566689336
-0.2214877257375078
-0.09669011061339963
-0.2026039903835236
-0.2800934578431231
-0.22561366679638784
-0.45894526027644783
-0.5969618167812245
-0.34998933383393066
-0.17566634808663695
-0.4514208334203499
-0.2662186780130632
-0.14836645322586284
-0.0751173648996944
-0.581901174141995
-0.34803351982726505
-0.2329535091723723
-0.22202124640296045
-0.4892158270879574
-0.29542386126779585
-0.26711311036657576
-0.28975244296651576
-0.7680535508768893
-0.5505726774708822
-0.5260918244563824
-0.3455979203207881
-0.46296444701589096
-0.3955984348938673
-0.3967323230636671
-0.4874643431253657
-0.3313754676895897
-0.3914707404787183
-0.4196128748854463
-0.39962881018788216
-0.4407378196735877
-0.35342090065512094
-0.49873874339013813
-0.5624695466970546
-0.13667320816866219
-0.29471810390505976
-0.26512168923843993
-0.2888435738566055
-0.3413815277122255
-0.27693049220165644
-0.1957684360622029
-0.23638681697483405
-0.19180072823435462
-0.2738792693058399
-0.2634859902804644
-0.2599798219913667
-0.06338953309155704
-0.08643322446581242
-0.2229738805698162
-0.4018749365904883
-0.18603003184149353
-0.17115888115065025
-0.09448761410791312
-0.3182188417267027
-0.22111278357870068
-0.23807542035899493
-0.20580131942795576
-0.021404403216361334
-0.25514702793439925
-0.15673997966561465
-0.20700036838111557
-0.13317017610769488
-0.1605322881361032
-0.22321435654075317
-0.19578042409201796
-0.3182359811638368
0.009593213391909494
-0.09837260616084292
-0.039880219865679134
-0.20569858181519962
-0.22699070580270447
-0.47118444010504357
-0.2626670916644115
-0.22580621628898156
-0.10980519020620572
-0.21907058675038693
-0.15650821213989363
-0.19072430991718364
-0.2846521158833647
-0.5360870534651043
-0.5088233531107423
-0.09738756910437169
-0.20051880357314644
-0.1479761751573624
-0.1510505924826635
-0.14262270050147818
-0.139456292013306
-0.2516700332731885
-0.24265772802875613
-0.2500410999382486
-0.12192225485054076
-0.26747479264337654
-0.2135426237114112
-0.11497059650742275
-0.21733079404096733
-0.20662759928216012
-0.12683260228212934
-0.1757047566260681
-0.1647983039792928
-0.16275813685724871
-0.1397700863500425
-0.23162599378168358
-0.546044200804069
-0.09459977595845875
-0.15400561008422597
-0.12512225934736998
-0.14475306300385676
-0.30521841944196354
-0.039046902890157664
-0.13044182411747618
-0.6910989875038753
-0.5345665400669479
-0.3527140078875415
-0.2690146732642909
-0.16504869328279637
-0.1336667882031186
-0.2723283833178639
-0.4873580915967286
-0.16712312051414868
-0.3689806893649179
-0.2914433467908755
-0.4374973448057966
-0.17954236466089446
-0.6713191290540774
-0.37305359706999486
-0.3323003625771634
-0.3134636796344993
-0.3876488512896139
-0.44888038599558017
-0.4008457487710865
-0.2734685949104586
-0.4649303936474106
-0.2875403962401
-0.42988722574038796
-0.35354422940380503
-0.2028223594461706
-0.3380169348769059
-0.39410531488918904
-0.0322803528628538
-0.27608217952163816
-0.14533809108810491
-0.3279088703773032
-0.3049814510855909
-0.3376419716738194
-0.28821760714059186
-0.2274800974950134
-0.2276822567707778
-0.25833891604161147
-0.22918978796332418
-0.3147082919846257
-0.3265576746177896
-0.32990657917995925
-0.21559800139221907
-0.15418095564019896
-0.24131787170250651
-0.24246264047125388
-0.05588280144284863
-0.2149197625245099
-0.2006129159439657
-0.2033820253781754
-0.32112815865902444
-0.22147701049226842
-0.2426945566358965
-0.28808980878899026
-0.2987507465257075
-0.22287436833658458
-0.32957502348337114
-0.27221635538447714
-0.3121101980325666
-0.22390661341797125
-0.37749845678640054
-0.2619267392178365
-0.30627693576987575
-0.14626557540611484
-0.21085409012854572
-0.10260630546376093
-0.48151227870277713
-0.35598645773465626
-0.345717997616827
-0.34739814729343
-0.20235743282866864
-0.31391322996810356
-0.19024925848977187
-0.47338023055203476
-0.19842595077979386
-0.1871838018692129
-0.267642378904948
-0.14723766151705242
-0.12822989865825296
-0.8043922003474292
-0.40890482015410445
-0.35213746959231873
-0.27149273473335533
-0.24297380150982456
-0.393745123430311
-0.16417712414241675
-0.503861624208103
-0.32095120849280145
-0.19317406473375548
-0.4044427197260802
-0.1856156823563065
-0.24705345271186108
-0.16006160684428178
-0.19043630582845056
-0.33004025651444985
-0.19631594430492705
-0.09781387121633456
-0.33703451693200037
-0.2749063732837209
-0.057204267998552605
-0.29190989667244915
-0.13270352681028247
-0.19284942941521388
-0.060939786364774845
-0.32525182211027787
-0.2542381999934909
-0.6911656441188514
-0.4196977476724587
-0.21647243378804992
-0.19372935519793227
-0.24815043383049895
-0.3107178725688479
-0.25002777667082887
-0.3728181632514704
-0.2586345519981298
-0.2959837313894126
-0.40412359463073555
-0.21318624452612234
-0.2589429637505164
-0.24957871657493985
-0.5224241203300064
-0.6805171420362846
-0.35429236238264716
-0.15189126405657966
-0.4012380483973524
-0.25793003694103067
-0.22586898428110813
-0.5086016486929417
-0.3338989146196426
-0.37904064177428126
-0.23248053225828386
-0.44363012207273533
-0.16711604423822346
-0.4879696897027528
-0.46838377469126546
-0.3333015754193294
-0.338417941259381
-0.3023468616757544
-0.3265493764943528
-0.2577413365150326
-0.33291197310970766
-0.3037269225353232
-0.2929723867666588
-0.2518113025267144
-0.6056445177461636
-0.14937354521472068
-0.47879499650847634
-0.1939273318603011
-0.07508943573033244
-0.21124716435628837
-0.053058657185280855
-0.2793375218390705
-0.16199661129757753
-0.21799078597605054
-0.12338160839349005
-0.16396208944900248
-0.17555909298685352
-0.22257484684663587
-0.3186778269439397
-0.4196262017386575
-0.44327277409683535
-0.3056313500758546
-0.2643556454339231
-0.4325157233383526
-0.24253789232594536
-0.5019648885897665
-0.34799412626488024
-0.27415639586560037
-0.294833049586183
-0.3133519059900232
-0.644840130099575
-0.3285767623758351
-0.2622164046943262
-0.26331810681835177
-0.39079320385395505
-0.24666714066859347
-0.32498417513886435
-0.4177306220282818
-0.13299018481256386
-0.3554360354863595
-0.3154821427505123
-0.2607911431703042
-0.16139971552403343
-0.19339518610901596
-0.1480657835141856
-0.31990664881419445
-0.17240750861168297
-0.030794135722580385
-0.15444260955853384
-0.03538809522691683
-0.11768824790265126
-0.5649256988097187
-0.30998576158631314
-0.24170466798636525
-0.23373846216248456
-0.188029765303529
-0.21225154550507386
-0.4143763310297963
-0.33804395772225015
-0.18005319153581156
-0.17316085770467676
-0.29494931989830114
-0.2318010845193057
-0.23414754038634888
-0.3122575839394415
-0.4144081188015851
-0.5655046279805229
-0.24979865208347152
-0.1110176307300565
-0.1983938543873528
-0.18871579385722975
-0.24818688815989814
-0.2242730989689905
-0.1591057277173865
-0.23026507854516925
-0.10776436635263803
-0.23380023398802674
-0.0765279596379182
-0.16847032061732825
-0.2664671284812218
-0.4279574898287476
-0.17739538720506987
-0.06846506001352592
-0.15568910015588922
-0.11819330543618717
-0.15816212577112854
-0.2744406572827374
-0.21697272532494388
-0.07829721010551038
-0.20226994041872576
-0.21726752790213105
-0.2369525066844238
-0.15212183192856343
-0.3156844411899632
-0.6107735316639186
-0.4162777281527314
-0.25997501917871774
-0.41895934976008886
-0.5801708485808822
-0.41594856461513324
-0.3198711613677928
-0.20521058011782822
-0.3304387778816186
-0.38693654339743844
-0.34165297059105565
-0.2737082231662084
-0.1956900258673243
-0.3464788298164687
-0.35456648436585597
-0.31584838341037524
-0.5496571062702369
-0.11279498348128003
-0.18202186637419143
-0.36444546170528114
-0.21866170162601256
-0.20088470636443673
-0.4354966909150646
-0.3396703866627974
-0.46786688555718103
-0.17468016382014673
-0.3725596369629631
-0.3081062132453798
-0.5123439473134538
-0.147032321209573
-0.2116706104560006
-0.08202115387754089
-0.09014025197618297
-0.08553271986836375
-0.22171621188824941
-0.4502824781645606
-0.18150199061680528
-0.08485198283988965
-0.2083758082729092
-0.37998518850803265
-0.26678819584520275
-0.2955889676998245
-0.6367568211639993
-0.22783501864318678
-0.385797564595326
-0.2966590071017355
-0.24135760025301117
-0.24590836183783438
-0.2322212023941722
-0.18147182433313008
-0.245352357539028
-0.23644313961184316
-0.37451554210670857
-0.14339657227347213
-0.2906346038421286
-0.2957048935306885
-0.2704868092987062
-0.25827278373849005
-0.2792542445046553
-0.19265284197880161
-0.22826228844758906
-0.2963549819623407
-0.2708092840518772
-0.0391574187406909
-0.08871117593518191
-0.244265568461981
-0.21770973166926644
-0.12152707365814702
-0.13056783390938193
-0.26101040473299747
-0.16869749548779844
-0.14968275378336637
-0.191264957760172
-0.09832610171596406
-0.09849080756939932
-0.1414442950344632
-0.10164948247089167
-0.48075746583159046
-0.17995010627654973
-0.23757942321589676
-0.30961662192874684
-0.2797572004094199
-0.19548656272304343
-0.28551561000689907
-0.19074205647076137
-0.25637448055548584
-0.19223597194091396
-0.22653272576269234
-0.2055545256375803
-0.169366939287466
-0.19154563250424017
-0.3371798537220669
-0.08962720671699342
-0.2361163843068097
-0.8173686647760617
-0.8399660209078388
-0.3703019955044575
-0.23013941430505058
-0.18184208554269093
-0.20959914761912585
-0.2605712224509584
-0.217357462831274
-0.20135663815164712
-0.30035303848273376
-0.2786045466188979
-0.2529905110058638
-0.22703797466058917
-0.21369059812590574
-0.24736548597110453
-0.7165105530256675
-0.3162858942274203
-0.3504423661898753
-0.40916872256604786
-0.29295492579600496
-0.30951676033906356
-0.43199704850828113
-0.5443400221836308
-0.30589856209692
-0.4201414431658552
-0.34262016944125867
-0.45437126952518725
-0.3561479159471673
-0.30543748113086333
-0.4007507807310778
-0.5841473867990088
-0.43944847224620454
-0.1859371100014211
-0.1472634563442657
-0.2716907178343925
-0.2689654002266231
-0.2480970442652869
-0.4097029007836577
-0.27268874616891686
-0.5677095273936553
-0.2671991506485418
-0.31491335253317515
-0.37674746378409035
-0.3041168748333451
-0.42111583570658995
-0.31056863298160453
-0.2209522671709318
-0.45316016861217406
-0.36940312126192354
-0.3520904686957578
-0.3141132195204376
-0.5689084755901266
-0.13155722089451488
-0.16836690667654952
-0.12107364194716863
-0.32542214413796344
-0.12525876519545875
-0.18315836165404897
-0.10583890576121124
-0.268581393652736
-0.11576958908639873
-0.19404071622818386
-0.2807064136145068
-0.18273695129989437
-0.20681249430490223
-0.2543402543143989
-0.17689860611028346
-0.2156722795253836
-0.36687996969406966
-0.3834847112271593
-0.33767022902651894
-0.24550187478149288
-0.37371241408468076
-0.22082164139440708
-0.16272261935664456
-0.3166803206562203
-0.26063054527612006
-0.3059486108506757
-0.23580413670485145
-0.2277471058439705
-0.2019182531773448
-0.2904117848751443
-0.4147910480708368
-0.11521238504755987
-0.18730183949875623
-0.205698435281775
-0.13788259471402148
-0.3422339751775262
-0.18203867358314768
-0.2767440085803873
-0.1881213835584935
-0.4899526369109848
-0.21152714173841425
-0.06594923732804198
-0.2292777245345573
-0.08891725020702845
-0.14660538884774948
-0.20212879042482995
-0.1378401550384643
-0.11354632597995434
-0.07409234523048058
-0.20236479578686778
-0.0642333274067633
-0.2352124160628823
-0.14045125149023896
-0.7260481219016645
-0.22822963754825504
-0.24273696975407355
-0.30520286333935204
-0.21965238826019912
-0.26040430277887894
-0.1417750872471465
-0.18024966426381106
-0.044838912973466594
-0.16676113019447292
-0.1477365787166609
-0.164176783961547
-0.19740655513959793
-0.6040148540065401
-0.2157608810772721
-0.31154319482934484
-0.43379700958511735
-0.44464676839587636
-0.1963964881576616
-0.14566848518466435
-0.34619996653764584
-0.39880024068875314
-0.31302100203661226
-0.38153014667531315
-0.379967909847684
-0.31868916165518935
-0.31509668817471936
-0.2557806472574856
-0.32756046544679
-0.4294427297954271
-0.34737933220940176
-0.6940491813111509
-0.4713498641259273
-0.39253121011151004
-0.23728186398878431
-0.21164903146855518
-0.15904377431575145
-0.18305920064545472
-0.6579759873530767
-0.3107505511377629
-0.39007126566117645
-0.12214396154304047
-0.20352416370856619
-0.16767214578761114
-0.30326972354963405
-0.26980503750788065
-0.18707094117459266
-0.39941098751793036
-0.21305726838228822
-0.3857526005867674
-0.28125269999547486
-0.3737559150901178
-0.1815341921439394
-0.522167047303084
-0.5216918946601126
-0.6486583142451975
-0.4100757333708537
-0.37857853914842254
-0.33014796526494233
-0.19142239636801783
-0.29906455838362883
-0.22031121744920712
-0.34042847396220766
-0.40658257622641913
-0.2709079465495796
-0.2828172844568042
-0.38461707401698697
-0.25018259726325687
-0.3112688572877754
-0.44735482362450457
-0.46904686846142907
-0.5501780625926342
-0.21853128013246015
-0.18474336888990456
-0.13843269714255768
-0.1118134363481888
-0.2883974656362136
-0.3169924421151624
-0.26198052704747626
-0.28685129884643296
-0.28922728539511217
-0.3518032168933798
-0.13186118873333835
-0.4473967205953151
-0.27531017181081385
-0.28175909481240896
-0.18412164572057843
-0.40205210358978927
-0.3450238399921696
-0.202963279873983
-0.23929751232378532
-0.20230351077276487
-0.23855253376257907
-0.3332858668768177
-0.26243161695731276
-0.13066078168439577
-0.08353806136770969
-0.45207136576368645
-0.1264269682017517
-0.23698128391425644
-0.2925031209430342
-0.3357877238144251
-0.2590410669910757
-0.04449221589367047
-0.16957517673086137
-0.09669011061339963
-0.14792602186874065
-0.32311150070532724
-0.2590144264901251
-0.6350175907312045
-0.5558533936471334
-0.3747800125058635
-0.137680546360886
-0.4195730545489559
-0.33740706272268195
-0.14836645322586284
-0.1221522226901105
-0.604374939094511
-0.3177265173157906
-0.22137410476471875
-0.276310546603092
-0.5395220245066197
-0.2766650348582633
-0.26022780137357154
-0.2145025294615781
-0.7084399105280181
-0.52397459162353
-0.5652539052710722
-0.3695276989442708
-0.47627450376465724
-0.430645227293766
-0.5049011468749262
-0.40271645059936156
-0.29417307291557004
-0.4688547221834727
-0.4024522355026012
-0.47235621100884106
-0.4711477828970482
-0.42614190322834666
-0.4613101330298397
-0.5047015465420418
-0.15474749414342276
-0.2877110379460682
-0.26699069649147744
-0.24454705850019542
-0.3126217630970206
-0.28885680424302673
-0.2082297963521592
-0.2623852666714647
-0.21185277677105852
-0.3708914076496342
-0.2949051969773693
-0.29707290586796326
-0.047365338588433725
-0.09466942692999963
-0.2686193337595457
-0.44052424486294817
-0.2368437255628807
-0.12104864151645361
-0.13091182866184703
-0.36006590029949725
-0.2026679149560756
-0.22522141446043892
-0.23886432366200078
-0.031696228107717495
-0.2694296762134689
-0.08779622494164224
-0.12517697591469645
-0.10669836332185784
-0.10127750304886052
-0.23532199702002188
-0.19578042409201796
-0.4628182062140337
-0.02256242452935997
-0.09318263117336512
-0.012193190601437143
-0.2670811299220949
-0.22083382300339827
-0.2864332722190067
-0.2626670916644115
-0.1604625078306548
-0.10376249892115719
-0.21907058675038693
-0.15266612128176005
-0.19072430991718364
-0.16925435657528642
-0.6811443974007451
-0.3746274048895317
-0.057068985358857516
-0.13281325145354367
-0.08058235282733706
-0.12311095723772336
-0.16621460850123299
-0.1539814057616773
-0.2862002626075919
-0.25024665332679197
-0.3002572330183463
-0.11482268180628319
-0.24906018028210314
-0.12067380334756383
-0.11228164575303634
-0.15081865980869252
-0.2166766108870225
-0.21095874359594902
-0.15747247575673218
-0.1862365132592026
-0.1957791252345198
-0.13378864057903495
-0.23162599378168358
-0.3661798493671679
-0.18723298775921648
-0.17616239752717366
-0.11005732334678142
-0.1536152276440404
-0.29393281329364823
-0.047660367631322864
-0.18983253575879322
-0.7029503793867599
-0.5728107770764373
-0.37090657077465666
-0.25871898475966315
-0.16723449456030604
-0.1925788439648996
-0.32207094102686695
-0.430733332635969
-0.10547018113872642
-0.47801411950429995
-0.2703465017558282
-0.4784919539958583
-0.19437009124353283
-0.6558462969193743
-0.5555310112089985
-0.3858937120339505
-0.2871200931230757
-0.3734842898147307
-0.4466319322652246
-0.4278748956162647
-0.23532047163051723
-0.4854704639722142
-0.29982167861203773
-0.4579422268552398
-0.33936358026110514
-0.24323656999519727
-0.310834787069597
-0.34669267426784495
-0.09936670775426582
-0.18691852089892302
-0.1511409519883245
-0.274843774120073
-0.34344393089383285
-0.3193195991997594
-0.34403296739527434
-0.22381705013139958
-0.20476101108786532
-0.19650942656561532
-0.2814399823059087
-0.32558759151939665
-0.42330316682176256
-0.31034256691352885
-0.17305450632679753
-0.16872083670628046
-0.22958585481223248
-0.2546688650302259
-0.05588280144284863
-0.1811942646503994
-0.20300453597361773
-0.2504478362648328
-0.2919265367115999
-0.2465271398145623
-0.34497477207850485
-0.3036713839201391
-0.3915002935339129
-0.29040181338602866
-0.3834872517355551
-0.33101913630479696
-0.32653407258967504
-0.2128058251487907
-0.29876354679068834
-0.37736234200743357
-0.35869601578387766
-0.16597624024674462
-0.26868444345536346
-0.09478202483436965
-0.5319564007008539
-0.38133845901622
-0.2888014263546544
-0.3022989760055709
-0.19820979682166778
-0.17375774154638413
-0.24733884535811407
-0.5444515723666269
-0.17920517548317993
-0.17171754556124652
-0.275427764369087
-0.13479364652815878
-0.20111043344110185
-0.7868902636500348
-0.40216883386537194
-0.34068136989058306
-0.2737773822869018
-0.2631152386066496
-0.29029951580611274
-0.18992337895741407
-0.38058664063570646
-0.35841694880199837
-0.22176302698851824
-0.40377578655640245
-0.22286322890699517
-0.26041358580965346
-0.12493154115557875
-0.2320622425071745
-0.36306600827135177
-0.24974207202567167
-0.05676943945064261
-0.3287415021665578
-0.22180111359854426
-0.12665967949509976
-0.29669326413436103
-0.29429608183601075
-0.20597692270653006
-0.12718907105103272
-0.28412079608809343
-0.32425236124201434
-0.755061203818652
-0.4108584965400536
-0.2788406104475173
-0.2196614675084313
-0.35871893306022157
-0.3168443220430169
-0.21251555036814485
-0.34847308125057697
-0.2938174499183839
-0.3134164954301477
-0.4986131481022087
-0.20290926628166422
-0.37303265984443573
-0.2880717169919779
-0.5224241203300064
-0.5707739194743096
-0.3688507459346484
-0.1448606399586599
-0.36452120902814533
-0.2773291404562595
-0.24317613811745842
-0.5997200120933125
-0.3758751379327007
-0.39380864074312016
-0.23248053225828386
-0.4691068036288677
-0.19702796733362904
-0.4283546221625508
-0.43022646604989706
-0.33416122184321795
-0.3101702593655215
-0.3410563399173108
-0.3409195054337918
-0.28086405383128016
-0.34265745399050646
-0.29435249970407584
-0.29338456246532824
-0.2967575103315998
-0.782672157469609
-0.11965449627934321
-0.47879499650847634
-0.22267355640443176
-0.08109643152272028
-0.04999641067723898
-0.05940082993970597
-0.3124217445322027
-0.1731043407127369
-0.20861400512105116
-0.11223686968851926
-0.13886874497819074
-0.17421632932770215
-0.21034280187672866
-0.3639278987948218
-0.4359387787938678
-0.38721258508375656
-0.32320914200504186
-0.27907818293900594
-0.3782962054328649
-0.3503694041140312
-0.551383972882292
-0.38697253956206173
-0.2934356510770749
-0.24612274580518284
-0.33232232068996503
-0.43995149465410754
-0.325154153200609
-0.2959821235428667
-0.23107014366865097
-0.2598988101713494
-0.1712793181258333
-0.27377151285525725
-0.3693639288294797
-0.0843408539228509
-0.2976357463033301
-0.30392796090941726
-0.21506700673102647
-0.13828856212497848
-0.1867496845203226
-0.12255230921962723
-0.2898774695407452
-0.2214312603040628
-0.030794135722580385
-0.0798712146381847
-0.05916561013359273
-0.1236059364936738
-0.4975740474337641
-0.3467528190186518
-0.24223838306750706
-0.23309467199111222
-0.2539395432736571
-0.2625562921328815
-0.45815274222061886
-0.3346230709168194
-0.14998505185718108
-0.23825646440515563
-0.25680978007945704
-0.24097683419867721
-0.25043261729197747
-0.33718530947184133
-0.335742585937028
-0.5663743369954917
-0.2846871792967911
-0.1903431642916299
-0.19599619752017428
-0.17569785581871605
-0.19823963697527647
-0.1809919511480057
-0.2563568413846183
-0.285750499842393
-0.14084421327536045
-0.394238885049005
-0.02439418652538794
-0.2701722903560423
-0.24115397069024186
-0.36439990433837677
-0.12168978852153722
-0.14503687113182873
-0.14974027094898906
-0.04857704751117925
-0.12185947239535772
-0.25124080551835565
-0.1381692016830815
-0.10754234682183794
-0.18022109008311799
-0.1452901088268999
-0.19651066089289937
-0.1522701829369283
-0.35464003417204626
-0.7371155025833279
-0.3913319822176575
-0.25894628215327253
-0.33567437305173686
-0.5690147953861168
-0.45123099807464606
-0.3123821924551504
-0.12371513638570408
-0.36847200722679974
-0.46151670174886905
-0.3276162493519699
-0.2324250824548495
-0.24695035157391776
-0.3686395310797277
-0.3784331288143506
-0.33161911695786467
-0.3253177790323925
-0.12185575722169334
-0.23205508855851142
-0.34509406021079947
-0.20841910139077752
-0.3779105294125221
-0.3750649888612305
-0.31494162381569657
-0.35842859040364894
-0.19215066878515558
-0.4037840993333052
-0.2831122405740356
-0.4284228220047609
-0.2563871458004468
-0.22140545237908044
-0.049022141416571685
-0.08032875293235336
-0.13804945156838344
-0.11860359926759373
-0.4502824781645606
-0.19683690465906356
-0.12712160024113028
-0.1886436920534853
-0.402341744018908
-0.2968429261676513
-0.3069958436864927
-0.7779655447074424
-0.32602662945371635
-0.385797564595326
-0.3198201241420663
-0.2672588773339809
-0.2546994515107271
-0.23264991400618024
-0.17465892791403037
-0.32503586857642097
-0.1567681919087574
-0.4418920592441261
-0.24404794994221285
-0.30252449588259783
-0.2954968157352316
-0.2923448192259021
-0.353795333541098
-0.28578424478604025
-0.18945128581970194
-0.2571710804619004
-0.2805627228933029
-0.24256758020652452
-0.1512705353743582
-0.034461222396787894
-0.348026780310225
-0.26037063555139905
-0.07887411252367615
-0.13056783390938193
-0.26101040473299747
-0.1762864258346437
-0.14968275378336637
-0.3256352568865611
-0.14439639658416736
-0.07061760973361841
-0.15702560166334173
-0.10164948247089167
-0.3689348308622017
-0.27362232145875887
-0.2234065298777071
-0.27376586273349013
-0.29179945263864315
-0.18947621827483097
-0.28887318248119803
-0.17345940237474722
-0.24418663617978986
-0.2268331431084249
-0.12228646220127759
-0.15221032959169567
-0.23177279432183834
-0.16463487583653008
-0.3095143457085707
-0.11917580283199924
-0.24215673523712383
-1.0553905224294495
-0.6774210268206693
-0.3185908733135877
-0.12216378384977439
-0.1609062231589784
-0.1991818544030543
-0.3494118464700816
-0.24473655989183912
-0.19622012685870133
-0.3624645714697534
-0.26990746446083064
-0.2570526834751571
-0.25620366370438
-0.18325765577593878
-0.24736548597110453
-0.6317646875805827
-0.3299314553131318
-0.28462031055853854
-0.45359055880488874
-0.29444546220927276
-0.29869009672234414
-0.42037928589673124
-0.49211419689075575
-0.28219714880028696
-0.4206518270394483
-0.3869387501872782
-0.4627944327107693
-0.3522505851555547
-0.2924375211231799
-0.4438296595645495
-0.4623771934019426
-0.46769835395933324
-0.18034729807972877
-0.17010808870242694
-0.24396046474648286
-0.29089464263120757
-0.22042935664388785
-0.36989604661102105
-0.23723054914017438
-0.7627624983460255
-0.3126709498373476
-0.3587747406760353
-0.4631266707873948
-0.36845462832941106
-0.5555084612765951
-0.33349663393415413
-0.22631412814690582
-0.38994466858030125
-0.36224103228762766
-0.35115465254673756
-0.28298628457124814
-0.5689084755901266
-0.19604957431026282
-0.0767292191180679
-0.20973250470056326
-0.28325209062014856
-0.10932066412047314
-0.11475276714341881
-0.13089134378166511
-0.23760709191207885
-0.1785109862430861
-0.22202464806044286
-0.29024522005766623
-0.21592948686415947
-0.27731839235103833
-0.29913175313085155
-0.23323356459741407
-0.21036558930499177
-0.36687996969406966
-0.4344743382327537
-0.33767022902651894
-0.3415577266993488
-0.3054039758248586
-0.27801450461279426
-0.14176498397546317
-0.34974413194881654
-0.2640467842033004
-0.33792244060656884
-0.24924838095063695
-0.21585801451613496
-0.2019182531773448
-0.3734960753860241
-0.3860596009137565
-0.12277317738329496
-0.14989505468726155
-0.3437506721708566
-0.08974547075001987
-0.25448025522930906
-0.17796079700673462
-0.2767440085803873
-0.1671741832354091
-0.3856169180040139
-0.26816660919825763
-0.13136330026115994
-0.12645755204975107
-0.16969995239503544
-0.2450543608373995
-0.2847446324342022
-0.11757097281377615
-0.03425705753311453
-0.0905347644589708
-0.20853746292928838
-0.05403464758101867
-0.2307906002964863
-0.138661514958629
-0.9285026620589577
-0.11110488698390336
-0.2162003717359754
-0.29877417838934694
-0.27923904695463786
-0.16790251940790724
-0.15769875851237836
-0.2411875163398995
-0.07105468502149953
-0.25710127861836907
-0.11230921406745015
-0.10251800681489304
-0.24147182675454743
-0.552082317556808
-0.16945807961974974
-0.29730408537610986
-0.7901300141066743
-0.39460079296795103
-0.23694611906454666
-0.28916874472754317
-0.38372949352660535
-0.3656594739776513
-0.32945667485810076
-0.4013597383467038
-0.35500721860097495
-0.32215323906866566
-0.3904047803828734
-0.28273786773864873
-0.2804660894551497
-0.36873829427400606
-0.33137108324397185
-0.5619901803451725
-0.43079239950016934
-0.3836232234522341
-0.24045728870917088
-0.5036913652387613
-0.16034203970938649
-0.22318764472844466
-0.5250983616991179
-0.2863382740928185
-0.3766753448209217
-0.12214396154304047
-0.26756975294706564
-0.2549866117045415
-0.2704028422618303
-0.28430702573672484
-0.21571479038003838
-0.4475841569940065
-0.22851633480661615
-0.30707889123996707
-0.34217012125645246
-0.367744635310664
-0.20815886682644114
-0.522167047303084
-0.699063935378996
-0.670447553364443
-0.45431717398281657
-0.38850672199759356
-0.32194048935764197
-0.20632440234995036
-0.3541729518879969
-0.22111378540025006
-0.3536922991612102
-0.4771447001521316
-0.37533242726838756
-0.3523131950310038
-0.3471870721469841
-0.3345086779723411
-0.36942203543320873
-0.5773766947750577
-0.6297184410447859
-0.610137722962378
-0.2481122055050764
-0.2539675508980703
-0.28975371256942273
-0.15143326641100874
-0.29242009610612063
-0.4585755570227301
-0.3025803442081451
-0.33539451081114696
-0.2766825006454943
-0.3614369485967307
-0.15462375785366794
-0.45572842607781183
-0.24946482229587336
-0.25773346368132727
-0.17171157854040886
-0.40205210358978927
-0.37860284156670987
-0.1916627359719134
-0.3234340282603353
-0.2932850132268537
-0.357595648155746
-0.35697420761240917
-0.20516815302358826
-0.0793767154429671
-0.07749224017490897
-0.4854842960495199
-0.12562592041689546
-0.25094259236022454
-0.3791089335264342
-0.3523797097280562
-0.3273720938925986
-0.1040627955717327
-0.351399876016485
-0.09669011061339963
-0.2662775091903035
-0.36080086962921615
-0.22561366679638784
-0.45894526027644783
-0.474073094693091
-0.4275538799543477
-0.1351115895915686
-0.4339128702324849
-0.25792280035868953
-0.1306542629080063
-0.06759964499345597
-0.5790479611807607
-0.4303132762144165
-0.2525987246018466
-0.31144746119283784
-0.5146666116929189
-0.2842375292577362
-0.28525637232322043
-0.27057848354008524