0.1661204157420192
0.18624035844315268
0.28431397185722107
0.4362094266144298
0.3240167871503983
0.26332459088457116
0.357237671440106
0.3780191876166459
0.42004965621840107
0.3301914095033014
0.40301262299149254
0.2887604162507347
0.3606850349345629
0.4348114456755903
0.26193134182487254
0.23328108124916858
0.4583814925825824
0.40223797638827735
0.49965692141297047
0.4844600057990741
0.32145376367101375
0.425761798280318
0.44893269255902213
0.3543128961567773
0.4757094890486673
0.2560028974343642
0.4232411873240699
0.3560883202436987
0.567773035863979
0.5222273699286586
0.510246339930015
0.24753246385468108
0.35872544348556834
0.4028204249741461
0.5156153909989347
0.2670120574369029
0.4757903062731913
0.47340941991850444
0.36196002267147553
0.5295552603150517
0.34338141657583343
0.5317396404232115
0.35466974072306956
0.5311711597646906
0.39561710457689214
0.43457573444578945
0.40288688244967746
0.32766524865549596
0.47198366827099913
0.49017657332778375
0.48044039202667194
0.4119672697796105
0.3289500274594982
0.3222196506560121
0.35187263432528837
0.4177734924082852
0.504694394557792
0.3483734991106603
0.46656792074072717
0.5178325398063053
0.40215546164625204
0.17094377484160084
0.1188079475673085
0.48121814567465054
0.45044113425334364
0.4920056675839375
0.43600111369633876
0.47640442404473626
0.4118468953446088
0.3784841406680751
0.36723290494578165
0.44056236143130234
0.43572662108811555
0.42720328968048443
0.5044275734112343
0.4348561538129382
0.4230670052132076
0.4657329982996263
0.5006130007519228
0.5040098016883441
0.47927110281003094
0.35551765369226207
0.45734808172764346
0.31990741570882386
0.1773369474984503
0.4712071406051838
0.3786031657866721
0.48481083307097883
0.504561009429763
0.3888117650731389
0.5126304734222771
0.4441981060718174
0.2352170139595262
0.31390713234871526
0.31647287420031245
0.42003776851193075
0.4260276800360962
0.5116886977622506
0.4055269424772979
0.28286122357986965
0.5366124714881861
0.3836888067643411
0.36446761179321147
0.32815664616849827
0.485882615135484
0.3073173358987664
0.19328579651486133
0.2848887088139922
0.3894037544088726
0.2765610803794091
0.3817605870689838
0.21175192440495283
0.3515687215961374
0.35697088006483035
0.40716856831320153
0.34661062667807363
0.38680159146787524
0.4201076917915153
0.41544635424819637
0.3818810699094103
0.5398015837357408
0.46452821435461256
0.4684449388629866
0.4532272264794256
0.36105627787910666
0.4186463138818554
0.44019050936378556
0.3790351478724123
0.41562153258305023
0.47137800533550056
0.4431747333088276
0.4032965354917424
0.4228092170156348
0.41667102400208506
0.44542057264775187
0.4992336161443685
0.43874901164350977
0.5191412208701416
0.5290625334339234
0.4977908422489811
0.47789681678777785
0.409561324040177
0.37637735959132756
0.4136873164536943
0.4104258879871349
0.45752415020112747
0.39529487281316994
0.4169615012019958
0.293254237487383
0.3018536187816455
0.41768368198472317
0.4695270623825153
0.38194930127153737
0.4331981061307583
0.4172680743571193
0.39489693834637873
0.3689546043964603
0.45508976151346436
0.2953464517163812
0.39885236884898473
0.3979537697008392
0.42548721297193204
0.3383056887431105
0.513553355794828
0.4453367369240962
0.3040960809936927
0.48214410733526775
0.40597802311224185
0.37734876528969463
0.4485999596116355
0.4675983878045007
0.10946416703628192
0.3840197633877945
0.41828437652971134
0.5086641634751115
0.48679228137765673
0.4541493582907688
0.5050418666373581
0.4094583997067041
0.41830691822167554
0.46669621733938893
0.39448476582265113
0.4794707832299644
0.37653013624824805
0.516134172697039
0.5157296999070271
0.43000282899781167
0.5044527613093657
0.583931973888568
0.48635384971145906
0.4707727872914157
0.518429749477151
0.4514534739703692
0.48417733458726997
0.45396850056786
0.6041826734933672
0.41727095595632224
0.37814612972451034
0.15967084450216606
0.2295056375451906
0.48585205257388575
0.3794127431806266
0.3502893715766762
0.38743339481182554
0.3470351770714366
0.41196158914195113
0.441254754945274
0.374305752358167
0.2706801572336667
0.49420584658077754
0.48016858809252944
0.4446477174956297
0.25224042215760245
0.20388901459564845
0.34389321050800736
0.3998604884846539
0.39867713716680586
0.39344953180722475
0.48791421844040417
0.216210086418273
0.36782340107568784
0.3339241602906698
0.4175167204765016
0.2612233809714155
0.41471928917808976
0.2884747038614879
0.31782753661576135
0.41523886364664186
0.4253884733160378
0.369445623361546
0.41421847595486794
0.42273000116305604
0.42939685556437307
0.41373076831260275
0.4150411639241814
0.3797474196353463
-0.04941693765160449
0.5081293753871061
0.3540794360082524
0.47224094870068223
0.49715842230313567
0.5513317211038109
0.47485033487121775
0.48937838104343123
0.5587426039442701
0.5087582915675166
0.4607536352239527
0.4768361113093183
0.3760556656439426
0.4904953776424866
0.327655165427495
0.35400586893779906
0.36330341579937264
0.3794961764512701
0.3985760105369794
0.38463613683114173
0.3922982317765902
0.3655763415329625
0.3260025933410534
0.27407246291059073
0.3760501881416125
0.3947067247525865
0.3747004736446321
0.43585972692577757
0.387285439607321
0.5288766776868384
0.4214122261199861
0.5031915909214646
0.4171916906539641
0.39078845626516673
0.55169415559155
0.3948436616247796
0.4347099320131233
0.47187556831398186
0.5020717555352991
0.43613664044713285
0.5115918271693873
0.4293957042011056
0.37732551936977954
0.5610226081750598
0.41292054423358965
0.5549954846031566
0.5100747282014328
0.2293548968878839
0.3634810612747188
0.4206189128738614
0.5367605573705011
0.45917050894533806
0.42634757261276335
0.24086268039205605
0.3503921562463405
0.4610457453171065
0.3356182939569281
0.3849778254998228
0.40527061546515636
0.4528049855566636
0.3907598089783157
0.3993042507839446
0.27634042989367114
0.44391189752973803
0.4751167270418326
0.4910102011541312
0.484469327107759
0.4863584682367687
0.40326005001764503
0.5053934362772741
0.3731801833627275
0.4374340821394912
0.349614708772974
0.5292953931092532
0.36946416005037763
0.44403992000742587
0.33991761593064557
0.44303263608810717
0.43352671155376693
0.4387701203972975
0.5384704030726974
0.47590019604611034
0.44344634100454206
0.49565275556102983
0.4873340549961109
0.4815108896491953
0.4294923031782105
0.42726566439986324
0.4854604198180313
0.4457519194275077
0.29511183183877143
0.4117305630452519
0.4460743363809018
0.3580397738735378
0.26193552751674853
0.2631172064845084
0.4408469834641038
0.46169212736191384
0.34057603341458403
0.37318942375151
0.49521744125440914
0.405367944454752
0.38801277983874427
0.23718748730877437
0.35011585341258783
0.3826625291686453
0.35307596764743054
0.48005289793791134
0.4216148818183275
0.38109208980174375
0.3931641528033562
0.42413232192681005
0.33974891491854936
0.39688788235133876
0.3263648852467471
0.4019882067131952
0.3580812722535245
0.3697290497796909
0.23273658914555606
0.3886796226130806
0.2977090460846238
0.4943044522064179
0.5087215168310648
0.46955376648357955
0.4862411182924123
0.32562265239112287
0.4474134971433884
0.4670845741658694
0.4783809023236527
0.2806571407638314
0.3789494208832888
0.4341051856484621
0.21881429169197852
0.39304562321088643
0.35203271133560166
0.3914266815133372
0.37970969709776403
0.4619345260308707
0.4446802503061978
0.4767132924750338
0.44587150288811855
0.4216075866976827
0.28284561549941944
0.45486050026498875
0.3803406465388309
0.4185135953674843
0.42055521470137525
0.4499671352084141
0.4430928278450743
0.40562332782674415
0.4525939600471046
0.5011510619317312
0.39987347357782654
0.46225650320315154
0.518565901304934
0.4024474759248092
0.3350868331356055
0.42898075567941896
0.4460236710014
0.46563105474305205
0.3896467976702896
0.3326538375451997
0.29789126347927575
0.5084217702791625
0.44510422425817536
0.4750992253505427
0.48243035206264695
0.31559315119221687
0.4769115811521323
0.41339480432469566
0.45848577510351957
0.3503681984361442
0.4769864269698272
0.40822433419709225
0.48157213467650845
0.4874063849974436
0.4684604588716684
0.5138877312543995
0.46651072967042684
0.4089970959695181
0.5021163956494561
0.32153796520952127
0.4778977965506048
0.5123061350260951
-0.03439863604738447
-0.19789084018764413
0.31039426355260413
0.5109850268783055
0.5177137126376044
0.575086159335458
0.30253394483348806
0.48329746038448296
0.4513981462368484
0.4003236319929396
0.4216816057082006
0.4291639112291977
0.45104632293855296
0.5228712429095503
0.4693568006667783
0.19389384491761252
0.37440680861206277
0.4341815379632942
0.37979955602394266
0.4227819332742737
0.26647383508790123
0.3503723045632184
0.22884695666841093
0.4625776929287482
0.38439209155293136
0.40951770730122894
0.35754406269314437
0.3595095932009349
0.4118835127256719
0.3646560755408835
0.21367465133403163
0.3233061711584483
0.48735820730371326
0.43223851084649295
0.4317152014928364
0.426526343345331
0.4611370039699678
0.2974440807297454
0.4239963585241834
0.12113043521764533
0.39722793704076637
0.39625306473891286
0.3863169438005318
0.2682174924476912
0.22942629794867675
0.3898817651247351
0.5144823724738192
0.3459648331773657
0.354039934874785
0.4313719327557188
0.3530278788318525
0.20174709428341886
0.4442134768234462
0.3889822894079086
0.49401905167690435
0.4173903907935077
0.4400968929282961
0.4465580536085558
0.5950765540569358
0.37312759126710643
0.47403639636456363
0.4244874116076318
0.3686340345206732
0.32624478788028494
0.4373300800466301
0.47624587827184317
0.4596075083698564
0.41936439045800467
0.2621712783928555
0.41067834681992443
0.416684811441301
0.4620424189849922
0.339789597111989
0.3959462624959468
0.4824795244506336
0.3917951069100857
0.4537467130416432
0.29085052303251413
0.38065430054706284
0.4334502352347652
0.28506305910102525
0.4187816791118173
0.34509834383713733
0.5095583525193472
0.5074175667030935
0.3158614594685456
0.5244066219939374
0.4550774773207014
0.4350303773865052
0.3273184232476145
0.4394717645914663
0.325810184248069
0.4467151145197554
0.4171237167332821
0.463407061879213
0.4366819252095831
0.4571978256091598
0.3986183473907645
0.37682457391849183
0.4366424160707291
0.4908846875577186
0.36890527194141587
0.5026734317339967
0.4268832703272885
0.5074308810478058
-0.09960286598110857
0.5704966820166479
0.47813515740202284
0.5123224540383404
0.3178493823474714
0.5195469418849332
0.5175406300980925
0.37981431777934194
0.555930081493463
0.44960933373828593
0.5372709840573446
0.5130936538590641
0.48848589033939593
0.26145094569562843
0.4910716853746654
0.3879921351939837
0.04043619970616463
0.2929228743695388
0.4571793836680011
0.2516908834972027
0.33781805833780354
0.41260856997815626
0.40968204974126277
0.3610191723154539
0.3041275883046295
0.390532253759298
0.41503186985317353
0.4070941480431537
0.4451223374811696
0.32845438861565346
0.35558210093266884
0.35091390074793416
0.3369125759999992
0.35555840475302436
0.4205483507623489
0.22501415047398698
0.465035827751185
0.40465886876971174
0.25299806801894054
0.32042062863653387
0.3033144797748639
0.5495639783889328
0.44817547570745864
0.41872963229201177
0.4370756223156965
0.39869007599574846
0.4536306878794014
0.285569978451958
0.43207106371347465
0.41260931894086184
0.3203281549629813
0.3632177620696517
0.39351876491300714
0.29917567690276836
0.1553330475458632
0.1480389107868576
0.2742496248854833
0.30900616286651006
0.33145394174907195
0.3879142292842611
0.3314100340484523
0.43297778411849047
0.32267842006158864
0.320251967798321
0.44195749207073615
0.32243499776746654
0.3006444137885592
0.36849176863318467
0.28739933560869535
0.20711101061430381
0.18786820629172285
0.1038639915507863
0.37275341585968236
0.3529392849730754
0.5062968758325356
0.4489214549784429
0.39008062218014317
0.3445019062174369
0.3935111500746402
0.4374257206589782
0.34066818379946306
0.30366430220714424
0.4833074915080826
0.27575205044760953
0.44654698702838647
0.3978689666167539
0.46169232346592576
0.3055670004364702
0.3658029679711512
0.4128911947298999
0.40281752313346814
0.41217362079373
0.36759390443265155
0.42534938509953624
0.46003416893486465
0.4241391731484004
0.4686129161959865
0.30907259342825255
0.5208636154270285
0.43009436782932314
0.35523772926734504
0.40063805720736184
0.3481588827036339
0.5601444991275847
0.40623668957978354
0.5772558877490676
0.4578975958049978
0.33100156241728473
0.4014155348123091
0.28310986605743804
0.17631937127003727
0.2995375147129856
0.3885023879109371
0.29691319287442863
0.39690234260699675
0.4269511949336595
0.5440719302961043
0.17731338905368554
0.35268191844014785
0.42775655167203985
0.4287722105274703
0.2997583916151948
0.4116023996025872
0.4516082229051445
0.42115541845191296
0.2762017636951143
0.24717193318022135
0.32516215566292106
0.36443961854199797
0.39454814708035746
0.3218273549810343
0.41272824964434207
0.3861615800842644
0.4316060605814408
0.4059185001140168
0.3338414221427194
0.2950820523636756
0.2928050031157826
0.4823613487899816
0.2740450288024461
0.2737710504645653
0.5065726737727556
0.42769789636095495
0.5042117502926878
0.42006404522248
0.4045608329231905
0.44106025524051734
0.476884711706194
0.4096686524048037
0.4860703170764781
0.42269231369239874
0.47352718180615117
0.47265675211830005
0.5466909323882643
0.5550498883270227
0.47173302513068077
0.3593675901807588
0.42515003420003594
0.49007064046005616
0.513696601617152
0.2670120574369029
0.5186604990712278
0.47379011055410625
0.5071739113269201
0.5180878802363484
0.3714300652372198
0.5218260548461613
0.3879008051605936
0.4976332374841853
0.47931414839864384
0.5333037396703517
0.40288688244967746
0.44649492522049067
0.5572405664001951
0.5585824060075372
0.4929140429864062
0.44962932951212486
0.4634391122851137
0.3114783973483113
0.4096049550246923
0.4060179236621178
0.504694394557792
0.4072473024633724
0.4751140580234754
0.5178325398063053
0.4291018207209683
0.2987379970249743
0.26187680610786035
0.49798187850007647
0.47999549490956317
0.5598382635003667
0.42974019918196854
0.4426744654934262
0.42694439729003764
0.4152453107571218
0.43706203575453284
0.43470506521354707
0.4745041282950859
0.45292169921743275
0.5018909415352998
0.47938697926008356
0.47166419788313807
0.46238573225070756
0.5095876528116496
0.46218584295575743
0.4660034097133116
0.4988308646082241
0.522986466995506
0.31990741570882386
0.38474237458995847
0.5499959704924773
0.43484678251957637
0.49008951057021316
0.5009112877984906
0.3910022663860514
0.5126304734222771
0.4844910259296144
0.24150463748913853
0.39049725897436033
0.4146607430899586
0.4572184531704626
0.5330007577991087
0.5160043038675575
0.4360456647312357
0.4135245004646906
0.5501800710680022
0.3727104521557565
0.46690427574012483
0.3395338006788896
0.49284611099371
0.37261634902411583
0.3220141533044879
0.3795446464676875
0.4015845485566647
0.33159297915956837
0.43864055349200726
0.2810525762777072
0.3112974779144103
0.47826042440529987
0.46356873002331656
0.44866010498999015
0.4444701940749418
0.456518744341249
0.5099182638085145
0.44159495389390624
0.546323915929879
0.4667485156078445
0.4726055798570252
0.44590581016956965
0.45802018947012435
0.4233775712302956
0.3980302921719826
0.44268255787816363
0.453111955292127
0.46917650755828105
0.42437590307307144
0.3835487427787818
0.48653077722466775
0.5032342292042017
0.4793849944919289
0.5149946944702449
0.4643990121407037
0.4548629087950411
0.5574994740336099
0.451394591392297
0.4839610014451726
0.4468047531126067
0.45493228183422624
0.458580529147708
0.463353180904934
0.4537537082298755
0.46719717110190895
0.45713728318447644
0.37781315564228807
0.3923126653547421
0.4129626193348052
0.46490517026092754
0.4027765942897715
0.43089353096550076
0.46268821802341514
0.4602813180604848
0.44751877007215796
0.4549732629730521
0.3198171176153797
0.4246891766188732
0.3821739713308847
0.4502898025816741
0.4432653477577906
0.5216334851884263
0.4868446648001806
0.33260837705642465
0.5013513871709722
0.4052972083175542
0.4212669001966125
0.4379990841733746
0.5124342701714126
0.24389051382258942
0.41656080873088797
0.4486688049083731
0.5413538688966406
0.535687474229311
0.4521057878618111
0.5065644350362496
0.33255627609501864
0.43585542831681523
0.4995604023318214
0.3696920736554249
0.4869525129869974
0.4021057879711744
0.5284763270770684
0.529396702210758
0.425893959484598
0.46869400255211496
0.5863863699307488
0.4889835099132047
0.4618999554822041
0.5654680124690132
0.4591580541830217
0.5226953096515644
0.45396850056786
0.6392893909143625
0.44337257206123437
0.41579919489296374
0.1593902144643944
0.27701033531396824
0.4586653149142271
0.44208213553441467
0.4716674339790049
0.42419474228504195
0.4340269860735218
0.4218554507968091
0.4293746613746333
0.4461832988292687
0.3487143978230834
0.5335466727055563
0.5324375953221474
0.4769983505348014
0.21229012394772684
0.2442954077087638
0.37051536584957384
0.49380784637159464
0.3908592845772898
0.48416898876702524
0.48540104899973735
0.35264960960415304
0.43301577218677845
0.3478772577444766
0.363150362936245
0.3282647609855567
0.5304684404880422
0.3384993677900169
0.3545723332006788
0.44316382553517675
0.44048347357696294
0.47547045667690707
0.47854285667912194
0.429965380571951
0.4165033687934096
0.43147138407392016
0.3965756325882968
0.4366116794444741
0.1257750961849311
0.49960603022060407
0.4063259194749444
0.4932723781944621
0.5104163133593522
0.5317140174534503
0.4956974862690335
0.46672120107005566
0.5592566137369894
0.5047501177088267
0.499790766203299
0.4602410299384998
0.421651356680208
0.4804236665876803
0.39394530116209037
0.3443662408518423
0.3652441466390556
0.45438785077039834
0.4479657441946008
0.4220932436631584
0.42292705966329247
0.45174454104715955
0.38331752332045166
0.39956402520155065
0.43822029908172994
0.4322324059435324
0.3787045292788405
0.4414408164906138
0.4644726456458551
0.5093260645084747
0.45303376452994476
0.5089867198587884
0.45640948458831276
0.40748105151475855
0.5685505322648121
0.41767856484807603
0.4897101670700625
0.5385043794794651
0.49627315267986194
0.44393157581967974
0.5115918271693873
0.4840231208669104
0.4867810036085963
0.5961530061455832
0.4881057688953592
0.5439576514250939
0.48874046888218453
0.39175544822415515
0.4288768677640692
0.404877492998011
0.4948053624225237
0.5018383218717346
0.49177613524615005
0.34425790793517036
0.4505163753389154
0.5142288103609082
0.4785323653013077
0.451183430437842
0.5022774615602961
0.49096292416671866
0.4699324562567927
0.4275537322305678
0.27634042989367114
0.47758837544329336
0.5683855928493862
0.5421147207195762
0.4756485461997281
0.4743124235677299
0.3960588519265041
0.5864834301596908
0.5139564950402981
0.5367541192305822
0.43291638074520333
0.5336048461119951
0.5167310028390294
0.46589231872135517
0.3652231955594653
0.5341208890383079
0.522650778103399
0.4910439124620642
0.559604282996784
0.573214169260333
0.4648173044870075
0.5202491640716644
0.4873340549961109
0.506227662146504
0.4755898014349113
0.4811735857750503
0.5509100799157814
0.4739907883966894
0.24706582266382426
0.48045891419287506
0.4815876967476879
0.424434720014379
0.4039982177292986
0.41679581510068076
0.5191076702241115
0.47841816281999067
0.4690604738806196
0.4698520361613368
0.5375976067687194
0.4511178353043647
0.4815986641919629
0.42143156698097756
0.4420283479864787
0.4125342763461043
0.37467371197281
0.5447105672812607
0.45792658928351376
0.3870094003706857
0.4171587291458995
0.45480948019575645
0.38980627779593685
0.41945361298130507
0.3096011265599897
0.3754675128055526
0.4068774485427729
0.4433247787343767
0.27955257536189815
0.49326019884546995
0.5023690724367063
0.5117354704916495
0.4940987471770977
0.46398908330138977
0.5139134493362698
0.32562265239112287
0.4525036394781715
0.5115974408728543
0.491863422461995
0.3139587215713143
0.4604808424737092
0.45821005413432564
0.247636454938423
0.41256216470247903
0.35203271133560166
0.414811515700013
0.41613051103946785
0.46655891427574503
0.4534288214161966
0.5394112049439324
0.4720337061150661
0.46620052162990344
0.3032707657497705
0.5240280411301346
0.4318161844551326
0.4400619431371507
0.5033598667947892
0.456182794925637
0.4226075847044931
0.4857560887438715
0.5128560129010301
0.5281906835364497
0.49437457789329836
0.6001671372488206
0.6204759778538365
0.5736355073863224
0.4792774488616073
0.6029473512968122
0.4729867995634357
0.3407551376579688
0.5261730464387626
0.4941468374610475
0.4875365969270527
0.5793048442246044
0.49242165543690913
0.5299147221374184
0.510828721477853
0.40473444091218946
0.495700152664448
0.5142822477258691
0.4614998508855901
0.4508902048515566
0.5777288426135845
0.4553032724014756
0.47155309180550425
0.5137391163497246
0.43059215600520057
0.5288210405728204
0.4547928661907555
0.4305229924805648
0.5120400540541485
0.43778713348993864
0.4769317388286308
0.5381859199153696
-0.07674228204168143
-0.022290956940822948
0.3718421920270973
0.5452216540162222
0.5415669471175895
0.583161234699355
0.3509919892752113
0.45984971513607215
0.48467167025152663
0.42358950020228026
0.41159410071783403
0.5508771389133456
0.47534720975166966
0.5182512885915663
0.5145578221944396
0.3359034697803044
0.4790555702888888
0.4471167556811472
0.4890846357422096
0.44305395488439475
0.47057502846499594
0.35890158011453993
0.35213693275676405
0.5098801791196959
0.37343680690719655
0.4319277229338083
0.39280208650061593
0.4432293341318907
0.4700574203398348
0.38796621103163903
0.23684800985709675
0.3524524228347995
0.5314972354662062
0.5016779427471711
0.4393849851789534
0.43480345189039293
0.5043160037099641
0.325547762515614
0.41542512345845467
0.30869756066291587
0.4229751590955255
0.3876681840178817
0.4477410104085435
0.40472185512295217
0.3374325502061887
0.4428562491056878
0.5079042716940889
0.40304729549507146
0.48561472165166575
0.44116688873145266
0.45585341151140774
0.21296414371119976
0.47546802352560025
0.542652123762036
0.47887525420202004
0.4253711299886076
0.502005354128229
0.4835296919911953
0.5756180830529818
0.3921135250683245
0.486034427191503
0.5068703531431827
0.46320758066440343
0.4220388161952738
0.4663799894329624
0.5172199284432872
0.5292595402931133
0.4474246502674871
0.3738083585958004
0.45957682158427204
0.4612309288206911
0.36814496197544416
0.39110436284682293
0.4174460853097047
0.5134307751697146
0.40183463510679207
0.4800023084548298
0.2942213872393139
0.45893981816927953
0.5136076816338555
0.42998516199243486
0.451468696740676
0.31932369954633344
0.5731504056283445
0.4861509819931671
0.4304609551026121
0.5535602978221281
0.47952277475293015
0.5146799773414599
0.41934718984092656
0.4713027780684592
0.3552295788727263
0.5230036640682245
0.5063522788694703
0.4872222113520554
0.523087103600433
0.518908393831148
0.5224683985338503
0.42101347372120695
0.4565611743046332
0.5356272986486126
0.40971018251650426
0.5177332818024141
0.48677502442048204
0.47281742737849974
0.2356641262431678
0.5048956676083151
0.5331853556927304
0.5140151412012125
0.45232543819099535
0.537672345187145
0.5222303799450226
0.5113819370666531
0.5436084272985102
0.5049855732568806
0.5230042798880224
0.4909059445342307
0.5148739382650396
0.2879987083199922
0.4910716853746654
0.4883014667966184
0.3907688927832992
0.43556897896413527
0.5024225878044255
0.348706973261026
0.46989830174720243
0.3808542183058685
0.46986102900000726
0.3948369201666103
0.3699177705761816
0.4366762619422109
0.38558092388528536
0.40651577752349627
0.3833487331244896
0.3227489977128922
0.4424847894618109
0.1739120862376612
0.38321219897776126
0.3345390248299215
0.40837289186407705
0.5240593116032066
0.565132352686031
0.4380453974624505
0.3463463142253457
0.44403394020944653
0.33245803939969
0.5916069015483811
0.4700909756851068
0.4807622257339076
0.4507914950232038
0.465273527733503
0.5102143708687115
0.3328911386698331
0.47583741856666134
0.4475635915631193
0.40863440920137184
0.40045394401374923
0.4221118883563267
0.29917567690276836
0.2501510851876759
0.22391085421906431
0.3046833302049242
0.3519058672516546
0.37721068738833213
0.4134847084358424
0.38656462618756765
0.47749011004284053
0.39099580844298626
0.3501697127357999
0.42578650054009515
0.37317301663832103
0.41578636225982657
0.45402456470013464
0.3775568081714638
0.36022784501315286
0.33896171446547374
0.19985754128751543
0.4118085281503873
0.455682684093809
0.5563553340985405
0.4518911135943342
0.4109914576765081
0.3528266420564498
0.3705632299416242
0.46258045690468524
0.3749532161298183
0.351828601622838
0.5530485995606497
0.4219138699035988
0.42414501631579105
0.400331971665116
0.4986182857371563
0.3460483106371611
0.3438910407232767
0.43678773817851957
0.3887983757846129
0.5006781063857872
0.43833178387191013
0.44225292058533394
0.48096913706554456
0.4869003534065223
0.467471463802429
0.45281238380455713
0.5367703029570874
0.5087848992178408
0.4954966236972435
0.35772797845585025
0.4755830163065436
0.5660617280654227
0.5641974908804268
0.5772558877490676
0.5289425401994265
0.43291497044339083
0.3933801801662609
0.4779894304684619
0.3253363176222418
0.32630417834529735
0.48052914711594014
0.3259294875919263
0.42829491268400355
0.4532630936503589
0.5834529936285684
0.3508184008439146
0.35154457077644885
0.4746551856955471
0.44922590732786877
0.29937576965759793
0.3821442364058507
0.5035431002582351
0.432675930500178
0.1423538737548775
0.23850434247012298
0.3551298286667197
0.4471783638159719
0.3753530099671373
0.2137534107103961
0.4225533624164525
0.39540497910622063
0.4095769962349495
0.32816108914006936
0.3801481487603354
0.3489432147823327
0.258218095881825
0.44653948313765046
0.261636478872618
0.23351320387056695
0.4937844399976714
0.4117540139942228
0.477919007256997
0.44427662497590403
0.4270049997627935
0.3899683065407665
0.45962679055743977
0.4083100655477168
0.47628751604224717
0.3362115617220347
0.41974411732590605
0.35681259534815024
0.557257313351813
0.5248560747150611
0.4686597600625577
0.3104119703217041
0.4977340120821839
0.4768633502678171
0.522782861711941
0.36696927321339257
0.48888004401916013
0.47340941991850444
0.43119964452390835
0.5314168552312086
0.4547188617116881
0.5263679364105572
0.3889455670582468
0.5060994153948772
0.479176601793171
0.40502455994603037
0.40288688244967746
0.4372240458617918
0.5358372525012122
0.49017657332778375
0.5248572866290144
0.46743560542642537
0.4413543900929896
0.3222196506560121
0.3804999412108182
0.4169777766584781
0.504694394557792
0.4072473024633724
0.47130337324406957
0.5178325398063053
0.4272368933887753
0.17152587554014587
0.13240034349973506
0.4949498545012226
0.4621078412155492
0.4920056675839375
0.4341093705278671
0.47689083549845157
0.4102810730189831
0.38868810483045496
0.44035070036996493
0.4334116363551237
0.4408761081272017
0.43579918418811503
0.4836584970712783
0.4573523275853564
0.4467253560368548
0.46349521149879747
0.45604048141298126
0.4895030922361667
0.4764346377830889
0.4154442739587895
0.47544500256337746
0.31990741570882386
0.38474237458995847
0.5232098951840793
0.43168800611191094
0.48481083307097883
0.4919091039530796
0.4155119048408601
0.5126304734222771
0.40707587404412826
0.16234741036201572
0.23176867330196493
0.4138663321452327
0.3837391123011553
0.5107358595161176
0.5056853754904564
0.4964729117332341
0.34650551786183004
0.5211229761125804
0.27061827900428403
0.4498369103154596
0.3144953596538651
0.4313059272255933
0.2954010729048352
0.3220141533044879
0.3443705258724411
0.39645541537053536
0.35013546632389897
0.36752831468044445
0.2831402087112501
0.3009768738499128
0.3564891121853261
0.4436007021260281
0.4130950746786298
0.29451328012407096
0.42751380682977735
0.4336800801458249
0.4783441734095938
0.5411943480815107
0.5103920155359349
0.47224419749727703
0.43825010037332257
0.4424092394696881
0.4292178050498741
0.4346726790852369
0.40233976539450117
0.43409027970680625
0.4827623858872906
0.4494529485544505
0.35745921065833
0.4420499095567849
0.47487122269896825
0.49117906548235246
0.5090855551312783
0.4401286918718643
0.4548629087950411
0.5613626825175586
0.4655571234288197
0.4849428146961491
0.4736090617034693
0.43435797861853986
0.43409313846947895
0.4820600268597778
0.44498726023015556
0.3883964601508385
0.4558520258687282
0.3440483521549297
0.3408420601422847
0.39594415720672177
0.4695270623825153
0.3870231934202305
0.35386778769628846
0.40217117037762584
0.4727917131533247
0.4429941696742658
0.44540006396123766
0.2729909532351714
0.426732151773474
0.39539184103787767
0.4138398000918375
0.42168469977023687
0.5020341767045993
0.46340842942503224
0.32965344616933534
0.4267174043725728
0.3930997946107399
0.4328594356476569
0.42717203052734704
0.47841871236105254
0.032052968132925574
0.3891224243603017
0.38689678573768654
0.5042700209213329
0.5067801182721778
0.444095941585142
0.5417372822484494
0.4094583997067041
0.43171713834521375
0.49178206857220924
0.38174681593024284
0.4523958647596914
0.3612050802526652
0.5057173742073076
0.5177247453270233
0.465943335167601
0.47953427764075646
0.6154674130475828
0.4440980835410949
0.46464506146552964
0.5416745558521987
0.35263788703390686
0.5387857284161399
0.4539974219004915
0.6181550908528184
0.39753106718314557
0.4112790798534727
0.08729562173696803
0.30662532532255804
0.4833980902180136
0.42026175748900685
0.3502893715766762
0.4139206639938845
0.38782298787279923
0.3866997544449624
0.41785451013808056
0.4414098158328326
0.3476226024011141
0.49420584658077754
0.5060482345142293
0.42585665463388356
0.25224042215760245
0.26490024691323666
0.3477700856372122
0.459108837575808
0.403116506676903
0.45999210771054505
0.4883283083001576
0.2218536176203043
0.3564090023549725
0.34438548426298365
0.41440682886790464
0.30251109581025526
0.5304684404880422
0.27343377967050164
0.3618849724068412
0.4101945656099929
0.4120268780522254
0.4246394432378952
0.45358797418115787
0.4257212784056964
0.38019906524715075
0.40870833954084607
0.3539702984338308
0.45308793565222594
-0.06369236741039352
0.5012289615708053
0.3721148622451712
0.4825290257392563
0.4974529019184287
0.5059449417921247
0.4981888952119757
0.4651843342492318
0.5250567541401074
0.490820977581156
0.5144935526809812
0.46102768603586924
0.39282105468306483
0.4743350757361982
0.3583378005892489
0.3550438262547134
0.3679592878626143
0.40713145759584796
0.389147306256033
0.38475387738269584
0.4160480539943583
0.38447076622877785
0.36367348015053486
0.3414439789594318
0.43037840942494515
0.3947067247525865
0.29902160602932226
0.44626186174242527
0.4147379665845383
0.5292107627254496
0.43131990792843355
0.507408062474326
0.4232047952614881
0.4231736448367182
0.5629845130454947
0.43439235865812525
0.35012895772810354
0.532723192532867
0.5194630821043614
0.42147448658909864
0.5239992602258525
0.41143563716486037
0.4945661463230025
0.5610226081750598
0.4828201336215374
0.5549954846031566
0.4453227933002979
0.25329761468019873
0.43355821715256126
0.433754341228421
0.4740873295119331
0.45045675413905256
0.45032026167920536
0.36949299237435823
0.4042896538754608
0.49411123964575104
0.4074267606039862
0.44691484453853564
0.4379156696745581
0.4682443607983284
0.43038333645768967
0.3949510919102799
0.27634042989367114
0.44391189752973803
0.5071631466024107
0.517812944171036
0.48555363206188695
0.5061376896819672
0.41924288356378847
0.5861762230184493
0.45114350917095214
0.5507701009581829
0.3614988716443332
0.5514965444619813
0.3779933950453237
0.45858715327819854
0.35015141706390307
0.49818614380681703
0.5062435732175585
0.49995973873811295
0.5394007887918604
0.5364047491462662
0.47125445857512643
0.4882498584188401
0.4873340549961109
0.5054198631400768
0.4945246716911855
0.4759821111607625
0.5469920563761665
0.4936058158594896
0.3640215336845003
0.47696963279680543
0.47102117197570853
0.4269001157320844
0.3639868471855639
0.34053033406954925
0.4990708000109401
0.48941373604953653
0.4761057877902827
0.44389262949497554
0.5369056391403939
0.44951658592490523
0.45883079034611446
0.42143156698097756
0.4361707319940058
0.41734137463706084
0.3357623465080688
0.5336142452664449
0.438010019608217
0.3702057959493067
0.39451968757156824
0.42631597334595306
0.3616536775517737
0.36210139943314035
0.329643366790912
0.4357166576445028
0.4008698086474268
0.41115245696109814
0.15748661891988824
0.4209258477399772
0.4300921085208218
0.5128817186027683
0.499742517493644
0.4523548584995487
0.4969673044362225
0.32562265239112287
0.3828073704785527
0.507675985495573
0.480043012118918
0.25279886095246396
0.3932668919920686
0.4247027558040824
0.1503331296295628
0.3956062554858266
0.35203271133560166
0.3754914546445547
0.3789483609306493
0.46327975990365855
0.44069554512320475
0.5190686723608662
0.4148472017583922
0.4038617185622156
0.30081782384862876
0.5293916115825785
0.3715489489683849
0.4400619431371507
0.35898784287378255
0.3837065369512102
0.43046670108754276
0.45529323384104875
0.47720290951984345
0.48819719875056206
0.5039490703757163
0.4978575165239833
0.575748580033754
0.5415369338539604
0.4820817872828843
0.5094474895609691
0.4460236710014
0.41312089840649746
0.50668136550944
0.4941468374610475
0.4875365969270527
0.5412828405094686
0.5366561368118219
0.5057893968859828
0.4755193698543062
0.42142193599745237
0.462563223996293
0.5145835921001941
0.43585311551856654
0.40952372726650943
0.5283730831029911
0.45393253096297
0.46383121100297725
0.5040798897217404
0.44239578932047396
0.485634279881617
0.46833260880285305
0.4250287546319491
0.5172248724157682
0.34468096955459937
0.47336330420967965
0.475617393446609
-0.1887771748174054
-0.0865399046631018
0.3678563357629506
0.47056944089866937
0.5415669471175895
0.5559671288842873
0.30253394483348806
0.47762143952007685
0.4513981462368484
0.3508202940976613
0.40927481279764266
0.39532414412725037
0.46218836894480597
0.4876483552624197
0.5207067117957778
0.18415900258804752
0.4419399967735618
0.42436049019712924
0.43669242584059575
0.4848089211031835
0.5056984181743797
0.3974772260387963
0.2817743234604224
0.47131997731957576
0.3514860962994768
0.3994839773498044
0.3493982743885983
0.39403329713685753
0.4620739772888504
0.3464045826664497
0.21383581838628363
0.3763886692490494
0.527587958405348
0.4604407174209416
0.4346757260154468
0.40201818565819175
0.45685895963622425
0.312308548306795
0.41262138568378476
0.2571552459419836
0.4334840978223464
0.3924843943073869
0.4093033034888987
0.34960843269821634
0.27348539600108956
0.43879867807170214
0.5144823724738192
0.3584292351232475
0.46623276452063844
0.43004588477517924
0.3795457180543817
0.20174709428341886
0.4405696645618807
0.47918883977830223
0.49912039496428684
0.4372975150469099
0.4696374474428501
0.4818266387507242
0.5584715833736686
0.3517878931143888
0.48610669941169016
0.43746354526836273
0.41266164316858034
0.3623729960348532
0.4658446302044108
0.49191813580744503
0.4651321761477219
0.4469402785928776
0.2945077344849347
0.42856092083194086
0.390459462276474
0.410847960362889
0.3748662252168136
0.42109436870183736
0.46790148017437766
0.4083673234977514
0.47024722566160276
0.3962849196256472
0.44567082138337555
0.468246882929375
0.42998516199243486
0.4378497946764029
0.3710975022979524
0.5463545027830248
0.49725321325776467
0.3666358489202482
0.5286465206996762
0.46753935057416174
0.4869794380792519
0.41934718984092656
0.4565626690201936
0.34474522753562964
0.47377477530443796
0.4647979909568749
0.4402917698521957
0.47737886907328575
0.47900608653627347
0.4695994174213983
0.4249666522003506
0.4366424160707291
0.5328345922236406
0.40429299182416595
0.4851619340247357
0.4758258228552478
0.47068216810220354
-0.061001164101364025
0.5561837188997008
0.49226961864272173
0.49981661338159544
0.3534706572226632
0.5178574560349914
0.5188175772856567
0.46942346412707153
0.5436084272985102
0.47012142936625717
0.540228204853832
0.5140726554753742
0.489308128653521
0.30585853865530666
0.4910716853746654
0.3646742895460444
-0.0672822748828309
0.3689914079160195
0.5146739211000183
0.23560590624607836
0.43618919720160365
0.41128367313167036
0.47085258994521406
0.3842344826167704
0.37947075110825684
0.4352515153235874
0.394512617263531
0.3901582032891163
0.43088958139499844
0.37101040694406495
0.3907291682743316
0.21900729494616045
0.3345860642411428
0.39323536719782254
0.4400833330724951
0.5167488530031403
0.5316352762577852
0.42277561515849416
0.2799202638528938
0.4387729232719492
0.28651191264983145
0.5516018065486517
0.4710130221898423
0.43086129058495165
0.4356443891457904
0.43829549687052993
0.49013020900452464
0.3328911386698331
0.490101423219648
0.4053653720629043
0.40863440920137184
0.3994287614144669
0.45089047361069645
0.29917567690276836
0.21181277331101356
0.18876340011771942
0.3016849517507295
0.3344397748763695
0.3790147248173772
0.4012926417165204
0.4177524220504333
0.4549068305541125
0.342040227770306
0.2978474918690507
0.4281646201757476
0.31107874560018445
0.33773738564858835
0.409707854741822
0.3671234517698925
0.3029994016765678
0.33896171446547374
0.10730119103458102
0.3961749637100534
0.4026690907632867
0.43872288125871317
0.45199136029055065
0.42289009840744185
0.4117895144419735
0.3698323058032128
0.4789287532758316
0.3780575858803451
0.33552271046098514
0.501066402314797
0.31748949786812053
0.39482956407507963
0.4315720883445588
0.4733367578544874
0.30519653293258875
0.3620310332403648
0.4584281836903663
0.380433689454197
0.44327137160282437
0.37723762497954805
0.39499012479346896
0.49832944474459395
0.48141435017659756
0.4386377245701636
0.30790028530463
0.5016569960991855
0.4347679272118727
0.37529599106519396
0.3434298143344089
0.4091303364446315
0.5729179528126298
0.5341206525444986
0.5772558877490676
0.49616374308088584
0.443048408272096
0.3879577519546631
0.39291230527556215
0.2163749258363321
0.3468020701401035
0.4885111057128845
0.3078259051498268
0.38261710912150304
0.4532630936503589
0.5631621224194823
0.2787387753677075
0.3283189865016689
0.4624873171515859
0.42676861960434503
0.3285931017072834
0.3770682464605032
0.45232580355231994
0.4007822786681217
0.12172346252013644
0.19826932123300367
0.3180220588163364
0.4106044435755057
0.3630994799848876
0.34187326125458944
0.44787639369357246
0.30251642983536253
0.39041627606922125
0.40356517875756004
0.3859839562742956
0.35603991000405116
0.35427961020285126
0.48821160748617903
0.2842383612220022
0.22849764424854035
0.5105998193264056
0.4106804433124049
0.477919007256997
0.3958722126913647
0.3761322919948811
0.42948952138605767
0.495605763840082
0.46337801515911853
0.48484818142239633
0.49523975864574593
0.42158177128356544
0.45285400276926346
0.5658352614602628
0.5495887046459496
0.4844560483701222
0.3565014334151159
0.4887849675123657
0.4208499418890643
0.5297283500132468
0.3724750750784416
0.4818303715614476
0.48978117344539546
0.4673796059732933
0.5334993038675284
0.35064277051210657
0.45154101269284525
0.3889455670582468
0.523447834854261
0.40396776621426445
0.4274845130855005
0.40288688244967746
0.37638772794143305
0.5474448189048846
0.4919320757038221
0.529607902444419
0.48518606017547106
0.46509600002563994
0.2650689460562703
0.3804999412108182
0.385940975784847
0.49711634558058027
0.4072473024633724
0.4552982893352807
0.5178325398063053
0.370946741082922
0.29350364991074873
0.15454908426052005
0.467331855240164
0.44878075559221076
0.47185098322803687
0.4437180738065398
0.47070584385202585
0.4577508777366499
0.3985901365636091
0.44164644706551764
0.4385940506065282
0.4659490507429406
0.36263286440683257
0.4128517302311996
0.4670471917053663
0.5142564678958733
0.4254204831696369
0.49800885287551244
0.46538567153846233
0.4907916338822345
0.4431510028296144
0.5150610326279862
0.31990741570882386
0.2650631958974625
0.538778510670211
0.4285921051172146
0.4650689303646749
0.49741355530330095
0.43181864004963616
0.5126304734222771
0.4498033507139171
0.13098277699701022
0.36686314996746344
0.4138663321452327
0.4482219094063638
0.507990710364824
0.49535923001224347
0.45967264469442715
0.33769740092020006
0.5281022275157591
0.34782892944995725
0.4565378563371311
0.3059764783115412
0.4811941685934611
0.26301150293016284
0.3651426138623428
0.3555159916164004
0.36270359132242547
0.35161349140347053
0.350569072770549
0.26207598530810794
0.33007745121308296
0.36127353897680325
0.4605182137852602
0.4138722117935293
0.37447853804752396
0.5000405393535099
0.41739225000918767
0.4342752978764762
0.5803414255089959
0.37164142208351814
0.48818441669682633
0.40428837196554457
0.37607253082529385
0.4210659999432057
0.456710302205389
0.4226461274807385
0.48815094851684704
0.46341065741406023
0.47664930451166426
0.39631276578604324
0.48543611108098295
0.49670571428181565
0.47589595387162753
0.5028216237863817
0.43632630326181443
0.4548629087950411
0.561955199607974
0.46521323272761955
0.4970921324781289
0.4931375171354212
0.3904599958904257
0.45852297301599687
0.5103215161644687
0.45035799340353355
0.4221568719439301
0.4895333156462358
0.4050640819281301
0.42758171005616036
0.4191006808381523
0.47788263372736983
0.3983164051526716
0.4334313423444628
0.44515201118835007
0.4848175055914701
0.46718353079351427
0.4470178027817173
0.2886847447960832
0.3679928985224012
0.3431923974733204
0.32614081512736603
0.42617904182492267
0.40440364783802907
0.5301691592057316
0.3339247275282093
0.48979315076423924
0.40582201491087444
0.4502965858300042
0.4575981126296059
0.5118181157521094
0.06978729886673718
0.389386033556544
0.41330243780831566
0.44278025482509054
0.5355609459765882
0.45215527672872946
0.5418337875162478
0.26200582475099876
0.4344283330523112
0.5146199861551235
0.36451720035775487
0.45455007029933264
0.4451207608255212
0.5056670395861476
0.5302674260083817
0.41080563465966174
0.4978672505238626
0.5874862012764205
0.4423536652601243
0.4103434979051539
0.5935905236735579
0.36313116503660225
0.5308519787145403
0.45804465762337654
0.5986558385654203
0.44231773777707745
0.40550960959106436
0.13426730917425023
0.29321390774176814
0.4917192852968878
0.45486431529382626
0.46429623935527675
0.4057385686650717
0.45544367582594647
0.3829020776849655
0.4293746613746333
0.4494317077743024
0.3540746281088911
0.5116231059058554
0.5374461598364267
0.4988512393503675
0.25224042215760245
0.17923896627182656
0.3835479366086201
0.4821109730059649
0.37410119589372776
0.4711342043969138
0.5010250332971913
0.30262464137884426
0.37195336049506034
0.3478772577444766
0.41440682886790464
0.3327647847678271
0.5408494685063535
0.301531185606732
0.3185347496473342
0.4470501547713121
0.4295660388354318
0.47444069071586925
0.44553500782730626
0.45468082594817893
0.42437107676352914
0.4097183851125865
0.41508162650197533
0.49626527481969535
0.180385150266135
0.5007290889007368
0.3721148622451712
0.4925092365886128
0.5159248469502715
0.4247407848971407
0.5127958957199885
0.43651848137574484
0.5592566137369894
0.5078624371518277
0.5114158724603832
0.44980852189271125
0.4828287246018554
0.4846068612483385
0.4052237560448178
0.35717790137386884
0.32127646474636645
0.43692558649504265
0.44361510408433114
0.3300970879605524
0.4292133188199765
0.37228649611145753
0.3576869092710513
0.3801089288360108
0.38299582576539265
0.41964559741931956
0.20303454615330152
0.4097247459108476
0.39809714908237054
0.48179820210474045
0.4113338636991625
0.4735094194609319
0.3997647132642471
0.3210900777401635
0.5074327601580096
0.38991977092594765
0.37573649109721
0.4869293298909851
0.5194630821043614
0.41091114999994405
0.5239992602258525
0.4255488304176564
0.49846865644952476
0.5263700714926847
0.4325223768442421
0.5576291371510536
0.4659187201433825
0.18660918382038416
0.41790960782902503
0.44378527749243524
0.49992430903591906
0.5198017717748733
0.4832992134962154
0.36318064405324335
0.4329503411613357
0.5123357880156917
0.47489056456785855
0.4074672530232723
0.4394491672387899
0.4591014429012369
0.44709971392617753
0.35344448882926416
0.282931777722366
0.47758837544329336
0.5448041137106687
0.5321433332415961
0.48406029665480604
0.4409407430960857
0.38794111065761294
0.5959320168604648
0.4938046907125358
0.5507701009581829
0.48992623110516487
0.486173480421002
0.49112999867911744
0.4468759798160382
0.28026313160202365
0.4893701961999275
0.5468495621589533
0.512874511591251
0.5062960017875435
0.4846797201825912
0.42408743942654675
0.4794939999994195
0.5276052027828557
0.5295714932571154
0.4725561498379644
0.47022096457611084
0.5464248148776595
0.48196894223610853
0.27613463182048925
0.37904298712001355
0.4807378215802159
0.42198576594233095
0.3118881281759224
0.3825987627036727
0.48796731035869434
0.4401482402078911
0.45440823942975994
0.4457828512971833
0.4943658939825581
0.46456521089219677
0.478559501900218
0.4236209567840067
0.43129595172128926
0.43119425139733536
0.22256350272396963
0.5300809113258619
0.4576692119200955
0.30150803176688257
0.38709893029625325
0.45510640957694987
0.323053012754816
0.39297570631576667
0.19483478413893396
0.46444182379216725
0.39741518779950713
0.41154535540475734
0.21533822447295692
0.485080020360216
0.5023690724367063
0.4638246418336008
0.52492269491896
0.48830738957821307
0.4519838689468516
0.32562265239112287
0.41646841146965985
0.519664347841136
0.483680001492028
0.29649728676929443
0.4688935826112398
0.4732836824767857
0.247636454938423
0.43288462248350723
0.35203271133560166
0.39897340832652944
0.4059449765113183
0.45365628854964357
0.47125152069407217
0.5299046932593343
0.46518196812591034
0.3479564953709805
0.3032707657497705
0.5058089737771718
0.43776095663737713
0.4083873616250643
0.5019801078222954
0.37710828950031217
0.4430928278450743
0.4706180689371585
0.5424524302933373
0.506007521584761
0.4810546013077326
0.6059149104438823
0.5370987516117356
0.5442539669174746
0.4771217688251299
0.5799820036698853
0.4460236710014
0.42584312259863993
0.5182844389482026
0.4941468374610475
0.5262062206839746
0.5783868948052853
0.5308404078946588
0.5038032624063613
0.4755193698543062
0.397097339607731
0.49766867149785887
0.5054400152154696
0.4323411522528945
0.4661458205113878
0.5364751941406221
0.446915154237024
0.48280558820081687
0.45344821319806894
0.43059215600520057
0.4674736998208655
0.4691377317724273
0.4835422468895388
0.5138007592939088
0.3678359277728514
0.5107580568100867
0.4636444460134279
-0.013836951459152202
-0.045217181041348864
0.3672172093695041
0.4749337186069603
0.5266161850436548
0.5260889688280239
0.3708009765181512
0.49642647550589825
0.4616159100697201
0.41966327464946473
0.4286173484577722
0.45016107178171105
0.47362287963804217
0.4980135461479731
0.5145578221944396
0.18887942024621673
0.45605683715916495
0.4378163622963029
0.4210039217837702
0.45154584936749326
0.46224865876100624
0.34105206713918634
0.2834811537462415
0.4905394766800908
0.3879028474056444
0.4107066742108361
0.38618096693751525
0.4187239862682919
0.4887989770857122
0.4096458425383646
0.19951559548768605
0.33912189075325605
0.5033649405536353
0.49707591112494215
0.4226784606868494
0.45981086497640566
0.46278880482210305
0.3192491800844003
0.41664474422288705
0.26992653810772593
0.4439713301368273
0.42667139399299164
0.44993879744423
0.42652761330272154
0.3572796020475686
0.44421448123035934
0.5164289901881136
0.36772367386393906
0.46086212545525007
0.42636315247588974
0.4106170497469853
0.20174709428341886
0.476452875462628
0.4430540625372368
0.5243401156195304
0.4401962009684972
0.5165467661571481
0.44361923306539897
0.5822653465417729
0.3718065901346969
0.4596774748218631
0.5086999615358124
0.4370013376279179
0.47928723617993413
0.4515896161233317
0.502528345936452
0.5227259876151777
0.4482183347346661
0.3452629663792277
0.4249047020386836
0.4389878601094343
0.46754612197477874
0.4092485864492043
0.4078312551166765
0.48300556208260603
0.39868898172218414
0.4589473905128245
0.32701892923893516
0.4456809915429377
0.4877555695508402
0.42998516199243486
0.4370938927078506
0.34509834383713733
0.5484045785348535
0.4533202868832703
0.4364006609224915
0.49636191437655625
0.41656537653130743
0.49823229425104615
0.41934718984092656
0.4599840412005989
0.2842781667624623
0.4837269203849024
0.5449778466853115
0.3772929657743609
0.5168356451098514
0.5176540371957052
0.5112820161232106
0.4344250147347842
0.429395567368199
0.4717264707912816
0.4286748954073794
0.5102299238647607
0.4882587380584648
0.4680481963646228
0.1206454667114556
0.4640605106892515
0.4714122335695906
0.4753401060120051
0.39225737562992596
0.4216675845983441
0.53965189874478
0.5762188386373486
0.5468779399704373
0.5137805678345531
0.5420166982816804
0.5143272182403239
0.457298841902109
0.2731270500457189
0.4910716853746654
0.4226241712035092
0.36672415171632977
0.3103965970649173
0.4941040835422977
0.410226432367062
0.4610584693355765
0.383371278685189
0.4406988871118926
0.3551736490121359
0.3612032324751431
0.4107956478801701
0.35186655226810193
0.3844508164048951
0.3286081540246936
0.32298684636859476
0.4197861447517296
0.14170883406495516
0.3281082018032785
0.3736559062118814
0.4517371240095714
0.5048039335231663
0.5760575409079729
0.4311249398968788
0.26426494073505935
0.40814248956030835
0.3551657676241312
0.5516018065486517
0.4942662796076115
0.4958891136613126
0.4166201874362568
0.4626570024718486
0.5077219883667352
0.41900957791038995
0.49021705936321547
0.42814987459587095
0.41860764983161636
0.4003221001580399
0.45626455570188396
0.29917567690276836
0.31436508031052857
0.14369638028030718
0.3544548890477135
0.3602697341083386
0.4315900026009791
0.40891764668663755
0.42466101095060477
0.4777165614786265
0.36834563194302117
0.3501697127357999
0.44850741531324556
0.38289418411299336
0.35047032893909613
0.44874661679079275
0.37151237937146886
0.37521615527004876
0.4319794933132338
0.18022790720996917
0.41144598609750316
0.47631420807100827
0.5522392445173473
0.47023741977110606
0.4380125929288675
0.407768214036174
0.3864923106684626
0.44537342969093835
0.37772425357485434
0.37565010203487914
0.49037415991829564
0.3745264881891268
0.4177011261017475
0.4239884722419302
0.5086009052664687
0.3350143758891736
0.3890886153018038
0.4128911947298999
0.4615035318391259
0.5059121128189555
0.43667204414665134
0.3736796743070333
0.4366301915289128
0.4664869964458256
0.44123494168745947
0.30378436165768274
0.5438268572349477
0.438338256972606
0.4463546809363679
0.3551209149276582
0.4716073846890782
0.6113970535479707
0.5530737427845247
0.5772558877490676
0.5711779586332673
0.4188096636062324
0.40719076105871405
0.2816629944521244
0.23477910726932827
0.349949467029857
0.4681700211488098
0.2858254883311726
0.3378768267549884
0.4532630936503589
0.5778087535485255
0.23813372038214042
0.4068514761708445
0.45377658729170545
0.4413942480241952
0.29716220543483896
0.39344954655842035
0.48776460277613815
0.4388695410500778
0.15866368328803548
0.21339200775041156
0.2691157315935986
0.41291667277890415
0.35733136025658413
0.2830756668373199
0.34051470552478735
0.38785402509677425
0.4122481462376243
0.32694385471739795
0.37415202793973795
0.30332307263658276
0.258218095881825
0.4137009364809282
0.31089704113009464
0.24505641578561088
0.5296514870437337
0.4197942133749639
0.5042117502926878
0.44427662497590403
0.4231593604472942
0.4378265956798676
0.48969181327151645
0.47138247903578717
0.4843398411439944
0.42269231369239874
0.4077272495763583
0.4126197715066508
0.5566086541175445
0.5382171084917964
0.4803092838426626
0.3042159690902627
0.4546053439297031
0.4671186439388734
0.5212396132339009
0.31828260151662124
0.4757903062731913
0.47340941991850444
0.40853136149829267
0.5349204904538323
0.3742660833055158
0.4980744968693008
0.44023448480639626
0.5199433989539619
0.48133143698932523
0.43414843885733945
0.40288688244967746
0.27208295402076066
0.5358372525012122
0.49017657332778375
0.530282771283201
0.43954558998255056
0.3897117017418772
0.3222196506560121
0.3804999412108182
0.42061463536605975
0.5433845813970107
0.4072473024633724
0.4811810747688956
0.5178325398063053
0.4179322566889776
0.2006382784442602
0.2854167609805953
0.49240161908192914
0.47009509671734456
0.5272659635040383
0.456639859861277
0.4877267354379318
0.4472360698938277
0.39870872061046525
0.44035070036996493
0.44147405025723974
0.45029400303095257
0.4131623571496729
0.45100473090590154
0.4622420423905852
0.5332822759769629
0.42694012614799204
0.45846662926542825
0.48653543682938416
0.4820507252872696
0.42191057098621
0.41690932605324815
0.31990741570882386
0.38474237458995847
0.5253618810973257
0.40747785991188556
0.48481083307097883
0.5043771542945845
0.382419657845593
0.5009865599057797
0.40707587404412826
0.16234741036201572
0.27481102708050853
0.39746635479751996
0.44326157035464964
0.5090191559288351
0.4770234658316557
0.43137213326388135
0.37623797565673944
0.575996852818032
0.26453587286457225
0.45290967771716495
0.25836713002049083
0.4530642351675634
0.2526115690487082
0.2085091893808585
0.30122505861320104
0.382517403867583
0.3148287763444325
0.3525587249516622
0.25240357698651494
0.40232299709503366
0.3278248334789447
0.42647888999679423
0.3547183856175975
0.36038182730443413
0.4373131626046344
0.420937194106093
0.4051291601421915
0.5345941211391844
0.4563885599369816
0.47224419749727703
0.4462674556151389
0.4049166571487157
0.43168807866902326
0.44647811287153194
0.39880956358058933
0.47948432417155556
0.46425951727970816
0.3997655295739446
0.37578179565553826
0.3600483168446566
0.45212653632936733
0.4840472263385095
0.4975303739226564
0.45108998183274585
0.4454192611601232
0.561955199607974
0.4977908422489811
0.4795320277175515
0.4389551498833595
0.42106622892303297
0.47261280726924093
0.44031853735442256
0.4388654333364787
0.34205866527598894
0.45524530498830384
0.3440483521549297
0.3500550653265846
0.42106764380438144
0.4710070436494573
0.41073891605037044
0.36377165850545157
0.425588476581261
0.4783705459031933
0.411650067077898
0.43790497512686594
0.26172855997208333
0.4111401682932061
0.39731283062202855
0.39499967285297344
0.42004825860086
0.5096541880200651
0.48099663571986767
0.3130858937246167
0.482767869629226
0.41464256305043024
0.44850263804232615
0.44550684958198444
0.45777016700586154
0.1517566853910265
0.3926660085199647
0.40942033638744557
0.520961761474849
0.5103605935952731
0.4728513747890886
0.5284991264021247
0.355344467193352
0.43266346241347076
0.49762837996787157
0.37464245493644577
0.45021298866142956
0.37653013624824805
0.5275193864212988
0.4823924683604561
0.3860338530709298
0.5068127300451015
0.606466092876689
0.40281842487077396
0.47935639500148075
0.5421768671984839
0.35263788703390686
0.44684150993065963
0.46074694617784456
0.5333571464432236
0.45861254786338773
0.3761428984175775
0.07916630355586585
0.2767657947370298
0.4660523551405139
0.4204959923604864
0.3502893715766762
0.36323218721920564
0.41773733945363434
0.3895379538677417
0.43975792845414574
0.41958763315721925
0.26776161863112524
0.49420584658077754
0.4808191647474504
0.4372977668112183
0.25224042215760245
0.20227420899615267
0.3620827656274319
0.46668076341165393
0.424009402322006
0.45999210771054505
0.49097363782969494
0.22430215969973133
0.3572637694294572
0.34843160863508815
0.41440682886790464
0.3282647609855567
0.5131312766692497
0.28132070899177863
0.33966419888760063
0.40820078168358487
0.449679209116097
0.4379960335641337
0.4439972281587242
0.39078558159923243
0.4189694651482963
0.4190081270151347
0.40865786427028433
0.4304497636864174
0.0008902209655885507
0.5012289615708053
0.3721148622451712
0.4932723781944621
0.5038924644114049
0.5440317747821337
0.4885612055850198
0.44648976801403806
0.5620007094435884
0.49102917202739776
0.5386032536859653
0.46102768603586924
0.39282105468306483
0.48551537620631885
0.34312042436323065
0.3389276535242751
0.3753419665156156
0.40697062870120443
0.40382819045353974
0.3717257820943449
0.37733409330314677
0.36274029166926725
0.3427750791913336
0.36402954122140296
0.41940911156831856
0.3947067247525865
0.3544767582391928
0.44007732263238236
0.41008527230677483
0.5266548173447608
0.42224338033662556
0.5096967508525202
0.4263986565057146
0.3907589169002939
0.5586386611427487
0.44018675815262887
0.38661113981528034
0.5119273548107568
0.5110186502057068
0.4160708445062833
0.5115918271693873
0.42814175939064103
0.4804948474308355
0.5263700714926847
0.5065061917653337
0.5549954846031566
0.4453227933002979
0.2801165554658954
0.4127611514819542
0.4272845670113084
0.5012153898910751
0.44673042417476927
0.4272221223394666
0.3152316146569937
0.42638087459734486
0.4882453159294408
0.418905421045584
0.44691484453853564
0.4455870026492157
0.4606792248881911
0.4386119645993758
0.4052783293162894
0.20846518768586275
0.43324362114481785
0.5010980204732376
0.5068855865403954
0.48404100760492846
0.5020627857731582
0.41924288356378847
0.5376071190901048
0.4390878130533409
0.502618528996239
0.379200631363194
0.5417716061505641
0.37705450410515995
0.46052081202024836
0.37942162972327864
0.5090248186236788
0.5078187058549428
0.5014162565456133
0.540629866481402
0.537536623287999
0.45706580091522603
0.5015742972343351
0.5094152760610428
0.49629626984122227
0.47484310462897966
0.477795996891877
0.5159124662607127
0.4621876333290551
0.11124387082360265
0.39454894503295557
0.45139874808848934
0.45038733350560434
0.3062767340924687
0.3650684290968774
0.47593203860685496
0.5066165332548005
0.43147423459495104
0.41161644510799167
0.5053180656135692
0.4943923446439604
0.4544212209278389
0.38788423051782517
0.3969444584166211
0.38857786507353603
0.34380312547669795
0.5495272331869643
0.4324770743112366
0.34502789189439953
0.3908121740616764
0.43114197935545095
0.3161318357130287
0.3974875808873457
0.2878454751192706
0.44346661286599404
0.35744987653417176
0.42440044957163026
0.2319441124599413
0.43787064780716495
0.49678337907887743
0.5128817186027683
0.4924720913729658
0.4791343049776018
0.492864606059844
0.32562265239112287
0.423491718600277
0.509186567766098
0.4958469828595633
0.2808752058277487
0.43294889326814423
0.4543357595322788
0.1503331296295628
0.39747091511698013
0.35203271133560166
0.36380274180964844
0.3961995838723865
0.4509825872928805
0.4383504760499816
0.5242539057135053
0.37069300271803296
0.4038617185622156
0.3279500841396764
0.513817795790223
0.4393407869362563
0.4185135953674843
0.4503748369816272
0.43509077860115103
0.4405657642185904
0.4705875588548605
0.47720290951984345
0.5050251561105275
0.4634634935593828
0.5243187522398349
0.6204759778538365
0.48201276355548867
0.44101342851276504
0.6029473512968122
0.4460236710014
0.42584312259863993
0.5010461553428497
0.4941468374610475
0.371038402735084
0.5411673060449912
0.518983814630522
0.49166741442563705
0.4755193698543062
0.43824003589434546
0.41682783661402867
0.4740140718274973
0.43493747675077143
0.41218985504097694
0.5185244049365704
0.4393653955138764
0.45000832519457
0.4898221007446979
0.4006163287387597
0.4799439696962313
0.47636699910228664
0.41436495286815417
0.5059462564805919
0.3906213144333116
0.47336330420967965
0.49141464337983726
-0.1887771748174054
0.11986764008313089
0.3831411969313766
0.535283046909826
0.5134506810829209
0.5672955401863133
0.33048129529136117
0.41492286592809285
0.48110099265796774
0.3670340652404106
0.444841473164815
0.39498702642300854
0.4554035161021273
0.5168668523490209
0.5145578221944396
0.22878763743076425
0.4336373681912639
0.43957076665924966
0.38105656785476427
0.43953622509250817
0.47792772965652597
0.3742049174977662
0.27292858988632374
0.4945566672507728
0.35472070315024046
0.348134385663879
0.3660188087314465
0.38068630383092367
0.4178846108651598
0.3824806512241617
0.2587561451028495
0.31014841541621363
0.5246053287070365
0.49145758580382576
0.4627955567757925
0.4119801847256159
0.4806043763434381
0.32406593388112914
0.41599406722927323
0.1110289955574898
0.38713105631767103
0.4190269578964103
0.38065230107256476
0.3663307690596573
0.2562232024916634
0.3952470774025942
0.5144823724738192
0.41648922915682823
0.4765977981624731
0.43446681365568957
0.4349897848693945
0.20174709428341886
0.44930765305972353
0.5008967106691289
0.46548601332021466
0.44202166902752493
0.4696374474428501
0.4684176388602563
0.57973526903064
0.3712645093655028
0.4739014022690586
0.4645156482850016
0.3960588909093587
0.3623729960348532
0.4433646325296105
0.507845230583112
0.46219995822502824
0.4469402785928776
0.3452629663792277
0.4276170730602141
0.4389878601094343
0.38227718211755224
0.4264478252436123
0.4097086090920656
0.49263566482642557
0.38428411157131964
0.48159734960801126
0.3475244323586536
0.4646173677140085
0.46159389447456245
0.42998516199243486
0.4229735185981161
0.3710975022979524
0.5604409839660562
0.49725321325776467
0.36060170090950744
0.5063200233270189
0.44884109907700176
0.5192625146244763
0.41934718984092656
0.45949883109009526
0.40305059809381827
0.4428291871862484
0.4496673044408902
0.46279094988529157
0.4310022855393393
0.4434036046927605
0.4537472284577233
0.4469273342286546
0.4565611743046332
0.46411255160031295
0.39755687473159135
0.5026734317339967
0.46890618361180497
0.47068216810220354
-0.061001164101364025
0.5666573030526927
0.49783471829783543
0.48592516123299223
0.3260431634346832
0.5072814785896915
0.5162996241534124
0.5039594347390317
0.5436084272985102
0.47405063346739507
0.5247390003235122
0.49759703301414854
0.47098328667158335
0.32718513841081087
0.5016027263422183
0.4233453826541128
0.03444836763698611
0.2981927496276956
0.512259009000143
0.3165451767311188
0.43784568035006144
0.4049713746462501
0.4520320057671621
0.3574202867939217
0.3473612177071447
0.4151632052668226
0.34299230759276444
0.4127337645728967
0.4451223374811696
0.38154213118049163
0.43647451491362416
0.21998039094354294
0.3390586837097792
0.3446830516881869
0.4400833330724951
0.336001839558592
0.560256273057915
0.42907135866874246
0.2864407172742185
0.41995399264864824
0.3234688887801531
0.5516018065486517
0.44256684993980333
0.4295839792773083
0.4432164895913754
0.4322356059922705
0.46820509088456996
0.34817591641374596
0.482484721326515
0.4176399902731546
0.37134023784914777
0.39137127304656044
0.44745492352092975
0.29917567690276836
0.15825936711175204
0.10628979183080522
0.32291101648032017
0.3344397748763695
0.3979492783179577
0.403519123660046
0.37082193072044234
0.4788569421894032
0.38960972184759174
0.2978474918690507
0.38902767459105747
0.33469872154252056
0.37856153548215676
0.3806694085683575
0.33669314342385004
0.24159816187661887
0.19714880271444246
0.1038639915507863
0.39456850642745434
0.44384715774589456
0.4701901378105764
0.45199136029055065
0.42350427203184193
0.30938410127790916
0.3821621959650649
0.4425144323990769
0.3752886143207513
0.33249541354262824
0.5063650379495446
0.3385327002891291
0.3992226551390174
0.4141202442645365
0.4698773179087047
0.3350143758891736
0.36431626556722063
0.42284221161726887
0.3849397344166987
0.4304492118286099
0.3916613650574661
0.35400192285701315
0.46128445078376845
0.49284483852225425
0.44930636219053977
0.3014303673748887
0.5024021735907404
0.4472973274322204
0.40268669505106175
0.3434298143344089
0.380939124301515
0.5743797959764776
0.4264304948950039
0.5772558877490676
0.4490902056099673
0.40167123378130326
0.3879577519546631
0.39291230527556215
0.29984610954815305
0.32461445067411077
0.46679365391327515
0.3176782917194535
0.3839463571049513
0.4719123355485406
0.5797222195529176
0.2730485640208573
0.29766834400836484
0.42924314854294887
0.40725755760706484
0.30623535373837163
0.38632811879429835
0.46190082084431394
0.4155094284565651