-1.8520965576171875
-3.4358837604522705
-3.535637140274048
-3.0396790504455566
-4.293527603149414
-1.955385684967041
-4.681862831115723
-4.267601490020752
-2.868067741394043
-0.0001039964408846572
-5.027375221252441
-3.38400936126709
-4.352682113647461
-1.5381951332092285
-2.822309732437134
-3.7757086753845215
-2.4555697441101074
-3.546483039855957
-2.4198455810546875
-3.416361093521118
-3.220630407333374
-2.6586129665374756
-2.1825954914093018
-4.8648457527160645
-3.3253254890441895
-4.535698890686035
-4.97216272354126
-3.7937686443328857
-3.7121100425720215
-4.012900352478027
-3.4333090782165527
-3.6273305416107178
-4.402496814727783
-4.506519317626953
-3.540156841278076
-3.05141282081604
-4.591592788696289
-3.4876973628997803
-4.299090385437012
-3.4180471897125244
-4.815663814544678
-4.02269172668457
-4.734487056732178
-4.753041744232178
-5.062351703643799
-4.078697204589844
-3.0500688552856445
-4.838072776794434
-3.6269547939300537
-3.984485149383545
-1.6298021078109741
-4.681642055511475
-4.238088607788086
-4.202507019042969
-3.6301276683807373
-3.668569803237915
-4.857642650604248
-3.3866608142852783
-3.3660085201263428
-2.321105480194092
-4.410995960235596
-5.305961608886719
-1.9916248321533203
-3.4995648860931396
-3.064528465270996
-2.9122164249420166
-4.68194580078125
-2.3132476806640625
-4.08364200592041
-3.6697700023651123
-4.997844696044922
-0.0008568712510168552
-3.1194581985473633
-3.428119421005249
-4.144822120666504
-4.859657287597656
-2.2562003135681152
-6.139630317687988
-2.9250755310058594
-5.659612655639648
-5.398200035095215
-3.797816276550293
-4.502150535583496
-3.183905839920044
-3.438232898712158
-2.080637216567993
-4.92088508605957
-6.604150772094727
-4.198904991149902
-2.762953042984009
-2.7507636547088623
-3.714712381362915
-3.568370819091797
-2.5176756381988525
-4.142032146453857
-5.735774993896484
-3.7434985637664795
-3.9442145824432373
-3.918504476547241
-3.8307297229766846
-1.5846586227416992
-4.992557048797607
-5.146557331085205
-3.9028232097625732
-3.977059841156006
-4.553412437438965
-5.189878940582275
-8.64844799041748
-2.8311026096343994
-1.5160009860992432
-2.781578540802002
-5.588623046875
-4.078225135803223
-5.679532051086426
-4.172419548034668
-4.765187740325928
-3.2717533111572266
-2.0925116539001465
-3.6706621646881104
-2.1550633907318115
-3.239023208618164
-2.208944797515869
-2.8783771991729736
-4.188462257385254
-2.7423858642578125
-5.211069107055664
-3.72122859954834
-3.971924066543579
-3.1597392559051514
-3.4503724575042725
-5.214772701263428
-1.9548648595809937
-3.582465648651123
-4.685202598571777
-2.4363019466400146
-3.035111427307129
-4.348985195159912
-3.0322682857513428
-3.086886167526245
-5.115036964416504
-2.7761483192443848
-3.8668758869171143
-1.8672981262207031
-3.230612277984619
-4.283022880554199
-2.832444190979004
-3.7789251804351807
-4.382204055786133
-4.675573825836182
-3.2530899047851562
-5.458756446838379
-3.9205057621002197
-3.5254013538360596
-5.496572017669678
-1.7953577041625977
-3.6921379566192627
-3.1221237182617188
-4.118226528167725
-3.8821842670440674
-3.4813127517700195
-5.920239448547363
-0.0019484757212921977
-3.928635835647583
-3.273618698120117
-6.55706262588501
-4.88043737411499
-2.9605891704559326
-4.155796527862549
-1.9939014911651611
-3.768555164337158
-4.7429399490356445
-3.976090431213379
-0.8498454093933105
-3.973454475402832
-5.4559855461120605
-4.101415634155273
-3.488234519958496
-4.642477512359619
-1.9182851314544678
-4.807933807373047
-2.863809108734131
-4.343539237976074
-3.9317896366119385
-4.378103256225586
-4.67204475402832
-2.8826544284820557
-3.334270477294922
-2.6429522037506104
-4.0089592933654785
-4.120299339294434
-3.572171449661255
-4.086065292358398
-8.274744987487793
-4.040922164916992
-5.065481662750244
-3.305394411087036
-2.650254487991333
-2.34104585647583
-2.9982311725616455
-3.1218414306640625
-3.1927239894866943
-3.8535232543945312
-0.00013044319348409772
-3.416416645050049
-3.7792930603027344
-4.6503400802612305
-3.2337331771850586
-5.874617099761963
-3.8301796913146973
-3.4291293621063232
-4.064304351806641
-2.9650814533233643
-0.6931286454200745
-5.36638879776001
-5.670499801635742
-4.023583889007568
-3.4961304664611816
-2.758388042449951
-3.6109566688537598
-2.080580949783325
-3.9056596755981445
-2.5479347705841064
-3.600743293762207
-4.628642559051514
-3.4315381050109863
-1.1541565656661987
-3.2590386867523193
-4.739211082458496
-2.911039113998413
-2.2260658740997314
-5.986883163452148
-4.081621170043945
-3.398744821548462
-2.427496910095215
-5.164336204528809
-4.5649309158325195
-3.885462760925293
-3.540475606918335
-4.3156418800354
-2.883786678314209
-3.574099063873291
-4.219020843505859
-3.5352354049682617
-4.374872207641602
-4.404938697814941
-3.347079277038574
-6.214759826660156
-2.4090514183044434
-4.051418781280518
-2.704575538635254
-2.2302534580230713
-6.194388389587402
-3.6648590564727783
-2.5988264083862305
-3.8360793590545654
-3.79325270652771
-5.401605606079102
-4.537314414978027
-3.268425941467285
-0.4051694869995117
-4.036391735076904
-2.944281816482544
-4.565536801237613e-05
-4.086313247680664
-5.350932598114014
-5.172846794128418
-4.991248607635498
-4.572306156158447
-5.370208263397217
-3.244554042816162
-3.0863542556762695
-3.5877890586853027
-1.8335074186325073
-2.1550633907318115
-4.518997669219971
-4.733368873596191
-2.6296072006225586
-3.6168041229248047
-1.2297770977020264
-6.216561317443848
-4.126210689544678
-4.478012561798096
-5.299149513244629
-4.120152473449707
-4.214357852935791
-3.848679304122925
-2.116997718811035
-4.164534091949463
-4.490475177764893
-4.478364944458008
-5.387874126434326
-3.657686233520508
-4.115556716918945
-3.391756534576416
-2.956731081008911
-2.5573997497558594
-4.113846302032471
-3.0553512573242188
-2.7930538654327393
-4.000107765197754
-3.9452767372131348
-1.8545355796813965
-3.4378838539123535
-4.05578088760376
-2.321105480194092
-4.762018203735352
-1.8035862445831299
-2.6877851486206055
-4.216822147369385
-3.192758321762085
-1.8201006650924683
-4.737478733062744
-4.340527534484863
-3.874972105026245
-2.274787425994873
-3.5811285972595215
-5.682889938354492
-5.4664835929870605
-3.4628050327301025
-5.893892288208008
-3.1569013595581055
-6.666712284088135
-3.9659407138824463
-6.9879560470581055
-3.3555748462677
-5.336924076080322
-3.836074113845825
-4.420507431030273
-4.19606351852417
-3.8612518310546875
-2.88397216796875
-3.79640793800354
-3.8239076137542725
-2.6892852783203125
-4.46190071105957
-4.514267921447754
-3.5794405937194824
-4.641652584075928
-4.5067973136901855
-5.039011478424072
-2.2676665782928467
-3.5472590923309326
-3.371817111968994
-3.7803046703338623
-3.4395644664764404
-4.010441780090332
-3.7453131675720215
-4.693373680114746
-1.8252233266830444
-4.056123733520508
-3.6171324253082275
-0.00010055411257781088
-3.6527109146118164
-3.327669143676758
-3.800398349761963
-2.6385772228240967
-4.045005798339844
-4.430309295654297
-4.657210826873779
-3.1077945232391357
-4.013422012329102
-2.616694450378418
-3.199324607849121
-4.498514175415039
-3.4714131355285645
-2.8222382068634033
-4.22845458984375
-3.9148945808410645
-3.461458683013916
-3.025627374649048
-4.909876346588135
-2.256225824356079
-3.4467813968658447
-4.0240983963012695
-4.026724338531494
-3.822730302810669
-4.794924259185791
-2.0670313835144043
-5.458926677703857
-3.2539007663726807
-4.453007221221924
-3.952171802520752
-3.8744428157806396
-4.003503322601318
-1.888149380683899
-4.078697204589844
-3.7115869522094727
-5.632065773010254
-4.807327747344971
-2.517871141433716
-4.736340522766113
-4.9612274169921875
-3.7669601440429688
-4.355578422546387
-4.0810956954956055
-3.6914889812469482
-2.88042950630188
-3.462265968322754
-3.9139695167541504
-4.723262310028076
-2.426408290863037
-3.693747043609619
-2.5140955448150635
-3.679063081741333
-3.4627397060394287
-2.243529796600342
-4.2367024421691895
-4.456766128540039
-3.6265032291412354
-4.658878326416016
-3.642988681793213
-2.8961472511291504
-3.751755952835083
-2.8268308639526367
-4.014685153961182
-3.225980043411255
-2.6889772415161133
-5.566257476806641
-3.9298810958862305
-4.299034595489502
-3.7532522678375244
-3.3705053329467773
-3.8718554973602295
-4.5406174659729
-3.750671863555908
-3.229422092437744
-2.910484790802002
-5.12079381942749
-4.7102508544921875
-4.063845634460449
-4.428923606872559
-2.720324754714966
-2.0278451442718506
-4.17659330368042
-3.539992332458496
-1.6374777555465698
-3.6040265560150146
-3.511155843734741
-0.9934369325637817
-3.6949799060821533
-3.402039051055908
-3.4173336029052734
-4.16532039642334
-5.367334365844727
-4.611155033111572
-2.2227447032928467
-4.223012924194336
-5.313190460205078
-3.371076822280884
-0.00014473381452262402
-3.5206522941589355
-5.183680534362793
-2.0226104259490967
-4.534449577331543
-1.710955023765564
-5.265173435211182
-4.6364006996154785
-3.9709689617156982
-1.6945821046829224
-4.27236270904541
-3.578928232192993
-3.4356398582458496
-3.771662473678589
-4.080145835876465
-5.795255184173584
-5.379016876220703
-4.1918816566467285
-2.124675750732422
-1.5230892896652222
-2.3741908073425293
-4.394158840179443
-3.7583634853363037
-4.82941198348999
-4.318843364715576
-3.687631368637085
-4.224246025085449
-5.199360370635986
-3.382208824157715
-5.080060005187988
-4.911533355712891
-2.8609072614926845e-05
-3.444384813308716
-0.00012129997776355594
-1.8716404438018799
-5.649192810058594
-4.9076361656188965
-4.455134868621826
-5.142597198486328
-6.119983196258545
-3.8409671783447266
-2.112514019012451
-5.275082588195801
-4.263545989990234
-3.225515604019165
-3.451909303665161
-5.95037841796875
-3.8511533737182617
-3.3261396884918213
-3.2586939334869385
-0.0001359362795483321
-3.808608293533325
-5.193060398101807
-4.085174560546875
-4.080405235290527
-6.82969856262207
-4.1602044105529785
-3.9296324253082275
-0.00035891038714908063
-3.191829204559326
-4.492274761199951
-4.373086452484131
-3.3694381713867188
-4.350560188293457
-4.147189140319824
-4.797214031219482
-4.221628665924072
-3.137706995010376
-4.234158515930176
-7.2637834548950195
-4.724819660186768
-5.068833351135254
-4.179342269897461
-2.771439552307129
-4.242694854736328
-4.54352331161499
-5.156948566436768
-4.296473503112793
-3.095322608947754
-5.86379337310791
-1.8549202680587769
-3.6018364429473877
-3.829526424407959
-4.166105270385742
-5.266153812408447
-3.960920810699463
-4.402700424194336
-2.8670105934143066
-1.2989588975906372
-4.688101768493652
-4.133186340332031
-4.205109119415283
-5.148279666900635
-4.27663516998291
-3.748929500579834
-3.6309051513671875
-2.9153130054473877
-4.6549072265625
-3.8886802196502686
-4.726472854614258
-3.669058084487915
-5.160897731781006
-3.895097494125366
-3.8187432289123535
-6.779886722564697
-5.2586846351623535
-3.7736775875091553
-3.722362995147705
-3.271649122238159
-4.9377923011779785
-3.009010076522827
-2.318910837173462
-3.0575978755950928
-3.013751268386841
-4.2067975997924805
-3.2964096069335938
-3.15189790725708
-4.1265764236450195
-6.301181316375732
-3.068026542663574
-3.282228946685791
-3.7521731853485107
-3.8938612937927246
-4.701185703277588
-3.5529186725616455
-3.8330936431884766
-4.68562650680542
-3.6526503562927246
-3.578040361404419
-2.8924460411071777
-5.303464412689209
-3.563971519470215
-4.79448127746582
-3.6283183097839355
-3.922337532043457
-2.324368715286255
-4.329911231994629
-4.139869689941406
-4.248066425323486
-3.3007326126098633
-3.479520797729492
-3.6810402870178223
-2.6965057849884033
-2.735527753829956
-4.186038970947266
-7.317695140838623
-3.639563798904419
-4.0130534172058105
-3.681180477142334
-3.2809226512908936
-3.7011382579803467
-4.229140281677246
-6.144281387329102
-3.0336029529571533
-4.229299068450928
-5.56402587890625
-3.81644606590271
-1.978179693222046
-4.271083831787109
-2.0590622425079346
-3.0042836666107178
-6.60943603515625
-1.4533495903015137
-4.149055480957031
-2.998664379119873
-5.017329692840576
-5.563232421875
-4.661429405212402
-3.006617546081543
-5.845320224761963
-4.4991888999938965
-3.528263807296753
-3.9276041984558105
-2.749335527420044
-1.6374777555465698
-3.674654960632324
-4.147786617279053
-2.9018542766571045
-3.467174530029297
-3.2961201667785645
-3.9286134243011475
-3.497535228729248
-4.56881046295166
-2.8619065284729004
-2.4449148178100586
-4.432024002075195
-3.460209608078003
-4.228133201599121
-3.908599376678467
-2.0100412368774414
-4.426048755645752
-3.032327651977539
-0.0012885314645245671
-4.05740213394165
-4.55710506439209
-3.8057708740234375
-2.0308380126953125
-4.711939811706543
-3.2430765628814697
-4.141505241394043
-6.433637619018555
-4.073095321655273
-5.0296630859375
-3.339775323867798
-2.622248411178589
-5.043969631195068
-4.164142608642578
-4.953612327575684
-3.3834645748138428
-5.4864702224731445
-3.670494318008423
-4.827719211578369
-2.258258104324341
-2.547427177429199
-3.3453867435455322
-3.7625980377197266
-2.8690261840820312
-1.9991579055786133
-4.842319488525391
-4.9014081954956055
-3.8459510803222656
-5.418844223022461
-4.990762710571289
-5.724337577819824
-4.6805195808410645
-4.548328876495361
-3.011159658432007
-5.254700183868408
-4.390118598937988
-4.056497573852539
-4.8271284103393555
-3.2716972827911377
-3.6786041259765625
-4.4290056228637695
-2.5018413066864014
-4.847911357879639
-4.6220383644104
-3.7803821563720703
-3.0900704860687256
-2.575761079788208
-3.878610849380493
-4.976822376251221
-5.262004375457764
-6.828803062438965
-3.958592653274536
-4.602199554443359
-3.590029239654541
-3.7664635181427
-5.036548614501953
-5.772242546081543
-3.8834195137023926
-3.5261456966400146
-4.910572052001953
-2.360976219177246
-4.79293155670166
-2.6225392818450928
-5.442609786987305
-2.9118759632110596
-3.2347402572631836
-3.6346843242645264
-5.239750385284424
-3.72426438331604
-4.71755838394165
-0.00016379388398490846
-4.889095783233643
-3.987886905670166
-3.517493963241577
-4.010855197906494
-3.298792600631714
-3.5675506591796875
-5.190173625946045
-5.7374444007873535
-4.3496294021606445
-3.3287699222564697
-2.3036975860595703
-4.0010199546813965
-5.562263488769531
-4.761787414550781
-3.8807144165039062
-2.4116199016571045
-3.1533515453338623
-3.926443338394165
-4.123999118804932
-3.1599090099334717
-4.422333240509033
-3.9527578353881836
-2.5592381954193115
-6.049615383148193
-3.8302719593048096
-4.440136909484863
-3.832667589187622
-3.1356091499328613
-2.8150620460510254
-4.674596786499023
-4.813518047332764
-2.0279483795166016
-4.454387187957764
-5.308837890625
-5.202838897705078
-4.549678802490234
-4.691594123840332
-2.448706865310669
-4.1824517250061035
-4.103106498718262
-3.4949212074279785
-4.913977146148682
-4.824568271636963
-3.4246859550476074
-3.1487834453582764
-0.0003223198000341654
-3.809868574142456
-4.152390480041504
-2.9576568603515625
-3.086414098739624
-2.4554367065429688
-5.231523036956787
-5.170741558074951
-3.297485828399658
-3.5658247470855713
-4.74751615524292
-3.64168119430542
-4.129261016845703
-5.738483905792236
-4.016856670379639
-5.104022026062012
-3.3274896144866943
-3.2132725715637207
-2.274803876876831
-2.783529043197632
-3.895841598510742
-5.67548131942749
-3.541630744934082
-5.748437404632568
-4.1280837059021
-4.0117106437683105
-3.4226815700531006
-3.101332187652588
-3.2432427406311035
-2.247967481613159
-4.027087211608887
-3.2852842807769775
-5.812395095825195
-2.628767251968384
-4.089511871337891
-3.171383857727051
-2.365147829055786
-2.7228643894195557
-5.2125058573437855e-05
-5.756309986114502
-2.8781962394714355
-3.6579909324645996
-0.001872032880783081
-4.342520236968994
-4.735432147979736
-3.7149837017059326
-5.712838172912598
-2.4011335372924805
-4.254594326019287
-3.4118518829345703
-0.5052672624588013
-5.346257209777832
-3.7626452445983887
-4.716064453125
-3.5227627754211426
-3.2830851078033447
-3.6306519508361816
-2.817303419113159
-4.473209857940674
-4.028408527374268
-4.888018608093262
-3.296933889389038
-4.634805679321289
-3.522108793258667
-3.8533244132995605
-5.571678161621094
-4.450689792633057
-3.45811128616333
-2.698268413543701
-3.858487606048584
-3.9973256587982178
-3.162543296813965
-2.0771663188934326
-5.348500728607178
-4.77850341796875
-4.260162830352783
-3.6325318813323975
-1.635709524154663
-4.756695747375488
-2.9345641136169434
-3.8793859481811523
-4.712055683135986
-0.8702221512794495
-4.424004554748535
-5.6447834968566895
-4.160845756530762
-3.673368215560913
-3.272261381149292
-4.2546186447143555
-3.4259026050567627
-4.056484222412109
-2.9231083393096924
-4.394232273101807
-5.737391471862793
-5.789705276489258
-4.7422943115234375
-3.4248998165130615
-4.040147304534912
-3.2288575172424316
-4.0944294929504395
-5.121540546417236
-5.197283744812012
-4.297824859619141
-8.54369068145752
-3.5121114253997803
-5.043869495391846
-4.918979167938232
-4.260408878326416
-3.835360050201416
-3.3489537239074707
-2.9828059673309326
-4.139561653137207
-3.4466402530670166
-4.229892730712891
-2.9119009971618652
-4.00128173828125
-2.9218978881835938
-5.0068182945251465
-3.5187766551971436
-4.412942409515381
-2.7463643550872803
-4.1614990234375
-3.110194444656372
-3.324387550354004
-4.293047904968262
-3.3258635997772217
-3.11100435256958
-3.5936527252197266
-3.1052920818328857
-3.400695323944092
-4.127679824829102
-4.51815128326416
-1.2801334857940674
-4.652901649475098
-3.4255998134613037
-4.058049201965332
-5.007898330688477
-3.7345311641693115
-3.596719264984131
-3.5543136596679688
-3.4028160572052
-2.7995991706848145
-4.274807929992676
-2.693763494491577
-4.555307388305664
-3.2933812141418457
-1.385919213294983
-4.437037467956543
-3.0039191246032715
-2.367717981338501
-5.53736686706543
-3.3262088298797607
-3.7184197902679443
-3.8840293884277344
-4.854959964752197
-3.6867942810058594
-3.558537721633911
-1.3034249544143677
-2.686514139175415
-3.129070281982422
-3.5533480644226074
-2.191045045852661
-3.5482075214385986
-3.094221830368042
-4.463547706604004
-4.0008864402771
-4.803908824920654
-1.9248390197753906
-5.020831108093262
-5.52574348449707
-2.599397897720337
-2.783099889755249
-2.6207847595214844
-4.085854530334473
-3.8250882625579834
-3.297940492630005
-2.7139792442321777
-5.314325332641602
-3.5011613368988037
-2.2930760383605957
-5.424008846282959
-4.250458240509033
-4.26490592956543
-3.456434488296509
-8.65967845916748
-4.8079962730407715
-3.3036952018737793
-2.937589645385742
-3.528738021850586
-3.0144267082214355
-6.5754241943359375
-4.2915940284729
-5.561285018920898
-5.217301845550537
-4.313292980194092
-2.7138891220092773
-3.09917950630188
-5.901286602020264
-4.18486213684082
-3.1489310264587402
-5.644656658172607
-2.1349871158599854
-3.689012050628662
-3.791584014892578
-5.5229997634887695
-2.143838405609131
-5.328603267669678
-6.140374660491943
-2.795942783355713
-6.206110954284668
-3.009010076522827
-4.340100288391113
-2.366826295852661
-3.4155681133270264
-5.553045749664307
-4.030220031738281
-3.362358331680298
-2.760394811630249
-3.923091173171997
-2.7183849811553955
-0.00014804492820985615
-2.89573335647583
-2.9939749240875244
-4.400882244110107
-3.5735857486724854
-2.909860610961914
-3.962930679321289
-3.6062395572662354
-3.8450992107391357
-3.382617473602295
-0.0031956546008586884
-2.8958373069763184
-2.795050621032715
-4.670234203338623
-3.2053918838500977
-4.5652384757995605
-1.5240490436553955
-3.6137843132019043
-5.458517074584961
-3.74257755279541
-1.6688339710235596
-3.782325267791748
-3.2764699459075928
-4.496581077575684
-4.717123985290527
-2.6897034645080566
-2.549424648284912
-4.334434509277344
-2.9221725463867188
-4.588150501251221
-6.375936985015869
-4.568700313568115
-5.781721591949463
-4.468331813812256
-5.533743858337402
-3.950178623199463
-5.089720726013184
-3.7100188732147217
-5.196076393127441
-4.25543212890625
-3.429105520248413
-2.3544065952301025
-2.4493014812469482
-3.109255790710449
-4.309083938598633
-4.512149333953857
-1.6292365789413452
-5.373205184936523
-5.062277793884277
-4.924832344055176
-3.676849842071533
-4.378620147705078
-3.528754711151123
-4.766195297241211
-2.43243670463562
-3.7485580444335938
-3.4943783248309046e-05
-3.27402663230896
-3.7237212657928467
-3.733668088912964
-2.9061152935028076
-6.318698883056641
-4.754652500152588
-3.6340904235839844
-5.192954063415527
-3.712301731109619
-3.1458277702331543
-0.0008514264482073486
-5.251458168029785
-3.3443431854248047
-3.629974365234375
-5.128190517425537
-4.020893096923828
-3.030423402786255
-4.070618629455566
-3.782007932662964
-4.037258625030518
-4.7568039894104
-5.032926559448242
-4.682043552398682
-3.65813946723938
-2.8245558738708496
-5.033290386199951
-6.245185852050781
-0.00027536225388757885
-5.529355525970459
-4.359821796417236
-2.9680707454681396
-4.937672138214111
-2.7410268783569336
-6.747695446014404
-1.849887728691101
-5.256953716278076
-4.511645317077637
-5.953518390655518
-5.478662014007568
-2.116671085357666
-6.091187000274658
-3.0537912845611572
-3.950178623199463
-3.5621187686920166
-4.25218391418457
-3.0624725818634033
-5.181568622589111
-3.0427420139312744
-4.710032939910889
-3.715414047241211
-4.040990352630615
-1.1843032836914062
-3.852522134780884
-3.3644165992736816
-4.467953681945801
-3.6103193759918213
-4.437037944793701
-6.6955132484436035
-4.068947792053223
-4.869945049285889
-4.527520656585693
-3.923785924911499
-3.730891227722168
-4.319648742675781
-3.513782262802124
-5.387378692626953
-6.188859939575195
-4.725800037384033
-4.860317230224609
-4.523251056671143
-5.562435626983643
-4.463660717010498
-4.749545097351074
-3.8540430068969727
-4.7806901931762695
-3.2843751907348633
-5.296950817108154
-4.053400039672852
-2.7350146770477295
-5.146831512451172
-0.011585609056055546
-4.290098190307617
-3.207894802093506
-4.345321178436279
-4.163020610809326
-3.958231210708618
-3.5040886402130127
-5.1082305908203125
-3.2309582233428955
-3.7181107997894287
-4.5824785232543945
-3.5334525108337402
-2.5496881008148193
-4.506243705749512
-6.377668857574463
-5.269259929656982
-3.768035411834717
-3.1805107593536377
-4.327059745788574
-5.346652030944824
-2.212146282196045
-4.179226875305176
-3.4103732109069824
-2.141800880432129
-4.8997883796691895
-4.772521018981934
-5.1230268478393555
-3.136150598526001
-3.294464111328125
-4.506988525390625
-0.0008514264482073486
-3.6484358310699463
-4.768959045410156
-4.989353656768799
-3.5473556518554688
-6.291070938110352
-5.133105278015137
-5.760252952575684
-4.923890113830566
-3.8885583877563477
-5.264551162719727
-4.497391700744629
-3.3025548458099365
-4.273823261260986
-1.9577140808105469
-2.6316146850585938
-4.583255290985107
-3.8006043434143066
-3.5962119102478027
-3.764860153198242
-4.22030782699585
-5.61081075668335
-2.4804720878601074
-4.7676005363464355
-3.409252405166626
-1.7714165449142456
-5.865152359008789
-3.7241153717041016
-3.9355087280273438
-4.036674976348877
-2.314409017562866
-3.9386749267578125
-3.252551317214966
-2.201277732849121
-3.4011523723602295
-4.128586292266846
-2.580073118209839
-4.989398002624512
-3.3329782485961914
-3.699368476867676
-4.406510829925537
-3.3978729248046875
-5.763535022735596
-3.6665806770324707
-3.6812376976013184
-3.6646764278411865
-4.776077747344971
-3.798739194869995
-3.9694643020629883
-4.1008524894714355
-3.6554384231567383
-4.12134313583374
-4.28566312789917
-5.104520320892334
-3.979741334915161
-4.093294143676758
-5.1382598876953125
-1.7923684120178223
-5.659061431884766
-4.613036632537842
-4.490375995635986
-3.1982829570770264
-1.995942234992981
-4.840797424316406
-5.710184097290039
-2.9367752075195312
-4.610296249389648
-4.842998504638672
-6.98000955581665
-6.7344818115234375
-4.404697418212891
-2.0768373012542725
-3.752876043319702
-3.988848924636841
-3.9502720832824707
-6.037439346313477
-3.458643674850464
-4.23036003112793
-5.3593430519104
-3.466416835784912
-4.681995391845703
-2.9174935817718506
-6.071942329406738
-3.7231907844543457
-4.147080898284912
-2.8725945949554443
-2.2232418060302734
-4.779055118560791
-5.4242706298828125
-4.906012058258057
-5.925950050354004
-3.5926737785339355
-4.559503555297852
-4.226290225982666
-5.577212810516357
-3.566742420196533
-4.26841402053833
-3.7406811714172363
-2.7461047172546387
-4.140193939208984
-2.42234468460083
-3.954796314239502
-2.520411252975464
-2.380817174911499
-4.550745010375977
-4.725800037384033
-4.96709680557251
-3.6689953804016113
-3.3634328842163086
-5.431400775909424
-2.686462879180908
-2.749424934387207
-4.975880146026611
-4.255285739898682
-3.986384630203247
-2.03371524810791
-4.565946578979492
-3.7468948364257812
-4.242218017578125
-4.448549747467041
-2.074347496032715
-4.598489284515381
-2.5632076263427734
-4.028499603271484
-3.978398561477661
-4.518564224243164
-3.946509599685669
-2.5672032833099365
-4.566802978515625
-3.954899311065674
-1.4939403533935547
-3.5822348594665527
-3.930576801300049
-3.2923059463500977
-2.6301982402801514
-3.8339521884918213
-3.1398351192474365
-3.7467427253723145
-4.2864789962768555
-2.4682681560516357
-3.0452687740325928
-3.7530150413513184
-4.280143737792969
-4.081417083740234
-3.0953359603881836
-5.23902702331543
-3.3473191261291504
-4.477789402008057
-2.3091042041778564
-3.8449671268463135
-4.0042524337768555
-3.8811492919921875
-4.542421340942383
-2.8921515941619873
-3.2058265209198
-4.144857406616211
-3.5029423236846924
-5.408545970916748
-3.8441615104675293
-3.2863097190856934
-5.624413967132568
-3.5117688179016113
-3.8063952922821045
-3.6568870544433594
-3.951535940170288
-4.035172939300537
-1.6360151767730713
-4.8022966384887695
-4.294240474700928
-5.74233865737915
-4.952372074127197
-5.226790904998779
-7.144448757171631
-3.946856737136841
-5.635356903076172
-3.589839458465576
-7.6234025955200195
-4.371069431304932
-6.00114107131958
-4.510743141174316
-4.855911731719971
-4.130838871002197
-3.9469950199127197
-3.496473550796509
-5.9223833084106445
-4.231451511383057
-3.167759418487549
-5.07150411605835
-4.88389253616333
-4.145974159240723
-4.839108943939209
-5.815747261047363
-4.247797012329102
-2.886949300765991
-4.272773265838623
-3.3232595920562744
-3.3602912425994873
-5.185579776763916
-4.6005024909973145
-5.927443981170654
-5.983150482177734
-4.7915191650390625
-3.2336983680725098
-5.029356956481934
-2.7370338439941406
-5.392895698547363
-3.5354411602020264
-3.769399404525757
-4.452579498291016
-4.855953216552734
-1.5104955434799194
-3.5014050006866455
-4.737995147705078
-3.7048330307006836
-3.5098659992218018
-5.542842388153076
-1.1315244436264038
-4.72885799407959
-3.4228451251983643
-5.16832971572876
-6.953624725341797
-2.9317386150360107
-4.6729631423950195
-5.157186985015869
-3.959545373916626
-5.458653926849365
-4.64633846282959
-7.857766151428223
-3.1484873294830322
-5.632230758666992
-4.267061710357666
-4.321861743927002
-6.448237895965576
-4.579152584075928
-4.769161701202393
-5.556835651397705
-5.475454330444336
-3.8115129470825195
-5.574092864990234
-4.4373779296875
-3.1306514739990234
-4.285820007324219
-4.936021327972412
-3.1418118476867676
-3.4112212657928467
-4.25320291519165
-4.237846851348877
-4.006439685821533
-5.079934597015381
-4.83143949508667
-4.611332416534424
-3.993879556655884
-2.899911880493164
-4.058852195739746
-3.9420764446258545
-3.652069091796875
-3.814800262451172
-4.211332321166992
-4.74124813079834
-3.409672975540161
-3.586013078689575
-4.491567134857178
-4.744640350341797
-4.695734977722168
-4.30729341506958
-4.2726731300354
-1.6620569229125977
-4.52614164352417
-4.898967266082764
-2.790553569793701
-3.642042875289917
-5.008815288543701
-3.8461661338806152
-4.7336530685424805
-2.329133987426758
-5.568603038787842
-3.4516029357910156
-3.776872396469116
-4.3238325119018555
-2.338423728942871
-3.3774189949035645
-5.722124099731445
-6.166090965270996
-3.972989082336426
-5.188300609588623
-3.36838436126709
-4.04893159866333
-6.81060266494751
-2.4684054851531982
-5.226912498474121
-3.608865737915039
-3.5933003425598145
-1.6994624137878418
-3.7145273685455322
-3.7609286308288574
-3.755216598510742
-3.0997769832611084
-6.246163845062256
-5.258020401000977
-5.341860294342041
-4.395098686218262
-1.423789381980896
-3.782007932662964
-0.7446838021278381
-4.437485218048096
-4.109590530395508
-4.2904510498046875
-4.148981094360352
-4.25320291519165
-5.840273857116699
-5.590371131896973
-3.79062557220459
-3.7418155670166016
-5.982458591461182
-5.707400798797607
-3.2633724212646484
-5.765872955322266
-4.983039855957031
-2.9332854747772217
-4.808932304382324
-5.501431465148926
-5.256540298461914
-0.00037993810838088393
-2.776207447052002
-2.6193435192108154
-5.762802600860596
-7.7899169921875
-5.664699077606201
-4.810796737670898
-4.570558547973633
-4.19771146774292
-1.8652595281600952
-3.6022653579711914
-4.287976264953613
-3.747338056564331
-3.76999568939209
-2.643643379211426
-3.2911064624786377
-4.066874980926514
-3.617417335510254
-3.5209248065948486
-4.657922267913818
-6.117818832397461
-5.132122993469238
-4.574251174926758
-6.468951225280762
-2.9793035984039307
-2.7768359184265137
-3.964663505554199
-3.7825424671173096
-4.722294330596924
-4.052231311798096
-5.165597915649414
-3.7743890285491943
-4.761220932006836
-3.3375203609466553
-3.1746013164520264
-3.2794127464294434
-3.774425506591797
-4.424999713897705
-3.642659902572632
-4.88773250579834
-5.490365028381348
-3.520314931869507
-4.5823516845703125
-3.2065956592559814
-4.798511981964111
-2.0926101207733154
-5.733727931976318
-4.702216148376465
-2.5248613357543945
-3.9777543544769287
-3.4167122840881348
-2.013350009918213
-3.7888894081115723
-4.520757675170898
-3.0641019344329834
-2.914541482925415
-2.7763309478759766
-5.063656330108643
-3.6416451930999756
-3.7834486961364746
-2.54803466796875
-1.7166469097137451
-5.033703327178955
-4.0080084800720215
-5.80328814976383e-05
-4.393866062164307
-4.374186038970947
-4.383615970611572
-3.8346235752105713
-2.9748127460479736
-3.3356220722198486
-3.2406270503997803
-4.183230876922607
-2.7142040729522705
-2.9022061824798584
-2.7671759128570557
-2.632120132446289
-3.8071868419647217
-4.943233013153076
-3.576329231262207
-3.9472477436065674
-2.814770221710205
-3.288203716278076
-3.0709218978881836
-3.303997278213501
-4.268054962158203
-3.8639278411865234
-2.338231086730957
-2.9460642337799072
-2.8639440536499023
-0.0001039964408846572
-3.3485305309295654
-4.170500755310059
-2.2314462661743164
-3.4709675312042236
-3.5703117847442627
-2.318788528442383
-3.4531872272491455
-3.546166181564331
-4.0529584884643555
-4.341243743896484
-4.331490516662598
-3.3983020782470703
-5.421435832977295
-3.250251054763794
-2.9278993606567383
-2.7119059562683105
-4.136936187744141
-3.099215269088745
-3.8465418815612793
-3.4180104732513428
-2.6369986534118652
-1.9910430908203125
-4.082141399383545
-4.598923206329346
-3.565619707107544
-3.2242252826690674
-5.043180465698242
-3.4313673973083496
-3.158400297164917
-3.7364959716796875
-1.9155099391937256
-3.6390583515167236
-4.181512355804443
-4.163313388824463
-4.773467063903809
-3.3718295097351074
-3.404585361480713
-5.411336421966553
-2.3932573795318604
-3.4278769493103027
-2.7464864253997803
-3.708177089691162
-4.074626445770264
-3.5697271823883057
-3.225668430328369
-2.1264491081237793
-4.513892650604248
-4.066277503967285
-6.04428569204174e-05
-4.85379695892334
-3.5319740772247314
-3.976985454559326
-3.195483446121216
-3.4852068424224854
-3.653890609741211
-4.028685569763184
-4.201551914215088
-3.044128894805908
-4.443020343780518
-2.3870339393615723
-3.380129337310791
-5.796122074127197
-4.6018242835998535
-2.0676844120025635
-3.561321973800659
-4.1938276290893555
-4.156501293182373
-4.66244649887085
-3.2680094242095947
-0.000134795336634852
-2.8091113567352295
-3.9157040119171143
-4.590939044952393
-2.9911749362945557
-3.9953885078430176
-4.152215957641602
-3.6859822273254395
-3.774550199508667
-3.2864277362823486
-3.8391172885894775
-0.8537863492965698
-3.4119138717651367
-3.4270944595336914
-3.828402042388916
-4.293309688568115
-3.4063501358032227
-2.4476234912872314
-3.8069536685943604
-2.0634000301361084
-2.360036611557007
-3.7295939922332764
-3.5008859634399414
-1.9967429637908936
-3.1917941570281982
-4.966460227966309
-3.351747512817383
-1.9245336055755615
-4.409778594970703
-3.5736541748046875
-3.9066102504730225
-0.00021639569604303688
-4.9313273429870605
-3.6758534908294678
-4.232646465301514
-2.4469683170318604
-3.830003023147583
-2.49039626121521
-3.0963852405548096
-4.302103519439697
-2.681370735168457
-5.44612455368042
-4.568772315979004
-2.2593464851379395
-5.135159969329834
-4.453680038452148
-1.5805778503417969
-3.816866874694824
-3.980609893798828
-3.134903907775879
-3.675638437271118
-4.0182929039001465
-3.6972625255584717
-4.87630033493042
-2.2523915767669678
-2.0875473022460938
-3.6861255168914795
-3.2341461181640625
-2.9153013229370117
-3.5387301445007324
-4.627222537994385
-3.769392967224121
-3.479490041732788
-2.11575984954834
-4.1041975021362305
-3.8529934883117676
-4.2011799812316895
-5.497317790985107
-4.633540630340576
-3.1190905570983887
-6.481667518615723
-4.08161735534668
-3.6574039459228516
-4.915722846984863
-4.012587547302246
-2.154582977294922
-6.09760046005249
-3.839839458465576
-0.000270132499281317
-2.93506121635437
-4.351580619812012
-4.9487128257751465
-4.4554762840271
-3.512176513671875
-1.9701651334762573
-2.0455305576324463
-1.4497648477554321
-4.14833927154541
-0.7392943501472473
-0.0005180236767046154
-2.915241003036499
-5.149228572845459
-3.5391464233398438
-3.302079439163208
-3.8870887756347656
-3.3155596256256104
-3.3439769744873047
-4.006423473358154
-1.6714578866958618
-3.14851975440979
-2.9796996116638184
-5.686769962310791
-6.0296525955200195
-3.400524616241455
-2.788501024246216
-3.2731075286865234
-2.816819190979004
-3.2861969470977783
-4.30757474899292
-4.184367656707764
-5.454485893249512
-3.268125057220459
-3.627840757369995
-3.7052934169769287
-4.488468170166016
-3.083054780960083
-2.983945608139038
-3.867612361907959
-3.6621358394622803
-4.046963691711426
-2.933800458908081
-3.201231002807617
-4.0440850257873535
-3.8264596462249756
-5.179107189178467
-1.6579848527908325
-2.17158842086792
-4.321502208709717
-5.162131309509277
-3.6517956256866455
-4.917892932891846
-4.155709266662598
-3.6818363666534424
-5.186132431030273
-3.4178502559661865
-2.885662078857422
-1.4895761013031006
-1.2099019289016724
-1.2431294918060303
-3.627969264984131
-2.6230382919311523
-4.2905354499816895
-3.0817346572875977
-3.8186914920806885
-2.7255489826202393
-5.7794036865234375
-4.027273178100586
-4.412950038909912
-3.226411819458008
-2.0218660831451416
-3.8248822689056396
-3.4609148502349854
-3.3529129028320312
-3.118860960006714
-1.9269237518310547
-2.5391740798950195
-4.596567153930664
-1.2384389638900757
-3.922382116317749
-5.53033447265625
-5.253612995147705
-0.0002517936809454113
-4.137953758239746
-2.808154344558716
-1.3588067293167114
-3.569781541824341
-3.3150501251220703
-4.308578014373779
-4.065096378326416
-5.583926200866699
-1.9710378646850586
-1.633741021156311
-4.850460052490234
-5.006104469299316
-2.5271761417388916
-4.748036861419678
-4.725474834442139
-3.177396774291992
-3.806556224822998
-3.6274282932281494
-3.7156982421875
-2.5901503562927246
-2.516953706741333
-6.456338405609131
-2.6591594219207764
-3.3355889320373535
-3.2532968521118164
-4.574742794036865
-4.046220779418945
-2.9424686431884766
-3.4527955055236816
-3.0042037963867188
-3.412567615509033
-5.204495429992676
-4.117376327514648
-9.819418482948095e-05
-3.4627692699432373
-4.244302272796631
-3.401988983154297
-2.4096133708953857
-4.588066101074219
-3.254394292831421
-3.862679958343506
-1.2703534364700317
-3.8470048904418945
-3.8638203144073486
-2.9653303623199463
-3.199309825897217
-6.014377117156982
-2.2769811153411865
-3.810126781463623
-3.074954032897949
-4.864387512207031
-2.9932401180267334
-4.893265724182129
-4.838895320892334
-4.255979537963867
-3.35237455368042
-3.2299442291259766
-1.0976946353912354
-2.036530017852783
-3.216825246810913
-4.273451805114746
-3.3847296237945557
-0.0004252621147315949
-5.025518417358398
-2.3258960247039795
-1.095833659172058
-2.7839248180389404
-3.1727395057678223
-3.5081286430358887
-3.5984466075897217
-3.914961338043213
-3.687410831451416
-5.28502082824707
-3.2099416255950928
-1.1741987466812134
-5.20572566986084
-3.893775701522827
-4.2009663581848145
-2.474543809890747
-3.918665885925293
-3.2906994819641113
-4.471441268920898
-4.254281520843506
-4.288895130157471
-2.618648052215576
-5.2333269119262695
-4.668484210968018
-2.1462535858154297
-4.658082962036133
-6.273669242858887
-3.9570672512054443
-5.02516508102417
-4.085576057434082
-4.730200290679932
-3.5323009490966797
-3.81274151802063
-2.913341522216797
-5.115629196166992
-2.0323100090026855
-3.020249128341675
-3.810412883758545
-2.477293014526367
-3.769622325897217
-4.594719886779785
-3.1920828819274902
-5.1298346519470215
-5.2923502922058105
-3.401796340942383
-0.00035891038714908063
-5.904919147491455
-2.6824798583984375
-3.6714706420898438
-3.366504192352295
-4.273404598236084
-3.5837578773498535
-3.0712890625
-3.8693487644195557
-3.921269178390503
-4.6428046226501465
-2.5193898677825928
-4.192127227783203
-2.7873013019561768
-5.996384620666504
-3.052534341812134
-4.868829250335693
-4.2743048667907715
-3.5304653644561768
-2.7999658584594727
-3.039351224899292
-3.851792812347412
-4.36444616317749
-5.011756896972656
-3.8543310165405273
-4.009498119354248
-5.264091968536377
-4.181143283843994
-5.272762775421143
-4.295821666717529
-4.683270454406738
-2.526165008544922
-4.162469387054443
-2.7137451171875
-3.6551311016082764
-3.6575493812561035
-4.877140998840332
-3.3997955322265625
-4.8887715339660645
-4.844172954559326
-2.419835329055786
-2.9695820808410645
-4.099138259887695
-2.9782726764678955
-2.961822509765625
-3.346804618835449
-4.862789154052734
-6.024483680725098
-4.292746067047119
-3.3254144191741943
-3.2390098571777344
-3.721954345703125
-4.127651214599609
-3.4304873943328857
-4.924537658691406
-3.1749167442321777
-2.4593923091888428
-3.2360713481903076
-4.464219093322754
-3.6578104496002197
-3.1256775856018066
-2.7898542881011963
-1.9184650182724
-3.7451696395874023
-4.389986991882324
-5.641525745391846
-5.367140769958496
-3.859625816345215
-0.00014105717127677053
-4.749851226806641
-4.425267219543457
-1.2713027000427246
-4.334240913391113
-2.9774036407470703
-3.2463340759277344
-5.017648220062256
-4.446122169494629
-4.940349102020264
-3.136385440826416
-3.684462547302246
-2.7206716537475586
-4.144768714904785
-3.6094954013824463
-4.0212321281433105
-4.471189975738525
-4.106308937072754
-4.9404296875
-2.921311616897583
-2.4945826530456543
-3.0926733016967773
-2.50651216506958
-4.536828517913818
-4.318159103393555
-4.372368335723877
-3.332242965698242
-4.2126078605651855
-3.2843213081359863
-4.398374080657959
-3.842522621154785
-2.9059011936187744
-3.138124704360962
-1.599595546722412
-1.9246448278427124