-3.910231828689575
-3.8247833251953125
-3.622889995574951
-3.278449535369873
-3.7941391468048096
-4.015432357788086
-2.676847457885742
-2.633866310119629
-3.782555103302002
-2.9547171592712402
-3.0570342540740967
-3.986973285675049
-3.032640218734741
-3.2378861904144287
-2.5812606811523438
-5.14595365524292
-3.135427713394165
-2.0721631050109863
-3.8011136054992676
-1.0785456895828247
-1.5932347774505615
-1.6546543836593628
-2.5430691242218018
-2.6983139514923096
-1.4476702213287354
-2.0642123222351074
-2.253865957260132
-0.7829328179359436
-1.2826629877090454
-2.3772788047790527
-2.8747599124908447
-3.3697588443756104
-2.540421962738037
-2.218625545501709
-2.157233476638794
-2.122929811477661
-2.0134122371673584
-1.3865060806274414
-2.818437337875366
-1.3593100309371948
-1.627842903137207
-1.5090899467468262
-3.097057580947876
-1.350806713104248
-1.4935319423675537
-2.2748255729675293
-1.549924373626709
-3.750842571258545
-1.4788706302642822
-0.6579704880714417
-1.3109979629516602
-1.6352224349975586
-2.717982053756714
-1.6154919862747192
-1.087301254272461
-1.3295129537582397
-0.891232430934906
-2.30148983001709
-3.444556713104248
-2.9121429920196533
-2.6310486793518066
-3.0195083618164062
-2.3229260444641113
-2.301626205444336
-2.439575672149658
-1.6511526107788086
-3.18359637260437
-2.68582820892334
-2.452361583709717
-2.565685510635376
-3.0593833923339844
-2.8517045974731445
-3.350008010864258
-1.8207080364227295
-3.2078354358673096
-2.9252893924713135
-1.8554332256317139
-2.625246524810791
-1.8506464958190918
-1.9703630208969116
-2.189314603805542
-2.3666601181030273
-2.016728639602661
-1.7575520277023315
-2.443345308303833
-1.683140754699707
-1.8898481130599976
-1.6904575824737549
-2.2860774993896484
-2.195607900619507
-2.040282964706421
-1.4570672512054443
-3.5607986450195312
-4.083505153656006
-3.350050210952759
-3.5028388500213623
-3.062842845916748
-3.063652515411377
-3.84218692779541
-4.696476936340332
-1.9174705743789673
-3.482520341873169
-2.7633533477783203
-3.866473436355591
-3.280216932296753
-4.289532661437988
-1.94716215133667
-3.1642632484436035
-2.928666591644287
-4.233686447143555
-4.973858833312988
-3.7116997241973877
-3.6915645599365234
-3.28997540473938
-3.6190357208251953
-2.6498007774353027
-4.109330654144287
-2.9870285987854004
-2.5057592391967773
-4.832250595092773
-3.023897171020508
-3.3046536445617676
-2.3295347690582275
-2.7678465843200684
-4.139430999755859
-4.168130397796631
-3.954869508743286
-2.02518892288208
-1.628971815109253
-3.5775153636932373
-2.3646082878112793
-4.221412658691406
-3.291588068008423
-2.4952008724212646
-2.098951816558838
-1.0472544431686401
-2.1084437370300293
-1.7141683101654053
-1.3524234294891357
-1.8791712522506714
-1.7436020374298096
-2.4110817909240723
-1.7666598558425903
-1.7152642011642456
-2.307878255844116
-0.8233343362808228
-1.7668302059173584
-1.7431092262268066
-2.551421642303467
-1.741138219833374
-1.871187686920166
-0.7360509037971497
-1.3078627586364746
-2.064488649368286
-1.7599291801452637
-0.7725355625152588
-1.0991721153259277
-0.7715193629264832
-4.817612648010254
-4.087743759155273
-3.106313943862915
-4.714303493499756
-4.010842323303223
-2.845127582550049
-3.086204767227173
-2.5812506675720215
-2.637709856033325
-4.38533878326416
-3.126790761947632
-3.837203025817871
-3.6825504302978516
-3.3532586097717285
-3.960193395614624
-2.3046534061431885
-2.6163134574890137
-2.9889304637908936
-3.2864668369293213
-2.2114243507385254
-3.049837589263916
-2.4907596111297607
-3.9933488368988037
-3.3690738677978516
-3.418839931488037
-1.9594968557357788
-2.6406450271606445
-2.7946102619171143
-2.8544259071350098
-3.4763855934143066
-1.9642449617385864
-2.484778881072998
-2.086775779724121
-2.0063793659210205
-2.4694764614105225
-2.2277159690856934
-2.4011220932006836
-1.4105663299560547
-1.2424583435058594
-3.7241108417510986
-5.5236897468566895
-1.5628963708877563
-2.508772134780884
-2.775820255279541
-3.063922882080078
-3.2708582878112793
-3.9826602935791016
-4.658815860748291
-1.6305196285247803
-2.807176113128662
-3.9819555282592773
-3.045853614807129
-3.107168197631836
-2.886159896850586
-3.196272850036621
-4.663604736328125
-3.0802218914031982
-3.045224905014038
-2.4129464626312256
-1.963863492012024
-2.8158161640167236
-2.845027446746826
-3.584298849105835
-2.8649511337280273
-1.9051234722137451
-3.2792999744415283
-2.1325058937072754
-4.395200252532959
-2.7125141620635986
-2.947366237640381
-4.047017574310303
-2.2802445888519287
-4.050350666046143
-1.9659807682037354
-4.1549248695373535
-3.7711551189422607
-2.547147512435913
-2.5166425704956055
-3.825711488723755
-1.2419837713241577
-2.338515043258667
-1.9268418550491333
-2.107811689376831
-1.6883578300476074
-2.0765128135681152
-2.153899669647217
-1.927107810974121
-2.4867117404937744
-1.9815595149993896
-2.2498950958251953
-2.152740240097046
-1.776943564414978
-3.5289647579193115
-2.1909055709838867
-3.407687187194824
-3.3858354091644287
-2.3190605640411377
-3.108795642852783
-4.162652969360352
-3.241421699523926
-3.0058538913726807
-3.87847900390625
-3.0006518363952637
-2.1609625816345215
-5.984492301940918
-2.6241393089294434
-4.020722389221191
-2.6874101161956787
-3.7214319705963135
-3.6047582626342773
-4.142447471618652
-4.226518154144287
-3.1072094440460205
-3.783585548400879
-3.347198486328125
-2.434734582901001
-0.7076936960220337
-1.1671243906021118
-0.8388552665710449
-1.4731650352478027
-0.9997830390930176
-1.243302583694458
-0.8817216157913208
-0.39182525873184204
-0.6862412691116333
-5.498946189880371
-3.6590938568115234
-1.5558302402496338
-0.5935179591178894
-1.8521314859390259
-1.884110927581787
-2.678727149963379
-2.9232089519500732
-2.5154378414154053
-2.57218337059021
-2.424891471862793
-2.386143445968628
-3.0219192504882812
-2.4061272144317627
-2.540367603302002
-3.4300975799560547
-0.7761914134025574
-1.550463318824768
-1.330418348312378
-2.07775616645813
-1.7548006772994995
-2.0218987464904785
-2.2547459602355957
-3.061753511428833
-1.601731300354004
-2.1417720317840576
-1.2230244874954224
-3.466200590133667
-1.266983985900879
-4.518126964569092
-2.221364736557007
-1.8204172849655151
-0.8246226906776428
-1.5442556142807007
-1.1508876085281372
-1.95142662525177
-1.3905962705612183
-1.2323106527328491
-2.155524253845215
-2.036855459213257
-1.0306495428085327
-2.1159863471984863
-2.2611992359161377
-2.968719005584717
-2.8954460620880127
-2.2741546630859375
-3.6117470264434814
-2.472311496734619
-1.6905012130737305
-2.034479856491089
-1.484885811805725
-2.0447449684143066
-2.137249231338501
-1.4377853870391846
-1.0621411800384521
-2.1928937435150146
-2.3978867530822754
-1.9227267503738403
-3.1464028358459473
-2.4739983081817627
-0.8308089971542358
-2.633110523223877
-2.280334234237671
-1.8844398260116577
-2.667804718017578
-3.4387388229370117
-2.4897518157958984
-2.1286511421203613
-4.619358539581299
-2.348581552505493
-2.9953458309173584
-3.3378865718841553
-2.841740846633911
-2.131171464920044
-1.620872974395752
-1.9157356023788452
-2.946706771850586
-2.5161781311035156
-2.5962533950805664
-2.303741216659546
-2.2355732917785645
-2.670139789581299
-5.223019599914551
-3.401541233062744
-3.223323106765747
-3.7984046936035156
-2.728799819946289
-1.844619631767273
-1.6392523050308228
-2.801368236541748
-2.877333641052246
-3.1565213203430176
-1.5378384590148926
-2.0733859539031982
-2.1702919006347656
-2.5908451080322266
-3.3952078819274902
-0.8533164858818054
-1.653098225593567
-2.4587087631225586
-1.7357709407806396
-1.162992238998413
-1.9097093343734741
-1.8400752544403076
-3.062187910079956
-2.5628855228424072
-1.3813992738723755
-1.5282011032104492
-2.619816780090332
-2.7093710899353027
-1.0135351419448853
-1.588539481163025
-1.8989524841308594
-2.5489413738250732
-1.9775625467300415
-1.29361891746521
-1.6663131713867188
-1.7191689014434814
-2.145559549331665
-2.196206569671631
-2.1093709468841553
-1.9500844478607178
-1.8129160404205322
-1.9669348001480103
-3.240020990371704
-1.9658682346343994
-1.9972047805786133
-1.797206163406372
-1.9707194566726685
-1.7040272951126099
-2.5408105850219727
-2.085866928100586
-3.0177040100097656
-4.613734245300293
-2.2347309589385986
-2.3105385303497314
-3.0036473274230957
-2.732797861099243
-5.6883673667907715
-3.183157205581665
-1.9361122846603394
-1.7887728214263916
-2.583540439605713
-1.895509123802185
-2.5439326763153076
-2.936683416366577
-3.4059619903564453
-3.894312620162964
-2.900458335876465
-1.9057661294937134
-1.9131395816802979
-3.3440449237823486
-4.662447452545166
-2.428048849105835
-2.8880362510681152
-3.0289306640625
-3.10396146774292
-3.6301000118255615
-3.475313663482666
-3.1706013679504395
-2.6250572204589844
-3.0851030349731445
-3.104180335998535
-3.122832775115967
-2.011099338531494
-2.38175892829895
-3.8074207305908203
-3.495553970336914
-2.7219150066375732
-3.3509299755096436
-1.013711929321289
-2.5522289276123047
-1.271590232849121
-2.8491199016571045
-3.1093804836273193
-4.868284225463867
-4.790282726287842
-3.16705060005188
-3.5774803161621094
-3.451939582824707
-3.2667226791381836
-4.171893119812012
-3.171677589416504
-2.7470107078552246
-2.798351526260376
-3.8390047550201416
-3.048765182495117
-3.161065101623535
-3.2213120460510254
-2.8137195110321045
-2.5849311351776123
-1.8766371011734009
-1.7049808502197266
-1.120761752128601
-1.0516786575317383
-1.6443933248519897
-1.0149174928665161
-2.154202461242676
-2.222381114959717
-1.6775072813034058
-2.1744871139526367
-2.9729974269866943
-3.2461371421813965
-2.4384593963623047
-0.4814893305301666
-0.8091524839401245
-2.7992215156555176
-1.1969517469406128
-1.2837525606155396
-0.8454357385635376
-1.6012582778930664
-1.9132986068725586
-2.1156845092773438
-2.4176063537597656
-2.299531936645508
-3.5382611751556396
-2.1547210216522217
-1.3229562044143677
-2.8186440467834473
-2.3522355556488037
-2.3063817024230957
-2.0659403800964355
-2.631007671356201
-2.4295833110809326
-2.5950255393981934
-1.2017894983291626
-2.7560596466064453
-1.7036957740783691
-3.799938440322876
-2.4728193283081055
-2.420849561691284
-1.8735146522521973
-1.6668791770935059
-1.5561981201171875
-2.7806825637817383
-0.9313192367553711
-2.207890748977661
-2.5963101387023926
-2.5012269020080566
-2.3452301025390625
-3.5822598934173584
-3.207078695297241
-4.259807109832764
-1.6460686922073364
-2.2653987407684326
-2.50545072555542
-2.698211193084717
-1.6139123439788818
-2.077284574508667
-2.7404749393463135
-1.1296204328536987
-2.2887325286865234
-1.2598774433135986
-2.6287105083465576
-2.3430018424987793
-4.329501152038574
-1.5169950723648071
-2.759474277496338
-5.8786163330078125
-1.9877150058746338
-4.272321701049805
-3.512951612472534
-2.752927303314209
-2.443258285522461
-3.027458906173706
-3.823094367980957
-3.1210293769836426
-3.6608052253723145
-3.1246445178985596
-2.0327131748199463
-2.9289777278900146
-3.5178656578063965
-3.6125500202178955
-3.235092878341675
-3.010197877883911
-3.372955560684204
-1.877219319343567
-2.9998748302459717
-1.5424258708953857
-1.794615387916565
-3.187537431716919
-2.87510347366333
-2.2197394371032715
-1.411661982536316
-3.738049268722534
-3.30875563621521
-4.687352657318115
-2.6763062477111816
-1.8707493543624878
-1.7130934000015259
-3.635361671447754
-3.8107848167419434
-1.1095147132873535
-2.7093520164489746
-4.375879287719727
-3.2263057231903076
-4.276695251464844
-2.41262149810791
-3.051133155822754
-1.5040268898010254
-2.1019036769866943
-1.7619479894638062
-3.0543105602264404
-1.7888929843902588
-1.3156884908676147
-3.2911224365234375
-1.022220253944397
-4.56034517288208
-1.8742291927337646
-1.6193796396255493
-3.423084020614624
-3.6550586223602295
-3.059415340423584
-4.4743876457214355
-2.643087863922119
-3.4950759410858154
-2.336676597595215
-1.8317627906799316
-2.0492889881134033
-2.611963987350464
-2.5141968727111816
-2.7609424591064453
-1.992719054222107
-2.5122625827789307
-2.320222854614258
-4.6111369132995605
-3.0928359031677246
-4.056373596191406
-3.403979778289795
-2.57025146484375
-3.0591132640838623
-2.3672568798065186
-3.702714681625366
-3.005384922027588
-3.0262320041656494
-3.4254796504974365
-3.374544858932495
-2.927971363067627
-1.8324618339538574
-3.199432134628296
-1.4117560386657715
-2.2470593452453613
-2.432188034057617
-1.4779902696609497
-0.964160144329071
-1.4753748178482056
-1.5972408056259155
-0.7689444422721863
-1.1934362649917603
-2.4587459564208984
-2.0814523696899414
-4.1512627601623535
-4.396310806274414
-3.131840229034424
-2.420365810394287
-2.8214738368988037
-2.9052274227142334
-2.0146074295043945
-2.9425933361053467
-4.210375785827637
-2.77589750289917
-3.0575993061065674
-1.706125020980835
-3.59089732170105
-1.3638914823532104
-3.211764335632324
-1.7271864414215088
-5.6063432693481445
-3.5506532192230225
-3.704317569732666
-3.8078067302703857
-3.7075588703155518
-3.980111837387085
-3.342503309249878
-2.4749386310577393
-3.891211986541748
-2.9450178146362305
-2.961935520172119
-3.8309073448181152
-3.6439878940582275
-3.476330280303955
-3.028935194015503
-5.3571367263793945
-3.0351665019989014
-2.2311415672302246
-3.745288372039795
-1.957426905632019
-2.0605697631835938
-1.967108964920044
-2.734137773513794
-2.708364486694336
-1.2596415281295776
-2.1305296421051025
-1.714720368385315
-2.1531248092651367
-1.5920201539993286
-2.94152569770813
-3.17628812789917
-3.502486228942871
-2.815187692642212
-1.9888224601745605
-2.2404303550720215
-2.122929811477661
-2.062495470046997
-1.8850146532058716
-2.2592670917510986
-1.66340172290802
-1.1544493436813354
-1.265920639038086
-3.3403303623199463
-1.7251884937286377
-0.8711086511611938
-2.107042074203491
-1.549924373626709
-3.804018974304199
-1.8949493169784546
-0.7950130105018616
-1.2348910570144653
-1.4960535764694214
-3.38554310798645
-0.770340621471405
-1.042648434638977
-0.8691422939300537
-0.891232430934906
-3.019179582595825
-3.080202102661133
-2.9121429920196533
-2.093191623687744
-3.699143171310425
-2.8510677814483643
-2.2280678749084473
-2.5453402996063232
-1.3380144834518433
-2.5587055683135986
-2.57143235206604
-2.827401876449585
-3.4231393337249756
-3.2073171138763428
-2.984748125076294
-3.5576171875
-2.57837176322937
-3.411447763442993
-3.2023496627807617
-2.8313121795654297
-2.5192668437957764
-3.448714256286621
-2.845179796218872
-2.585012435913086
-2.596289873123169
-2.1448090076446533
-1.7575520277023315
-2.4468321800231934
-1.8995298147201538
-2.172178268432617
-1.8720359802246094
-2.825120687484741
-2.9052445888519287
-2.040282964706421
-1.58188796043396
-5.807861328125
-3.883861780166626
-3.4483299255371094
-3.4056665897369385
-2.4012982845306396
-3.030595541000366
-3.885075092315674
-4.918828964233398
-2.0088698863983154
-3.4725639820098877
-2.7197253704071045
-3.5850830078125
-3.7434475421905518
-3.522836923599243
-1.8264306783676147
-2.5334744453430176
-3.437713384628296
-4.7033820152282715
-5.1101884841918945
-3.941558837890625
-3.9960696697235107
-3.5920729637145996
-3.7588305473327637
-3.441859722137451
-3.991055727005005
-3.9528164863586426
-2.455000400543213
-4.704566478729248
-2.890314817428589
-3.314135789871216
-2.1935083866119385
-3.1764914989471436
-4.117461681365967
-3.8858256340026855
-4.067503452301025
-2.799614906311035
-2.1221871376037598
-4.1996378898620605
-2.544705867767334
-3.498589277267456
-3.5061488151550293
-1.9815818071365356
-1.7200461626052856
-0.9140465259552002
-1.0300437211990356
-0.48797568678855896
-0.8046652674674988
-1.6930837631225586
-1.7380331754684448
-1.823086142539978
-1.8514536619186401
-2.097123622894287
-1.534450888633728
-1.1494410037994385
-1.5452265739440918
-3.0834007263183594
-1.8262901306152344
-1.8001803159713745
-1.8755277395248413
-1.3306859731674194
-2.6694631576538086
-2.286163568496704
-1.6487594842910767
-1.4425727128982544
-1.692688226699829
-1.1921294927597046
-4.660139560699463
-4.119848251342773
-3.212219476699829
-4.567893981933594
-3.9833006858825684
-2.7929270267486572
-3.4940009117126465
-2.4463398456573486
-2.377664804458618
-4.3544816970825195
-3.3698432445526123
-3.5043013095855713
-3.8463430404663086
-4.44433069229126
-4.21047306060791
-3.1238770484924316
-2.36979341506958
-3.3393051624298096
-2.953064203262329
-2.773369073867798
-2.9626104831695557
-3.063519239425659
-3.6316511631011963
-3.3043792247772217
-3.532769203186035
-2.060546398162842
-2.4611260890960693
-2.3019580841064453
-2.946103811264038
-3.395312786102295
-1.7107664346694946
-2.5194356441497803
-2.270024538040161
-2.0754995346069336
-2.6526262760162354
-2.5355336666107178
-2.4011220932006836
-1.423248052597046
-2.689425230026245
-4.027192115783691
-5.087182521820068
-1.9594722986221313
-2.986610174179077
-2.669857978820801
-2.9976003170013428
-3.175598382949829
-3.674359083175659
-4.602952003479004
-1.8863896131515503
-2.5405538082122803
-4.018298625946045
-2.5202972888946533
-3.2943408489227295
-2.7714221477508545
-4.897061824798584
-5.53334379196167
-3.280337333679199
-3.249678611755371
-3.0291028022766113
-1.8073501586914062
-2.6618244647979736
-3.2614104747772217
-3.8303282260894775
-3.1116669178009033
-2.0978026390075684
-3.578857421875
-2.4116859436035156
-4.656344413757324
-3.2930102348327637
-2.917616128921509
-3.7405571937561035
-2.271183490753174
-4.326338291168213
-2.3870108127593994
-4.0945515632629395
-3.722956418991089
-2.91316556930542
-2.6286563873291016
-3.97833251953125
-1.0829200744628906
-3.275472402572632
-1.7511533498764038
-2.2128565311431885
-1.549765944480896
-1.7975201606750488
-2.514326333999634
-1.9983901977539062
-2.6967813968658447
-2.264432430267334
-2.16908860206604
-1.8421297073364258
-1.8953028917312622
-2.918403387069702
-2.113178253173828
-3.2988028526306152
-2.7162482738494873
-2.6767172813415527
-3.322897434234619
-4.1204657554626465
-2.855311632156372
-2.8737123012542725
-3.4872546195983887
-2.539780616760254
-2.6327664852142334
-5.276630878448486
-2.5935449600219727
-3.6239352226257324
-2.8161933422088623
-3.7316033840179443
-3.640810489654541
-4.478166103363037
-4.060959339141846
-2.9163818359375
-3.562960386276245
-3.613342761993408
-2.9118521213531494
-1.2683316469192505
-1.548742651939392
-0.8388552665710449
-2.57977557182312
-1.3562731742858887
-1.6772034168243408
-1.6701089143753052
-0.7177252769470215
-1.938844084739685
-4.664436340332031
-3.2886648178100586
-1.4972659349441528
-1.4469256401062012
-2.2944726943969727
-1.486613392829895
-2.403200626373291
-2.1215038299560547
-2.3667383193969727
-2.618943452835083
-1.5218446254730225
-1.5301491022109985
-2.305506944656372
-1.8804985284805298
-2.528865337371826
-3.4300975799560547
-1.3302969932556152
-2.4165902137756348
-0.8952146172523499
-2.204958438873291
-2.483088493347168
-2.4735968112945557
-2.332935333251953
-3.893155813217163
-1.754515290260315
-2.950568675994873
-0.9387587904930115
-2.8270583152770996
-1.2326292991638184
-3.8495426177978516
-1.8739360570907593
-2.4103565216064453
-1.9361975193023682
-1.3176249265670776
-1.162152886390686
-2.4135613441467285
-2.4134252071380615
-1.2323106527328491
-2.2447664737701416
-1.7247824668884277
-1.069757342338562
-1.6640247106552124
-2.990077018737793
-5.120260238647461
-3.176266670227051
-2.3303463459014893
-2.927206039428711
-3.61024808883667
-2.0547187328338623
-2.4577267169952393
-1.1539227962493896
-2.6145215034484863
-2.285360336303711
-1.3501898050308228
-1.1757831573486328
-1.852766513824463
-0.9067798256874084
-1.6770129203796387
-2.9402101039886475
-2.5769710540771484
-1.5838408470153809
-2.6926121711730957
-2.407693386077881
-2.3655526638031006
-2.663341999053955
-3.7525217533111572
-3.103626012802124
-1.8941653966903687
-5.297179698944092
-3.5780680179595947
-2.2259469032287598
-4.0936079025268555
-3.262709140777588
-2.2461307048797607
-1.6575775146484375
-2.0537757873535156
-2.9916417598724365
-3.090994358062744
-2.5962533950805664
-2.684352159500122
-2.5010337829589844
-2.729224681854248
-5.52274227142334
-3.485281467437744
-3.244976043701172
-6.146254062652588
-3.0195956230163574
-1.844619631767273
-1.718946099281311
-3.070544719696045
-2.702178716659546
-3.1935102939605713
-2.1276395320892334
-2.042140483856201
-2.4173450469970703
-2.747279644012451
-2.7610247135162354
-1.2917762994766235
-1.4482530355453491
-1.3419464826583862
-1.0555413961410522
-1.3833187818527222
-1.463613510131836
-0.8088746666908264
-2.6506495475769043
-3.0932180881500244
-1.9464472532272339
-1.6415799856185913
-2.6005632877349854
-3.258896589279175
-1.8850215673446655
-1.829300045967102
-2.2792727947235107
-2.8197426795959473
-2.3037185668945312
-1.7296100854873657
-1.819661021232605
-1.6338800191879272
-2.078350305557251
-2.002673387527466
-2.493363618850708
-2.1035823822021484
-1.8115030527114868
-1.9826838970184326
-3.2111480236053467
-2.5055923461914062
-2.63999605178833
-1.8423912525177002
-2.165994644165039
-1.719368815422058
-2.4351491928100586
-2.80545973777771
-3.0624122619628906
-4.3932576179504395
-2.399447202682495
-2.913843870162964
-3.4445688724517822
-5.077813148498535
-5.946621417999268
-3.060636520385742
-1.6076725721359253
-1.6483912467956543
-2.710554361343384
-2.0763676166534424
-2.778296709060669
-2.8965654373168945
-3.6809229850769043
-3.9044363498687744
-2.1624128818511963
-1.7188422679901123
-1.5485963821411133
-3.627760648727417
-4.66742467880249
-2.4609227180480957
-2.8614065647125244
-3.2430875301361084
-3.3984806537628174
-3.7112667560577393
-3.722426176071167
-2.7449965476989746
-2.340184450149536
-3.123090982437134
-3.445321798324585
-3.011174440383911
-2.315869092941284
-2.246966600418091
-3.6259822845458984
-3.66654896736145
-2.8575172424316406
-3.5266010761260986
-1.39655601978302
-2.007913112640381
-1.4701076745986938
-2.6632938385009766
-3.44769287109375
-4.868958950042725
-5.987058639526367
-3.0678505897521973
-3.6227755546569824
-3.6335713863372803
-3.3666889667510986
-3.9836063385009766
-3.655980110168457
-2.793274402618408
-3.596116542816162
-3.2946197986602783
-2.590686082839966
-3.08061146736145
-4.486711025238037
-2.968661069869995
-2.4437553882598877
-1.6945927143096924
-2.7230160236358643
-0.9414705634117126
-1.7873932123184204
-1.5302362442016602
-1.4244290590286255
-1.9790014028549194
-2.3657960891723633
-2.965078115463257
-1.8421297073364258
-2.859250068664551
-3.3609676361083984
-2.3169808387756348
-1.6232693195343018
-1.0151771306991577
-3.1370890140533447
-1.350774884223938
-1.8742449283599854
-1.8698029518127441
-2.1958580017089844
-2.053986072540283
-1.1810888051986694
-2.2851979732513428
-1.689612865447998
-3.4342784881591797
-2.9603984355926514
-1.7240403890609741
-3.4588000774383545
-3.017979621887207
-2.816892385482788
-2.3265299797058105
-3.5391368865966797
-2.346613883972168
-3.261077880859375
-1.8105249404907227
-3.0521836280822754
-1.8545746803283691
-4.355247974395752
-2.8764142990112305
-2.894777774810791
-1.9518450498580933
-1.0518687963485718
-1.3000884056091309
-3.2018179893493652
-1.4853453636169434
-2.1281025409698486
-2.568080425262451
-3.629289150238037
-2.761944532394409
-3.62615966796875
-3.4914979934692383
-4.510965347290039
-2.2128474712371826
-1.5713132619857788
-1.994818091392517
-2.553227663040161
-1.3206857442855835
-1.862622618675232
-2.3486320972442627
-1.5745632648468018
-2.195521831512451
-1.7510000467300415
-2.661020040512085
-2.0744659900665283
-4.602791786193848
-1.5169950723648071
-3.8835952281951904
-5.112889766693115
-3.320434093475342
-4.1923651695251465
-3.1609199047088623
-2.2380566596984863
-2.513448715209961
-2.9288713932037354
-3.876671314239502
-3.4095654487609863
-3.908127546310425
-2.9340243339538574
-1.829337239265442
-3.759127616882324
-3.0191152095794678
-3.2002899646759033
-1.5247209072113037
-2.5604584217071533
-1.9538549184799194
-2.227910280227661
-2.119011878967285
-1.2474777698516846
-1.383267879486084
-4.153898239135742
-2.9990437030792236
-2.5215752124786377
-1.4449684619903564
-4.073208332061768
-3.3273963928222656
-4.7710700035095215
-2.8481223583221436
-3.070770263671875
-2.2952888011932373
-3.5706331729888916
-3.9901604652404785
-1.412278413772583
-2.854037046432495
-5.001936435699463
-3.2263057231903076
-5.660813331604004
-2.110193967819214
-3.3304600715637207
-2.0902063846588135
-1.4745221138000488
-1.8829467296600342
-3.0817742347717285
-1.4417623281478882
-1.582252025604248
-2.9723169803619385
-0.9465140104293823
-3.799955129623413
-1.5101556777954102
-1.619239091873169
-3.356480360031128
-4.3670148849487305
-3.282109022140503
-4.978809833526611
-2.4068548679351807
-2.691403388977051
-2.459481716156006
-2.2263612747192383
-1.858952283859253
-2.7662882804870605
-2.6546578407287598
-2.6537439823150635
-2.2899668216705322
-2.874659776687622
-2.35892653465271
-4.363409519195557
-2.9164814949035645
-3.5606656074523926
-2.8952362537384033
-2.583833932876587
-2.7611021995544434
-2.535252332687378
-3.712834119796753
-4.05424690246582
-3.612522840499878
-3.245126724243164
-3.6446080207824707
-3.102585554122925
-2.209298610687256
-4.584404468536377
-2.653485059738159
-2.878908395767212
-1.2203340530395508
-2.0863239765167236
-2.5024545192718506
-2.3206539154052734
-2.7964982986450195
-0.7689444422721863
-2.354722023010254
-2.4768245220184326
-2.365791082382202
-4.90750789642334
-4.639026641845703
-3.4905221462249756
-2.8795166015625
-3.343808889389038
-2.3433492183685303
-1.96173095703125
-2.521151065826416
-4.571717739105225
-2.2949025630950928
-2.8616366386413574
-2.519747495651245
-3.4355335235595703
-2.052816867828369
-2.8401381969451904
-1.5192168951034546
-4.464494228363037
-3.9909374713897705
-3.669811487197876
-3.500527858734131
-3.910402536392212
-3.3321235179901123
-3.37669038772583
-2.2390975952148438
-3.8934483528137207
-2.920687198638916
-2.7237486839294434
-4.0212554931640625
-3.3107471466064453
-3.3480288982391357
-3.130058526992798
-5.079051494598389
-2.9854328632354736
-2.232731580734253
-3.6064655780792236
-1.6078970432281494
-1.1715199947357178
-1.9721229076385498
-2.4763095378875732
-2.7434356212615967
-1.3239620923995972
-2.1683783531188965
-2.1677067279815674
-1.068818211555481
-1.4904662370681763
-3.0461387634277344
-3.1552414894104004
-4.388451099395752
-2.5978760719299316
-1.9114749431610107
-1.776474118232727
-2.0923287868499756
-2.1743850708007812
-1.3865060806274414
-2.1651227474212646
-1.4363492727279663
-1.7649977207183838
-1.4452186822891235
-3.258042335510254
-0.9495006203651428
-1.373371958732605
-2.437697410583496
-1.549924373626709
-4.4613494873046875
-1.3003206253051758
-0.6579704880714417
-1.4017975330352783
-1.2667595148086548
-2.549112319946289
-1.6154919862747192
-0.7845197319984436
-1.1457874774932861
-0.891232430934906
-3.019179582595825
-3.194607973098755
-2.9121429920196533
-2.5132248401641846
-3.5120723247528076
-3.1861348152160645
-2.123502016067505
-2.2536118030548096
-1.6511526107788086
-2.5907044410705566
-2.411102056503296
-2.9722092151641846
-2.9592580795288086
-3.158916473388672
-2.9491169452667236
-3.584479331970215
-2.2332279682159424
-3.0019450187683105
-3.169767379760742
-1.9643787145614624
-2.537858486175537
-1.8806029558181763
-2.0526938438415527
-2.1746840476989746
-2.4852399826049805
-2.317258834838867
-1.7575520277023315
-2.4468321800231934
-2.009681224822998
-2.1676113605499268
-1.6904575824737549
-2.4552266597747803
-3.2953171730041504
-2.040282964706421
-1.4608408212661743
-5.123144149780273
-5.1147308349609375
-3.542642116546631
-3.3828351497650146
-2.3948864936828613
-3.027221918106079
-4.062201499938965
-4.642117500305176
-1.761094331741333
-3.2005743980407715
-3.1721274852752686
-3.59808611869812
-2.9141385555267334
-4.1372833251953125
-1.8264306783676147
-2.9828062057495117
-3.3222827911376953
-4.165586471557617
-5.071359157562256
-3.9406890869140625
-3.729992151260376
-3.495147228240967
-3.4802212715148926
-2.6865696907043457
-4.086232662200928
-3.2985339164733887
-2.6158058643341064
-4.734942436218262
-2.8899314403533936
-2.488016366958618
-2.273574113845825
-2.6442573070526123
-4.021350383758545
-3.5478591918945312
-3.944815158843994
-2.076066493988037
-1.6292976140975952
-3.647777557373047
-2.463608741760254
-3.382931709289551
-3.0220725536346436
-1.9279617071151733
-1.6318905353546143
-0.9830009937286377
-1.4482554197311401
-0.48797568678855896
-0.957180917263031
-1.6672658920288086
-1.2672830820083618
-2.3837568759918213
-1.1591105461120605
-2.187087059020996
-1.3261420726776123
-0.9954835176467896
-1.5721282958984375
-1.9191991090774536
-2.5696914196014404
-1.8162328004837036
-1.731866717338562
-0.7360509037971497
-1.5511664152145386
-2.2696659564971924
-2.2863433361053467
-0.95638507604599
-1.8154194355010986
-1.1892555952072144
-4.743564128875732
-3.771768808364868
-3.11370587348938
-4.355025768280029
-3.9328773021698
-2.8351268768310547
-2.909886121749878
-2.848933458328247
-3.0114574432373047
-4.321191787719727
-3.2811219692230225
-3.588404417037964
-3.920677423477173
-3.8969874382019043
-3.85587215423584
-2.457653045654297
-2.5415987968444824
-3.066135883331299
-2.433107614517212
-2.2723886966705322
-3.049837589263916
-2.4811134338378906
-3.742572069168091
-2.7940280437469482
-3.2783985137939453
-2.1322431564331055
-2.6496329307556152
-3.3214831352233887
-3.460216522216797
-3.2179312705993652
-1.8285648822784424
-2.790771245956421
-2.223386287689209
-2.1355252265930176
-2.739697217941284
-2.4703500270843506
-2.2182228565216064
-1.5534175634384155
-2.3847172260284424
-3.697657823562622
-4.710550308227539
-2.0167951583862305
-2.6276750564575195
-2.2702763080596924
-3.063922882080078
-3.0773866176605225
-3.5978379249572754
-4.420421600341797
-1.7051151990890503
-2.6881022453308105
-3.9313979148864746
-3.045853614807129
-3.436267375946045
-3.174496650695801
-3.196272850036621
-5.003863334655762
-2.7198643684387207
-3.035233974456787
-1.7503108978271484
-1.8693158626556396
-2.8320441246032715
-3.014838933944702
-3.3205971717834473
-3.1358587741851807
-1.96562659740448
-3.586954116821289
-2.4116859436035156
-4.466000556945801
-2.81998872756958
-2.800875425338745
-3.7529172897338867
-1.781303882598877
-3.8514199256896973
-1.9569189548492432
-4.088322162628174
-3.3826732635498047
-2.8808138370513916
-2.515751361846924
-4.3387651443481445
-1.2225896120071411
-1.2147600650787354
-1.5620943307876587
-1.7823607921600342
-1.6738845109939575
-1.8330005407333374
-2.3326611518859863
-2.215217351913452
-2.402132272720337
-2.4255194664001465
-2.252309560775757
-2.007352352142334
-1.7097452878952026
-2.591339588165283
-1.7242450714111328
-3.6028554439544678
-2.7687106132507324
-2.568333148956299
-3.467465400695801
-4.099733829498291
-3.0864830017089844
-3.2104010581970215
-3.7135303020477295
-2.623955249786377
-2.1609625816345215
-5.585972785949707
-2.585361957550049
-3.920799732208252
-2.726468324661255
-3.797987937927246
-3.5656144618988037
-4.310266494750977
-4.087615489959717
-3.0189826488494873
-3.7477991580963135
-3.1630332469940186
-2.710892915725708
-1.423235297203064
-1.2708766460418701
-1.2837542295455933
-2.8555102348327637
-1.3994638919830322
-1.243302583694458
-1.401629090309143
-0.39182525873184204
-1.5775203704833984
-4.613932132720947
-2.919607639312744
-0.9949135780334473
-1.308260202407837
-1.7118638753890991
-1.7980492115020752
-2.305515766143799
-2.039576768875122
-2.4158108234405518
-0.9447457790374756
-1.3717952966690063
-1.5281940698623657
-2.01562237739563
-2.0984749794006348
-2.52554988861084
-3.4300975799560547
-0.7761914134025574
-1.8145819902420044
-0.9106848835945129
-2.044114589691162
-1.2385938167572021
-2.0864500999450684
-1.933773159980774
-3.0044896602630615
-2.010774850845337
-2.12196683883667
-0.845513641834259
-3.062466621398926
-1.2982860803604126
-4.371311664581299
-2.0321145057678223
-2.4261057376861572
-1.1168675422668457
-1.566716194152832
-1.216347098350525
-2.419304609298706
-2.477651834487915
-1.2323106527328491
-2.297070264816284
-1.9076530933380127
-0.9035297632217407
-1.4489151239395142
-2.682558298110962
-3.57019305229187
-3.180150270462036
-2.067366123199463
-3.3647849559783936
-1.6550321578979492
-2.370769739151001
-2.0138676166534424
-1.1384482383728027
-1.7131845951080322
-2.6785030364990234
-1.4684736728668213
-1.3068222999572754
-1.898613452911377
-0.9067798256874084
-1.8489956855773926
-3.1362345218658447
-3.211446762084961
-1.4484461545944214
-2.9710781574249268
-2.8162896633148193
-2.178605318069458
-2.2684435844421387
-3.7670459747314453
-3.0169193744659424
-2.7204365730285645
-4.70190954208374
-3.7341363430023193
-2.387341260910034
-3.08620548248291
-2.727935314178467
-2.5809292793273926
-1.532376766204834
-1.9839671850204468
-2.6164045333862305
-2.543849468231201
-2.5962533950805664
-2.582270860671997
-2.089866876602173
-2.7751283645629883
-5.185181617736816
-3.504955291748047
-2.6957364082336426
-5.22971773147583
-2.9284110069274902
-1.844619631767273
-1.6064453125
-2.480363607406616
-2.715334415435791
-3.1550936698913574
-1.7588162422180176
-1.8160858154296875
-2.227540969848633
-2.8378121852874756
-2.5954132080078125
-1.165767788887024
-1.4482530355453491
-2.495730400085449
-1.3912006616592407
-0.7080131769180298
-2.0940983295440674
-1.5541821718215942
-2.9006831645965576
-2.810387134552002
-1.7845865488052368
-1.8402743339538574
-3.0021519660949707
-3.310858726501465
-2.5132296085357666
-1.588539481163025
-2.356175422668457
-2.7797532081604004
-2.3037185668945312
-1.7296100854873657
-2.1410744190216064
-2.3329029083251953
-2.26155424118042
-2.317570924758911
-2.3663365840911865
-2.2687344551086426
-2.0454366207122803
-2.263244390487671
-3.700683116912842
-2.2498741149902344
-2.2776544094085693
-2.259183406829834
-2.199044942855835
-2.433128833770752
-2.455740451812744
-2.250667095184326
-3.163408041000366
-4.525420665740967
-2.603565216064453
-2.6856861114501953
-3.0650789737701416
-3.2372472286224365
-5.247117519378662
-3.1890740394592285
-1.7615280151367188
-1.6483912467956543
-2.774245262145996
-1.895509123802185
-2.748227834701538
-2.936683416366577
-3.7016360759735107
-3.811375856399536
-2.8908679485321045
-1.9954584836959839
-1.7766934633255005
-3.6413204669952393
-4.521403789520264
-2.560972213745117
-2.784038782119751
-3.278687000274658
-3.1248135566711426
-3.058600664138794
-3.631962776184082
-2.7776987552642822
-2.401063919067383
-3.2213475704193115
-3.4756832122802734
-3.0084586143493652
-2.2398860454559326
-2.3655591011047363
-3.644444704055786
-3.1157619953155518
-2.0266473293304443
-3.243605136871338
-0.5606173872947693
-1.8644362688064575
-0.8143313527107239
-2.7297184467315674
-2.6353373527526855
-4.323579788208008
-4.431026935577393
-2.9687094688415527
-3.2704501152038574
-3.665529489517212
-3.22050404548645
-4.146527290344238
-3.272087335586548
-2.7470107078552246
-2.919818639755249
-3.3261642456054688
-2.9143261909484863
-3.1823575496673584
-3.2213120460510254
-3.07906436920166
-1.8712717294692993
-1.8432018756866455
-1.7491259574890137
-1.2053691148757935
-1.6266413927078247
-1.9253697395324707
-1.6926912069320679
-1.951771855354309
-1.8276339769363403
-2.9890360832214355
-2.016726493835449
-2.853914260864258
-3.7666900157928467
-2.5456271171569824
-1.3901437520980835
-1.2189016342163086
-2.650063991546631
-1.486638069152832
-1.2209298610687256
-1.4245976209640503
-2.1177241802215576
-2.100825309753418
-2.162163496017456
-1.9358803033828735
-1.663853406906128
-3.3946540355682373
-2.001378297805786
-1.7240403890609741
-2.9033074378967285
-2.852001428604126
-2.6583714485168457
-2.2144148349761963
-2.5088040828704834
-2.4366073608398438
-3.1100268363952637
-2.0604019165039062
-3.0521836280822754
-2.0254030227661133
-3.69053316116333
-2.348865509033203
-2.3988752365112305
-1.9750019311904907
-1.2656744718551636
-1.6577627658843994
-2.559250593185425
-1.4894371032714844
-2.207890748977661
-2.7010159492492676
-2.6461005210876465
-2.2735755443573
-3.6314404010772705
-3.247957944869995
-4.467103481292725
-1.8593600988388062
-1.9677791595458984
-3.060314893722534
-2.780783176422119
-1.8759633302688599
-2.1091299057006836
-2.190026044845581
-1.5745632648468018
-2.4151289463043213
-1.1798851490020752
-3.0131969451904297
-2.334427833557129
-5.3209991455078125
-1.5169950723648071
-3.5243027210235596
-5.68796968460083
-3.1234490871429443
-4.321876049041748
-3.554281711578369
-2.66996693611145
-2.5863842964172363
-2.9582679271698
-3.9742841720581055
-3.5277516841888428
-3.9812166690826416
-3.192713975906372
-2.2626137733459473
-2.618705987930298
-3.276271343231201
-3.1937479972839355
-3.474975824356079
-2.255156993865967
-2.401812791824341
-2.087722063064575
-2.466700315475464
-1.4995841979980469
-2.0421056747436523
-3.7379767894744873
-2.8465030193328857
-2.4026994705200195
-1.5031616687774658
-3.725463390350342
-3.251655101776123
-4.519196033477783
-2.9635822772979736
-3.1656930446624756
-2.2952888011932373
-3.6458828449249268
-3.7669825553894043
-1.412278413772583
-2.9286177158355713
-4.636233806610107
-3.2263057231903076
-5.141334056854248
-2.8475804328918457
-3.0811214447021484
-1.5602738857269287
-1.3076859712600708
-1.8868236541748047
-2.4793412685394287
-1.4365887641906738
-1.5193581581115723
-2.4582316875457764
-0.9587035179138184
-3.865649938583374
-2.3094711303710938
-1.73757803440094
-3.021782398223877
-3.9725351333618164
-3.282109022140503
-4.99310827255249
-2.471078634262085
-3.1314806938171387
-2.3760666847229004
-1.7377632856369019
-1.906367540359497
-2.632476568222046
-2.5443708896636963
-2.500741481781006
-1.6161718368530273
-2.6998348236083984
-2.5653812885284424
-4.004580974578857
-2.523865222930908
-3.6732170581817627
-3.3135499954223633
-3.0743391513824463
-3.0811007022857666
-2.4357011318206787
-3.623131513595581
-2.916940212249756
-3.518000841140747
-3.3762338161468506
-3.401865243911743
-2.9994547367095947
-1.837498426437378
-3.852142095565796
-1.3704808950424194
-1.789874792098999
-1.6246181726455688
-1.2444127798080444
-2.710606336593628
-1.5840818881988525
-2.1041319370269775
-0.7689444422721863
-2.535968542098999
-2.4496428966522217
-2.1660544872283936
-4.107449054718018
-4.654582977294922
-3.0869250297546387
-3.4056551456451416
-2.9716956615448
-2.255096197128296
-1.96173095703125
-2.70243239402771
-4.058143615722656
-2.5263686180114746
-2.6358642578125
-2.5160555839538574
-3.4618053436279297
-1.4217183589935303
-3.3505191802978516
-1.542799472808838
-5.657095909118652
-3.7083566188812256
-3.833937644958496
-3.4027295112609863
-3.603389263153076
-4.031542778015137
-3.1513545513153076
-2.2625844478607178
-3.8361287117004395
-3.1912713050842285
-2.4983181953430176
-4.222299575805664
-2.5874269008636475
-3.5060393810272217
-2.7359070777893066
-5.234692573547363
-2.9865970611572266
-2.340789794921875
-3.6064655780792236
-1.5590075254440308
-1.7994784116744995
-2.005296230316162
-3.078575372695923
-2.6815943717956543
-1.4756141901016235
-2.532395839691162
-2.2017412185668945
-1.8218249082565308
-1.730180263519287
-2.8910810947418213
-3.1881825923919678
-4.651677131652832
-2.884819269180298
-2.1990997791290283
-2.2923009395599365
-2.255206346511841
-2.5693137645721436
-1.2126164436340332
-1.894310712814331
-1.7523256540298462
-1.5439921617507935
-1.476698398590088
-3.258042335510254
-1.203360676765442
-1.4699184894561768
-2.2907254695892334
-1.549924373626709
-4.780016899108887
-1.474883794784546
-0.846015453338623
-1.4279570579528809
-1.466215968132019
-3.7351226806640625
-3.272718667984009
-0.7845197319984436
-1.967014193534851
-1.2624659538269043
-3.019179582595825
-3.1664927005767822
-2.9121429920196533
-2.5076403617858887
-3.385481834411621
-3.040148973464966
-2.059943675994873
-2.54172420501709
-1.55296790599823
-2.9864680767059326
-2.450674295425415
-2.9991421699523926
-2.8240013122558594
-3.1097490787506104
-2.6150617599487305
-3.536632537841797
-2.3204593658447266
-2.7522220611572266
-3.0882043838500977
-3.680236339569092
-2.4270684719085693
-2.7296414375305176
-1.910767912864685
-2.1044063568115234
-2.818995237350464
-1.9361716508865356
-1.7575520277023315
-2.4498708248138428
-2.0874547958374023
-2.103221893310547
-1.8883417844772339
-2.1430630683898926
-2.9141013622283936
-2.040282964706421
-1.440881609916687
-5.466763019561768
-3.9713504314422607
-3.542642116546631
-3.4477016925811768
-2.4212563037872314
-2.9695487022399902
-4.043607234954834
-4.647726535797119
-2.088923692703247
-3.488909959793091
-2.938807487487793
-3.5890207290649414
-3.359410047531128
-4.08475923538208
-2.048788547515869
-2.630406379699707
-3.4220852851867676
-4.38508415222168
-4.865696430206299
-3.7963647842407227
-3.485846519470215
-3.690891742706299
-3.903168201446533
-3.1191179752349854
-3.7998805046081543
-3.5629353523254395
-2.464534044265747
-4.418910503387451
-3.0095081329345703
-3.297950267791748
-2.131408452987671
-2.5675318241119385
-3.9075114727020264
-3.6534552574157715
-4.1597771644592285
-2.126474142074585
-1.858565092086792
-3.847343683242798
-2.2869315147399902
-3.6016693115234375
-3.5226945877075195
-2.3111064434051514
-1.742081880569458
-1.0295356512069702
-1.1573786735534668
-0.48797568678855896
-0.6937064528465271
-1.815032958984375
-1.421412467956543
-1.9550267457962036
-1.46609365940094
-2.269798994064331
-2.3856589794158936
-0.5609461069107056
-1.6062912940979004
-2.900899887084961
-1.9462313652038574
-1.9256126880645752
-1.6615835428237915
-1.1847267150878906
-2.5762059688568115
-1.8640509843826294
-1.9274098873138428
-2.135331392288208
-1.9972425699234009
-0.7700527906417847
-4.662030220031738
-4.732687473297119
-3.9826061725616455
-4.792374134063721
-4.119051933288574
-2.7686750888824463
-3.3391172885894775
-2.721459150314331
-2.4910309314727783
-4.383642673492432
-3.2554473876953125
-3.598252296447754
-3.8457257747650146
-4.083420753479004
-3.916215419769287
-2.847454309463501
-2.5830905437469482
-3.15095853805542
-3.1324641704559326
-2.013070583343506
-2.507749557495117
-2.62152099609375
-3.615206480026245
-3.602747678756714
-3.2148396968841553
-1.6044374704360962
-2.587646007537842
-3.2350282669067383
-3.5525357723236084
-3.2937424182891846
-1.6517947912216187
-2.784553050994873
-2.3034627437591553
-2.0327200889587402
-2.465052843093872
-2.4604291915893555
-2.156219005584717
-1.573093295097351
-2.0582427978515625
-4.185055255889893
-3.606947898864746
-1.81002676486969
-2.9526472091674805
-2.7417490482330322
-2.4799695014953613
-3.194157838821411
-3.543733596801758
-4.499488830566406
-1.8863896131515503
-2.4856619834899902
-3.8223824501037598
-2.721953868865967
-3.420053243637085
-2.6413512229919434
-3.196272850036621
-5.452568054199219
-3.117445707321167
-2.925107955932617
-2.547720193862915
-1.914426565170288
-3.0845234394073486
-3.098395586013794
-2.794677257537842
-3.1116669178009033
-1.96562659740448
-3.3541617393493652
-2.5259647369384766
-4.569767951965332
-2.7484710216522217
-2.8482506275177
-3.7247626781463623
-2.1725637912750244
-3.6349759101867676
-1.7085939645767212
-3.603440761566162
-3.4272990226745605
-2.4923861026763916
-2.4984469413757324
-2.525137186050415
-1.2155280113220215
-1.2147600650787354
-1.9044876098632812
-1.7317678928375244
-1.6892706155776978
-1.5218231678009033
-2.4743998050689697
-1.9983901977539062
-2.602313280105591
-2.240973711013794
-2.2780301570892334
-1.8210479021072388
-1.773491382598877
-2.5162770748138428
-2.293935537338257
-3.469332695007324
-3.164651870727539
-2.3772101402282715
-3.2146084308624268
-4.069438934326172
-2.970792293548584
-2.87644100189209
-3.4554810523986816
-2.260698080062866
-2.9400827884674072
-5.658581256866455
-2.52409029006958
-3.691732406616211
-2.782724380493164
-3.846517562866211
-3.431175470352173
-4.074412822723389
-4.257460117340088
-2.8722119331359863
-3.5051305294036865
-3.0702927112579346
-3.0537149906158447
-1.423235297203064
-2.127133846282959
-1.2837542295455933
-2.4564390182495117
-1.7234200239181519
-1.3745832443237305
-2.060774564743042
-0.5861400961875916
-1.5418241024017334
-5.639207363128662
-3.498068332672119
-0.9088606834411621
-1.2029883861541748
-2.2533693313598633
-1.5207184553146362
-1.7515324354171753
-2.0964086055755615
-2.4202566146850586
-2.3580434322357178
-1.0069174766540527
-1.5648725032806396
-1.8734694719314575
-2.2051925659179688
-2.5565290451049805
-3.4279720783233643
-1.3302969932556152
-2.1449804306030273
-1.463668942451477
-1.4455442428588867
-2.135498046875
-2.957826852798462
-1.838416576385498
-3.7951316833496094
-2.010774850845337
-3.19981050491333
-1.1622724533081055
-2.983198642730713
-1.2062522172927856
-4.062075614929199
-2.1712231636047363
-2.5250444412231445
-1.1323672533035278
-1.5495786666870117
-1.2546310424804688
-2.4243621826171875
-2.1039676666259766
-1.1866507530212402
-2.2429511547088623
-2.107975959777832
-0.9110271334648132
-1.829028844833374
-2.9466090202331543
-4.468081951141357
-3.7216389179229736
-2.6614935398101807
-3.2948555946350098
-3.6182024478912354
-2.7505533695220947
-2.49918794631958
-2.251986503601074
-2.406412363052368
-3.232489585876465
-1.2806227207183838
-2.0106496810913086
-2.2251994609832764
-2.2092151641845703
-1.8936758041381836
-3.059901237487793
-2.426884412765503
-1.7730046510696411
-2.862905979156494
-2.309281349182129
-1.566638469696045
-2.69191312789917
-3.6355016231536865
-2.9948155879974365
-1.6854262351989746
-4.629248142242432
-3.7130162715911865
-2.334954261779785
-3.3634395599365234
-3.28786039352417
-2.2461307048797607
-1.4975683689117432
-1.821994423866272
-2.666968584060669
-3.239680767059326
-2.5962533950805664
-2.8135457038879395
-2.3429911136627197
-2.4700121879577637
-5.039361953735352
-3.488685131072998
-3.1724934577941895
-6.146254062652588
-2.8856818675994873
-1.844619631767273
-1.4798038005828857
-2.8041398525238037
-2.6970832347869873
-3.1650755405426025
-1.4747023582458496
-2.5053887367248535
-2.49884295463562
-2.747279644012451
-2.826138973236084
-1.0672199726104736
-1.7534072399139404
-1.1540615558624268
-1.6890788078308105
-1.162992238998413
-1.7777950763702393
-0.703956127166748
-2.552832841873169
-2.60388445854187
-1.8990050554275513
-2.1560914516448975
-2.863769292831421
-3.1551103591918945
-1.6530976295471191
-1.588539481163025
-1.9664283990859985
-2.9819328784942627
-2.3037185668945312
-2.434032917022705
-1.9043792486190796
-1.7903265953063965
-2.0480213165283203
-2.317570924758911
-3.1657767295837402
-2.017531156539917
-1.6006022691726685
-2.1306707859039307
-2.889716863632202
-1.7946133613586426
-2.477167844772339
-1.8313682079315186
-2.119488000869751
-1.719368815422058
-2.401845932006836
-2.7266898155212402
-3.1872527599334717
-4.536945343017578
-2.4925286769866943
-3.0295250415802
-3.390861988067627
-4.129913806915283
-5.888579368591309
-3.32936429977417
-1.5858961343765259
-2.019195795059204
-2.787429094314575
-1.6439790725708008
-2.5065102577209473
-3.1951446533203125
-3.8915677070617676
-3.797928810119629
-2.5764708518981934
-1.7052559852600098
-1.899185299873352
-3.627760648727417
-4.353163242340088
-2.5109360218048096
-2.722799062728882
-3.3919098377227783
-3.2535831928253174
-3.7699036598205566
-3.8568596839904785
-2.950120210647583
-2.1927435398101807
-3.2221474647521973
-2.7978179454803467
-2.850371837615967
-2.3813257217407227
-2.63137149810791
-3.763601541519165
-3.0929644107818604
-3.8400661945343018
-3.4874954223632812
-1.373120665550232
-2.428089141845703
-1.6460068225860596
-2.896923065185547
-2.8641977310180664
-4.215641021728516
-3.9774458408355713
-2.981463670730591
-3.3993399143218994
-3.7385430335998535
-4.1198296546936035
-4.6167755126953125
-3.49232816696167
-2.711341381072998
-3.5822463035583496
-3.3776280879974365
-2.770676374435425
-3.223966121673584
-3.2213120460510254
-2.8140456676483154
-2.354409694671631
-1.9929827451705933
-2.6868412494659424
-1.2103930711746216
-1.80905020236969
-1.5673288106918335
-1.560909628868103
-1.8448585271835327
-2.424572229385376
-3.212491989135742
-1.8210479021072388
-3.166660785675049
-3.428593635559082
-2.639171600341797
-1.292712688446045
-0.9632732272148132
-2.992324113845825
-0.9889930486679077
-1.380602478981018
-1.8876984119415283
-2.0271413326263428
-2.40748929977417
-1.0605043172836304
-2.134495496749878
-1.6998486518859863
-3.4599294662475586
-1.8785089254379272
-1.7240403890609741
-3.3821542263031006
-2.3522355556488037
-2.8426876068115234
-2.1705338954925537
-3.585829257965088
-2.4656922817230225
-3.2509312629699707
-1.7007826566696167
-3.0521836280822754
-1.9500049352645874
-3.669724464416504
-2.73508358001709
-2.46211576461792
-2.043002128601074
-0.9892951250076294
-1.316991925239563
-2.9478468894958496
-1.4830690622329712
-2.1720776557922363
-2.340353488922119
-3.4309494495391846
-2.493218421936035
-3.523630380630493
-3.2202301025390625
-4.528131484985352
-1.9298770427703857
-2.5308992862701416
-2.4273056983947754
-2.473405122756958
-1.7380332946777344
-2.047809362411499
-1.9080930948257446
-1.4076358079910278
-1.0906660556793213
-1.0831117630004883
-2.1848556995391846
-1.720435619354248
-4.864508628845215
-1.5169950723648071
-3.578090190887451
-5.320013523101807
-3.107758045196533
-4.0497212409973145
-3.2253570556640625
-2.882549524307251
-3.1983327865600586
-3.343655824661255
-3.809072732925415
-3.3846306800842285
-3.779923439025879
-2.683854103088379
-2.3930673599243164
-3.41916823387146
-4.279399871826172
-3.79404878616333
-4.8563055992126465
-3.2632334232330322
-3.018784523010254
-2.0784685611724854
-2.247879981994629
-1.7384378910064697
-1.881005883216858
-3.5722005367279053
-2.9017868041992188
-2.553673505783081
-1.5031616687774658
-3.8092458248138428
-3.1492068767547607
-4.755044937133789
-2.706976890563965
-3.1725165843963623
-2.425354480743408
-3.5870397090911865
-3.934675455093384
-1.527454137802124
-2.599536657333374
-4.550746917724609
-3.2263057231903076
-5.21646785736084
-2.8749380111694336
-3.404968738555908
-2.0644993782043457
-2.3411061763763428
-1.826889157295227
-3.0487639904022217
-1.323463797569275
-2.1004445552825928
-2.9723169803619385
-0.7283650040626526
-4.143284320831299
-1.7956140041351318
-1.8609347343444824
-3.2390482425689697
-2.7012522220611572
-1.651814341545105
-4.910976886749268
-2.5340259075164795
-2.877124309539795
-2.4601893424987793
-1.7331353425979614
-2.225261688232422
-2.6377573013305664
-2.5778989791870117
-2.6390867233276367
-1.8277515172958374
-2.703468084335327
-2.526871681213379
-4.690041542053223
-3.189268112182617
-3.61224365234375
-3.35729718208313
-3.1781091690063477
-3.019843101501465
-2.3672568798065186
-3.554062604904175
-4.029731750488281
-3.7024974822998047
-3.3732542991638184
-3.3637983798980713
-2.92366623878479
-1.634159803390503
-3.7505996227264404
-2.920031785964966
-2.974480628967285
-2.259875535964966
-1.6039650440216064
-2.3590781688690186
-2.5563793182373047
-1.9109435081481934
-0.7689444422721863
-2.696157693862915
-2.074544906616211
-2.168586492538452
-4.1914963722229
-4.35677433013916
-3.1464412212371826
-2.784508228302002
-3.5721662044525146
-2.745614767074585
-1.96173095703125
-2.5635480880737305
-4.302453517913818
-2.397167921066284
-2.7261035442352295
-2.6996169090270996
-3.6116995811462402
-1.7157806158065796
-3.253761053085327
-2.1318776607513428
-5.517975330352783
-4.232490539550781
-3.9632818698883057
-3.7341244220733643
-3.7485246658325195
-4.082747936248779
-3.4018402099609375
-2.5059704780578613
-3.717707395553589
-3.0332207679748535
-2.9000561237335205
-3.9466121196746826
-3.3107471466064453
-3.6562416553497314
-2.7075254917144775
-5.213430881500244
-3.0828299522399902
-2.429905652999878
-3.745288372039795
-1.6078970432281494
-1.573622703552246
-1.5907047986984253
-2.729116916656494
-2.3895483016967773
-1.2769300937652588
-2.1305296421051025
-2.067239761352539
-1.6844910383224487
-1.6347618103027344
-2.952345132827759
-3.0340816974639893
-4.775704860687256
-2.7529940605163574
-1.9386850595474243
-2.248610496520996
-1.8274720907211304
-2.0134122371673584
-1.3865060806274414
-2.2023825645446777
-1.342664361000061
-1.746295690536499
-1.4707914590835571
-2.946854591369629
-1.132277488708496
-0.9757181406021118
-2.077193260192871
-1.549924373626709
-4.455016613006592
-1.3003206253051758
-0.6579704880714417
-1.4989304542541504
-1.3107892274856567
-2.1360347270965576
-1.6154919862747192
-0.7845197319984436
-1.2374176979064941
-0.6593202948570251
-3.019179582595825
-3.1611406803131104
-2.9121429920196533
-2.7364604473114014
-2.9600656032562256
-3.006476879119873
-1.9741027355194092
-2.4238345623016357
-1.6038150787353516
-2.827332019805908
-2.6800756454467773
-3.1529483795166016
-3.1391870975494385
-3.158916473388672
-2.8861255645751953
-3.5835859775543213
-2.3032467365264893
-3.1038551330566406
-3.218775987625122
-3.685260057449341
-2.525075674057007
-2.531689167022705
-2.1920058727264404
-2.0128016471862793
-2.4656081199645996
-2.107266664505005
-1.7575520277023315
-2.4468321800231934
-2.0531229972839355
-2.0684947967529297
-1.6904575824737549
-2.180427312850952
-2.7032830715179443
-2.0746684074401855
-1.4608408212661743
-5.123144149780273
-4.098601341247559
-3.54278564453125
-3.3188626766204834
-2.561945676803589
-3.05668306350708
-3.912992000579834
-4.648393630981445
-1.9326881170272827
-3.1867194175720215
-2.847463607788086
-3.6258795261383057
-3.3625569343566895
-4.071372985839844
-1.8534624576568604
-2.4355602264404297
-3.3533546924591064
-4.1851887702941895
-5.143128871917725
-3.9397928714752197
-3.6908929347991943
-3.7791707515716553
-3.877451181411743
-2.8235232830047607
-4.009337902069092
-3.0816142559051514
-2.5909242630004883
-4.854501247406006
-2.9183285236358643
-3.255457639694214
-2.273574113845825
-2.626561164855957
-3.7396352291107178
-3.4575774669647217
-3.9896810054779053
-2.179656744003296
-1.809823751449585
-3.7447566986083984
-2.4627716541290283
-3.4649765491485596
-3.023087501525879
-2.0510013103485107
-1.430328130722046
-0.9985514283180237
-1.8987241983413696
-0.9084709286689758
-0.6937064528465271
-1.8791712522506714
-1.5578151941299438
-2.1059954166412354
-1.2490272521972656
-1.84354567527771
-1.452204704284668
-0.9526367783546448
-1.6351630687713623
-2.161684513092041
-2.5696914196014404
-1.9690814018249512
-1.5949878692626953
-1.1011117696762085
-2.7722299098968506
-2.429234743118286
-2.312819242477417
-1.1646616458892822
-1.7760062217712402
-1.0006351470947266
-4.854588031768799
-4.199557781219482
-3.6907143592834473
-4.272511005401611
-4.03698205947876
-2.6260833740234375
-3.0702145099639893
-2.871065855026245
-2.6479108333587646
-4.311611652374268
-3.234644889831543
-3.5999746322631836
-3.548670768737793
-4.600625514984131
-4.061893939971924
-2.7087714672088623
-2.685633659362793
-3.1721253395080566
-2.9445512294769287
-2.2362608909606934
-2.6407527923583984
-2.840472459793091
-3.8336899280548096
-3.5873868465423584
-3.2776641845703125
-1.9594968557357788
-2.6263105869293213
-3.6391079425811768
-3.2687618732452393
-3.4079768657684326
-1.8402916193008423
-2.997246026992798
-2.1899874210357666
-2.1434950828552246
-2.739697217941284
-2.4840898513793945
-2.3117172718048096
-1.765433669090271
-2.3453638553619385
-3.8827898502349854
-5.186679840087891
-2.300506830215454
-2.922888994216919
-2.3051071166992188
-3.063922882080078
-3.0428731441497803
-3.6784329414367676
-4.995695114135742
-1.6519147157669067
-2.5551905632019043
-4.16707181930542
-3.045853614807129
-3.555882453918457
-2.799201011657715
-3.196272850036621
-5.034562587738037
-3.0117225646972656
-2.9995884895324707
-2.4913859367370605
-1.8693158626556396
-3.020761013031006
-3.313197135925293
-3.315920352935791
-3.153228282928467
-1.96562659740448
-3.578857421875
-2.334498882293701
-4.95706033706665
-3.13592529296875
-3.0927393436431885
-3.7414145469665527
-1.9045411348342896
-3.9807910919189453
-2.005333662033081
-3.876575231552124
-3.455552577972412
-2.691035032272339
-2.546482563018799
-3.7097291946411133
-1.2225896120071411
-1.2147600650787354
-1.7511533498764038
-1.777854084968567
-1.5326347351074219
-1.9849631786346436
-2.287342071533203
-1.8521150350570679
-2.392693281173706
-2.2825675010681152
-2.252309560775757
-2.007352352142334
-1.4765077829360962
-3.0394175052642822
-2.051621437072754
-3.472681999206543
-3.203765630722046
-2.3945651054382324
-3.020221471786499
-4.103076457977295
-2.771501302719116
-2.7013473510742188
-3.5598623752593994
-2.524336576461792
-2.1609625816345215
-5.544734954833984
-2.566680431365967
-3.95342755317688
-2.6973931789398193
-4.072644233703613
-3.638090133666992
-3.961541175842285
-4.218188285827637
-2.9040870666503906
-3.401906967163086
-3.102733612060547
-2.8178365230560303
-0.99134761095047
-1.3821077346801758
-0.8388552665710449
-2.6144726276397705
-1.891993522644043
-1.3745832443237305
-1.9580951929092407
-0.39182525873184204
-1.5775203704833984
-4.707339763641357
-3.441410541534424
-1.224156379699707
-0.9149059653282166
-1.8531990051269531
-1.5481623411178589
-2.451962471008301
-1.867666244506836
-2.0316836833953857
-2.0574116706848145
-1.3717952966690063
-1.7444490194320679
-2.008343458175659
-2.033822774887085
-2.589970111846924
-4.1360764503479
-1.7734992504119873
-1.7268258333206177
-1.1656073331832886
-2.8350682258605957
-1.5132027864456177
-2.0864500999450684
-2.4256935119628906
-3.128079652786255
-1.7041466236114502
-1.6004446744918823
-0.9222257733345032
-3.092554807662964
-1.1776795387268066
-4.304523468017578
-1.9796921014785767
-2.5891947746276855
-0.8586642146110535
-1.7028125524520874
-0.988641083240509
-2.2377140522003174
-1.4629446268081665
-1.1566588878631592
-2.2368874549865723
-1.8506462574005127
-0.9837351441383362
-1.8384184837341309
-2.589773654937744
-4.727115154266357
-3.948387622833252
-2.1018261909484863
-3.208873748779297
-2.9450716972351074
-2.7946300506591797
-2.143913745880127
-1.283273458480835
-2.437920331954956
-3.459899425506592
-1.4167943000793457
-2.2061305046081543
-1.8625242710113525
-1.936795711517334
-1.7724237442016602
-2.999394655227661
-2.920649766921997
-2.1145427227020264
-3.1740660667419434
-3.0272297859191895
-1.9665727615356445
-2.9979357719421387
-3.841439723968506
-3.450263500213623
-2.4980580806732178
-4.904316425323486
-3.2933855056762695
-2.6120145320892334
-3.5490078926086426
-2.704270839691162
-2.2181484699249268
-1.532376766204834
-2.084695816040039
-2.8044981956481934
-2.678325653076172
-2.5962533950805664
-2.332581043243408
-2.461430549621582
-2.5881996154785156
-5.171889305114746
-3.490067958831787
-3.046260356903076
-5.22971773147583
-3.004568099975586
-1.844619631767273
-1.7114002704620361
-2.4466421604156494
-3.028019905090332
-3.142045736312866
-1.4990097284317017
-2.4619083404541016
-2.227540969848633
-2.740793228149414
-2.770338296890259
-1.0377925634384155
-1.653098225593567
-2.351133108139038
-1.1357685327529907
-0.9321069121360779
-1.7031086683273315
-1.5541821718215942
-2.824734926223755
-2.639298915863037
-1.6177797317504883
-1.6415799856185913
-2.943729877471924
-3.124635934829712
-1.8850215673446655
-1.588539481163025
-1.9664283990859985
-2.874130964279175
-2.3037185668945312
-1.8810951709747314
-1.9473772048950195
-2.2401578426361084
-2.3655738830566406
-2.317570924758911
-2.530902862548828
-2.4844837188720703
-2.0174059867858887
-2.352928400039673
-3.522254705429077
-2.3446741104125977
-2.5825648307800293
-2.3067080974578857
-2.2329370975494385
-2.512817859649658
-2.34877872467041
-2.3647007942199707
-3.8513705730438232
-4.550950050354004
-2.5698399543762207
-2.6856861114501953
-3.1277942657470703
-3.2372472286224365
-4.813487529754639
-3.211326837539673
-1.6723757982254028
-1.8243170976638794
-2.6108202934265137
-1.8629735708236694
-3.862736463546753
-2.740800142288208
-3.9842116832733154
-3.7668662071228027
-2.9461731910705566
-1.9557030200958252
-1.8258603811264038
-3.627760648727417
-4.5256853103637695
-2.527679681777954
-2.6246237754821777
-3.4111251831054688
-3.472055673599243
-3.257817268371582
-3.6576743125915527
-2.7530083656311035
-2.3133554458618164
-3.249284029006958
-3.3988780975341797
-2.947338581085205
-2.3825249671936035
-2.38781476020813
-3.506462812423706
-3.795311450958252
-3.1613011360168457
-3.4560389518737793
-0.7637748122215271
-2.897675037384033
-1.4047211408615112
-2.554837226867676
-3.427133083343506
-4.475095748901367
-4.997066020965576
-3.1039702892303467
-3.214932680130005
-3.751887321472168
-3.134993553161621
-4.309293746948242
-3.4463469982147217
-2.7470107078552246
-3.7695133686065674
-3.337400197982788
-2.8185181617736816
-2.9541244506835938
-3.2213120460510254
-3.083550453186035
-1.9795173406600952
-1.8283653259277344
-2.6821868419647217
-1.2053691148757935
-1.4676228761672974
-1.4920090436935425
-1.5389927625656128
-2.0768017768859863
-2.8591578006744385
-1.8474916219711304
-2.016726493835449
-2.8519556522369385
-3.7113993167877197
-1.8747081756591797
-1.3901437520980835
-0.9632732272148132
-2.6109228134155273
-0.9889930486679077
-1.6555452346801758
-1.8412694931030273
-1.91116464138031
-2.082679510116577
-1.0731135606765747
-2.128110885620117
-1.977970838546753
-3.55236554145813
-1.6613380908966064
-1.7240403890609741
-2.9125287532806396
-2.852001428604126
-2.7212882041931152
-2.2144148349761963
-2.589282274246216
-2.3580193519592285
-3.4659953117370605
-1.804751992225647
-3.0521836280822754
-2.2577548027038574
-3.740792989730835
-2.4285874366760254
-2.3686819076538086
-2.00173282623291
-1.5221407413482666
-1.7214983701705933
-2.503272771835327
-1.9824072122573853
-2.1281025409698486
-2.7410945892333984
-2.678837299346924
-2.3452301025390625
-3.892059087753296
-3.247957944869995
-4.467103481292725
-1.7371397018432617
-2.1253929138183594
-3.076287269592285
-2.868497848510742
-1.7042738199234009
-1.772355079650879
-2.7583396434783936
-1.5745632648468018
-2.556300163269043
-1.4744478464126587
-2.5589206218719482
-2.274211883544922
-6.0709333419799805
-2.187746524810791
-3.984407424926758
-5.285823345184326
-3.8497908115386963
-4.51203727722168
-3.208354949951172
-2.665268659591675
-2.6348321437835693
-3.0168039798736572
-3.7584667205810547
-3.420696258544922
-3.9104435443878174
-3.036562204360962
-1.4297302961349487
-2.9289777278900146
-3.3850226402282715
-2.991799831390381
-2.4012134075164795
-2.963884115219116
-2.0353405475616455
-2.087722063064575
-3.444809913635254
-1.1001007556915283
-2.0041513442993164
-3.3253660202026367
-2.8278849124908447
-2.4372310638427734
-1.5031616687774658
-4.070356845855713
-3.221418857574463
-4.838801860809326
-2.876293659210205
-3.2404916286468506
-1.9926912784576416
-3.7727413177490234
-3.928633689880371
-1.6081562042236328
-2.693577527999878
-4.598414421081543
-3.2263057231903076
-5.306449890136719
-3.1545307636260986
-2.5376546382904053
-1.5602738857269287
-2.8159258365631104
-1.8818713426589966
-2.9226863384246826
-1.6391712427139282
-1.4632463455200195
-2.4582316875457764
-1.1091976165771484
-3.8826162815093994
-1.8370025157928467
-2.6569671630859375
-2.9258687496185303
-3.9342403411865234
-3.2135748863220215
-4.4743876457214355
-2.240273952484131
-2.790048599243164
-2.1692144870758057
-1.7377632856369019
-1.923641324043274
-2.124342441558838
-2.555274486541748
-2.737924575805664
-1.5901134014129639
-2.525151491165161
-2.177739381790161
-4.924279689788818
-3.5506763458251953
-3.6726698875427246
-3.64255952835083
-3.1781091690063477
-3.004058599472046
-2.3682329654693604
-3.5272278785705566
-2.928544282913208
-3.064631938934326
-3.297295331954956
-3.5825705528259277
-3.0526626110076904
-1.2539886236190796
-3.0076184272766113
-1.5103641748428345
-2.043257474899292
-1.9835765361785889
-1.2444127798080444
-1.4237264394760132
-1.6411291360855103
-1.1067019701004028
-0.7689444422721863
-1.290666937828064
-2.7449026107788086
-2.1660544872283936
-4.107449054718018
-4.965599060058594
-3.260080337524414
-3.164609909057617
-2.958228588104248
-2.379643678665161
-1.8363956212997437
-2.688554286956787
-3.925687551498413
-2.615187406539917
-2.47023868560791
-2.2646241188049316
-3.404081344604492
-1.695894718170166
-2.6361935138702393
-1.8433053493499756