-0.15293122189073957
-0.17796030462680984
-0.44406629960117006
-0.28842460296612515
-0.4592616578189632
-0.37078259389528845
-0.45621923663415503
-0.2540005513814599
-0.16316771922612186
-5.551115123125783e-17
-0.24382961266106537
-0.18633166993144448
-0.20321634160290605
-0.31471490621976955
-0.3274156605216052
-0.29020479126258747
-0.19483117428365684
-0.22945762040792397
-0.130407472810852
-0.3651827067550211
-0.15686966063405747
-0.1577162830684127
-0.11788575103095343
-0.535357812777906
-0.36670102599002036
-0.23367810844502668
-0.37631138283174587
-0.29323399710683573
-0.3541190122290882
-0.23300005894660797
-0.19720282290313182
-0.19892692759412323
-0.19790075740712054
-0.3451766741991948
-0.22769754480902327
-0.37383301918749784
-0.2908296934604267
-0.29453948122062595
-0.21826151015589482
-0.10291608616726229
-0.421328258081652
-0.27248722550381993
-0.32908036456374384
-0.3659559465989975
-0.4179138709459775
-0.4377242101955368
-0.19305270028255564
-0.30679688001606925
-0.20084801783268408
-0.34531445804726807
-0.17395454919555958
-0.19192903640094552
-0.38703217719287114
-0.3600540435264977
-0.40775836911831986
-0.23671048396262181
-0.3531823272055575
-0.3094621552846064
-0.14012257115867036
-0.12915647383014578
-0.1765830657356061
-0.693895781616634
-0.16701180648526076
-0.23686607914006633
-0.17874269799842765
-0.3385209518768198
-0.26823338295031324
-0.32103715886816425
-0.2438787563041143
-0.275591432031572
-0.44332535475488516
-1.850371707708594e-16
-0.2861693175930766
-0.28853107534110334
-0.3174156054761797
-0.38555459805376
-0.1772870935170636
-0.5776524192461708
-0.24231703185872816
-0.6343720341326283
-0.2631189575839673
-0.22913171353397735
-0.2196412782297602
-0.1602388966555075
-0.4314823059938568
-0.1751099478770495
-0.3383339803350718
-0.29330467384039294
-0.3333323993921913
-0.34830236732412956
-0.2626527753059361
-0.1696932864157023
-0.3356833872584643
-0.12241753076103867
-0.36612811494652164
-0.33749835722591054
-0.5462484085420949
-0.16459854835024595
-0.449044984374174
-0.42136986962250705
-2.220446049250313e-16
-0.5198449720756243
-0.32101577236867535
-0.3818700336599028
-0.47118312507757387
-0.3833854352716968
-0.44961827686479683
-0.44848686686635814
-0.3127947233100873
-0.13586246852505146
-0.3847197313971634
-0.3655657068106773
-0.3170035357944231
-0.41622539506397904
-0.22439546414978442
-0.4484938489339179
-0.2924174311884744
-0.19448830906479053
-0.36068425831135903
-0.052001872916924485
-0.2659076366967467
-0.20869338965286421
-0.2538459846007499
-0.4513686577102844
-0.24661567517377914
-0.38660114793507677
-0.2969508748430692
-0.5115359541712869
-0.28127132786901604
-0.3237314347294867
-0.3906540622360419
-0.08386062955684777
-0.304705546259277
-0.4168528779666785
-0.29565038546717076
-0.23351877622995693
-0.21490597515241475
-0.3342029278876558
-0.19493763351949991
-0.4655013488332023
-0.3041005208165252
-0.09725108893463079
-0.17731425081640995
-0.2152848175471607
-0.5608836586837086
-0.3414515398874543
-0.5316614147949715
-0.26320026378712985
-0.258799468974003
-0.2733583634317352
-0.5550306230487135
-0.3090381749465428
-0.3571301460738711
-0.4157480409972138
-0.12198905150309793
-0.4059959108440276
-0.19354042890834847
-0.2602980749486727
-0.24396938954219788
-0.2884508799073436
-0.4642794881104428
-3.330669073875469e-16
-0.23706698910555055
-0.48113371870969407
-0.4858068706432146
-0.42901384997902564
-0.26289984631890007
-0.2331334535441616
-0.24255117115017755
-0.38237962551674914
-0.41025548660668887
-0.32256776700272105
-0.05730533200623867
-0.3363818647572098
-0.2003445659705026
-0.3736587460173677
-0.14880208712921805
-0.13684825717013155
-0.3016453917503024
-0.2017032950924946
-0.2735407407441676
-0.3861935782917213
-0.4931572343436543
-0.19647366968604418
-0.279897512450466
-0.2298227599160351
-0.30285425507973374
-0.31709550560562205
-0.4705254116690134
-0.3157267835618582
-0.3178188317071667
-0.16063942385738406
-0.607352412416203
-0.45919548215636796
-0.5729173634063844
-0.43126834164206396
-0.2058956228620036
-0.23840187735253432
-0.15010347870238172
-0.3727724449534148
-0.2536516750230194
-0.3124778350465736
-1.9737298215558337e-16
-0.36839555776453914
-0.2097250496830774
-0.35418385975220446
-0.34300146302826395
-0.20129619106524196
-0.39504915684609
-0.3045990473135259
-0.17766491687485003
-0.22413774523592683
-0.01837065063403185
-0.19596298251404234
-0.24856960952556098
-0.3259440154064394
-0.40881807168963796
-0.21294201559221493
-0.3204839433154684
-0.30237715231264967
-0.3826230384524323
-0.17488020948496105
-0.11770574794946154
-0.3791824210018082
-0.24983598115680505
-0.07174454152084474
-0.27825627108364565
-0.23851896529123642
-0.3641505690781271
-0.2945307580052484
-0.6171664333285445
-0.3171536657194329
-0.4204800273065511
-0.08127191464162364
-0.5650954126428821
-0.24452425372467995
-0.2818443077808385
-0.39038892274087467
-0.2567890966505509
-0.2513617277753428
-0.2135941205686361
-0.3748815322609452
-0.3186358705348718
-0.4052429671311508
-0.41213775767349115
-0.2061627744170075
-0.6305223510059333
-0.3101067982786071
-0.49017671057061296
-0.32499335581730016
-0.27391013819358745
-0.5125030319861682
-0.1868279660925995
-0.25499826813757676
-0.29600659100254767
-0.2917295682281382
-0.29553324592090635
-0.3979381306575346
-0.33338334108529494
-0.1647774393661144
-0.3865806447480334
-0.38757131974887166
-4.810966440042345e-16
-0.3378211433327775
-0.33656910026238407
-0.31521983714750873
-0.25179162641619957
-0.5432783350348745
-0.4467896372183327
-0.36201709957888684
-0.23593178666738562
-0.44037221769320395
-0.2422755455369018
-0.052001872916924485
-0.3260458702158639
-0.4643304645020906
-0.39485906965213086
-0.40169770795537363
-0.2319681104620031
-0.37162136535988805
-0.22499634172267302
-0.43291596391218035
-0.1780438098372887
-0.3107762802513191
-0.39121653893374864
-0.3069226843224645
-0.21184644333614439
-0.27429087970445654
-0.33933442128489477
-0.43709650579942755
-0.3257177639448739
-0.29362112707735183
-0.32685950862553553
-0.28242716877292534
-0.4392781121209522
-0.20013268335534506
-0.5012953290203053
-0.3084892399253433
-0.18408886925885032
-0.4632724970225512
-0.408372907387542
-0.3356532661493159
-0.33444884580072476
-0.2982461879152562
-0.12915647383014578
-0.4214674903032277
-0.2708299040626955
-0.16939142985199165
-0.2139393370080739
-0.3721845152920681
-0.16103612460488564
-0.33939278123352246
-0.45959056835469125
-0.3238662428388505
-0.2841551158853436
-0.28565744272208377
-0.5219248656529001
-0.3649276413789973
-0.47466413377033917
-0.42326830975726365
-0.3013718226592394
-0.440424260443409
-0.3514475049343953
-0.4465361505848454
-0.20117055170684195
-0.35319749512428006
-0.3453208889449531
-0.38323940713568505
-0.25970310059910695
-0.2866853553541043
-0.05673468067121044
-0.38890809176370694
-0.1801057746237286
-0.18857403586411128
-0.40406833638251877
-0.3862122670270228
-0.3506651885369715
-0.5303948050889885
-0.42720642646267254
-0.3587832073419153
-0.31948096254253766
-0.2741131365325111
-0.2684744594770605
-0.3639322639101391
-0.4759970716821637
-0.25342874644338553
-0.3223991105950443
-0.334400148311979
-0.1350397839404575
-0.2826772731205614
-0.32922943904842106
-1.7270135938613544e-16
-0.2856781450714432
-0.3358359401979287
-0.3579714233967912
-0.250739145992659
-0.4370927949283996
-0.46221350538741046
-0.25786228372054937
-0.27308458659269536
-0.42099744115150234
-0.338225387931356
-0.28147078078855703
-0.3491179824751514
-0.3322240498653064
-0.20339710028678254
-0.40118708487805155
-0.3509017761943981
-0.0833280791308793
-0.13432929463840543
-0.35877684724087255
-0.2560748371828117
-0.3261829407726788
-0.5871328148476791
-0.28578661049057047
-0.2380129900995562
-0.4718918878678519
-0.1996394691579873
-0.22811907492057565
-0.1752673340004064
-0.4384820259481031
-0.11823817901528148
-0.34420166713161165
-0.38113469947504935
-0.3327350610052548
-0.4377242101955368
-0.4796646703620419
-0.4908165574567381
-0.16012767432195466
-0.16172443674628903
-0.5393430857312962
-0.5257386864776246
-0.3643021476862166
-0.19855156081215708
-0.49821508144761384
-0.3034839006760087
-0.3410008563000092
-0.3119632010323592
-0.19108396196384186
-0.33469067336001485
-0.14582458750525604
-0.3426592973140145
-0.30235448368407136
-0.25943201551896755
-0.21284285383066787
-0.3309130713394898
-0.29805663627207635
-0.24566225811553577
-0.29689451217917806
-0.42396165729560115
-0.3175825053228741
-0.3133393357429379
-0.39201742289584585
-0.4467834170554666
-0.34503790566466847
-0.22355921553778207
-0.21053471839578553
-0.25833666097445035
-0.29052436782629587
-0.4710449997576407
-0.41956328171234564
-0.2683283748870899
-0.3266344950419897
-0.47830709673270794
-0.24755771816797892
-0.3656137226857983
-0.21942519214683925
-0.23583322950666466
-0.2616104111737371
-0.39887957325160955
-0.24682583091979124
-0.21445999251839062
-0.14480610447045933
-0.2459958769417593
-0.2877427326968531
-0.029266681256646207
-0.301767374849297
-0.3223632549120927
-0.027189560297890547
-0.4243636593837347
-0.35304191223843273
-0.2701403025086149
-0.5445393548003924
-0.22223771228917527
-0.26105890739965154
-0.06283344977849088
-0.20205509104641442
-0.4148611136256033
-0.3768085174155686
-2.2204460492503128e-16
-0.39900198466522546
-0.3690004720433046
-0.09383005455796423
-0.2546542497213171
-0.08551362603909098
-0.5035279285643118
-0.4384390500400253
-0.30702376144298793
-0.1959073305233843
-0.19376105809871752
-0.35135086228919027
-0.22835575584521
-0.3444092555205081
-0.3969755386863812
-0.413291117391619
-0.3566908886385074
-0.46561321318147136
-0.05671256530267473
-0.11735941371219957
-0.19717588841308473
-0.48595333481122244
-0.3410026392679185
-0.5449724284408279
-0.0989556474255584
-0.42731283909591394
-0.32475786482543834
-0.37263117456984596
-0.26673570934390367
-0.4012084361652743
-0.39925013589958686
-1.6653345369377348e-16
-0.126418816722317
-1.2688263138573217e-16
-0.12244282000102441
-0.4198282853039277
-0.3542386262657581
-0.4706493421702692
-0.48572103193129046
-0.36042777733630926
-0.27234163380606163
-0.2172365160217956
-0.3179287076556521
-0.21207695113518824
-0.14380598183968618
-0.3269810876743487
-0.29707359462193533
-0.35388546897247736
-0.5488680866198455
-0.3283962307220308
-1.3664283380001927e-16
-0.17115973708439566
-0.32515431205466844
-0.34091652104565084
-0.36625920044886073
-0.4847632043798848
-0.3967953022296748
-0.3997476692958826
-1.6653345369377348e-16
-0.2783869792115695
-0.2768843514916007
-0.4203915614295693
-0.2941312905453286
-0.5525332163547638
-0.4505714730724306
-0.41892506443783545
-0.32159319796248176
-0.2631584344740919
-0.3561953965457861
-0.29950169348251543
-0.4086394166785948
-0.39198488037083057
-0.3229587981424241
-0.38505794788837716
-0.4783494829292659
-0.37001480675024545
-0.4689827445989171
-0.5220862116347637
-0.3834088826575991
-0.5685736806356321
-0.10633021235581555
-0.3915229599592051
-0.21013882239433596
-0.2613646158322497
-0.4441060796324255
-0.3974246074646476
-0.3035343165367918
-0.37395573748071115
-0.2040385790892932
-0.263312659747572
-0.26361523537439263
-0.18619913114997513
-0.7760403293538446
-0.4279293725121673
-0.19425715721960138
-0.34385875238664426
-0.419798646492871
-0.4104749147147405
-0.34184886034530687
-0.23840511225925762
-0.3678031182584063
-0.6136367427464607
-0.2817789117247365
-0.44058185466192906
-0.5488984005604203
-0.49176069129657374
-0.3941023532369019
-0.16793507036138156
-0.37701558164419924
-0.33704222406683754
-0.1961710213006896
-0.29240825859450303
-0.23937985385311208
-0.17553780942553712
-0.49419522201441907
-0.2562515203223751
-0.4199312031224129
-0.5459147148899786
-0.5233605927858738
-0.30824144404401865
-0.21001555201256744
-0.1262656462814292
-0.25842669728700296
-0.30119089596543425
-0.3502023479315275
-0.2500617066039233
-0.29927489406632296
-0.12370496086226491
-0.3904155399827881
-0.35063116249386334
-0.632382565800757
-0.30673496315729765
-0.5711524203408272
-0.4355391182316115
-0.4915866048695944
-0.15329474324941306
-0.30410114133070326
-0.35252469712575013
-0.2996883679116903
-0.3289497645295433
-0.31429699654123644
-0.3243578460556499
-0.2610600348392724
-0.14607508648103484
-0.37729212416928376
-0.30052929833657316
-0.422561300902319
-0.38096693581945645
-0.5250836998909919
-0.2841938211892137
-0.45662489741034396
-0.44036288338137397
-0.3296558415727911
-0.39537450872922275
-0.4503476002929736
-0.3682316627383357
-0.3757171659093215
-0.24198578910463586
-0.39660338222060226
-0.05027194908114754
-0.2551791906361748
-0.4954174245262035
-0.09527549573745546
-0.33857842450357933
-0.2674844286199483
-0.4485727132213106
-0.6168912621291338
-0.33529285880695775
-0.23078449871921433
-0.126241011913979
-0.37303934407649547
-0.36529547608266666
-0.2763521708056072
-0.24606412472013325
-0.029266681256646207
-0.23964341326300193
-0.3432695533299001
-0.39992740526575216
-0.16885218049138317
-0.3001264790319611
-0.22862413999372538
-0.2354373791444576
-0.26963046789384737
-0.23480300787061434
-0.16264790228693074
-0.46591298879613907
-0.41156871447096544
-0.29659376885607963
-0.42830110970133345
-0.2720906884656742
-0.3593536955965099
-0.34606096619320953
-2.4671622769447922e-17
-0.30252823390716443
-0.19965176673181273
-0.3087748063367924
-0.29846496186262156
-0.45087517303664215
-0.2751329437417369
-0.2665503419386369
-0.3813257281447228
-0.42945262958657426
-0.3148119200989474
-0.1736983260547087
-0.1158530850049089
-0.6367431717229841
-0.5819657635465688
-0.5584193939795873
-0.27631378258779776
-0.4834409949307355
-0.48630676295448116
-0.2381413480409108
-0.21273369533579436
-0.3125462402304138
-0.45623756320480746
-0.3024805950874231
-0.21791085814700276
-0.24766453265535948
-0.3432003136535604
-0.38360185052631535
-0.2990584803293119
-0.331805417175827
-0.3527904828285821
-0.46832868410066353
-0.42709755541828803
-0.2550578816199448
-0.3689045299020222
-0.4451953468294666
-0.33608314675810624
-0.3989357646254337
-0.39017881295906126
-0.2614438487577486
-0.20811895495609092
-0.3177778757746283
-0.4349843135093969
-0.4249720559318633
-0.4258372621908767
-0.3670908664020809
-0.3353310755440142
-0.2567073914067137
-0.24029167007899316
-0.5825955718078895
-0.33776215807278537
-0.7291286594486639
-0.38278980798285156
-0.5102147606951377
-0.2408616286503829
-0.15931521625987288
-0.3461033911518066
-0.4116844329724546
-0.3209845781330201
-0.2328586898516575
-0.25908421395189135
-0.33610969610934666
-0.3481194914822627
-0.1512334254954435
-0.4070983687099601
-0.32096236241850706
-0.3437660219354071
-0.2609784787634378
-0.5201931163623705
-0.3255281438215948
-0.44748868046010715
-1.8041124150158794e-16
-0.4303622592882438
-0.2424999862705659
-0.44583397298651656
-0.3295737945206815
-0.3256155108570789
-0.27312362268059187
-0.23245283099907002
-0.505778251245279
-0.47723031317928577
-0.2758377946853114
-0.20177846596026575
-0.39673218205508165
-0.24900555118041415
-0.5012770138236184
-0.29021069460829185
-0.23873332669829583
-0.17287444583963835
-0.22202620511789423
-0.5061292454753231
-0.3061018003975426
-0.377489820300465
-0.30302607919830876
-0.2673149219344931
-0.25142539045914497
-0.4494875394582884
-0.3199905712124068
-0.4344413726380447
-0.19830684993030342
-0.16955977768224434
-0.222808823323393
-0.5898536548188111
-0.22526423307946386
-0.252614388941772
-0.33399665762702635
-0.3270384437172925
-0.2910400413812885
-0.4294891202403272
-0.19618620008793586
-0.27317964720887683
-0.3393574421225564
-0.3274349590177452
-0.5300439733091019
-0.38307088073761586
-0.21514276732701884
-0.20409796726232998
-4.884981308350689e-16
-0.2222104433634452
-0.4104769503868931
-0.23544347616078434
-0.357368216754318
-0.3269090955797435
-0.5825631591560262
-0.7760799499775117
-0.2222052604187566
-0.2702201463009394
-0.3555120768761265
-0.21273731744394986
-0.26998041488633295
-0.5360035285785937
-0.2220231247989873
-0.4494029861317885
-0.3133977359507335
-0.39510661748417303
-0.33753684259053357
-0.2212408626234677
-0.47445519898738897
-0.22785832466894204
-0.30559560966088856
-0.6570343154660466
-0.2882079396091419
-0.3296800285369943
-0.2169428551457237
-0.23245099222847665
-0.2798309235132322
-0.22793663539368825
-0.4172399269264034
-0.3332266505762756
-0.28360536158645877
-0.18955719696909967
-0.5089575121412013
-0.29554644879240705
-0.13443527584002118
-0.3022810251438384
-1.554312234475219e-16
-0.45190425503170345
-0.2692000503980487
-0.37653132103317793
-0.0
-0.33123679269760914
-0.44018134410951976
-0.34749994952896524
-0.4286487837818112
-0.2849079949868293
-0.5276194498133714
-0.2804577717222857
-0.13647100912998122
-0.42716204063829244
-0.3347136132621595
-0.5402734736089548
-0.20019948192108505
-0.5281465804506438
-0.279259028926253
-0.3313254188696301
-0.26333206420773875
-0.3047806125355186
-0.4095842511763702
-0.3720350555533457
-0.3984115109402671
-0.42493837628073544
-0.4025827962848757
-0.3078643855110017
-0.2676524192228573
-0.3242389016021545
-0.19590668451287296
-0.46827298076195567
-0.26174900943108853
-0.36104785307097687
-0.24441852457895988
-0.475265675685973
-0.5319895238779354
-0.39063080228270575
-0.24669034047694813
-0.1712539907828103
-0.2229613582991284
-0.4680546272301841
-0.34150169474868125
-0.44031185692000613
-0.166105754789164
-0.31520298806602526
-0.4645365754676064
-0.31791742660892947
-0.30084602049743014
-0.2451414726553051
-0.39517644563953264
-0.3201633415570916
-0.3442480348191738
-0.16597528907485293
-0.3515632509369832
-0.44850715931705976
-0.48469308089562435
-0.5139899514973526
-0.3319473581087191
-0.36051163771133954
-0.2569318744140271
-0.2833901417379373
-0.34648370570319986
-0.26144208932121377
-0.3816708396850057
-0.7014251049622974
-0.37134777125844004
-0.2732117488928217
-0.28003468293585637
-0.34857526336635675
-0.27863291405512775
-0.20410004673136972
-0.25715775815918723
-0.44796143898219143
-0.15645920713616285
-0.4572801430546369
-0.2821511570308043
-0.4275489457210096
-0.27006348217791215
-0.48490821084281
-0.4780385524068079
-0.6818242175470354
-0.18120730955320358
-0.2840874388722667
-0.19168983014326013
-0.21487036953621924
-0.3307276232202181
-0.3191175717861106
-0.3498835670132057
-0.311065588483591
-0.3302909097234996
-0.30514214739640894
-0.4329692639632672
-0.3541259874627142
-0.25222785067616466
-0.45463369006553594
-0.24846987676903182
-0.3326749179124417
-0.33314476637247237
-0.3374900178142822
-0.36894733482755926
-0.27193565551702126
-0.19632275637968005
-0.28488094335870334
-0.4120415324328475
-0.1542695024860478
-0.45941520918603806
-0.1999438184321123
-0.035720933441084145
-0.29636712229771744
-0.24319428780414673
-0.2804058695141366
-0.26411598723750523
-0.4544300810276846
-0.35755857812266667
-0.18263971245335395
-0.2811079807046379
-0.27821772225549124
-0.26212719570350307
-5.551115123125783e-17
-0.1796526038513981
-0.24869133679639996
-0.26135559808199854
-0.13179977235121187
-0.46101716720741515
-0.1898125633371723
-0.30107230105891686
-0.572234032343341
-0.368849152258486
-0.28075551209041083
-0.398356371278999
-0.4729004846960224
-0.1548833901337624
-0.2879540761727246
-0.19731270635261677
-0.44039610621668923
-0.371723489463771
-0.2933991044170665
-0.2285856896988109
-0.426222326683977
-0.3651682191799176
-0.19922945938368247
-0.4749769451369625
-0.3087316145497174
-0.4610545172541099
-0.3749923265570387
-0.4303172391653313
-0.2896582887208402
-0.27487350120436954
-0.213410092338015
-0.29062535908222537
-0.29835146246790256
-0.4043541953372437
-0.2798539819230089
-0.33432546394709955
-0.5573360416690216
-0.3025840594568561
-0.2100829229813771
-0.24913862266114123
-0.19599363382354398
-0.4367568060230994
-0.236492093706773
-0.32288825322274545
-0.08834706438902784
-0.26912355954974615
-0.41897975847294344
-0.5083061806000384
-0.34625433231890757
-0.37063653043795813
-0.28216098511159127
-0.23033461322017873
-0.34662510731705315
-0.1961710213006896
-0.2998222995338964
-0.24848439450935764
-0.28727655647974704
-0.5839655877622819
-0.32523514263366765
-0.4432265223507708
-0.36048564533944
-0.3019749001514513
-0.1794469778210365
-7.401486830834377e-17
-0.26555417879457244
-0.2245813523958482
-0.29160452831313904
-0.38595147526656787
-0.1847062322558369
-0.2558258933990117
-0.19067102105880213
-0.31899944335049324
-0.21752403786659874
-8.881784197001253e-17
-0.13983456846988432
-0.2901800520880369
-0.46156231214391213
-0.36075770403623525
-0.43561501523325713
-0.1027823758602831
-0.3131158797305152
-0.32015623985018965
-0.19082374779334912
-0.17860790920647118
-0.3040325557506231
-0.2642663702301144
-0.5184360335683244
-0.6622188377444241
-0.31296788520234714
-0.2961042606725544
-0.4314134504887603
-0.1970581167387245
-0.37120960485302107
-0.6045218619235451
-0.4367323457564018
-0.42984482926510853
-0.5385000451792178
-0.5771814471943338
-0.25654889140649023
-0.4925944346883118
-0.3356917803671287
-0.6852472135102586
-0.5993867572233883
-0.4636241025206269
-0.12872294494801284
-0.21893081178155563
-0.18823304880606292
-0.49741745826783224
-0.25442357075792277
-0.12256583835982762
-0.27794213801031115
-0.5068776492299133
-0.5263516690937596
-0.39265638418623583
-0.2736768515379613
-0.5209980327909209
-0.45863322258244793
-0.18355061490173694
-0.3111222306229106
-2.0618427600181474e-16
-0.17840645638519756
-0.15713670805534113
-0.3418422162995341
-0.16259433490308456
-0.38252514538313176
-0.41122862525790266
-0.32070579523943
-0.6466820990693849
-0.5167501337658134
-0.48089544463670125
-2.5905203907920316e-16
-0.5292942838726814
-0.5039687736883356
-0.3965657430047644
-0.5255232089264448
-0.3734554603936692
-0.29537639156074613
-0.4852437725960942
-0.3176379734669678
-0.3467254581836888
-0.394780377368868
-0.45868932898114545
-0.48434976106218025
-0.2606096303220681
-0.29078258980630173
-0.5462217317990039
-0.453876078433278
-2.220446049250313e-16
-0.407309333634784
-0.37880799476595106
-0.3773986537589489
-0.36410604007490854
-0.26761407614234667
-0.6962061014663194
-0.18500475166961344
-0.48879738349694474
-0.2646039502527813
-0.3763386617030182
-0.5127636533809271
-0.40169167867375905
-0.24279895697926054
-0.3502769955045719
-0.25654889140649023
-0.342027717964428
-0.5368570790304951
-0.16283504898253712
-0.6106626477022002
-0.37839195248914076
-0.40512655008206827
-0.4303944716259728
-0.19157828117529582
-0.03172165400017932
-0.20763448209319044
-0.1438571150709503
-0.46875785109473966
-0.25988258865439096
-0.5103165540670296
-0.7418788271834662
-0.3308552359429043
-0.42400644927802905
-0.4295793801195746
-0.27118371690062054
-0.48012003035340983
-0.4196889139781911
-0.13226415895575205
-0.5098680392362178
-0.49199824330921293
-0.42088511661528216
-0.4872320709924006
-0.4382447895182265
-0.539229813743132
-0.25198097160764993
-0.2966920023277775
-0.3441639856283672
-0.3418610625383803
-0.40069468975150935
-0.4702048479079055
-0.4043805535095152
-0.3271670792787945
-0.5029206321856972
-2.220446049250313e-16
-0.3744713062837596
-0.2135117072747298
-0.49789108938789883
-0.36317838986454687
-0.4052738534129261
-0.3822887469768707
-0.4567445436745425
-0.43710053633869395
-0.5162858974384334
-0.6201190060415652
-0.4690251181786171
-0.4721124541382521
-0.425328017463896
-0.7914596784030539
-0.5299504726556367
-0.38029460490299
-0.25983294634537585
-0.42302339282106827
-0.6773431555270798
-0.3351173120195641
-0.33634167780671265
-0.32756050657511643
-0.28770933582416036
-0.6005568178614377
-0.43543261566290814
-0.4369683375103211
-0.291651933039593
-0.2216814652227718
-0.3706727653647948
-2.5905203907920316e-16
-0.34926990952242787
-0.3893378224997399
-0.650670796947737
-0.4879093263292399
-0.5928591614883354
-0.6554797658121673
-0.5259993285712447
-0.44424998256504056
-0.49231995516252147
-0.3161091388418338
-0.34124338329473675
-0.22556789226817203
-0.5102361345997765
-0.20909731062390652
-0.14713762346523554
-0.4373665977451805
-0.3171534269466775
-0.4736586647019939
-0.3619903960104027
-0.21664593437720378
-0.3027207795341994
-0.27798246802970406
-0.27689183383261545
-0.37963565664472115
-0.12486800625981649
-0.5990606525638155
-0.4208308473280712
-0.4204363673281027
-0.4611067913867642
-0.39486904741713835
-0.43527510418285187
-0.3386650963589044
-0.11143144751389748
-0.35817024292636673
-0.28025145858153744
-0.30181860887360523
-0.5512276804107368
-0.34975027388901336
-0.38527292693786885
-0.4555873834832929
-0.3785379255633094
-0.6103165960937519
-0.43284491578365386
-0.17462351770326842
-0.28571483249404767
-0.4759695799563317
-0.28428868539756413
-0.43885416015799666
-0.4255520787825409
-0.3509594521945556
-0.4403201892244019
-0.43887781701975465
-0.4156119460870282
-0.4645918466601894
-0.5070347571915529
-0.6012381883907622
-0.25965427869214275
-0.5325087705536082
-0.5236260818213262
-0.3874757578801251
-0.2504069985443401
-0.19520321229841633
-0.40300267164244835
-0.5432761665278802
-0.13820295896440715
-0.5333025643509599
-0.24076926936928691
-0.692704792027911
-0.4589944764030478
-0.5176570108474585
-0.30883915542474344
-0.4314466051093846
-0.30007522786109975
-0.46154723744410875
-0.4554526193138759
-0.38221109285879706
-0.45997253377016034
-0.36761152699850375
-0.414985754247288
-0.41408056181266045
-0.40177634840965976
-0.6578104748653681
-0.4082607332784869
-0.46347951930916914
-0.22083426379626864
-0.30305553424262593
-0.2012612904008869
-0.37481201504705813
-0.46935211005871796
-0.5882851203324404
-0.3634433758714504
-0.39326181890925604
-0.27621397829736877
-0.7629996168151909
-0.4255894161871597
-0.37814014988735983
-0.446460146133699
-0.060651412687317975
-0.5054830410667769
-0.0737948802559196
-0.18001153129010217
-0.21303901778528941
-0.025816014982381934
-0.3598293495977577
-0.42088511661528216
-0.4152187084443075
-0.3711217713706629
-0.2215651266542935
-0.28117233032733724
-0.22833020732316536
-0.37509991488851435
-0.49913846731117717
-0.3024381234942918
-0.5543067685046543
-0.1267232524456058
-0.36481014288402397
-0.18975607844858114
-0.43310348413050725
-0.4420638072056095
-0.1292133731715086
-0.38677080543651676
-0.22381129913591083
-0.4708855878949851
-0.38577687123310844
-0.26565112288047504
-0.34434302263369415
-0.2082057241832675
-0.4488849810929661
-0.43710915927425625
-0.17273858447726922
-0.4643408825502334
-0.2567061239831408
-0.3663085918953069
-0.42555769110492503
-0.13524405051458877
-0.4036717230495093
-0.54165839892293
-0.45324554997329924
-0.15159464792006894
-0.23031777053667357
-0.2166000844272769
-0.3033704564797428
-0.3793370301358294
-0.5038969276630824
-0.433113172615732
-0.35180849548527654
-0.5691015464008675
-0.19442261719768553
-0.4246088085429878
-0.35304039589892994
-0.162444350612037
-0.5169525532293963
-0.2971909010486482
-0.5325951724840838
-0.3096433130295877
-0.3933340392584091
-0.15685332531220222
-0.35076586484806627
-0.365854337674745
-0.4498661922110446
-0.3085862907826187
-0.3503094138678162
-0.44750618346577076
-0.3010891687134293
-0.34413338169825886
-0.22116814304052043
-0.368356328339988
-0.49702490823492296
-0.5311309740326414
-0.33180898021456995
-0.5910670507472076
-0.4589823078180266
-0.5193134078311357
-0.5570212913689064
-0.4439884353231839
-0.7596345852988624
-0.3320857508170116
-0.3730135733254315
-0.47344309240172333
-0.2862933311884283
-0.3715898350230948
-0.38911373934794713
-0.4340682692592543
-0.5965878912218722
-0.4835107592593558
-0.34333689476762297
-0.46074125256807746
-0.3933070124124294
-0.39044729090684926
-0.5152871776143622
-0.39749127129827067
-0.4303220284477854
-0.27134083655035446
-0.4184221716688921
-0.3362338853272733
-0.2061124524672025
-0.6408511316514578
-0.16919809172814587
-0.5183619954222484
-0.6563245856941563
-0.3709666411594841
-0.5030615935914972
-0.4180313631998561
-0.22632242965124388
-0.5142785354603645
-0.4310855733973172
-0.5004595759245346
-0.4927823009971414
-0.3933320094730874
-0.14666055405561426
-0.3543979500408963
-0.3928469789911217
-0.3936471049238085
-0.3694974522482319
-0.47577842492837874
-0.013203232796313004
-0.43861587627047155
-0.37526164921103866
-0.2332518396953794
-0.571467918887723
-0.28518887533873105
-0.41698247146939416
-0.3315818392085983
-0.4182030416265815
-0.6010440029699293
-0.4649932043664507
-0.3939406691487144
-0.34362114960645246
-0.5228139404555907
-0.42302410183233025
-0.36462313255415035
-0.5182393944427773
-0.29317373320288376
-0.48017392211553556
-0.6528605883951709
-0.507701101284277
-0.41278723106896875
-0.4724683077992645
-0.3835141312255567
-0.2724903168776112
-0.3750738886367572
-0.4826921154375207
-0.43616050227855585
-0.45541229622797486
-0.40382176191734626
-0.5073800731039975
-0.38316433376761416
-0.5145321384121928
-0.4166813424786398
-0.3598335215367452
-0.47361315523106134
-0.2210319707534322
-0.32804570002619304
-0.25657011243885974
-0.39247177809702033
-0.30511592284949485
-0.4275708429941838
-0.5153463205094702
-0.3998180688177999
-0.514436104494304
-0.5174107050774556
-0.36346218425475524
-0.4487508907274703
-0.4438365939943928
-0.46776187564984206
-0.3183681052572437
-0.3757600732605594
-0.3438560782277515
-0.24819710347553073
-0.5655550429254002
-0.6088797223423436
-0.32494771992635324
-0.3827144848433166
-0.11237676396627963
-0.5099119168132061
-0.3085358023711963
-0.42119331282608424
-0.29454138471046176
-0.23953155310036015
-0.1315408945277777
-0.3896579425388961
-0.49434182735386684
-0.4818268085128189
-0.19369387529838747
-0.35821655855301393
-0.16985694088380238
-0.7521069084592187
-0.3427173288573622
-0.546443503822576
-0.3141160893427105
-0.48360145334281535
-0.4314148951988682
-0.40764808067491676
-0.3676021250069686
-0.3812368575923382
-0.3113560197974482
-0.6667369926769173
-0.09949776893745199
-0.5971544628148583
-0.24587630819162468
-0.09674642724038011
-0.3176379734669678
-0.1963261635453114
-0.32025805506545
-0.41168163569712
-0.4395102725647071
-0.18820376604700537
-0.40382176191734626
-0.6337442428965616
-0.6087759965049949
-0.3862977052508126
-0.3613224777084556
-0.510347511205142
-0.4135230117026764
-0.41700235317445483
-0.28294156988857666
-0.21579940078888718
-0.4606636851226574
-0.5940665436075834
-0.3389200789027342
-0.44048417175724247
-1.1102230246251565e-16
-0.23128195808731725
-0.18871385976052518
-0.4760176621880988
-0.5608247689200603
-0.469195224188559
-0.3005708451039331
-0.3793589737759288
-0.4755934796492292
-0.30326960847740025
-0.35386117654352
-0.4554053330250965
-0.34200752204421986
-0.2862278569459642
-0.3901083764385646
-0.5024570695511001
-0.6403313719799676
-0.3168787291170972
-0.3800916809058958
-0.5199332653513736
-0.6888186151457246
-0.5180957450684378
-0.5944799491678289
-0.6884548366620155
-0.40005933542467537
-0.40008509348191085
-0.4276753999792272
-0.37804783037285067
-0.4791636005812636
-0.3516845421436708
-0.4753876718990409
-0.40842843736406176
-0.4887020485688038
-0.2523876192505657
-0.27721756752176363
-0.27322143669160637
-0.44246579293656596
-0.3639563528419717
-0.4569854710917342
-0.5168119382998717
-0.4948232302006155
-0.32467031674897034
-0.377755187092137
-0.23596320003439464
-0.484075759277031
-0.15923569740874566
-0.4803377502753571
-0.19476527694582782
-0.16020156495992097
-0.4219910619891766
-0.22967485976251886
-0.24079682990373508
-0.29017707546940236
-0.2436556753256576
-0.4225266293484566
-0.29177094512293583
-0.18317767085399742
-0.47674911585702223
-0.24028480433378657
-0.5071052038181455
-0.18255502255603034
-0.0770491782120388
-0.4799252211138084
-0.3261592139018488
-0.0
-0.32728508921269395
-0.4735053859956405
-0.4111139230400264
-0.36814974600579775
-0.25839718412341073
-0.2829841183397006
-0.15904439635740153
-0.3864164063980166
-0.13916321086611538
-0.2756494082558828
-0.36923698192779053
-0.188133963699581
-0.07513358223468752
-0.39052888326410184
-0.39876091394173274
-0.22842760906668103
-0.17042649762100354
-0.1834539641432775
-0.18059687381742442
-0.40179286782503976
-0.1628260533957951
-0.3087359812435428
-0.2536264973935507
-0.20931350009798017
-0.1707624276686811
-5.551115123125783e-17
-0.3603366103282801
-0.7011932180901503
-0.31308675588489
-0.25573770820290737
-0.2643017779846968
-0.2646519593564348
-0.19018331992277743
-0.35203903153799343
-0.09860334580556059
-0.35746510928514247
-0.3564223082658083
-0.20196878713635327
-0.5966373676174994
-0.36910230950762324
-0.36963956623861594
-0.2710075219225826
-0.44519260309826963
-0.2146667254482984
-0.21876061986147344
-0.389634037527106
-0.14247537579821942
-0.19654818199955928
-0.3875434595826744
-0.42941609471338466
-0.30457956753404986
-0.29622919868180203
-0.3107394826985847
-0.3963053225212072
-0.12515751466395153
-0.30893355928959765
-0.1773521753275156
-0.2119429266193068
-0.7414874414093353
-0.3085544144670243
-0.500345470703132
-0.22966360439479214
-0.44839264575942694
-0.457397538878553
-0.257649233914804
-0.23261003087701737
-0.07313961759563718
-0.3350821808156624
-0.3138236698094212
-0.2880725721412988
-0.3482479229899779
-0.1154755057280825
-0.4077547348905909
-0.19507521719329177
-1.7763568394002506e-16
-0.3420815372617893
-0.4799343638398507
-0.3839131418281377
-0.2885328331970276
-0.20081385681243985
-0.232530033437665
-0.2341836994609829
-0.3766177870341508
-0.3329959024858875
-0.21971482403860434
-0.18750039187296888
-0.29396073244912774
-0.3371816660728528
-0.42389762091219446
-0.11318595242168145
-0.1346593934259974
-0.43085296491970965
-0.4045442394930223
-0.3769644432201585
-0.31944236565680784
-6.344131569286608e-17
-0.3172635849297051
-0.33785063906850227
-0.2567486760535903
-0.31641643300422856
-0.40109389699321185
-0.30146398125955853
-0.32491063249981866
-0.3436146794033595
-0.21586981988197682
-0.09188359936511171
-0.10473426171930059
-0.42926924942910377
-0.3787657530329403
-0.25610206016206355
-0.275821688211095
-0.29198515030817146
-0.18748501993439903
-0.21412318832643726
-0.2096879288147741
-0.23890215971110068
-0.3011668283123814
-0.16870338330913442
-0.12954002061254216
-0.4435654899513859
-0.5309526682951206
-0.23850002851821275
-0.211991166537112
-0.44322906026488706
-0.20760256748871608
-0.27633947908362716
-1.4802973661668756e-16
-0.42218956457216855
-0.37871015438238553
-0.42773521894517774
-0.1992600293579233
-0.3555001928986409
-0.3204596061040214
-0.27677166584215085
-0.7495457323487906
-0.2025654615651529
-0.40226883971076277
-0.31653297235722044
-0.20795562616460309
-0.530046118104374
-0.4015033087659978
-0.15986173232100806
-0.38355835653681974
-0.4115582499601231
-0.27189787485259975
-0.25092998124780386
-0.3664176882055537
-0.20393876459306481
-0.42283806537198587
-0.2561175948373692
-0.14959564622240923
-0.5234835910033552
-0.3611041024873099
-0.27393979543933306
-0.2679731734136907
-0.3266650122233933
-0.369162565022067
-0.3271248681456968
-0.19541782175380784
-0.3378038907525431
-0.2936225931058619
-0.2023907521202753
-0.48309108293418146
-0.35055285307890216
-0.19245963759709495
-0.21154635988855672
-0.45632179731326444
-0.32041853356935235
-0.34399120931099764
-0.47341638715176665
-0.16894372653746936
-0.18801157506235555
-0.443198944997518
-0.0
-0.2741606781257201
-0.2393197583018545
-0.7883564547272273
-0.42843868729975315
-0.2213390079497017
-0.07794420165253411
-0.1514761272026708
-0.10384018281739801
-0.30593926864783305
-0.02315861591046748
-2.220446049250313e-16
-0.22325718478130563
-0.34758345440348853
-0.3231367588065322
-0.2365985518368926
-0.5506637690939215
-0.09765936425456982
-0.39549937770586513
-0.4133744908140219
-0.12482070000072867
-0.06453033233428437
-0.30255084654803843
-0.4684270894448506
-0.32614569110172775
-0.2581587517208058
-0.16623181543030277
-0.3327475655409516
-0.2892506871406079
-0.23014178072242877
-0.21095296395864876
-0.275972395736706
-0.22694684234484022
-0.24304522495512904
-0.2512317032266748
-0.23585491295994399
-0.29641814103298897
-0.5857541518755915
-0.3124721733563208
-0.27690452323114
-0.23243784044714955
-0.30254844444499684
-0.2115764373778261
-0.17503548812320513
-0.3231284372295941
-0.3649385838827169
-0.19867785292235388
-0.15162547944326726
-0.2666358809686895
-0.22507670025040585
-0.4597315278450411
-0.621063500540723
-0.3590548133953444
-0.5392769317185307
-0.5382125742277596
-0.5452210604093813
-0.457706827745322
-0.21782460267396173
-0.11303826831520009
-0.007461094730230785
-0.1595875810629369
-0.31698732869318647
-0.2578164964141384
-0.3716524845595935
-0.2460540240191328
-0.14771268983960095
-0.2533905305337608
-0.5584685853682747
-0.4249110662680943
-0.3056632308370761
-0.21094450933887854
-0.07795177191052499
-0.31446351821052126
-0.2549772130454176
-0.34093920427046626
-0.27587087910581576
-0.1537426508642411
-0.32399530876296406
-0.27816805261125566
-0.1442900470648206
-0.29400284595858617
-0.47133781968978966
-0.4805726026196037
-1.7270135938613544e-16
-0.4021088980000633
-0.24601800552593742
-0.1772120556139558
-0.37465070767559594
-0.3253867655998716
-0.14765423257510202
-0.2882478165474154
-0.4894543491786438
-0.15004496063222145
-0.2433723657841679
-0.38681612130796766
-0.12742356005160138
-0.09912194066882249
-0.28409174214191807
-0.27108212687733474
-0.1909915422171435
-0.29950750971884854
-0.4322750956925322
-0.43251345013134296
-0.35766917067707377
-0.14384583537028123
-0.40412533335567896
-0.2036599872631319
-0.1536903252272167
-0.2221094452562945
-0.5017707936965528
-0.47311752130175305
-0.28367939537373726
-0.24174049532917258
-0.16694659733002956
-0.1742662678120289
-0.31889508005348866
-0.18987176012806603
-1.211152390500171e-16
-0.45265372125758435
-0.47802319092181106
-0.3550980233980803
-0.07352995229027588
-0.3680788183995443
-0.4211017052528499
-0.2366573507295596
-0.013694594370465154
-0.3476924493777839
-0.3227221646672596
-0.3544871547246343
-0.32654218426383874
-0.24593682740060263
-0.28234545944743583
-0.35178534571910963
-0.4038319110327523
-0.3467744704458014
-0.4679771027540282
-0.5692058644674585
-0.28862009523386223
-0.22238399470067136
-0.22910093887732064
-0.3199574556804841
-0.13503898140715379
-0.1516362780658027
-0.31732680251152756
-0.34283426412171886
-0.3341428345409443
-3.700743415417188e-16
-0.37817797857298824
-0.22391068224541405
-3.0278809762504267e-16
-0.2765211261969365
-0.28768138151989875
-0.2100222263069065
-0.39892026693770144
-0.2804751418680599
-0.2879699117755021
-0.3203595854402215
-0.13036411981804166
-0.23106405490411816
-0.30272988976267534
-0.10954061613946275
-0.4456382724062326
-0.17236213360753236
-0.42110695013741556
-0.21199369648053915
-0.3535427472174169
-0.42551949317914534
-0.3442421624643035
-0.21316186690211333
-0.4792324801415236
-0.4918385631744201
-0.2515310281727554
-0.3845910283994362
-0.5820843423492562
-0.28364343687658394
-0.5168728528621916
-0.30833871090451265
-0.3223179323772351
-0.4585781930484925
-0.4585913259426011
-0.25174236257151805
-0.377067819781077
-0.14699320607574148
-0.30361618007035485
-0.3583432209651961
-0.3283974180921895
-0.2526737029461209
-0.3563507866074387
-0.2396435902701997
-0.30470443297814054
-0.5493233012998429
-0.24291342613303393
-1.6653345369377348e-16
-0.4133464600407488
-0.4126484546614371
-0.26807995920562455
-0.26810108408666383
-0.35893839745529843
-0.2291541056144963
-0.38078004018337375
-0.3277988472878961
-0.25302157891734844
-0.27027723674472454
-0.16829571338911245
-0.3865280937220102
-0.18778895678698213
-0.4341301545027955
-0.1055103699478831
-0.39759813577115716
-0.45393808535428054
-0.28772338414711784
-0.1664300171504618
-0.347978142302533
-0.4905526860485187
-0.31594399346156216
-0.6513158100812707
-0.40357543750798935
-0.5074231840163463
-0.42669479580295805
-0.292622106873144
-0.3493860332198632
-0.40409256975455504
-0.4412232029332379
-0.2233028172573001
-0.31163533908834185
-0.25394177449357497
-0.23281679074918135
-0.4126148137653719
-0.3897723271674138
-0.32467797994329123
-0.4057891867611
-0.3328794344920994
-0.29060295506108774
-0.13539234302637673
-0.23681859428440133
-0.2441600905747504
-0.22611434252673598
-0.3729653210977428
-0.29083715210577304
-0.21094264392326992
-0.4982236340796426
-0.2120330398765568
-0.18379233698634836
-0.22444801748830384
-0.3655414695084451
-0.267792270599478
-0.47152783542442134
-0.25793132775134275
-0.32166257553868305
-0.34474450029491904
-0.4297024451144497
-0.23646257875976226
-0.44538737532847034
-0.22650875121188097
-0.13918036805464012
-0.3384642839852933
-0.4731027969872417
-0.2839934078178853
-0.4039294714259243
-0.37254661323678484
-1.2688263138573217e-16
-0.38830704737142363
-0.32880697724925273
-0.11853482106266966
-0.25759367843989245
-0.3740815849578303
-0.22962345398138423
-0.1873431619158779
-0.5472597552494796
-0.5026944194033244
-0.3136669735474843
-0.4782095013860193
-0.2830715255353959
-0.5241421657970575
-0.25178320070156573
-0.21979832926722404
-0.4108347665697579
-0.25275303071456195
-0.3657916615243325
-0.3494554256475629
-0.11313893605123186
-0.12367085022042529
-0.26030326902090817
-0.27659158652202537
-0.35303505300764726
-0.33283623595145145
-0.3199674276497027
-0.38120800592992576
-0.25169009096114475
-0.317817059088959
-0.5373008068748527
-0.4380699578625158
-0.2332526885654059
-0.01953921128996681
-0.08352978344044315