-0.12959930604177314
-0.2310136691302778
-0.49262806144066323
-0.3206710762640367
-0.5302198614773536
-0.31023004679631777
-0.47381646477227335
-0.3059548316826941
-0.21469931697618552
-4.440892098500626e-16
-0.37624828894756296
-0.18227408791927308
-0.21703917257888078
-0.3619204548271122
-0.4569002575753565
-0.3679689765651046
-0.2843675645489294
-0.3172989225523639
-0.1665692795112518
-0.3766154280012567
-0.21648954888422647
-0.20526191367487387
-0.14321486459038865
-0.611663407716958
-0.36149720732034146
-0.29122241745548216
-0.45103809455948957
-0.4292232653151827
-0.37388277821826355
-0.43998016796248507
-0.19701963782541485
-0.21569881894865417
-0.2319605121709287
-0.38678587496114275
-0.25676451355505925
-0.4883372183946394
-0.2810495090177388
-0.2875068777215798
-0.27496314194628535
-0.19940245000597168
-0.5023877903548408
-0.29409193099304287
-0.30459438275554646
-0.44798976266641466
-0.4220929787985875
-0.5013276495312958
-0.27451734580826587
-0.4197264108316133
-0.22037105068131552
-0.428889537033024
-0.13496861328837592
-0.223191737483416
-0.37950860541473364
-0.3274953833415606
-0.4696013131218325
-0.2076667635499922
-0.4180824711208307
-0.41916403524440715
-0.1401438786666181
-0.14558195507558763
-0.27419347928905985
-0.8431679407439335
-0.21543273641129995
-0.36942713716661507
-0.2280868638059103
-0.4407541649692341
-0.328442175271106
-0.29400624946605597
-0.396357243183291
-0.4572110188195305
-0.5080088565112406
-3.700743415417188e-16
-0.3948731126243962
-0.30740690478208416
-0.28897012571205155
-0.4514417256663009
-0.2567776808470663
-0.683009552413826
-0.2743837061259864
-0.7753538847026464
-0.3042637342495236
-0.20594874668929228
-0.36163353555476657
-0.1884286331282039
-0.36866229466987566
-0.23252528475767253
-0.44448224947778087
-0.32200482262605834
-0.3988929471611127
-0.41392622271665225
-0.2740301176317903
-0.19008613113386777
-0.34986908903578473
-0.12188363661562923
-0.4293174644153151
-0.3570515657177325
-0.5379430951282365
-0.24145658190776645
-0.4162410277304032
-0.48779802083829527
-3.700743415417188e-17
-0.5353656897601407
-0.3900549582796421
-0.5115139993151556
-0.5844051078361137
-0.3777830679712356
-0.5422285013740101
-0.44907227329206223
-0.3434748282196058
-0.1805881161635028
-0.4004087957037097
-0.44430413752024445
-0.34749940814782104
-0.5388978848113881
-0.29226485507519306
-0.6095556414706108
-0.3819569479308252
-0.25466348409315154
-0.3877330412874523
-0.2152401713211719
-0.32182462526684896
-0.2705698210654724
-0.24603199257094585
-0.42294861960517294
-0.2522945063682979
-0.45488453949232366
-0.33475435929933645
-0.5879887830486411
-0.29055988378593445
-0.342345213890917
-0.5823815496092621
-0.1757670957032389
-0.3536357954031353
-0.4397540019188096
-0.34594089664479316
-0.25408683079404215
-0.34648472505767547
-0.34072659538635747
-0.26437514062929546
-0.5601027807729945
-0.4075391484552348
-0.21001185143324108
-0.2224318723504893
-0.22192711548556462
-0.5860953404554513
-0.4145854059833047
-0.565764989255622
-0.35043163003190947
-0.24030916258154295
-0.4100522218202445
-0.6624637352918252
-0.4500799761902354
-0.390066193013428
-0.49175835409698593
-0.13493863904964817
-0.3814420823519997
-0.2105193339277816
-0.31841794253267636
-0.28767262530954835
-0.31772322682447435
-0.6144580852886075
-4.625929269271485e-16
-0.29230431199339757
-0.497917314618765
-0.4795047620463349
-0.4023116939122917
-0.3382388760614894
-0.22576062822353019
-0.26144282835326643
-0.6081204088416227
-0.5163450250676092
-0.3720165517704814
-0.10090305076400374
-0.3584008189432182
-0.26253284334219956
-0.4738060256592644
-0.2681029971794324
-0.2948497095783698
-0.24622374758314033
-0.28452148730575133
-0.34763451892209357
-0.5766478637913616
-0.5175184915596334
-0.23269371795350396
-0.33438099337714355
-0.2254320449012301
-0.3299006329949028
-0.3444166697253602
-0.5606571481957504
-0.4561591650591599
-0.4099183832719101
-0.25744966744726716
-0.6110612190092841
-0.4991988046662164
-0.7487690562457777
-0.41664135541621283
-0.2583942361115246
-0.22230507463368426
-0.21814630539422206
-0.429150450562631
-0.2580625188646587
-0.4669860234532063
-3.3306690738754696e-16
-0.3494409654319686
-0.22027518229695475
-0.41945255826492245
-0.379595400971222
-0.2772738569472424
-0.45905771143898616
-0.3660041437910204
-0.20586710886977058
-0.3342725485088687
-0.10264578537349539
-0.24452368641864675
-0.21741416935405525
-0.3522629543089254
-0.5192807054561351
-0.24753898165902857
-0.3892203149384936
-0.29357376977519095
-0.4419399977657142
-0.26906425737420053
-0.20319931965731544
-0.5056378751247985
-0.35465142012410145
-0.09458134250581299
-0.3232926116920487
-0.25510453160659385
-0.4192991486329091
-0.2799086994368544
-0.8065076654900831
-0.6133570205139867
-0.4101945525886935
-0.08668309933917419
-0.5344765792884285
-0.2973985332331506
-0.358973865141412
-0.543270633615489
-0.24294403191152644
-0.348018186885172
-0.23587151614613244
-0.4458646700806648
-0.31311838280915466
-0.476923425005842
-0.4500634056856229
-0.2132016654438124
-0.582198474607
-0.3399383251846431
-0.5922029862207786
-0.38851419662523234
-0.286171886928848
-0.5316345425044647
-0.1840817004771547
-0.37784516212394065
-0.3135150981092967
-0.3233507398500908
-0.3389380728784665
-0.45128104876000247
-0.3091478197241911
-0.14825003334535963
-0.4018689464745285
-0.4844519912138985
-3.700743415417188e-16
-0.4739867312162137
-0.3795373613257233
-0.43497113076530547
-0.385650749577878
-0.6509811779431103
-0.4853131457473302
-0.38375209984470976
-0.3918681973484394
-0.44461334379130557
-0.300984568424411
-0.2152401713211719
-0.44653821320524495
-0.5403496405427093
-0.3364436108003066
-0.3967778176951084
-0.25105708393154036
-0.3976482246810001
-0.29602918156454594
-0.5633341214115517
-0.3005183866470478
-0.44328981520150557
-0.5255451757813291
-0.3203880552538509
-0.3187672534420999
-0.2605952758472046
-0.47043791095361936
-0.41396146243322257
-0.4052235994991146
-0.3609318690458907
-0.39987741385999753
-0.28326980666418633
-0.5485088260292432
-0.2684478458081241
-0.5120128407157194
-0.30021057539157375
-0.27575340199119525
-0.48755947190725046
-0.4206107550194285
-0.4242070091417453
-0.3203783196589958
-0.3538692129978582
-0.14558195507558763
-0.5871294115937082
-0.33076437274338694
-0.13135668518207594
-0.28879853304389
-0.31869009542316135
-0.1512736738966621
-0.3774316293294709
-0.53266927494314
-0.30007853511668653
-0.3690865498077121
-0.3347553483669749
-0.4713344497890082
-0.3999184680716483
-0.48725352824224566
-0.4465326232901862
-0.3571293673537499
-0.48167130650545803
-0.4503171142810796
-0.5270086271822573
-0.24896061725903015
-0.4569012217812998
-0.42789457531453395
-0.49576593483345854
-0.4113108624824202
-0.4267974163353005
-0.24039760885270683
-0.4858441931596405
-0.2166532252782642
-0.21819350699751935
-0.4554900414575448
-0.3479054667434629
-0.46137660805402336
-0.5564773550202359
-0.47976123534225856
-0.41080426293517125
-0.34638698353461955
-0.29115454526949136
-0.27469046138937664
-0.43084687706284586
-0.5587507052116938
-0.35867610098442937
-0.32409170710677915
-0.4363039122422063
-0.17564679036137748
-0.3881366211222702
-0.38677618439355055
-2.5905203907920316e-16
-0.3197675823556213
-0.5591971151649536
-0.41219330968220197
-0.2034654187545862
-0.47241207694516635
-0.48974838918688524
-0.3816036960118233
-0.3677152076591174
-0.35794523276230483
-0.31302998619511696
-0.3656329441007006
-0.4235450233369645
-0.36408650293527944
-0.4371515158273469
-0.3774855593556328
-0.36477337497375134
-0.142864729470481
-0.15516340319071423
-0.5080468685000595
-0.3159342777988613
-0.4513476453021713
-0.7218815026851556
-0.25824652546740584
-0.32481411871456206
-0.5436265991311474
-0.19010582336455006
-0.3352721976361376
-0.14314048032614451
-0.45187730984023056
-0.17941479052252285
-0.4017879064124781
-0.37489965353294163
-0.3760269768221258
-0.5013276495312958
-0.445615113666285
-0.4187034148980258
-0.2551228836610722
-0.1997604509864252
-0.6066062408588742
-0.6445457078255893
-0.4031791900390733
-0.21599698688835187
-0.5206746136605881
-0.38163674777815754
-0.38309068248858613
-0.32882092891418907
-0.28941873185639744
-0.4636589082144722
-0.18485733989586364
-0.33216367571888866
-0.3484094176667842
-0.3330074600730383
-0.2647334359665892
-0.40623115661204645
-0.38090661709523693
-0.22043838938590687
-0.33034417607644195
-0.4156585292878173
-0.29760094111686514
-0.3940350246282769
-0.45746330248573025
-0.4992194504461346
-0.4622654129933598
-0.24055680487042022
-0.2849622139660952
-0.4139879208776487
-0.33296779763132395
-0.6018406828292931
-0.47321716277366643
-0.3430596562686297
-0.3535047546347941
-0.5526074990998413
-0.24710644906649454
-0.3944926740788674
-0.3349036223909239
-0.37961281842322814
-0.4275803165389726
-0.492120262498531
-0.3167321315717354
-0.19563729940504368
-0.20902587662671068
-0.29757613781680187
-0.34875812050620436
-0.060894577150770374
-0.4228247169150971
-0.3130529174654571
-0.05273771179169338
-0.48294268288653036
-0.3553070521943459
-0.3469620270581413
-0.5518459682243637
-0.3494119108246684
-0.35909351888081403
-0.17211553212999645
-0.22963833839553632
-0.49489224277708405
-0.4990026629699316
-3.6478756523398e-16
-0.39091263626532147
-0.43672330699882544
-0.09451944447074655
-0.3365829456938947
-0.062403856595659044
-0.5489754493671177
-0.4779762491111948
-0.31229387400475
-0.2356131243942919
-0.3104703061224144
-0.4650022668267034
-0.32357417730888394
-0.3462159923805009
-0.37239015420370036
-0.4927637122092315
-0.37721574554191134
-0.48334420985693827
-0.09961204728742118
-0.0950937691871887
-0.22129643365143598
-0.5270995696870079
-0.4313746923492582
-0.5813570327438324
-0.06674671937218296
-0.4586827369508247
-0.4830759844327473
-0.48441503976919204
-0.2572989335879372
-0.4647828287925233
-0.3692053864071213
-3.083952846180991e-16
-0.22322826888885022
-4.440892098500626e-16
-0.2353148551000583
-0.40664650854445566
-0.2959329700765097
-0.5647543491022342
-0.43715272054692156
-0.4734235163624324
-0.3176572755146575
-0.25479925628077876
-0.45734001683399894
-0.28463992517205994
-0.13379253078215853
-0.485489502009832
-0.29217071372717857
-0.43321253285527145
-0.6415062699085955
-0.36224519757745177
-3.4160708450004814e-16
-0.2990073054887783
-0.4091677231212304
-0.34082812658230394
-0.43359599740815913
-0.6447771341865859
-0.46386697981364455
-0.5302997229071404
-4.440892098500626e-16
-0.2781073346576942
-0.3781557540736724
-0.40916791984526385
-0.3649216969416316
-0.5582698132213343
-0.5402693087864477
-0.5441609590945811
-0.42036512108804136
-0.28963870565024513
-0.3727213621640726
-0.30545032037871833
-0.4804171838017501
-0.5963291389023818
-0.3486877998942151
-0.4183918134724756
-0.4984523949334673
-0.4061117202364117
-0.51998974377503
-0.5717765980732924
-0.5090869457097107
-0.616727281077335
-0.1101928760260297
-0.39038375779250106
-0.23874713247973225
-0.35790703995707857
-0.5206019211226044
-0.5253719430277632
-0.3649215486288329
-0.38750401040357335
-0.3413085641333792
-0.328166886923886
-0.34243655400614614
-0.33440321958550373
-0.6578074072762176
-0.49178752174789975
-0.26419485770590684
-0.4287314114353136
-0.4318064701677497
-0.43254183813340713
-0.3600681632949648
-0.2866795690266058
-0.3879548892090838
-0.5907704071274278
-0.3607866918573968
-0.622489568429019
-0.6604194143942124
-0.43788213224501227
-0.3592946692660031
-0.13608630673797759
-0.3811827063434848
-0.4895297617310909
-0.2880196781925358
-0.2471542774032902
-0.28920482009190035
-0.22423364905619975
-0.4825023485439546
-0.36067138679154953
-0.5085774437776177
-0.5515596857119012
-0.4464208828845792
-0.4022098992741782
-0.27741159126156384
-0.2127261068446819
-0.2987330180510892
-0.3590182238557059
-0.36846124107440364
-0.2928176802929898
-0.4280965396810997
-0.267281105303741
-0.37560238088240244
-0.3298330595002232
-0.5681030070841533
-0.2822720235176676
-0.6966559094570967
-0.5023036164979456
-0.5233205357697601
-0.16132589779756284
-0.2956935086739033
-0.4822579331855129
-0.36057899804978055
-0.3947275069426022
-0.35252741603612153
-0.3638426107660274
-0.2041794451302905
-0.18253856728460993
-0.4076714875860003
-0.4391203609516104
-0.5206434778227822
-0.49723361048678205
-0.5173994455116234
-0.30127618709496673
-0.5639280045689805
-0.5850087205998492
-0.326679079420819
-0.3702934980971388
-0.4718885907408244
-0.37924471043950836
-0.47804498719082533
-0.22849717098125466
-0.4155087870430754
-0.16302955069678107
-0.3131281803545927
-0.50928687455832
-0.1542661901487524
-0.40299455562834285
-0.3156238940008619
-0.6244519679817909
-0.6500680835544828
-0.36739064224346774
-0.3388556644268159
-0.15617078936639123
-0.35882995472664
-0.40228546577487934
-0.35116661854391906
-0.2603768154756451
-0.060894577150770374
-0.26759135421451546
-0.43892070840327185
-0.41632235494274084
-0.3336528880690186
-0.37357732604557253
-0.36343462993840137
-0.29449650975959174
-0.25922918628232733
-0.23459181973191423
-0.19780154008626852
-0.5906428709517019
-0.5004240621508957
-0.35028444570769895
-0.45091036718173166
-0.36490655899014834
-0.38092559307859297
-0.3493674125198243
-2.0970879354030734e-16
-0.4324545086975902
-0.2195049052992473
-0.3219147461751956
-0.3019562008693224
-0.6340588089596144
-0.3018349327605119
-0.26371243543913636
-0.6236694559218576
-0.5268236583963115
-0.39697614870739123
-0.20759605986975402
-0.15302844550504643
-0.7126610816253994
-0.6662945405798513
-0.6580736744156791
-0.25139688934737414
-0.5506284114706803
-0.535936025629027
-0.301745872971761
-0.2957201649823723
-0.2918559286497235
-0.5433321187405119
-0.39571339486078405
-0.2779770339473215
-0.1637480994065272
-0.4636733686021899
-0.5603274188006632
-0.3365873878064288
-0.432161117855861
-0.46306731197419587
-0.7019610524751817
-0.4955334972071683
-0.3981250924906391
-0.3903942047077484
-0.5260723117050848
-0.5034999456876281
-0.3988032238129877
-0.472403954561749
-0.252569658869667
-0.2409731308343698
-0.37636194977669934
-0.41809058951978667
-0.5029906747231894
-0.5385523687310936
-0.4256909846624055
-0.3710729458815682
-0.2752053622594235
-0.24931882720680051
-0.6977289108694091
-0.3492791463942866
-0.7522776876451844
-0.4649613229760331
-0.533561579983019
-0.36906327745551026
-0.27290005851574395
-0.41457687957298056
-0.5180286327314974
-0.38611274902551285
-0.21381652091853437
-0.34077500618131296
-0.46356114534122644
-0.42868726274472174
-0.1266927561166394
-0.46579336162750024
-0.3413661692588156
-0.37011741701994383
-0.28734679704437616
-0.6291188556426057
-0.5258182983266602
-0.458943941398807
-1.8041124150158794e-16
-0.4559903287904078
-0.32840067806474127
-0.5056423136882185
-0.2822225637357298
-0.4233049990814108
-0.2905431625787512
-0.40771224949644264
-0.5102886492225335
-0.5270344031471335
-0.32332163389619173
-0.22500174638000456
-0.45298216794701757
-0.3825125965600443
-0.593558190191681
-0.32916500597437426
-0.2843808708050855
-0.21592930861954576
-0.49286766076169775
-0.6151031550112953
-0.3722676692429307
-0.4421849295807148
-0.31980638519405086
-0.2021818575034919
-0.34246464528511533
-0.4561608135472929
-0.38553217002642554
-0.5231674851898686
-0.31940354472674676
-0.19118026842044522
-0.2916548729172885
-0.6797776174643151
-0.3202043388583755
-0.30076295833844147
-0.36051900899913586
-0.3886947243813344
-0.3896682292859747
-0.4620074808102016
-0.15207708874779985
-0.3738381253042706
-0.4191061851503572
-0.4260611596517568
-0.5422162600844649
-0.45330531366138754
-0.24673285600669678
-0.29649404724167644
-1.5543122344752193e-16
-0.32046726643145207
-0.608860262534905
-0.26483255569330316
-0.3922454730439197
-0.4208288932973205
-0.6423224598393611
-0.8532137462132521
-0.2913514946865171
-0.2689527298097766
-0.4232980576955514
-0.316192084258816
-0.3618865857328925
-0.6234205247103671
-0.2455945316260503
-0.5138879970030289
-0.2975738784475466
-0.27647178307412335
-0.4773869142981104
-0.24550910520364871
-0.5423821712031224
-0.2839090178939306
-0.35073192106949497
-0.7037906158255831
-0.2604111803103476
-0.4509599755434899
-0.3411414231402214
-0.31817906017931386
-0.24008947955824989
-0.25287749706652984
-0.44624911399777484
-0.3956541645362793
-0.34967722078266184
-0.2551419171577569
-0.5624505278113714
-0.2911635820575324
-0.14177409113740416
-0.2065306047249117
-3.108624468950438e-16
-0.5231102472547351
-0.31238174197419105
-0.41052002108383834
-2.7755575615628914e-16
-0.37623538716529936
-0.4400970864619783
-0.3920152901602246
-0.4965935046193731
-0.3691573757192318
-0.5520498417996818
-0.3358875409355446
-0.20904943141211219
-0.5398845481692695
-0.36495590807975425
-0.5902865846753812
-0.2915441897919286
-0.5287780956015707
-0.3256465335075507
-0.33998369291234315
-0.3090262857334526
-0.37501350699944613
-0.555562026575062
-0.49708166841886753
-0.5039590648646829
-0.5167650232724285
-0.48793362961084635
-0.3473723734203449
-0.3840631518129829
-0.41552087578680225
-0.2602309475381048
-0.5057329392249209
-0.34041350413751553
-0.3697957900323522
-0.26309979441622305
-0.5325183985015426
-0.5500427462548063
-0.49993456073978654
-0.28771642008013965
-0.21033801953427275
-0.33409475715080694
-0.46960813059351353
-0.44753292797652827
-0.46576874286951747
-0.2480920636743614
-0.4198549190874064
-0.700871161679847
-0.463064869156958
-0.35994192730105046
-0.25358382366640647
-0.5080553981331426
-0.3406067107614266
-0.33279750039396533
-0.21861474495191
-0.35495576581304333
-0.5443786604177956
-0.5791814634455841
-0.48888757525928217
-0.30301943741417586
-0.4741995330937565
-0.32027088016811306
-0.42387300054751265
-0.5396732959666957
-0.3296164881943407
-0.45897013893190775
-0.7865562918457398
-0.35641019051381484
-0.39957864328413994
-0.31730054401513846
-0.41207762651858176
-0.31776658367380184
-0.20878875554490325
-0.2633342461644565
-0.5055185252908042
-0.21516775624655124
-0.5114861719755789
-0.3072879334852637
-0.5748572143968845
-0.2549505329322004
-0.5268473483088608
-0.4937816775669316
-0.6818217191914218
-0.27251712504630077
-0.36652509649095805
-0.2701738777257351
-0.2358223790858688
-0.375432127775922
-0.4462939934757721
-0.4051675632531543
-0.37219814318372796
-0.3752455432121323
-0.3642271899955431
-0.4991468652224383
-0.5323898652718223
-0.30600880120001733
-0.5405976065060111
-0.2823783239737181
-0.33420495532555555
-0.4654653942573353
-0.4248982015726679
-0.46458505188461857
-0.37815808192533384
-0.29989574529676494
-0.3047084480240851
-0.4513414049840218
-0.24076437339958137
-0.48284316077609835
-0.18121181293818486
-0.037473621340552696
-0.27636086983747155
-0.22907275872244304
-0.3828158342021494
-0.2422498071096228
-0.48768012343963585
-0.3838242151603841
-0.16157277922659166
-0.42696882002886266
-0.3361314665707369
-0.23162561713022342
-4.440892098500626e-16
-0.24936677755598344
-0.24357325270492064
-0.41346552159413436
-0.23686918333302848
-0.4590394260587501
-0.2606289016971843
-0.35544522999397077
-0.5834920870651571
-0.4076640662035551
-0.3227979196663582
-0.4360220159969944
-0.6093773963715332
-0.17030979088795054
-0.27135721320651723
-0.1628413556056428
-0.5679306585747272
-0.45086570590945857
-0.38433903288476434
-0.2721098950014146
-0.4271721731900703
-0.3831629261110752
-0.16917258514701997
-0.531083430076378
-0.2734026309980378
-0.5222073773470906
-0.47734731248988077
-0.6071084821964774
-0.31276290652712146
-0.327801477970138
-0.2581943213418751
-0.35613060127722157
-0.3391170666623789
-0.5673608742755473
-0.340225407118028
-0.3258594170887873
-0.7173229169234259
-0.3586427484787204
-0.2851880545860178
-0.2664261498435607
-0.37190230628801313
-0.4988318650403709
-0.2778145828126051
-0.3715269153862123
-0.15609362840772828
-0.30367267670277825
-0.4511815005207869
-0.4987054282200746
-0.34147600982516224
-0.42831121432483565
-0.4640767586461102
-0.28107409998819743
-0.46313856462681646
-0.2880196781925358
-0.3626112888130716
-0.29959721413093676
-0.29876901773917597
-0.6627008878526113
-0.3303892182220039
-0.5577564803716083
-0.32259261861775407
-0.29373659800260166
-0.1974531103738652
-1.7270135938613544e-16
-0.30165615129338164
-0.24858715434120346
-0.3145389798172077
-0.4863360664035441
-0.1926177155464343
-0.29209449483377126
-0.2180671566656943
-0.3472217919512588
-0.26386580535082016
-1.9984014443252816e-16
-0.24931494024400622
-0.26854936316625666
-0.4934067944557315
-0.4140032299878791
-0.5503778963412224
-0.11773979300464416
-0.29843420982171043
-0.4555408430368542
-0.33211828956016554
-0.1982327014430248
-0.37619264515375533
-0.29364845567903647
-0.5576919783124322
-0.6602373089071835
-0.41321552381602444
-0.27133279241664654
-0.5993238873679639
-0.20627565154296396
-0.4063093776794779
-0.6703001704770246
-0.4744449647772781
-0.49493803637056943
-0.52485361067492
-0.7358286686954654
-0.329310007252133
-0.5505449097497714
-0.4627257269541858
-0.6746108910837214
-0.6618821907651187
-0.526355806738381
-0.15773853644716296
-0.25304409946584483
-0.25841777413013356
-0.650613196075535
-0.39000667946381623
-0.18908897342093106
-0.3694477611605641
-0.5293178852921955
-0.6934608207981415
-0.331138006742744
-0.2837397105578071
-0.6292933599868626
-0.49025593436677684
-0.2592045743705429
-0.3263902152149244
-3.4892723631076343e-16
-0.158125737363172
-0.3148835667763666
-0.39995731984651006
-0.2604930108693365
-0.41946561108817515
-0.4712253094487714
-0.3969388664547562
-0.6262336488374979
-0.5815389223873988
-0.46836754095905153
-3.3306690738754696e-16
-0.5476734895900058
-0.5353824245909784
-0.43572401770155145
-0.6315709203212986
-0.3683723728857435
-0.31393079720390776
-0.6030460287686619
-0.45492832251872484
-0.43561966554616066
-0.5236805914261666
-0.6008893087380929
-0.6649169109875558
-0.29306850276977203
-0.37815053824844597
-0.6502474583473914
-0.5860408753571512
-3.9968028886505636e-16
-0.48215829740850846
-0.5953367054570133
-0.3605842344637936
-0.41194495466738085
-0.2954555775939751
-0.8073427374862477
-0.18344025694950672
-0.5274377244187797
-0.32920608258811584
-0.46069548063398796
-0.5329960269044107
-0.36504957799004445
-0.2964422817935162
-0.3066781634275713
-0.329310007252133
-0.3533253906351672
-0.5666320987602796
-0.3321963896326239
-0.6260712658579317
-0.3691905731132338
-0.4494851930707469
-0.46875328764110646
-0.32294850124713553
-0.13060310710725076
-0.22376305732628865
-0.15639344671948147
-0.5323538891530435
-0.2844068907744971
-0.5751002792166652
-0.7725640238886303
-0.4226881496759298
-0.4727903316288761
-0.5491736890286291
-0.4035338262980289
-0.4959682164135143
-0.4683315251316712
-0.1963741861239878
-0.5373370176015059
-0.5894758971169964
-0.5088068524710878
-0.5008704109923603
-0.4748683866965556
-0.5420730201056695
-0.2179351254077352
-0.40601537472344185
-0.4016150789526246
-0.4088720266734708
-0.4492483909739459
-0.5099405004392539
-0.4064628669624038
-0.4999720701989326
-0.5148220881406627
-3.700743415417188e-17
-0.3540339758607342
-0.2754459905930503
-0.5334211798572888
-0.3589471509352004
-0.417826389787682
-0.4577863884083275
-0.4948402865679798
-0.5627840236131998
-0.5864344995189417
-0.6351693318052158
-0.4893354637753478
-0.47882179976054345
-0.6130999604336175
-0.7422180013928409
-0.5492443550467828
-0.43470255625215104
-0.445116885369018
-0.43084683728256584
-0.671961959655149
-0.3900907147776707
-0.42494157733027327
-0.40217203733039897
-0.40182332129140935
-0.5662844147291586
-0.4155688531474189
-0.5041385813182939
-0.4050721729852575
-0.2733697042361855
-0.3924823612736714
-3.3306690738754696e-16
-0.41307372144760723
-0.44481837875147184
-0.7156641783551552
-0.6632016513194741
-0.621605349960939
-0.7148860197915735
-0.5637672365401094
-0.4816377504353381
-0.5417417616501257
-0.40466748261565566
-0.4074178677400468
-0.27838544856423364
-0.669082138583614
-0.31554665318610187
-0.20768930815524766
-0.5684884965934863
-0.37291072795053365
-0.49202573770547364
-0.5086879812610567
-0.2955484789829224
-0.3849839942430672
-0.33586007817669034
-0.36487349223943694
-0.39867318318071976
-0.25208750186072576
-0.6264276212612769
-0.5974711275470929
-0.506830617519509
-0.5329529494809266
-0.49948027534146006
-0.4495452797254469
-0.3700340311995561
-0.1616843240723797
-0.38910741183785746
-0.29491203824124573
-0.30659914168977054
-0.39528451801127057
-0.3559355169330051
-0.3964907418748232
-0.5089814644731178
-0.4932058094219473
-0.519038899759793
-0.5132326820423203
-0.3019849358870519
-0.37244939434887037
-0.5156198687676504
-0.3774666662389511
-0.501180642568301
-0.5150702259990729
-0.43672119091173045
-0.5194783687698924
-0.5066050788516734
-0.4862396733777257
-0.6096202961248947
-0.5347032277059169
-0.6515833492025968
-0.29055295705796136
-0.61398523285607
-0.5749213195030982
-0.41644779872493015
-0.2673014869686932
-0.2735026649893793
-0.44071569754550133
-0.5449879196480762
-0.18539218935171792
-0.49620067579890503
-0.32306738147354475
-0.7681402715540528
-0.5120533117175223
-0.713315041471235
-0.3532395322231234
-0.4684198506465626
-0.3359860143318024
-0.47204625491124114
-0.5008226327753016
-0.41261826083183983
-0.4500282364462833
-0.4863344574877813
-0.43538515445152537
-0.5014843449329289
-0.3815447324286778
-0.7659044689449092
-0.522932638408752
-0.4582193368018587
-0.28611514901867924
-0.3957380924206314
-0.2642734825012472
-0.41859261765911066
-0.5519287993161952
-0.625675150157394
-0.384133227550813
-0.5588281932691435
-0.3484347431205744
-0.7792571019983986
-0.41146432652246795
-0.44551387534734543
-0.47975380947034185
-0.12087849515508894
-0.5751301438626237
-0.2143811578276415
-0.21105572785184404
-0.3393246209581885
-0.11492641497413678
-0.43840210988259
-0.5088068524710878
-0.41207159123638176
-0.4363708306056697
-0.33184073407935477
-0.2488523117798161
-0.2840426228052193
-0.405613128646899
-0.5415116083245771
-0.4208925949410167
-0.6103012463614235
-0.16120269895970224
-0.4844722511718777
-0.3196911740769691
-0.5359903803646578
-0.4434369783641616
-0.10524950916032226
-0.4285348732331659
-0.3125197003596485
-0.5228686933853984
-0.46729947398245636
-0.4264765012437918
-0.42716299972309446
-0.15618034261163455
-0.5121487896778214
-0.5698058540814698
-0.21252727081346523
-0.43340438007042514
-0.2852485501042861
-0.3444204524075376
-0.42659377164071133
-0.25209252244744884
-0.40003428807811614
-0.6572210914328201
-0.4269555241817838
-0.1803753534605387
-0.38093745952828534
-0.25915687535508614
-0.30893336143049827
-0.40377719329679196
-0.4941375279370555
-0.4619006625356228
-0.32662864046983076
-0.6826857567177649
-0.2062276202086697
-0.4561754034010427
-0.4276956678065418
-0.28471626463820765
-0.5747382790860464
-0.4898648343921272
-0.5971397289542384
-0.39960995910504465
-0.5188125597619909
-0.21196158804495352
-0.3470737964597427
-0.3212381810492815
-0.6514414181834103
-0.33456421338819226
-0.4141256655191718
-0.4377137839360571
-0.3610703942321437
-0.3367690820381106
-0.2159090897904727
-0.4365974831453732
-0.4522949460448532
-0.6317760424649521
-0.42581784245210147
-0.6151721849480497
-0.5020303586795997
-0.5672192212137999
-0.5620170188339209
-0.4577657963429442
-0.86391932776361
-0.35953521238822017
-0.44739298010971834
-0.5519266319220391
-0.4471401282915202
-0.4569726991874791
-0.48513039510452577
-0.5760015057349146
-0.6219590259680299
-0.5093545965166654
-0.5361761529628957
-0.5621602112557175
-0.5755197355102472
-0.49762135524991147
-0.5586921847783481
-0.4657591892476991
-0.4695027481330654
-0.32674494714271796
-0.47878001401027476
-0.3828156536977544
-0.2220990504182444
-0.6167478161192272
-0.16901329388002873
-0.5546725238971331
-0.6186519929587545
-0.43606348578299653
-0.4935743948249609
-0.359526984536022
-0.24139974216306817
-0.530066056186149
-0.43312985178474656
-0.5727818613935713
-0.4848800348669123
-0.5533646699003578
-0.2448711520257018
-0.37193755578961607
-0.4588108457718337
-0.5656078724955065
-0.48445868470422715
-0.5561718896890356
-0.11319845912445557
-0.45253389068837085
-0.36770835539008384
-0.3487081909793841
-0.6895635726993554
-0.45991826772958166
-0.43738244224707806
-0.3883120044182468
-0.41689883169459646
-0.6515026116545429
-0.5581076204672971
-0.4795512531022288
-0.3969647909945569
-0.6042641163468778
-0.4727368244602246
-0.4544117895422753
-0.5486935235545393
-0.3423107461280494
-0.4685343383053652
-0.6125224375853356
-0.5848467127146831
-0.49027553950258657
-0.5719673969571879
-0.47589085965807015
-0.2784554647468635
-0.5096461052922993
-0.5440908452295822
-0.5088970465183805
-0.4637137689784304
-0.43474066498570163
-0.47689335621198115
-0.4643507420193413
-0.5319856944789078
-0.4552115940810205
-0.3852355633474073
-0.43569821567472916
-0.2348516045605182
-0.3964478097953728
-0.42760734011893825
-0.5824414321500576
-0.4825011013552203
-0.48408360483928914
-0.5552535611024116
-0.41415395278226175
-0.5535274687743665
-0.5665288794439639
-0.4060960681394057
-0.5155917021842013
-0.45893800459605044
-0.4756188432937584
-0.3255122336262015
-0.47141531191988084
-0.38623677564224046
-0.24849381623107036
-0.632106763906643
-0.6022750897602227
-0.40526431782527206
-0.5176425007163156
-0.13965595774845482
-0.5540648345538974
-0.3926398254097424
-0.49733115809987466
-0.28885177453126515
-0.22228986438789644
-0.23452919193317195
-0.4346995597582786
-0.5830011020778568
-0.5522977023384398
-0.23225857835001132
-0.5020162001362228
-0.16243366190589356
-0.7833748861150889
-0.43582301649692895
-0.6147728113696841
-0.36228336830873875
-0.611131038041104
-0.4224456239066706
-0.4905768806462003
-0.5200757315049563
-0.4207141237116277
-0.2931960600934923
-0.6671042828932763
-0.18402109359245944
-0.8079073167107573
-0.36054306806523306
-0.10797748382625001
-0.45492832251872484
-0.1317185274743845
-0.41837648083991374
-0.5196498536221198
-0.45060490814276355
-0.20373202293045578
-0.43474066498570163
-0.6898194165811157
-0.6756902070748203
-0.540538123597309
-0.3834256157482692
-0.6457928287303933
-0.46599782138190016
-0.4498051197800007
-0.31816400592563193
-0.2481393000069777
-0.5177084517306878
-0.644925240029094
-0.459327048402978
-0.48279384399388875
-3.700743415417188e-16
-0.2610692365279504
-0.2443448342486333
-0.5599597444211998
-0.6524170992921454
-0.5612230945356849
-0.35140175908839477
-0.42282281723137455
-0.48839252714649123
-0.256462683471471
-0.4357153618079714
-0.5016652702041219
-0.42401022048435194
-0.3968709571410076
-0.3906547734582112
-0.5258938623059789
-0.660789017542811
-0.3496644673799652
-0.3998567434282129
-0.5803528482881776
-0.7600592222670249
-0.48859430962707745
-0.654637212947978
-0.7229237319295992
-0.42555326975370694
-0.40341796531247204
-0.49445166675988006
-0.39079549410687076
-0.46914333222481686
-0.4479673825153823
-0.5048694486378873
-0.4429080724856305
-0.5343632038990008
-0.274161173108519
-0.2977832850844589
-0.32773173219163915
-0.5277958159745447
-0.49813374362720164
-0.4357061205875584
-0.5407324508083631
-0.5188348647480092
-0.42075225186862936
-0.5034896620417412
-0.3100671686482968
-0.4124970002716694
-0.04496149613682813
-0.4933420875238179
-0.20650457889909235
-0.24325157101763892
-0.42232828970367775
-0.22630573910740664
-0.2840816862386899
-0.2833219773157455
-0.4278008480713264
-0.4068772293568178
-0.3591622707028648
-0.23549572829153226
-0.5065378782946778
-0.28880379886538093
-0.5451485801397614
-0.26813061704193164
-0.06257407050546737
-0.5966770895747644
-0.33046585445938637
-2.7138785046392713e-16
-0.3553474077349072
-0.5563510140030659
-0.4369402434329867
-0.33882844542997936
-0.27229145474487276
-0.3869694510904197
-0.2718593905463089
-0.41462272927967553
-0.2097886569732317
-0.2585379258668219
-0.6062793320337845
-0.22100522763338992
-0.16032491290382309
-0.4670521545550503
-0.4061772725995163
-0.24810437377941555
-0.22820990971924565
-0.2909380614331468
-0.2266717866274803
-0.48024863637580256
-0.23704543712969797
-0.37731454785881885
-0.272482108854761
-0.28212613572676765
-0.13558955687965998
-4.440892098500626e-16
-0.40962769964214785
-0.7321427876960995
-0.31508259229256746
-0.2637614832099659
-0.23112982549312824
-0.2947345727720432
-0.22747562060734675
-0.33365764218783256
-0.21066444971315385
-0.3967552280077921
-0.3607249266706286
-0.370844830544985
-0.5564508174436443
-0.4121518927499496
-0.42922074220342765
-0.3243200478405851
-0.5259172256299999
-0.26873876345859754
-0.29201128714774244
-0.3623965914353103
-0.21658970265980138
-0.3118072203010791
-0.39065778497956066
-0.4564892442593186
-0.35376814201059514
-0.2958073488635173
-0.3568570315500988
-0.38026849453380057
-0.1852115318704618
-0.4315489943359648
-0.18777114803828732
-0.25913218228176965
-0.6184370372101331
-0.41060130654202326
-0.5796255640095739
-0.24931161212634956
-0.48141251442713706
-0.5884258689383792
-0.25936465776254874
-0.29875591524298567
-0.14950082367411532
-0.4049064840762983
-0.4349586292055593
-0.3226202653037881
-0.3893467417622276
-0.10713434876415279
-0.4240769135756258
-0.2738053011205009
-4.551914400963142e-16
-0.38561349133689377
-0.4138701702238358
-0.5444669697026816
-0.34803980946305346
-0.23325955827505163
-0.25087875133292037
-0.31294901915395124
-0.4346557953073656
-0.34583416076339324
-0.32022713604366987
-0.2458463582549209
-0.4276330299611384
-0.40219309934242464
-0.44370783861851737
-0.1242264544455086
-0.1374976648894892
-0.40445680668933803
-0.3942236597311287
-0.4238243395767959
-0.3674357558271541
-5.551115123125782e-16
-0.35473049337037516
-0.43431408823457096
-0.2947982327473098
-0.30983458579175605
-0.506173251154449
-0.2945652094141739
-0.3966791388994234
-0.43677831975980314
-0.2886640595593532
-0.15555682151200195
-0.007003016755332325
-0.4708437306746107
-0.45913205891514225
-0.33211775231017154
-0.39505943933047266
-0.3601858389219271
-0.20616914934677025
-0.21597577027355933
-0.28346847404772507
-0.4064782851273394
-0.39548812322755517
-0.24187810986596914
-0.17431543278082218
-0.4301139690215311
-0.5113066166335164
-0.21568736255543153
-0.19776062167388084
-0.5364438885684388
-0.24522709026254608
-0.3189854109405421
-3.3306690738754696e-16
-0.4503357603656866
-0.46505615667010736
-0.51544218919059
-0.3443189091430571
-0.40312922960768915
-0.30727498607298903
-0.35123121435694066
-0.7586564478747878
-0.1727503707955269
-0.5393279847323784
-0.38028562799219195
-0.22588453816228124
-0.5815058113307001
-0.47410745434922424
-0.15204354882760837
-0.41477216913173315
-0.5104618188132919
-0.2983275830779183
-0.2616583758496264
-0.4118282222014996
-0.2902744608885183
-0.5220464881907064
-0.27226129899981355
-0.20158491013562752
-0.562677168646927
-0.484387701073669
-0.21764814938414134
-0.31375979392951076
-0.3913692893430372
-0.42131144309297247
-0.41941347495218173
-0.20661495121594775
-0.4154415795757048
-0.2854879918056815
-0.21580184201677055
-0.5090903385219122
-0.4045875762892098
-0.18716525073060378
-0.2055951140724694
-0.5014955675583129
-0.31196952507685055
-0.5039795233175074
-0.5102383583875694
-0.22931101444999066
-0.34777921995120037
-0.4472221780655354
-2.220446049250313e-16
-0.2709913026143856
-0.2693396989663126
-0.7430324029497153
-0.5457058974542515
-0.31519228190024023
-0.17250879984493755
-0.13314973112247036
-0.13934581716667763
-0.46674061507536396
-0.07237212127541835
-2.886579864025407e-16
-0.3456454718012361
-0.4157870151455995
-0.39143840515173184
-0.2645661924458196
-0.6182636079286804
-0.12176195960736498
-0.45940938711761714
-0.4634514320410711
-0.02637419253873461
-0.13411239987800483
-0.38852444823381643
-0.5049147271842814
-0.4238235411323236
-0.35056517833286416
-0.18950897667424155
-0.37600198392480844
-0.3042408405900646
-0.3212086106210286
-0.30028391147440225
-0.2957328334599327
-0.30636115320486557
-0.26175801279105904
-0.344799456011005
-0.2728389675758603
-0.43877954874380554
-0.5708134216714554
-0.27195778735576925
-0.3557693960749515
-0.2934626264855711
-0.34698305392229273
-0.18912637355134015
-0.234059315748654
-0.31563649432791085
-0.3956359434352458
-0.23566266327939592
-0.1575831474229564
-0.4429333527779522
-0.41694005180361576
-0.4617230374050796
-0.4864878577709191
-0.426791632244547
-0.5025060975499394
-0.6212813050730531
-0.506096643150059
-0.5656022624029989
-0.24301057131889242
-0.10107142100122685
-0.0590541951259301
-0.29727673277633
-0.4087322873353747
-0.3015604626795283
-0.5036964016392932
-0.3240810159958177
-0.1810018829420303
-0.25088489007963877
-0.6502511350539226
-0.44586556820935985
-0.3396951586488183
-0.3101658498660351
-0.06416533988778722
-0.30078521414794346
-0.2692865080216503
-0.39056890864340477
-0.37418267480023315
-0.2257865615734701
-0.3460412511882235
-0.38549515680361496
-0.2488847619854423
-0.3116524728562887
-0.5354115435180995
-0.48339122030285003
-2.7138785046392713e-16
-0.4545635350478996
-0.30440914517727086
-0.006752461271024883
-0.48204994177145166
-0.4269696068852641
-0.20688948590193018
-0.36457868693169776
-0.4763780924861861
-0.18903424279890435
-0.21934303279503437
-0.4205925583699076
-0.32936471798941885
-0.19000760906046357
-0.28023193688348025
-0.3998581813660366
-0.25655216200872705
-0.3179979550561414
-0.5744119237013422
-0.4896017431198351
-0.32420638320942263
-0.19088919465041282
-0.46544076696754655
-0.19270945907477785
-0.11605469949208791
-0.3120028051335985
-0.5543227090931874
-0.5141915441056556
-0.3082330360035632
-0.2505471563426499
-0.18470155613183972
-0.2620083290179956
-0.46224563773631216
-0.25614982740814624
-3.229739708000455e-16
-0.5431821636580901
-0.516597900407799
-0.3801130419676937
-0.11528479275579152
-0.33451387177726233
-0.45153731955953447
-0.4357533104386291
-0.07580856645285415
-0.4009140195057273
-0.38790358501556416
-0.3181249446683013
-0.40178523703657154
-0.37339660847703604
-0.35403647177070624
-0.4616690326653312
-0.4158986488038333
-0.43223608575639544
-0.5376979195869906
-0.6240460099035535
-0.3059762402882912
-0.3972673170938236
-0.2545891246227577
-0.29829926903742293
-0.09882365249376995
-0.1242497453006125
-0.3661441717762965
-0.34107151922516565
-0.33889685599089947
-3.700743415417188e-16
-0.3697780655433848
-0.1882482910308544
-3.633457171500512e-16
-0.31842952865228086
-0.3035298327099605
-0.3357065544003927
-0.39722181184444316
-0.35432646725145445
-0.3636442571140421
-0.35229370183053466
-0.20838045909228853
-0.3624261721820516
-0.40355480076368866
-0.36022570279231836
-0.4478605590979353
-0.22658827731155745
-0.442218070438738
-0.27170735624214454
-0.35987480966702506
-0.44117445471953176
-0.43264983926837086
-0.25286933224544533
-0.5823858120525061
-0.5076093031349627
-0.3011833047991302
-0.3951567360162092
-0.6283158730328935
-0.3788802015419409
-0.5780091763377013
-0.3545407605298676
-0.31393739313437913
-0.4686364064248672
-0.4876804653460263
-0.26150576072223775
-0.40994753895485514
-0.16920492590518343
-0.3179154243231658
-0.41492083676284663
-0.4280817562350623
-0.2878137404241715
-0.39095140960067803
-0.265479391376835
-0.3329363403858449
-0.5745399980354262
-0.33332970521676186
-4.440892098500626e-16
-0.4727700099665785
-0.45896209104640884
-0.3731548606590377
-0.3014272409911
-0.4109350545199111
-0.2540368775770742
-0.3903431743737458
-0.36673825190917897
-0.3245000586643593
-0.3002722089663505
-0.20448807646030512
-0.4171228294636375
-0.24959231830917025
-0.6134729620125083
-0.18830589995816535
-0.3824821589159014
-0.4789541351809294
-0.4888679475605102
-0.17461307197762702
-0.40473766345724665
-0.49351574010994603
-0.3004965084962718
-0.6737115952034171
-0.4590263962354759
-0.5909622979670023
-0.5623697609915103
-0.3748981339272684
-0.35203518500123787
-0.3970187888932359
-0.5450187289161449
-0.3923609972434535
-0.30126102866359383
-0.2606825987361038
-0.3105869764165319
-0.46125004797458824
-0.375199435682078
-0.48837114198631254
-0.43928345512780637
-0.39988414965255287
-0.35603989131284275
-0.21136414806706957
-0.2840328576849816
-0.26220319064767555
-0.2757882031268497
-0.3489932969782402
-0.31643890478794445
-0.28487507332583967
-0.5566403526283258
-0.24098104568742176
-0.24299453985661235
-0.2404760574892522
-0.4162630732841363
-0.35051355039580123
-0.5197405405783917
-0.25852899933626505
-0.2611315030632979
-0.31167303120207374
-0.473308313685451
-0.31863214282369523
-0.5652458203846975
-0.24254772070884012
-0.2170198778907357
-0.3432114897087007
-0.44795402169934817
-0.31847151565669596
-0.5174507287540197
-0.42629810006409125
-1.9032394707859825e-16
-0.4322863209113696
-0.37859093202255556
-0.09171622503785429
-0.42387738764348265
-0.5298173671899393
-0.23275586441187118
-0.2108363320367505
-0.5698693103918956
-0.5442784878595491
-0.42710365736715344
-0.48926308642088256
-0.3519365686640315
-0.5605201423335966
-0.31503858004218044
-0.21249692434913245
-0.44893873748384516
-0.3716978584284212
-0.4713920493503415
-0.39976543879310467
-0.1333633368682388
-0.13697277645949793
-0.27483445648694016
-0.3861960165317477
-0.43276506195010356
-0.4180465456066787
-0.43786924356793977
-0.36176115574207635
-0.3032777221704526
-0.3578613028714336
-0.5502209613170123
-0.46102795438378685
-0.2599131443134096
-0.07677282796949067
-0.1878677964543077