-0.351160749956105
-0.4995357666545034
-0.45511490781900593
-0.3933704382050241
-0.46984826203639046
-0.4242598347103673
-0.42240478548211774
-0.3370433390838765
-0.4455284569502368
-0.5477182430627313
-0.5538267103746712
-0.5010778812266443
-0.5225925411670524
-0.44816753154143474
-0.36628369800150945
-0.6833006390413099
-0.38755414203329763
-0.22070027220997873
-0.7908649244517446
-0.09378932810615591
-0.24953639318024123
-0.2156336926711837
-0.29742747940833164
-0.4648906900482935
-0.3478471113735867
-0.3560816058853324
-0.332864050223439
-1.4802973661668753e-16
-0.2543042832476171
-0.336936746612781
-0.3277407182279125
-0.4572097763863272
-0.43989173881163657
-0.3939813174500381
-0.3346659568596375
-0.2506282407302599
-0.16234724662496602
-0.23498656694739575
-0.49185349180143534
-0.21251073773124066
-0.1650570840727623
-0.30810071951249174
-0.2550664392462756
-0.24216383745048461
-0.25458563767745973
-0.3460688857572702
-0.11281895545349457
-0.4336893845383291
-0.15733073632769076
-4.0992850140005777e-16
-0.19614899785358883
-0.1445263525218932
-0.3208465590370138
-0.23496359316246898
-0.15570375355628627
-0.24309867528193396
-0.09207716982209563
-0.09279740330098393
-0.4261963738965348
-0.3971333508742946
-0.36526284096156364
-0.3552797843394893
-0.30047732106998054
-0.26961045798760985
-0.33368951239049954
-0.405256293805929
-0.41671299998618455
-0.4579926637440451
-0.16575022395515754
-0.2854860278614955
-0.4278639341327799
-0.34391373073719106
-0.4300034552398183
-0.20019858204301155
-0.31990870254125947
-0.33930663163704816
-0.18501676609661158
-0.32906703905197016
-0.25806843811771774
-0.3902643777587595
-0.3186525269728999
-0.3111028756887203
-0.30735915511367495
-0.39138745698787897
-0.5471684160067096
-0.25387501208854146
-0.28139483779900826
-0.19897033220614507
-0.2649064297048993
-0.3604601501161569
-0.26165332541049974
-0.31314855206030673
-0.34004173664670473
-0.4629858267834508
-0.41374915231535286
-0.47426513248626545
-0.5772541647753475
-0.47946007793654716
-0.7087417764429443
-0.689940791286683
-0.2527880797502032
-0.41843066316507005
-0.5334359228147421
-0.6047350136892125
-0.507487514317605
-0.34125154517726647
-0.33284202465727847
-0.2837149813002311
-0.46416223731587275
-0.5020649323449745
-0.6580357217668176
-0.53139335227109
-0.34959677631359043
-0.4252383094228082
-0.31761692504292355
-0.2975371894056833
-0.5250176673178881
-0.328910633638781
-0.3609315343348148
-0.5695432591072562
-0.46925393586952213
-0.5082076005385519
-0.4043559707774327
-0.30846251681277104
-0.42884474834475034
-0.5895696390948808
-0.5185888632341821
-0.3476664525865397
-0.34754774912593916
-0.5397111206863472
-0.3545760111176372
-0.4303852429442298
-0.33181041011555773
-0.4344810752673021
-0.26122266390648424
-0.045811022812199044
-0.3268253877397251
-0.20527218536597444
-0.23704793044723732
-0.28049103341965587
-0.2091655441543685
-0.3793757479797769
-0.26415256170383417
-0.24898596951062751
-0.48493865865566554
-0.1224773051953855
-0.34372533393380317
-0.2868366630081948
-0.33750528848889033
-0.35665628877799255
-0.18210765059825634
-0.142779971255198
-0.15225784878167406
-0.24779848452190217
-0.3096770088516257
-0.08953650713986673
-0.10361252101035963
-0.07603360152891242
-0.4843228475135421
-0.3736571597633911
-0.3504969678813878
-0.6224615921335387
-0.5162602301576587
-0.29759009053846075
-0.4406255936605319
-0.4403200337952932
-0.35063878502077256
-0.4351335285356476
-0.3998434100047726
-0.3733146724248191
-0.4119771546078521
-0.4014979746446564
-0.3046864637651726
-0.25911869971474444
-0.4672990519975333
-0.33951609809937444
-0.4137359646485339
-0.26991994616316856
-0.27664099882743415
-0.27351967717102876
-0.38188544861275536
-0.30883429450711486
-0.45774947480257816
-0.40281864311959736
-0.4297991655776433
-0.4519726650221699
-0.5198405537439478
-0.48234690428118376
-0.29357162632634504
-0.41910244497852456
-0.3563385903518728
-0.35651945095404386
-0.2396545119214133
-0.47159160678376383
-0.4459479026357883
-0.2079920269469408
-0.14895285457820936
-0.4760651870512236
-0.3811151418147123
-0.37072073392621463
-0.3052525529284814
-0.3545804781031628
-0.4307752653738318
-0.39875387237878435
-0.4720620311158997
-0.44073289507984664
-0.2671377242096579
-0.36407506214965707
-0.667484621443834
-0.5066742612730535
-0.42888603626100036
-0.39635731525536216
-0.22434736612648448
-0.4073091981450446
-0.2795382545064031
-0.4139166535457926
-0.26499574756778843
-0.33166051947172726
-0.46241562041191603
-0.3401542955396451
-0.45904455634818786
-0.31135784850916126
-0.10701730281399992
-0.3919975413774321
-0.534635750278338
-0.40247936803200346
-0.2644731157535539
-0.4983300288414158
-0.41507038975477256
-0.3359972345143681
-0.4376840929021883
-0.22937784619097926
-0.48349384292233744
-0.44214573743025654
-0.35189360598658975
-0.43905876057471377
-0.19878220344263697
-0.23383572460534566
-0.22755245864588736
-0.16662704868078637
-0.3113370261245575
-0.36091890924490616
-0.25757575842953523
-0.31693994852747825
-0.3245909432651883
-0.32548736783318544
-0.28594913864847754
-0.3210754075185656
-0.4141170368973494
-0.29862493037682997
-0.4559010799363374
-0.25845091492829797
-0.44160967100747245
-0.457641982971332
-0.3055347928088023
-0.4807099074766718
-0.5407252455015451
-0.4850415787468782
-0.3604797646126649
-0.5176967071557338
-0.3746621553250763
-0.3347815918107228
-0.614290057326889
-0.3657730100813719
-0.5161113412131907
-0.5650013982734259
-0.43758922959850854
-0.5454320296377204
-0.5020148320897257
-0.5901196304958103
-0.49146185103932244
-0.516441163451452
-0.3553232151913776
-0.37676409021910606
-0.01313637133931302
-0.09308858084745192
-0.01659997286609147
-0.22189454688157492
-0.1584236089762874
-0.16975581911600696
-0.07987318347502824
-3.6377520381334917e-16
-2.379049338482478e-16
-0.5304544313306591
-0.3854332746550867
-0.17639445366786297
-0.09183584875824924
-0.31517104187386313
-0.19951208418156052
-0.3596821507131872
-0.3774209159706471
-0.24972873943408383
-0.32206969694401194
-0.41585379153512736
-0.32239469889141575
-0.3910345472763855
-0.3379567098915526
-0.19570044918962337
-0.400955450836785
-0.04609262735853346
-0.2321575942686297
-0.3667181815598688
-0.2802447370295381
-0.3114898867206538
-0.27127000112686794
-0.32959361142885607
-0.3675022356849457
-0.1301496451274629
-0.25967695855053446
-0.16529145184783833
-0.5151449375655686
-0.2208184728149114
-0.47049885783854717
-0.3942659763367903
-0.31451548676000984
-0.09136205051524668
-0.2816667610953708
-0.3066007313547835
-0.2351743376774174
-0.3694861626062982
-0.19373795266847305
-0.34229819916636656
-0.29504089961825003
-0.20437422023608728
-0.33696272367872465
-0.34799768430311767
-0.41855086812526654
-0.595537383936752
-0.2507884316495129
-0.4533030532374782
-0.39884990108477364
-0.37350809061780854
-0.4434688175237357
-0.2573774877856379
-0.19724161981582358
-0.40779943134130564
-0.3281760352000248
-0.15964410257359343
-0.4386805906332329
-0.32731105530291216
-0.3718761337365344
-0.3559675289218444
-0.2973711916791421
-0.1426328986581073
-0.2067951296857558
-0.36482760915238027
-0.15335841644931086
-0.5392350670576597
-0.4921537720170367
-0.4365453063797457
-0.25030828287847084
-0.3519450401505409
-0.3962813980722643
-0.38319268295883996
-0.2944033561832296
-0.30994066555673666
-0.12745232312093413
-0.20671894983313813
-0.24870430797381302
-0.24604421614633876
-0.27803289412462034
-0.20874153063048878
-0.28528110236204857
-0.24259611377159812
-0.3869599133714116
-0.3690664672826844
-0.5052616427890831
-0.4137842697705877
-0.44879640685638533
-0.3471542233931315
-0.28109229085753146
-0.313531360877693
-0.26986354874621465
-0.4574196307738075
-0.3608186063748123
-0.2556058056983305
-0.17447072439534111
-0.22940292973189652
-0.4043994224023299
-0.30790110363669304
-0.0879974482976067
-0.16230883308921773
-0.45244175682745597
-0.21589304801555054
-0.19131449385582652
-0.18945519791624657
-0.2751094805107537
-0.40915091562098943
-0.3703727346922282
-0.17485208548345968
-0.15595369972999623
-0.3849095458578016
-0.34595277278605624
-0.1781592132595642
-0.18256260625115514
-0.2622272565855854
-0.3354338804025318
-0.1753261291299834
-0.0882587117843054
-0.22788465403811342
-0.24747739783097164
-0.27528564790970633
-0.367973999252443
-0.2561635230385892
-0.23567927112292614
-0.3110665769781144
-0.24656034865762919
-0.4532507915973457
-0.21439783699452997
-0.2725647135993977
-0.20505859335540472
-0.2520054635804876
-0.18284938712098578
-0.3729292999347682
-0.13042126515651747
-0.3321525648552893
-0.369942603669917
-0.28897811579462085
-0.32929646531266504
-0.37955806349887306
-1.4802973661668753e-16
-0.48783198358651164
-0.47271603575989884
-0.37217751583743564
-0.2501249154574429
-0.3322795293826013
-0.3092951532398671
-0.46285929487271416
-0.417829461026055
-0.38496300966456815
-0.36036540468905026
-0.5655388660717217
-0.35334649531438417
-0.29143088122353883
-0.44837272044164606
-0.38735042395278646
-0.3605430173202047
-0.38050689259881487
-0.34645160618609416
-0.41209369006607155
-0.5622639065515735
-0.49982692830256226
-0.5438225811512992
-0.3214942573922567
-0.3981406398332332
-0.36341346596561985
-0.5175893307672028
-0.2782634708220373
-0.4610728981638658
-0.45365553773198813
-0.36453641369947154
-0.3139898669914228
-0.2009351845403977
-0.16168524120490738
-0.30749909797100783
-0.15445932307304752
-0.14562988177270011
-0.2762038128617374
-0.3905670454519238
-0.5258800211761778
-0.5028409531365517
-0.5095451824362062
-0.5584959502965393
-0.41682251473284854
-0.670285812301139
-0.4519928061972007
-0.36918868561253115
-0.38447011640528306
-0.6534492114258389
-0.501787955874438
-0.49834403801082355
-0.22695269256296047
-0.2991825023342766
-0.31568062996928964
-0.26446780425690675
-0.17369903088970684
-0.10049394087842103
-0.1087838253593646
-0.25666399530921963
-0.018899964874907804
-0.24958247325844427
-0.3157239423677495
-0.2208259449696666
-0.4354763512897136
-0.33690482792143855
-0.3163578612793784
-0.24580953704445138
-4.3554903273756134e-16
-0.11824198138772901
-0.4885814444192724
-0.15863095979710312
-0.1055784615404735
-0.2957833136449536
-0.1727155379745701
-0.2618001554431481
-0.17762229845097552
-0.2992022498293475
-0.2835941411891932
-0.19253489789846076
-0.20910822732029385
-0.22578735220182472
-0.36045844873855937
-0.26315491785769374
-0.33362497041804173
-0.3187238731803453
-0.28062339116398105
-0.3030980541358445
-0.3782658243948842
-0.22366883452184627
-0.33846353443494986
-0.15773325276688266
-0.47307650087587794
-0.32395656464279965
-0.3318930916914962
-0.3948334590224708
-0.25857274941425096
-0.20838978475865896
-0.41264146616151565
-0.17776101360603228
-0.34368258782025696
-0.4264787999362829
-0.4506688081805405
-0.3189551734310424
-0.3604389844485384
-0.366274574129692
-0.4981574502161857
-0.23299620853490544
-0.29850108970722095
-0.41270181411129225
-0.42018737315869703
-0.08899962277845025
-0.40087885820612
-0.5054981253230127
-0.25777669685847626
-0.27448829175090117
-0.11884037516155796
-0.34813985340704684
-0.39646072852998737
-0.441426522491002
-0.22622304016976166
-0.3653659261852116
-0.4713404044180861
-0.38315437623899656
-0.5117994292052899
-0.4706867211720587
-0.4199629112496307
-0.3613325470292519
-0.3776740970215422
-0.5854219805505483
-0.42947454617154335
-0.5706714201356742
-0.3129584841929878
-0.2797212475363158
-0.2391365529835626
-0.4153773754122544
-0.44242039279664286
-0.3905861872290249
-0.3319818728108549
-0.3612660781713567
-0.21839019161192913
-0.2745294415592954
-0.10597501658690629
-0.35428877614080706
-0.3716346819641855
-0.3791960077444375
-0.30004715641575325
-0.18277459868956275
-0.39389727000432867
-0.37583745153640935
-0.39430614917848816
-0.3787559382380442
-0.2982789193731269
-0.17184162567008526
-0.3878109954735134
-0.5182199489039963
-0.13321943583837612
-0.49432903207203543
-0.44705930435939417
-0.2932365064403442
-0.46352656728528274
-0.3095656964973107
-0.4830140585262941
-0.07829194673376641
-0.24737166896029034
-0.14699506032115645
-0.33657956712304693
-0.3035945819175041
-0.09135790542758418
-0.3231362548161651
-0.13941613548651113
-0.5144920633993796
-0.20133103489610932
-0.19224534084481357
-0.28437549534938383
-0.0998933844106013
-0.18487600169185164
-0.32648498139707327
-0.3105711942555502
-0.3439233330776861
-0.3785025070059146
-0.1515989677367759
-0.31915821768289787
-0.32166436357304
-0.36665155635284385
-0.34435118278004634
-0.21493594976655223
-0.2710967827094023
-0.27735856705967044
-0.637824447630452
-0.42542228256902026
-0.4250040393737976
-0.5605569202446923
-0.35675442376523503
-0.38038141023069577
-0.264346382043424
-0.43946974970027297
-0.41070850923358326
-0.3503609688255675
-0.4617594618894501
-0.44847784048975475
-0.42194288732101976
-0.2531351526916311
-0.15674056033821163
-0.2598465452773525
-0.23825845909233953
-0.37416456654634955
-0.20328366103957404
-0.0735692950630443
-0.29399364775608483
-0.29059259685688543
-1.1102230246251564e-16
-0.13056635280736434
-0.29060325521817754
-0.2697339494694905
-0.32335700823692465
-0.528215590021582
-0.39229430069702365
-0.24257251879488345
-0.2903765555937666
-0.3058674758865664
-0.12013423776577209
-0.2501376602148384
-0.5551979478096766
-0.3164730890870864
-0.37603472788167397
-0.21899484784645495
-0.4390691336184811
-0.10835600696280563
-0.43108361662989514
-0.21595843430328215
-0.6180049246168564
-0.4809697093475564
-0.5149484805903858
-0.5576825876803816
-0.45826472722726486
-0.5108266575151963
-0.5944792131520712
-0.351913158692484
-0.4253199538639498
-0.5487202472786518
-0.5645082180188907
-0.42956930952352285
-0.5884022695661546
-0.4920877674493208
-0.3651252934729243
-0.8007961806926318
-0.3616981418903333
-0.1612337969312824
-0.7736462241972737
-0.17900314771639927
-0.26973841928281145
-0.2372814173070881
-0.3599258785535155
-0.5141722504340118
-0.25113687208261654
-0.35681825370569065
-0.27809620295608534
-0.31394224077861427
-0.22769308273790356
-0.29896808478566944
-0.36653345766131734
-0.2805510170296855
-0.41973089914415834
-0.30331734481542577
-0.34525731929006687
-0.2506282407302599
-0.164590726034551
-0.3119779147321277
-0.47463483700172165
-0.2045175795569577
-0.13489937623934212
-0.136331890840426
-0.11821843038848594
-0.19710210218556762
-0.12159531491699314
-0.4163043348921042
-0.11281895545349457
-0.39052326771862045
-0.19374952912962223
-0.13989218567545567
-0.1414935467352119
-0.1439479348072894
-0.3199935339978455
-2.7328566760003855e-16
-0.16817329385436738
-0.11215873757709961
-0.09207716982209563
-0.22833374660495698
-0.40336211160276425
-0.3971333508742946
-0.23396728336354128
-0.5022882893461721
-0.4428550383072504
-0.2809467370905509
-0.3582980645961444
-0.29456377447775056
-0.3427374129104566
-0.4411412188430317
-0.2847632306222203
-0.3548093027951194
-0.4012585121476004
-0.3824512151561076
-0.3947740956543043
-0.2746419900435261
-0.32646540228930104
-0.36355735793025545
-0.31592878011011355
-0.2717724484287326
-0.47124291309444527
-0.3797637333114449
-0.4701171842354564
-0.30036005583991804
-0.25829012161553766
-0.39138745698787897
-0.47259417267865533
-0.2170829074533674
-0.3036285255940525
-0.24313286535269532
-0.26321979650047994
-0.45453287611837184
-0.26165332541049974
-0.28333967601620685
-0.5611723858808525
-0.5070687815903111
-0.43600345877704894
-0.4147387462072968
-0.39711015759991586
-0.5071014427646309
-0.685351792950176
-0.7524387641986314
-0.2731019340839637
-0.44647067174465865
-0.4893922159640037
-0.5511330588279786
-0.5662005728841518
-0.41056435633192684
-0.33957371294748107
-0.2539242723357324
-0.4956835011436539
-0.5553328115639109
-0.6601275837303836
-0.5627607194062558
-0.5151220861806136
-0.41265555017010924
-0.372318469559044
-0.39325291374062543
-0.5957341664558627
-0.4228487388151398
-0.24270289788708335
-0.5753110208399416
-0.37969498826801623
-0.4855296330285543
-0.32738676818201545
-0.373812957992931
-0.44518004426035307
-0.5282916885800275
-0.44598399165251007
-0.38805326767564374
-0.3824747068197053
-0.6349742984168893
-0.3397458180685767
-0.3400104297026276
-0.35078009057336856
-0.330056846610803
-0.21955743337805544
-0.048621738750101305
-0.15720787178855758
-1.8873791418627663e-16
-0.09903415401911021
-0.2641038503420073
-0.26747565915379
-0.2848263618383414
-0.24298782055711582
-0.3216411812437159
-0.36356942023385996
-0.10533127696718739
-0.1889525984365592
-0.448386106336218
-0.2809567541632337
-0.3683882169053507
-0.14677731063147414
-0.20236265894871272
-0.4664616865030832
-0.317528058497599
-0.2698937517715844
-0.16153060281701384
-0.16165624285509564
-0.1371079529211405
-0.5216327995317132
-0.3306706024631761
-0.44784017863804115
-0.6518802458632725
-0.5285903233210012
-0.209882973604781
-0.5532703757112328
-0.4102644811677852
-0.275337097223013
-0.43497037597142607
-0.4132744931056409
-0.3641755354253639
-0.47498941249152493
-0.6276714010093195
-0.3525360023189525
-0.3208315293238997
-0.3946393886711106
-0.3625926864505798
-0.37481424304448313
-0.2545367338690867
-0.18248885998534567
-0.3320804619674118
-0.3181679931441994
-0.3440185759431853
-0.4817393905088566
-0.38353678916824063
-0.43210260861809474
-0.3204052027918501
-0.49453935812417815
-0.555751270250497
-0.28194417936368477
-0.4225739995897987
-0.37040096532608585
-0.35966237859685884
-0.31685888839444115
-0.5202048121376351
-0.4459479026357883
-0.23992948853231566
-0.3913091038211689
-0.5511530051813655
-0.45810551833558555
-0.3702693480916899
-0.3634495073606631
-0.2530198464152299
-0.4492317956829983
-0.3919903859967165
-0.4452144350132476
-0.4586430302513012
-0.3459963855446527
-0.2856696748451359
-0.6045435948313125
-0.4647021321947653
-0.37011236248402246
-0.42453672286705707
-0.3727555208643059
-0.5881227178259424
-0.3105557365237544
-0.4999883981225649
-0.31741958351812694
-0.21130920156405542
-0.4730608168688042
-0.39854007919586487
-0.48745110805094827
-0.32792830882609464
-0.2154054665506499
-0.4078882230269009
-0.5652333267291009
-0.5193026698565703
-0.32234667868142547
-0.5139166052249305
-0.38020663076355105
-0.23619485576561958
-0.46181682941886654
-0.16720403299582443
-0.38311142655508057
-0.3981172215261169
-0.41604067357782765
-0.4522844647271094
-0.26294149178568216
-0.1763557121219966
-0.17666370052682887
-0.16022551974701155
-0.3232952802231386
-0.19971410276383042
-0.25797301802132433
-0.3541154859923616
-0.322565564968038
-0.3530947385455785
-0.24121892773766393
-0.33110779633481235
-0.3594568880926021
-0.30519180911946797
-0.3437871677289211
-0.29977466423779475
-0.4039224082799952
-0.33780258755095005
-0.31865968852111815
-0.4713727947729722
-0.5330805226754944
-0.40868278913242884
-0.32774971411051906
-0.44211554444440376
-0.26908322703331955
-0.399076479803562
-0.6650701905363297
-0.3423953256580159
-0.4300424988279243
-0.5984217792348067
-0.47018997036921445
-0.5207557818972214
-0.5164719259561873
-0.5399463811547476
-0.4689225333355609
-0.5427057352011053
-0.41976176865728704
-0.43005290386656697
-0.14863164152609534
-0.11767198307730864
-0.01659997286609147
-0.33231195165152433
-0.12135429391487842
-0.2203639406218094
-0.2123166875675257
-0.06993439749366334
-0.20104692958406273
-0.3713201852133795
-0.3191503340106494
-0.16665488467071668
-0.2264425770557624
-0.28787701945634275
-0.12411132692789939
-0.28179299162318816
-0.23706146833257696
-0.18374017672633328
-0.2656535648511946
-0.2500505140256874
-0.18038473326320897
-0.2830214131373381
-0.27302082183656695
-0.19996767031984192
-0.400955450836785
-0.11757149625526181
-0.2716632147073152
-0.20277370682625004
-0.29079916170594367
-0.41525156675966163
-0.3096229394289997
-0.29106053219454625
-0.42819020135886665
-0.11333493707765066
-0.3125532139709315
-0.07814474161764377
-0.4351172159074569
-0.2205076705989844
-0.19438315159674496
-0.29479199090588937
-0.3652215849487152
-0.2921270506053633
-0.2985855431214398
-0.2692242893338399
-0.3152473481622256
-0.4219037098096876
-0.19373795266847305
-0.2966355447685424
-0.18024908393049613
-0.14366116664308612
-0.1809704097978716
-0.44547614333178526
-0.805858005893187
-0.4994632898830673
-0.25038967580112503
-0.3736834758063309
-0.49827631308081166
-0.4011635883285324
-0.37923028814068643
-0.17083976416541183
-0.3082411461392504
-0.2561949825272005
-0.24366127656729436
-0.1051600923576657
-0.27525512966324656
-0.09392455667291691
-0.4028140946263501
-0.33735982350021665
-0.40034949254819585
-0.2129476786540661
-0.21683453732824487
-0.38930164630662606
-0.23092936961781646
-0.544390614338438
-0.5867917360935084
-0.4218039513545077
-0.13862237722659665
-0.5129568069168675
-0.543142681562486
-0.24231217229833965
-0.4269859726084636
-0.35111840078495954
-0.22087586599803938
-0.16922230087711035
-0.249758533059306
-0.2563689304241475
-0.36605269312763233
-0.20874153063048878
-0.30012224333104587
-0.25990677898468756
-0.35940282707025945
-0.6069955943631554
-0.5332332195659323
-0.4317268031551067
-0.5529102315228177
-0.37437020025192214
-0.28109229085753146
-0.2770875553991583
-0.3293470302721864
-0.38862021146420805
-0.34815129787568705
-0.3689093732446782
-0.19005750158727325
-0.33199909841745967
-0.4373665775225382
-0.1762708874051574
-0.20191506783645294
-0.12997882373766406
-0.185153754256946
-0.0790611925798618
-0.16811533207095142
-0.1366016111660733
-0.06719578115436425
-0.3922704134919037
-0.5109631684468222
-0.22172122341371486
-0.3205652480282315
-0.4107551333156449
-0.35219809410077174
-0.2427583740374138
-0.1959423183075988
-0.29397846384282705
-0.371454032449294
-0.19695027040564486
-0.19358368968891987
-0.27193775494059585
-0.22365606769702578
-0.26852693499508395
-0.3863993643580339
-0.4317640481642363
-0.29492577202103143
-0.3234471883971421
-0.2409974378882444
-0.4467777099144163
-0.33330103653676374
-0.36255006808041207
-0.2669102397589015
-0.328475608169822
-0.17101856611149038
-0.3334843964740078
-0.25626758616294465
-0.367247891855819
-0.3633078080260094
-0.2816224677140101
-0.393608522302151
-0.41559846499935144
-0.39996821480724576
-0.47001269798885026
-0.42079151400727266
-0.34964611351842406
-0.23329447264101733
-0.3616238556286005
-0.4274750538229482
-0.38993013360105133
-0.3995432615640905
-0.5613545664864475
-0.3643655738793863
-0.3110907335240416
-0.2819121251597886
-0.17735517624200225
-0.47158669682069077
-0.42561122876505786
-0.3623535508918005
-0.37184458922005587
-0.3278224480842178
-0.4343922602351514
-0.52721228188041
-0.5510527058235256
-0.543977880438724
-0.3555255884238662
-0.42128907601199683
-0.39936730382203134
-0.5069610165077242
-0.40549998631638384
-0.3991647493992837
-0.47603362336211014
-0.40415777152765797
-0.20911404230214792
-0.17726423728580312
-0.1598213744126728
-0.21248643443314316
-0.1583393139694418
-0.15278045973637147
-0.24959424486114326
-0.3564400429388885
-0.6011796240166376
-0.5263241723177244
-0.4223339243895503
-0.5787713957331198
-0.4221029451246589
-0.7404235995846769
-0.49387019819337863
-0.385703222468559
-0.4162456126677142
-0.3850525557452525
-0.423215781900158
-0.46315289900322687
-0.26558712193899225
-0.33783497571244636
-0.21532074883212685
-0.21143777256838
-0.2591182400079043
-0.02419524658041142
-0.1870622887586934
-0.24214020218239354
-0.07497613321959717
-0.19140021838460605
-0.30512614548122724
-0.3584152710296793
-0.3594568880926021
-0.3201266988737499
-0.3562752697341957
-0.2913855235329574
-0.21691286255718661
-0.18372326614205342
-0.4687418227811887
-0.15902760840161773
-0.25768204205770734
-0.20905335345198572
-0.2726254837993855
-0.23368413307990463
-0.11479399998709737
-0.3020268867096301
-0.2720057084802957
-0.18505433571859548
-0.3746414152931437
-0.22338739353431136
-0.37990231047984585
-0.32124303114357844
-0.3329325852302418
-0.3706751606173697
-0.32309827415624737
-0.3224692610057456
-0.4330543781792529
-0.25798682436449094
-0.3318400702278812
-0.17032958785831293
-0.47794058937655515
-0.375622678737922
-0.2975544590891222
-0.3543666067832281
-0.18889606976529458
-0.12373824236054748
-0.3724188140024762
-0.16670256421693266
-0.3318265603136291
-0.4196382626529014
-0.5417400481529099
-0.3864694484937786
-0.33188973830086044
-0.3754750972328047
-0.5138114286483333
-0.2931928029095655
-0.2706431808014636
-0.3416195690415702
-0.3608224984716542
-0.0295466676907172
-0.3755566793027848
-0.3323206389910107
-0.32664600570576957
-0.3501994148619547
-0.15798333320783747
-0.34461531343005813
-0.3263124607420663
-0.39607400346393534
-0.22622304016976166
-0.5304891507620736
-0.5844298495156011
-0.5207838390505054
-0.47054714442960593
-0.4668161917960492
-0.31445409210927366
-0.36614966478112165
-0.35405175637304254
-0.5576494334873161
-0.4735824828403979
-0.5390288575576535
-0.35260608243099595
-0.23334738154592213
-0.46590930681164167
-0.26158983115615886
-0.37388876937233884
-0.02045233988042071
-0.28951973745317655
-0.21820611084731872
-0.30184281812573227
-0.03006807266819893
-0.06041914754417797
-0.2337781624362514
-0.523940407495824
-0.3579911296591364
-0.34219844339484157
-0.19904206763443472
-0.3589100752684682
-0.3676676361531064
-0.39260046507296587
-0.3883167063527718
-0.3859373998056583
-0.18207659996074962
-0.4021583420024233
-0.5903132877382963
-0.21292158139226405
-0.5136454645702867
-0.6140838010010505
-0.2932365064403442
-0.6060617546123084
-0.26301160556632
-0.5084779386563437
-0.20615112430939264
-0.15210221074443503
-0.12996051907775488
-0.2986637542236073
-0.2478481601133804
-0.17180170601077543
-0.3138753645028832
-0.12517180609189252
-0.4139124832354526
-0.10395040060402803
-0.12086558695318715
-0.23984577654030706
-0.6545363940346982
-0.2961195646515009
-0.4062600951351892
-0.28820349446988824
-0.29964250276525806
-0.41318567597114847
-0.22898534330727824
-0.28769718186154225
-0.3200300619772376
-0.37008464159091725
-0.2943312416257754
-0.2617510263076314
-0.28178074597701913
-0.22129011044372782
-0.62542244127392
-0.4006204598786685
-0.347150652813533
-0.4802154557358606
-0.3208994444400404
-0.334228150810097
-0.2867335132535128
-0.4595855300563952
-0.4602079528102129
-0.3754500463714898
-0.4155909315041515
-0.48491490056352166
-0.4008019240220001
-0.2531351526916311
-0.38439435650713594
-0.40587328797808686
-0.31020886926502556
-0.10579332544447868
-0.16928653335606764
-0.15821310124265195
-0.29099286551487535
-0.3262370658854949
-1.1102230246251564e-16
-0.19253973015065676
-0.34445536471329563
-0.309518875005803
-0.41401901775908284
-0.41896900468600573
-0.4102558418208495
-0.22214663257343736
-0.3975711276770079
-0.22611651725476742
-0.18047922311900355
-0.16595938653369227
-0.4732910665028894
-0.33468493483223183
-0.30552871933995984
-0.27947081928528317
-0.320997038324148
-0.14328402393115838
-0.3963938132091857
-0.2214342124710515
-0.47783381812942227
-0.48559952407613405
-0.5437051213893989
-0.5011463194163394
-0.4874218641663842
-0.3756725150354643
-0.6047658673216063
-0.3579473035658397
-0.417783370379905
-0.5621062563597132
-0.5263313618952079
-0.5179145823429228
-0.49302383400922134
-0.503495288141645
-0.4088319407435336
-0.7086893870585638
-0.36593236684457675
-0.25689790982014277
-0.7662238137202518
-0.1192737229734398
-0.18044449601194212
-0.2384325795361541
-0.26197302037091363
-0.45471832295533066
-0.28941066921923647
-0.3085493874962415
-0.30189473441943654
-0.10783963587460683
-0.20376571338466273
-0.35903875385677875
-0.34665792829814834
-0.4733031483529684
-0.3759937984426376
-0.2745633600437112
-0.28390805218977383
-0.2091278022375675
-0.1736260484029453
-0.23498656694739575
-0.4807937039304
-0.21189642479337362
-0.17564777129064565
-0.2473277453838032
-0.25087984611493513
-0.12469669495134977
-0.2377153483103559
-0.30489044842189783
-0.11281895545349457
-0.5329718010825157
-0.1505547420756833
-4.0992850140005777e-16
-0.13087985738238603
-0.03082763976141368
-0.24141844639003068
-0.23496359316246898
-5.255055649892408e-16
-0.19405750254053936
-0.09207716982209563
-0.22833374660495698
-0.40871752818058066
-0.3971333508742946
-0.3465868128281392
-0.5151488743182923
-0.4229316500169919
-0.26222337472915647
-0.30414454623326764
-0.405256293805929
-0.3561274186007207
-0.39064195902975696
-0.3136311815629261
-0.33261848235652025
-0.41824632316398774
-0.4271806974233528
-0.3892690705386057
-0.33357743136681917
-0.3045113043207655
-0.3635903967632937
-0.223158769750554
-0.2849105253386623
-0.19454381948738142
-0.2275181000309593
-0.35514525276227044
-0.3170495901262136
-0.37973905699387034
-0.39138745698787897
-0.47259417267865533
-0.30577395341064806
-0.29790796876359454
-0.19897033220614507
-0.2040232837605608
-0.46866747564133704
-0.26165332541049974
-0.2884576828348405
-0.4723446839274778
-0.6156713927311118
-0.41016460747055694
-0.495905308919588
-0.4219321613075506
-0.5428557209553095
-0.6966536037487111
-0.7006829630286026
-0.24695493721013947
-0.40568998251586
-0.5616925583064486
-0.5909137311923851
-0.5022844042968265
-0.4132139194391732
-0.33957371294748107
-0.2700488231633104
-0.5181470391869919
-0.4926351345767456
-0.7260627176686248
-0.5305181403056881
-0.37391231309099915
-0.46379814907632055
-0.3599026349844321
-0.3392730299208404
-0.5585977212614455
-0.33629480645437143
-0.35292037789841935
-0.603334475460521
-0.4722808784591465
-0.32244833437742804
-0.40011360360141673
-0.3875721717278207
-0.4253783103400307
-0.46543002704047737
-0.5060899844675552
-0.3068701990932793
-0.28611583374249294
-0.5315878068580203
-0.3069200590301173
-0.3328695038401534
-0.22332888283325164
-0.33586345663937905
-0.20223542635774358
-0.07026710098620226
-0.2568634761928259
-1.8873791418627663e-16
-0.10111036550869286
-0.22853086595222416
-0.13495735073001666
-0.4146269050570472
-0.1083058399617936
-0.38780684431695156
-0.3479581683941808
-0.13126657203815179
-0.2936874664338149
-0.2818196163174043
-0.33713218955813135
-0.35766701615341084
-0.18877046246858992
-0.142779971255198
-0.2356325158593537
-0.29461582896630817
-0.43007480177047713
-0.1152309179053962
-0.17272162587504472
-0.09870818406833204
-0.4811746538643561
-0.3248006956610039
-0.3643461765344531
-0.5712588700754918
-0.48375252831518484
-0.3089409310444054
-0.32485812048412704
-0.46126370728929056
-0.34548800220514597
-0.41952209931731294
-0.42772321776134864
-0.35826704628138506
-0.4729982593662901
-0.5075550966549476
-0.3307216702030614
-0.2874543600940577
-0.414471519397935
-0.3350044521620272
-0.32538096076513884
-0.22637031935836813
-0.27664099882743415
-0.2761802351431226
-0.32270889752280785
-0.2755200939458221
-0.45304368033226133
-0.4041048817423678
-0.4163619436555783
-0.500412596613222
-0.5073092021800559
-0.5304864960664584
-0.35817280863628986
-0.46423940061059604
-0.3648551321564353
-0.3806083599810164
-0.31845182471570693
-0.5462005327674302
-0.41222996067598544
-0.1902356088718655
-0.33125201018321165
-0.44059196979757853
-0.4531528550219246
-0.4103403329801143
-0.3020471931390902
-0.2276862870761049
-0.4307752653738318
-0.3850474760021925
-0.3961400635606603
-0.4337610501132532
-0.28729120513812534
-0.3056988745234017
-0.5883356695670209
-0.5066742612730535
-0.467791333803653
-0.49019180954049807
-0.22434736612648448
-0.4556091230750295
-0.23284005997782597
-0.4621704750321525
-0.21316089438351005
-0.2738925502414403
-0.45662896557882526
-0.38398305843866737
-0.44321549544049454
-0.3299449119125791
-0.1081692419275867
-0.3083957099557062
-0.5652333267291009
-0.43495234357654133
-0.2798585115613467
-0.49562751605695093
-0.3912252256150809
-0.19467482912939482
-0.3487585896428524
-0.12088257199002775
-0.440693320813853
-0.4187944351261563
-0.4290182246863361
-0.4084872419337811
-0.26259607306269345
-0.25093294370500874
-0.05644578728986163
-0.15090764248382693
-0.2555518958482393
-0.2924786657074241
-0.20792574455598192
-0.33745918171095807
-0.37718998449862157
-0.29394594053617057
-0.2568156645361323
-0.3462311211856261
-0.3889715188691635
-0.28259430061224977
-0.33500349139951824
-0.2791623361149302
-0.4191726941732919
-0.3422786892653049
-0.3570772963557602
-0.5290870775988338
-0.522290513842376
-0.4800123531118737
-0.3493208490895581
-0.4676295644433618
-0.298038725431893
-0.3347815918107228
-0.6520045433616746
-0.36256889412207066
-0.4512712683890044
-0.5579859874441264
-0.4302564513628624
-0.5596671099535334
-0.505758832802783
-0.5679063649499315
-0.49599520570461936
-0.4858493407053124
-0.41785618071367053
-0.4245186106140526
-0.08641041339055966
-0.15603351427604034
-0.08558287626148575
-0.40567603965437793
-0.12848903010583512
-0.16975581911600696
-0.15689380459834584
-3.6377520381334917e-16
-0.17606161657975516
-0.43292058944419337
-0.2624356336289037
-0.10562839277885429
-0.22050710291364184
-0.2603560904336458
-0.20852055866991318
-0.26714953359855076
-0.24170082558778203
-0.20420189029226476
-0.1079556590720481
-0.22061149620919165
-0.2242004667997942
-0.2751871829324877
-0.2526165400846582
-0.19306994711918865
-0.400955450836785
-0.04609262735853346
-0.22998158018757664
-0.2807174357418024
-0.2732666466795118
-0.24051460339468797
-0.2845950691083662
-0.18999635632744263
-0.36801768748249764
-0.12329262745644243
-0.25821980234552905
-0.19288760940237004
-0.468777649749309
-0.24632050523422824
-0.4497395218936623
-0.32321585566479855
-0.3373976286251266
-0.1357409015530146
-0.26555820010749265
-0.19245260383287832
-0.3254091537114067
-0.4276876909289142
-0.19373795266847305
-0.2880107213471104
-0.25316649550442855
-0.12632870337815763
-0.17728031601372288
-0.35076454072057167
-0.47124401257117593
-0.48629588700063503
-0.21730720918236648
-0.35972483796208005
-0.15360573671814481
-0.3816844475645324
-0.4331018109320376
-0.1637892644112839
-0.19828447391275333
-0.2782536542872726
-0.24236330177942608
-0.132165495249984
-0.3189674393574163
-0.09392455667291691
-0.43509932216770814
-0.3527783179122906
-0.3174990047899641
-0.14977862488442636
-0.21817904609808925
-0.3482808728662803
-0.15408358075192055
-0.5041584209720683
-0.5409462689907765
-0.4450996665538157
-0.36175053265590357
-0.3521609653882946
-0.5625443719504458
-0.23204475751067427
-0.32237547624616714
-0.261017943661438
-0.1419704771242591
-0.17434749493997154
-0.24161028983854127
-0.2224690665880238
-0.28515943673316013
-0.20874153063048878
-0.3407718111325623
-0.2485145228562674
-0.38263943046287224
-0.41708157018527797
-0.5092340275169486
-0.36622192684149896
-0.4685054547413602
-0.3753637325380236
-0.28109229085753146
-0.2582373613760064
-0.24160208995987734
-0.44076334412474205
-0.353418411376073
-0.31657751922259053
-0.20104729276696895
-0.250543915745362
-0.42430343833445605
-0.11882194238468288
-0.2216022174465445
-0.12997882373766406
-0.5053212308416282
-0.20561084179310976
-0.09857171455849913
-0.2426853848858243
-0.18613529883578475
-0.4368820196671606
-0.46503965147278403
-0.21837079235477966
-0.3223511441230652
-0.4063686592093287
-0.39133770812242613
-0.27907956324139344
-0.18256260625115514
-0.4090254151014165
-0.34289481455431403
-0.19695027040564486
-0.19358368968891987
-0.3039979466832828
-0.31659928295168155
-0.25521013694930306
-0.3765226305591005
-0.3879171301134214
-0.2969791531898004
-0.3671762412224465
-0.306818989832494
-0.48763350757823776
-0.26446084808612585
-0.35427469730691796
-0.2789583532726176
-0.34713698872055965
-0.28498479798695014
-0.3601897762492874
-0.16933944283358016
-0.3961941960565758
-0.3780694505011139
-0.388854108925982
-0.3422041951737662
-0.37619779534248077
-0.3129848669472565
-0.5368193578094882
-0.41064725053142515
-0.3932909173586112
-0.23329447264101733
-0.3960263996905733
-0.3092951532398671
-0.462213870878895
-0.417829461026055
-0.5468689584044623
-0.34175441034673026
-0.5084422440083721
-0.3290917773830245
-0.2561561420142552
-0.5421022659170392
-0.369155670973579
-0.39073117406889835
-0.3771424824693583
-0.4058272798932906
-0.40090130993829454
-0.48161504456787085
-0.5318412092873686
-0.5334025051200132
-0.3546552387918671
-0.4631390370539707
-0.36127090841127485
-0.5149919246256
-0.3659137999742774
-0.40632159055025424
-0.4352209050840423
-0.4331765958091178
-0.24043836756734824
-0.15274005581678335
-0.026366675386109706
-0.20388109665049414
-0.09843839554745894
-0.14327030318778256
-0.22114563946255492
-0.2525816601905798
-0.6930815466317819
-0.4920056742800595
-0.43958723269820044
-0.5981131495667648
-0.4348472435952188
-0.7232699909488357
-0.4536349894542846
-0.36918868561253115
-0.34743422948136266
-0.4192284154279543
-0.4657308809157265
-0.5429803444969574
-0.22695269256296047
-0.367895426995435
-0.13575763099776547
-0.2712046886790571
-0.1446264509759413
-0.12529994759654658
-0.14150653358318005
-0.2960394968862571
-0.09232540686283877
-0.20128371014291602
-0.25139166095027093
-0.3270690563456901
-0.41268492587554445
-0.31183804320257463
-0.41182376892806977
-0.3145888117240089
-0.15529252587226422
-0.12101353140762958
-0.3961612186831155
-0.22054501844527707
-0.1523263483823423
-0.19655506960750252
-0.2536012574311781
-0.27342510138581394
-0.22057340411547652
-0.2459786849759427
-0.21260947771664318
-0.2327014565695668
-0.19817490523060768
-0.22338739353431136
-0.3271252167336304
-0.34324870326371604
-0.3572907892063473
-0.3717901203119096
-0.22570125830719667
-0.2965870894838932
-0.40584804306679195
-0.3046230545743707
-0.3318400702278812
-0.20931195946013395
-0.36942582053440737
-0.29599209563539736
-0.35288293006130356
-0.3662028618938777
-0.17461581964895875
-0.14897242357291174
-0.35012968837498665
-0.21579184270339707
-0.34368258782025696
-0.4576269383314423
-0.5057860341635669
-0.27080104765017926
-0.3395025413555319
-0.2993625077843378
-0.5153544388035799
-0.29183681586129023
-0.23532629117721832
-0.39176893942241314
-0.38757000142359765
-0.12385720970312313
-0.43459578170886065
-0.33836244679827643
-0.32664600570576957
-0.3052379489754815
-0.12148631217082909
-0.35923857272963156
-0.36623453997261385
-0.5507010942400854
-0.22622304016976166
-0.44080071559126743
-0.5983038230110732
-0.4216757897622321
-0.4977280564688384
-0.49213811550540565
-0.3231095382993204
-0.40971366314149343
-0.34322123219175826
-0.5869029864480277
-0.4793463059959452
-0.5576669055844047
-0.3676796313275951
-0.36046927627177366
-0.19853655421404928
-0.413608751300843
-0.3819691510491194
-0.3265217545676553
-0.22958586180466672
-0.24927218911034735
-0.24004959811318755
-0.322494914480595
-0.09965893640208949
-0.3663921940665649
-0.5312029849333028
-0.35118523697720216
-0.3584335295194892
-0.1705459124160217
-0.33480404564294286
-0.3966665277556706
-0.37560868614602594
-0.4032787615416766
-0.4328413022891962
-0.18207659996074962
-0.38809140970939565
-0.5394001246882334
-0.21292158139226405
-0.4997242288566607
-0.49255327419782347
-0.2932365064403442
-0.5165740029124076
-0.4372961954648093
-0.5031127150967791
-0.12168784874011548
-0.17121781024996832
-0.14544084127467205
-0.21685951489822952
-0.251531462896518
-0.2106777177613957
-0.22648342532351162
-0.12298985566749172
-0.48119562573805613
-0.2804833832269416
-0.17254584798499872
-0.17838553177714897
-0.1934172490802563
-0.2961195646515009
-0.44409561774570633
-0.3062620700040512
-0.34009010215148355
-0.34209027353485716
-0.13547502797732575
-0.2792090224020006
-0.3358413215151012
-0.32176722530537466
-0.30936059561405177
-0.18928574346336954
-0.238047341136682
-0.2953200356714648
-0.5592241194442746
-0.3334219895136463
-0.40900789281009703
-0.5077936521852812
-0.43726033470367376
-0.4010994152646651
-0.3365636791890052
-0.4311383884156783
-0.37209355508281194
-0.4696358643433746
-0.46979269986615657
-0.45007345028058426
-0.36870293409528365
-0.27259666483999373
-0.3602019255982818
-0.2712275345096863
-0.15627694102837814
-0.3402656554220021
-0.11605362667873707
-0.19004823176086122
-0.27375411198243854
-0.19712909253144914
-1.1102230246251564e-16
-0.23227021152216545
-0.3315050688929023
-0.27186045456255065
-0.31330979154542765
-0.4564901677324272
-0.4091287761505266
-0.3026368060672329
-0.3825091803461041
-0.29963496234846515
-0.18047922311900355
-0.1769867643200407
-0.4476950222294782
-0.301748560043801
-0.2781406371409913
-0.2803152861390607
-0.333441252612508
-0.06380695162800265
-0.4392537416089661
-0.23084486819133637
-0.542294060743613
-0.4596863274165729
-0.5241014159719114
-0.46149487450114185
-0.4494571088840523
-0.5485823118843528
-0.5561962983747498
-0.3319022863116135
-0.4296252549114258
-0.543981996123514
-0.5129674418893566
-0.5809772363841376
-0.4308909494556111
-0.5077604013261086
-0.41217483121578496
-0.7065156188628622
-0.31721150870180803
-0.24759139818593848
-0.7662238137202518
-0.08124225849501376
-0.27315339397203864
-0.21955744553774248
-0.31604271922953014
-0.5058945177870777
-0.2926002596070344
-0.3736976487938671
-0.29893713622062557
-0.23168742928359648
-0.23270932659350868
-0.29920102510936253
-0.3411239648920414
-0.5188374956553449
-0.4047731741831694
-0.354643962863141
-0.3415574160904839
-0.21979203543381823
-0.2379445177343254
-0.19766983493643595
-0.4165269087845047
-0.23723589458827754
-0.18304710890166936
-0.21453992801214697
-0.25087984611493513
-0.1999100013229822
-0.2377153483103559
-0.2923950194184741
-0.11281895545349457
-0.5154838935517532
-0.150528800876777
-0.13989218567545567
-0.15924353310929898
-0.122875958045227
-0.3445450438946613
-0.30834228018157456
-5.255055649892408e-16
-0.23370441749755608
-0.1398237010689948
-0.22833374660495698
-0.461731069203192
-0.3971333508742946
-0.273501114989238
-0.34906648151969955
-0.37335061922520524
-0.23394519565053162
-0.3280952908071234
-0.29200810035061725
-0.3741974015673639
-0.3773638881646747
-0.26471339361787083
-0.2557829872931839
-0.4053216942264746
-0.349667458974814
-0.41864739329017986
-0.2801211985171651
-0.3044712782314733
-0.3494440555608944
-0.45587874112278476
-0.331442067950796
-0.33055051120746504
-0.24305650127754203
-0.295200041525912
-0.41613650232634364
-0.29835478472338023
-0.39138745698787897
-0.47259417267865533
-0.31666520170554036
-0.29285560555938567
-0.2362064046896029
-0.18916261409963994
-0.46740004870253493
-0.26165332541049974
-0.25947747249012293
-0.5397605822879459
-0.4305784202207457
-0.41016460747055694
-0.44711237491010947
-0.39453183798794855
-0.48878249487881026
-0.7080561694635457
-0.730329176152547
-0.3233107821357573
-0.4356210473705975
-0.47205823174986794
-0.5684722889674463
-0.5206410851113908
-0.4896739555931625
-0.36715698341486136
-0.2643332678850579
-0.4555592319464226
-0.5379555690826382
-0.6861272591799434
-0.5214315352397719
-0.3704900034856046
-0.47703346034504523
-0.4038705929190477
-0.3888868069693331
-0.4304541159280158
-0.3782746419060267
-0.23500885616822126
-0.48000452653205716
-0.4210727171583046
-0.5082076005385519
-0.37280378052212326
-0.29346708170029734
-0.3949174889321493
-0.4697072740614903
-0.5202125143391833
-0.3539311104809835
-0.39436696507372804
-0.5692262785393478
-0.32804409415846914
-0.40834547320449216
-0.3377999235651193
-0.42124581186429505
-0.19704356946601637
-0.11808493671945772
-0.1817980041533164
-1.8873791418627663e-16
-0.10483539356159986
-0.2959701159867186
-0.16594910464512824
-0.32926946746236857
-0.17916806351368972
-0.36435305508897675
-0.41171846406144996
-0.10535584393819718
-0.31215733286769304
-0.4622223727924286
-0.2733418957347404
-0.42475969327148266
-0.1711523562739311
-0.20943262873536259
-0.3759885689874596
-0.25001367603186586
-0.4093704080637033
-0.2586894370712354
-0.1816381981118882
-0.03603243487723047
-0.47831535288488786
-0.5279653940370682
-0.47075555405677966
-0.6695660179784826
-0.5543648493077621
-0.34247213115551384
-0.42022207969668784
-0.40063871040747395
-0.3239276390728326
-0.4294989134978041
-0.44368702420575207
-0.3824665594128983
-0.48569765753439825
-0.506081261239893
-0.3407773965613215
-0.2539855901881548
-0.45330555267074735
-0.3360471510231867
-0.37750874061659057
-0.26110870108708656
-0.2096839176760611
-0.28166821323386854
-0.3014818782459169
-0.3347661572180201
-0.43765560020150274
-0.12956766080238932
-0.42566193597621915
-0.4911700952290285
-0.5049361050913931
-0.5181033179998974
-0.34157495403575067
-0.48864460953180716
-0.35190231139619454
-0.35941617644355267
-0.2708341142429186
-0.5466847347228176
-0.3419900982679782
-0.2455164214690801
-0.3172493479869046
-0.56076187186082
-0.33188762624355167
-0.4177332740219708
-0.3826074689924045
-0.2786046116822734
-0.3453189116467272
-0.39971611334286233
-0.4522852441771229
-0.4268271158615039
-0.3459963855446527
-0.27809262728614587
-0.5617006001371303
-0.4647247574648751
-0.471965698624482
-0.4164474497413809
-0.22434736612648448
-0.507893363021263
-0.29574529730966714
-0.40515968475253294
-0.3139333631076501
-0.27942151249589187
-0.5004607683024098
-0.3274047367124588
-0.4219486782504297
-0.32792830882609464
-0.1081692419275867
-0.40229570455269636
-0.5373254255077862
-0.4385013693414009
-0.30116420902805446
-0.490276463322587
-0.3868377584051291
-0.24116062824047652
-0.34156158369992773
-0.15844100355567395
-0.37735496939594104
-0.36029469791201346
-0.36898340754515996
-0.39856828159823765
-0.19878220344263697
-0.16580778259363374
-0.05644578728986163
-0.1791060124254154
-0.2934771964951585
-0.3231150988773153
-0.22076649394096307
-0.39630820831833025
-0.322565564968038
-0.32216982842787406
-0.24490703962423413
-0.33854580129293155
-0.24756840932080423
-0.2668879266798077
-0.29367489139338526
-0.29984855050674086
-0.3980255367468496
-0.4088606660218025
-0.26021701230307887
-0.4927256440554672
-0.5341394595493227
-0.432629154288852
-0.30778677679904215
-0.42740345496657567
-0.25444832064730805
-0.3890704936184243
-0.6503337600909166
-0.38681569766119656
-0.41603630285340726
-0.5858054282668571
-0.4879383627934202
-0.539284558645298
-0.5126262975555448
-0.5996332044055389
-0.44866941456843745
-0.5013896092518652
-0.3782724958622519
-0.4926194277031472
-0.08641041339055966
-0.232647383974336
-0.08558287626148575
-0.33428638249329856
-0.17060096143833806
-0.26180542529566675
-0.1530123419076507
-0.04634456157298738
-0.17927950660076283
-0.5733866018778757
-0.32267202024411706
-0.08689089402210849
-0.21093490209199026
-0.2989640110291539
-0.18939733050228716
-0.17555768559979987
-0.250973445779507
-0.1828280337053436
-0.20847720135213554
-0.18470857687625353
-0.22821401616294884
-0.2670720289491418
-0.3018610419452152
-0.19996767031984192
-0.37961555210405373
-0.11757149625526181
-0.25374706447515644
-0.24884044414376066
-0.20064909980274118
-0.3088434594230928
-0.33170327399575994
-0.20533520566095087
-0.4182500771538532
-0.12329262745644243
-0.31320385843159937
-0.13783548799429482
-0.4523045580312855
-0.2053245607469934
-0.4756532189708927
-0.32201725314123963
-0.35651748364870345
-0.08813514107980595
-0.32408020328583925
-0.22074898321254055
-0.3039215596117896
-0.33903647177603086
-0.13785986521468324
-0.33083486271550305
-0.18368728291312764
-0.12894825065160986
-0.23101211592338297
-0.3585372353013332
-0.5321202343815952
-0.5913799244023651
-0.35181315520844864
-0.36739403637453755
-0.40894181096484794
-0.40863004024377875
-0.43433056327274494
-0.2846228106583143
-0.2920816518532334
-0.356173249433304
-0.26064618843008563
-0.1808242854354628
-0.36425036129242505
-0.2678377799536887
-0.4465554341686754
-0.34708414969850865
-0.29750085190382647
-0.25999809605942475
-0.22351964989841183
-0.31474189170203243
-0.199363205856766
-0.5458157453172732
-0.5271575303135346
-0.46050805384659993
-0.20104513002376564
-0.36317302058431333
-0.5510963031304413
-0.27169713575487914
-0.3488129870032756
-0.34797206857144153
-0.22087586599803938
-0.14059674162814423
-0.3097198925835675
-0.2422345631683708
-0.36473144623322123
-0.20874153063048878
-0.28498779205824104
-0.26140723425727974
-0.3297305674381669
-0.37381304363136897
-0.4947190027819211
-0.43271793841208894
-0.5529102315228177
-0.32582343688971044
-0.28109229085753146
-0.24806861162251598
-0.21746402273955803
-0.41357153329393365
-0.3619683416922323
-0.24668021581601707
-0.25070355827634366
-0.2475000936273539
-0.4373665775225382
-0.1955160729743782
-0.1734056390217676
-0.20063850517073653
-0.17435806255568195
-0.2829992063211471
-0.19131449385582652
-0.18481465730606944
-0.06125188886712209
-0.3992204759557385
-0.4473952109100732
-0.3050678979193988
-0.3035014000203619
-0.38782109945174303
-0.34051101022280783
-0.23525840216488855
-0.18256260625115514
-0.3503279367160474
-0.36688786646979277
-0.19695027040564486
-0.3378736204840207
-0.2760996586060432
-0.23394039673336944
-0.23772094493244916
-0.3765226305591005
-0.46533371835407183
-0.25335456048489147
-0.30087979430182793
-0.27860026228941187
-0.37619293014668725
-0.24654751443423298
-0.3485893539095493
-0.26775471798348544
-0.30299903471084705
-0.17101856611149038
-0.32701875171999906
-0.26614775039773103
-0.40496396028044396
-0.37682780146470657
-0.32119492233520724
-0.3908640137155601
-0.42573406225921867
-0.22522931862051115
-0.6447425366628919
-0.4566775275462488
-0.3022210398683695
-0.31296113744167803
-0.39873221944546605
-0.18193280842293183
-0.4592963854246702
-0.4349293382396767
-0.5327039486965912
-0.33745053670947456
-0.437042248066468
-0.3037479248059089
-0.26479851920038067
-0.47158669682069077
-0.37864758777307
-0.32605961440146974
-0.3604603554759841
-0.4369826005337614
-0.4114256668667756
-0.551445698541531
-0.5800165858094487
-0.5223596926549549
-0.32218365914176117
-0.4199024448935341
-0.3602858188701977
-0.49015290407723794
-0.45721563958477085
-0.47267213635640837
-0.4323097872357164
-0.4319686177626332
-0.49383239679997654
-0.17552083700204563
-0.14823850928600643
-0.29884997654727063
-0.1934073762335908
-0.1554231468235787
-0.2594476554952887
-0.3180461443054603
-0.5917743428672797
-0.5287930204537346
-0.40984610328198695
-0.5791414921688202
-0.4770926595200842
-0.8075322869059683
-0.47424294384013593
-0.36324574283370575
-0.4162456126677142
-0.3901381891918994
-0.46362118473847014
-0.5170704982218929
-0.22695269256296047
-0.3547147099541007
-0.25483410751991703
-0.28252112571310917
-0.28757616674788944
-0.09684204332026501
-0.19297002730492765
-0.23803779941469547
-0.13144856143185937
-0.2075165809043579
-0.3166134860231303
-0.40898100577200486
-0.24756840932080423
-0.32482339856589926
-0.3249011829481303
-0.3223500272267572
-0.1661304518930797
-0.1307885593746842
-0.4172968390758715
-0.06682583315891596
-0.14907691236354537
-0.2714317907147828
-0.20894704401624895
-0.2863616501518627
-0.10316118270611169
-0.2787471602194925
-0.2886081221262199
-0.18218588377963116
-0.17972495423530124
-0.22338739353431136
-0.390877684515146
-0.26315491785769374
-0.3373763623779502
-0.36642057206038503
-0.320927058108776
-0.2955509811163351
-0.412249818344823
-0.2476355210720417
-0.3318400702278812
-0.16886896905943546
-0.13433323472724726
-0.3305154883290337
-0.30409401043198425
-0.3664814804212604
-0.170380400327808
-0.13657819528441853
-0.309985309775689
-0.2016914876226232
-0.3533938827286091
-0.44534732681525324
-0.5493483188153542
-0.3451666460191583
-0.32922919176527227
-0.31463203423581404
-0.5906867122682834
-0.23924335478421266
-0.3268843157186444
-0.38559463228846963
-0.28306646611121333
-0.11995009373789971
-0.340954654766823
-0.27879432084454836
-0.27392823773474206
-0.18838882060326825
-0.20175048806370247
-0.30046405818437105
-0.26493433134038613
-0.4197284178842057
-0.22622304016976166
-0.38662138213809444
-0.5582801307057433
-0.4327012861693199
-0.4060072479287067
-0.4693908657626419
-0.3808905940133355
-0.39897166691054814
-0.380470406879942
-0.5421561176809522
-0.4677089721550999
-0.524402697901388
-0.28328520198952506
-0.3340649246665945
-0.3591158977710227
-0.4298880452736723
-0.3845096522579941
-0.3849457334096805
-0.3337829132831967
-0.30717534447843425
-0.2486755226654907
-3.75767792950053e-16
-0.18104307298400418
-0.31707714800813547
-0.48862635696453066
-0.35913628309908063
-0.31990156586020685
-0.1705459124160217
-0.3173382449500582
-0.35901221443401227
-0.40883401266096014
-0.3862757963387195
-0.41734356091135877
-0.3447974606189177
-0.3878101227735589
-0.5602025186395031
-0.18441904596201442
-0.4738020252468437
-0.48059197260536785
-0.2932365064403442
-0.4907946305869956
-0.4243831446655056
-0.48062813705102636
-0.17649504761849416
-0.316364500605015
-0.13248031480351766
-0.2534813999410672
-0.28774955869192625
-0.28430280487426035
-0.3138753645028832
-0.12558770983983536
-0.4437171117072552
-0.2138768281909111
-0.17794596044779662
-0.2397875162019778
-0.17042924480797644
-0.25922031921884814
-0.3963376245607625
-0.31133236459311525
-0.30416549614314337
-0.3889685632452341
-0.16923849159531007
-0.3229378965904866
-0.33692062108781073
-0.3244915039574211
-0.33481931897123246
-0.2220422076961327
-0.2240561505487797
-0.23483143357516795
-0.6385344772285764
-0.482752034270674
-0.4217433380592301
-0.5259799187576493
-0.45049384341756
-0.30457998601975766
-0.264346382043424
-0.4137013161025883
-0.4774730421192323
-0.4126841443800097
-0.4718886675468844
-0.460616652718543
-0.3735910393941361
-0.1978393403239025
-0.3141307002726634
-0.3784278396295848
-0.34770762738637134
-0.30835424825228264
-0.15117696392914784
-0.15166533114955777
-0.3259228243364573
-0.23848564494834984
-1.1102230246251564e-16
-0.28442971957698054
-0.206371114650781
-0.2824036056736697
-0.2903664442103648
-0.4356139629577491
-0.44196040932303715
-0.2041064387150196
-0.39120865825751694
-0.2540226306543722
-0.18047922311900355
-0.2758273686525927
-0.4328873290808703
-0.36920043088715887
-0.2555536357496499
-0.3476078320002095
-0.3678610139908643
-0.09744954681555909
-0.3963703264295553
-0.2635251180372654
-0.46718247125640955
-0.5316642817213191
-0.5410402118344714
-0.5645337247049261
-0.45990759657824776
-0.5517785023928988
-0.5411421943189663
-0.3447993229640392
-0.41395993139637965
-0.5633152383802417
-0.48664748238595723
-0.5056694377094841
-0.49302383400922134
-0.5402050111054623
-0.3976286642318651
-0.6960623569301391
-0.34977186462037807
-0.24061789340140632
-0.7736462241972737
-0.1192737229734398
-0.24404105994842365
-0.22588713790127707
-0.36877959940966265
-0.4394893240129463
-0.26319026239869364
-0.35681825370569065
-0.3265954520448243
-0.16596564445665524
-0.21468113092361904
-0.3307832736297211
-0.336940117256383
-0.4870061342229992
-0.3599088473430794
-0.3119204147121619
-0.3196124485605721
-0.2091278022375675
-0.16234724662496602
-0.23498656694739575
-0.41238663749213733
-0.22784472432750952
-0.17564777129064565
-0.19663458234259873
-0.1589588521390737
-0.17199526569084916
-0.1514268732823564
-0.2678971070556021
-0.11281895545349457
-0.49477254347190486
-0.1505547420756833
-4.0992850140005777e-16
-0.20270833394891233
-0.026208451402342257
-0.17422379384743922
-0.23496359316246898
-5.255055649892408e-16
-0.20939744616829845
-3.918434204559376e-16
-0.22833374660495698
-0.4411571000015126
-0.3971333508742946
-0.37107884198311825
-0.5634622708821906
-0.45758276352351235
-0.23537435658694655
-0.3044327195246674
-0.33655101710033225
-0.33213370081672094
-0.4200461393040454
-0.3105386016241741
-0.324607369776408
-0.41824632316398774
-0.3962037227227415
-0.3888769606043913
-0.3710249703484319
-0.30870194727150163
-0.36835188011177017
-0.46490125258940473
-0.3341930989714872
-0.22731112397508302
-0.24665371377953768
-0.27167145438245094
-0.2985141520964486
-0.3297981545963053
-0.39138745698787897
-0.47259417267865533
-0.31638989044843907
-0.29790796876359454
-0.19897033220614507
-0.1460110067876952
-0.4362386411111519
-0.2954480862498452
-0.2884576828348405
-0.4723446839274778
-0.3950660866210468
-0.4423518998908424
-0.41408124124049855
-0.43122709745398585
-0.5512641864002514
-0.6747113680053094
-0.7204498832347015
-0.2283866761211233
-0.39984754786104776
-0.5093378134370781
-0.6144039118093186
-0.5377523311786685
-0.40200915700506146
-0.22002391888429407
-0.2643332678850579
-0.46202911615226827
-0.5483940141690324
-0.6780649685470682
-0.5518000462479983
-0.3745324506602501
-0.47632112936395976
-0.3707614237331365
-0.34399771965274123
-0.47273854338884347
-0.38233275289394336
-0.34805350889362313
-0.5199704848552253
-0.45357236459976263
-0.4855296330285543
-0.40011360360141673
-0.3761343423324018
-0.37648653291300266
-0.455330788533256
-0.5318144998177519
-0.3189086420493159
-0.34793019649262863
-0.5777240789412726
-0.3414999199303911
-0.37397209951156096
-0.2159961888951848
-0.3479527279658986
-0.15919318397352922
-0.08624941380503125
-0.30644748029489993
-0.1028930888687879
-0.10483539356159986
-0.28049103341965587
-0.2034275691954466
-0.2761608670628239
-0.14380435079871914
-0.29207781894355583
-0.3389935154006974
-0.12376274474649526
-0.3161703651753222
-0.35648765725196224
-0.33713218955813135
-0.3773651696663369
-0.12620033600802427
-0.18599125822422147
-0.35292599808551667
-0.29871911085184927
-0.41917209040247594
-0.1152309179053962
-0.1914930732081626
-0.10531157624504554
-0.4680943560202901
-0.3492359292256523
-0.44799722972131234
-0.5620219265285666
-0.5579822595302332
-0.3549212557064161
-0.3946931225563108
-0.461220358556539
-0.3745738163682794
-0.4388359553356182
-0.4263194323894575
-0.38046785569123415
-0.4185336236919546
-0.4810985186725375
-0.36222496577588104
-0.3215300193134065
-0.411351991193348
-0.35896224502747187
-0.3682992867526415
-0.2550936479992225
-0.15811822768997405
-0.30431416753887036
-0.2975441521324514
-0.32136255957321624
-0.4536368861902875
-0.40281864311959736
-0.431928704112147
-0.5738319092821726
-0.44413234148022823
-0.5751245700999004
-0.2852948760946253
-0.5060978683644282
-0.3415762016941234
-0.36494915852600046
-0.31845182471570693
-0.5753041856005359
-0.3953722697907812
-0.2407498909252946
-0.3589404631557448
-0.4796750913984995
-0.4261011925232942
-0.4316768210683456
-0.3762829027843839
-0.22673510725319895
-0.4307752653738318
-0.36578113066793216
-0.3980144693603278
-0.42617341116618535
-0.2740027503122435
-0.34081349437198527
-0.6053110390767625
-0.5066742612730535
-0.5036602185083351
-0.4186688664026673
-0.22434736612648448
-0.4389156241329095
-0.2965816444627884
-0.4297936494058209
-0.2873508749228046
-0.2738925502414403
-0.4856187511793757
-0.4857265982202664
-0.4427692060853097
-0.3379411675336841
-0.1081692419275867
-0.4078882230269009
-0.5652333267291009
-0.43827616181177886
-0.31234271155172544
-0.4882023595233998
-0.35263830800915963
-0.191090498818312
-0.3655251754642291
-0.12088257199002775
-0.41452400513956644
-0.40017523579052316
-0.36352421515519073
-0.41383000334838094
-0.2966336832153076
-0.25093294370500874
-0.05644578728986163
-0.16022551974701155
-0.2968184852043466
-0.25555611332567874
-0.19022038389955648
-0.3665958622467004
-0.25538646352545435
-0.29394594053617057
-0.25437659584081657
-0.3462311211856261
-0.3889715188691635
-0.2669588737632341
-0.3480708448368719
-0.286100247082426
-0.4101719732699351
-0.402313562603043
-0.29157080735845936
-0.43143571037815476
-0.5222001741633165
-0.447662841807774
-0.30334823940422473
-0.47091056011926397
-0.28614549050106564
-0.3347815918107228
-0.5676226155204842
-0.38926490848357503
-0.4558726046330026
-0.5143378455499478
-0.45940403624791315
-0.5581578470681956
-0.47647345364831867
-0.5549554934780273
-0.4477225643180199
-0.485890533538231
-0.3782724958622519
-0.4325525041018063
-0.054592940292924406
-0.17017683393845445
-0.01659997286609147
-0.3593120497864151
-0.20711406598391296
-0.26180542529566675
-0.1530123419076507
-3.6377520381334917e-16
-0.17606161657975516
-0.4507468851536156
-0.3895398895227247
-0.1251450206102297
-0.16711324823083343
-0.22503723996099695
-0.18939733050228716
-0.2741577429823669
-0.19336356873733837
-0.1680445139038637
-0.20865679029639647
-0.22061149620919165
-0.2601819101524792
-0.287722322661052
-0.26957129356034476
-0.21053519742519194
-0.4963741079461784
-0.20689602306848237
-0.24010056239073263
-0.24149808642599557
-0.3496776780421452
-0.26942890948559434
-0.2845950691083662
-0.2611429185515803
-0.3620649458053261
-0.11333493707765066
-0.2154083136442232
-0.14191784610013655
-0.4625873336645282
-0.23504957906422685
-0.455599403146865
-0.3179061842138865
-0.36740862295505233
-0.07349721284159921
-0.26496200042954954
-0.21459636844590563
-0.3108227309451927
-0.38087347821831
-0.15773220682272654
-0.29369694829650683
-0.24636495760903387
-0.14350938428912494
-0.2504722635319042
-0.4019044825508431
-0.7304356044475393
-0.5846605338860328
-0.2261382637039951
-0.3872304668906273
-0.37169329300181403
-0.43598251933727683
-0.41777209797664977
-0.16906462344014195
-0.3409422525512093
-0.38543712203420666
-0.2529917020910709
-0.21780789139590664
-0.32563792352059595
-0.23754487919719458
-0.416188853193068
-0.3413702719030837
-0.29411655957814364
-0.20795562234756088
-0.24519923874032645
-0.4282733059540313
-0.199363205856766
-0.5366481014252521
-0.5665041560297049
-0.468313602077853
-0.2722833439912693
-0.35633349124911573
-0.4667813080437469
-0.26472528979956433
-0.34675194751773336
-0.2407302815907619
-0.18353960910817144
-0.17434749493997154
-0.2896510859508404
-0.2780153292997605
-0.28842482156677646
-0.20874153063048878
-0.318396824813342
-0.27331872361697507
-0.33328828827969204
-0.4010826741466386
-0.5007308741763091
-0.41390923909758726
-0.4685054547413602
-0.3788904061664763
-0.28109229085753146
-0.25699779782388793
-0.18502671473072327
-0.4418114900897009
-0.3355086812258682
-0.26734392393079104
-0.27076509594066966
-0.250543915745362
-0.42430343833445605
-0.1809917073392942
-0.20853825295531236
-0.16230883308921773
-0.3982952688851739
-0.06370642568699902
-0.1463293815608284
-0.1716572331382106
-0.18613529883578475
-0.4238226861605789
-0.42202214685414285
-0.1501655750286901
-0.3205652480282315
-0.5211891224718698
-0.37669773477651636
-0.2427583740374138
-0.18256260625115514
-0.3503279367160474
-0.35002652287150493
-0.19695027040564486
-0.19358368968891987
-0.2940744083905477
-0.3129690421403978
-0.29279602866593796
-0.3765226305591005
-0.42604377585873426
-0.3178743509074347
-0.3397646912757536
-0.31850047125068065
-0.4496978383405757
-0.3816281052523206
-0.38604647213297766
-0.3337886147924646
-0.3669185499294136
-0.3487092213461038
-0.3494073354935367
-0.1999186465692452
-0.5376735918651164
-0.3966692155019909
-0.3312681444805517
-0.3422041951737662
-0.4044953262528472
-0.3129848669472565
-0.49836138914229144
-0.36366494137092037
-0.36027287462435087
-0.25689493766958654
-0.3713119326295848
-0.3016431069532122
-0.4052322024424224
-0.38270758874997435
-0.48249008617704725
-0.31448031748464267
-0.4789255024210362
-0.30808460871901655
-0.2275513733790767
-0.47158669682069077
-0.31899259195140345
-0.37504485443834606
-0.32743314489207814
-0.4058272798932906
-0.4246030751405788
-0.4523450568083544
-0.5260461218035389
-0.4897496707558153
-0.3503287345590749
-0.45708449101828347
-0.3770526983399648
-0.4843445498878063
-0.4006804899127474
-0.4258154926524244
-0.4361946527078488
-0.48307893706800314
-0.26402211163521355
-0.20077129232408164
-0.10100824822920468
-0.3627192300710562
-0.18384004635694023
-0.13867198148727122
-0.33494411312127914
-0.2680267508650633
-0.6545543650656158
-0.5293704911018707
-0.3948777750981492
-0.5322350019525406
-0.441325486216323
-0.747128892581591
-0.4437036742379023
-0.36918868561253115
-0.4511390164035882
-0.40331952802763926
-0.45232709904085094
-0.44467179262609535
-0.22695269256296047
-0.3679977723829392
-0.1695329118667433
-0.3287936450845426
-0.253777216707225
-0.12529994759654658
-0.14150653358318005
-0.2575055546630484
-0.08751848812186798
-0.1728230485685264
-0.3260757728137864
-0.26184613863348594
-0.41268492587554445
-0.32824223813697473
-0.39511260784857427
-0.19564536562723445
-0.15529252587226422
-0.1307885593746842
-0.39734868321747396
-0.06682583315891596
-0.23039679464413065
-0.15392173092891967
-0.19169726602650902
-0.24679444005499265
-0.09760878231556254
-0.24439692473391025
-0.31567382982545206
-0.17666247181364517
-0.17496784125449982
-0.22338739353431136
-0.3307025409560574
-0.34324870326371604
-0.29801560937047405
-0.3717901203119096
-0.23264154709769388
-0.29966926559444673
-0.42100122552093866
-0.2827696684400463
-0.3318400702278812
-0.22248996801707407
-0.2744606915181731
-0.3290522874259425
-0.2720426443028316
-0.38990852860079395
-0.2146647036174525
-0.20689326822051854
-0.3229891631834889
-0.26023070313043517
-0.3318265603136291
-0.45676406511269513
-0.5136492859481806
-0.3189551734310424
-0.35235345761836384
-0.2993625077843378
-0.5153544388035799
-0.26648470759416093
-0.23760845340883574
-0.39977061958825977
-0.429887411682416
-0.11995009373789971
-0.3571272494360312
-0.4163058802682986
-0.32664600570576957
-0.3309194801812091
-0.13375524748596232
-0.3481641122683166
-0.3339795596435138
-0.5543815415904179
-0.33255255408894835
-0.5137238528547756
-0.5052962107076933
-0.5067626904770399
-0.5206916537905739
-0.4162198213894069
-0.33102385660077194
-0.40968273962140167
-0.3571952854557665
-0.5672253244009446
-0.48061131305985216
-0.5616427499138232
-0.2630294057882348
-0.21617340349762942
-0.2391365529835626
-0.42035388781707883
-0.36806870226868377
-0.22276026068944127
-0.3290440427131435
-0.222399514461597
-0.24004959811318755
-0.4807613501503013
-0.01597465144327483
-0.3443877484507736
-0.39345775044165954
-0.3418564240115534
-0.34726395662974163
-0.1705459124160217
-0.3767845881242047
-0.3918300714993487
-0.40648287707239666
-0.39186865200242516
-0.4328413022891962
-0.18207659996074962
-0.4082686824463058
-0.5521215684590087
-0.21988797816870462
-0.5136454645702867
-0.47455684404514387
-0.2932365064403442
-0.5940850972251178
-0.47383002389634354
-0.41201787443961163
-0.12168784874011548
-0.2680998348164171
-0.14544084127467205
-0.2792016863268758
-0.29099887776423256
-0.1646723124819127
-0.22648342532351162
-0.1327855741988926
-0.45164084724173403
-0.23637904785661837
-0.2770169678902673
-0.20161249234420459
-0.1934172490802563
-0.2961195646515009
-0.32648498139707327
-0.2846605036483015
-0.2858580850772291
-0.3432451413719072
-0.13547502797732575
-0.3018222269094256
-0.2832811214715373
-0.326957285860143
-0.35060833715191153
-0.1486605611147017
-0.238047341136682
-0.2882614285553426
-0.6592256709094002
-0.47094164810022715
-0.3788999296564368
-0.4931739932807776
-0.45049384341756
-0.36466897198293585
-0.2773685687285296
-0.4051838219229084
-0.3974142894448916
-0.3221784955769152
-0.4718886675468844
-0.4814773188648889
-0.3572101464503317
-0.1978393403239025
-0.15065526640683913
-0.255156880641433
-0.20321863288467723
-0.3231029967047317
-0.11605362667873707
-0.04841528079875502
-0.29392544789731817
-0.1266437705594323
-1.1102230246251564e-16
-0.12611233571399286
-0.34445536471329563
-0.27186045456255065
-0.31330979154542765
-0.5914161786372203
-0.41194936560548856
-0.2679109836795992
-0.38624349415220494
-0.2393249381730035
-0.1239297753898336
-0.2483999144796571
-0.40103382793537007
-0.33565808958252497
-0.2490832744720468
-0.3097250145370637
-0.35271917337093556
-0.09584192518341193
-0.2747575099811043
-0.20732325619954062