-8.219555489285044
-9.014207716882565
-7.700774937411406
-7.3517835456959935
-7.269044527831493
-9.262656046799728
-9.18995876935386
-7.7789132550756745
-9.365996292854259
-11.112103563024517
-9.323001856152175
-9.768716616348135
-10.659019512129854
-8.527940219003959
-7.8499820864086365
-8.238770454685673
-6.902858084008656
-6.767687353096272
-13.295139294889637
-4.730818793675586
-7.273921851895655
-8.027680293799383
-8.83886501462693
-9.232805403088385
-7.18930464816715
-9.219299552903891
-8.027299912476861
-0.0
-7.185012818387369
-7.723317789099472
-7.313201743647209
-8.425270199143872
-7.581880714011883
-7.608664969012447
-7.805361540224259
-7.036675513560488
-7.5678097416124634
-6.909601269436384
-8.159944320978992
-6.919097439346021
-7.367557914340189
-8.882564824163396
-9.587232716931922
-6.705565230050994
-6.862065235941771
-8.63842711104883
-6.742564340974812
-8.235964667107725
-6.152401968268038
-0.0
-6.731420294102119
-5.5191873943514045
-8.036728443797614
-8.89765759255357
-6.155512786375884
-8.346016248953822
-7.227731438702517
-6.38721823700452
-7.863603863751974
-9.689073107312137
-7.220805681019863
-8.233550715983842
-8.258354538579221
-7.2266973967301515
-6.812915816790069
-7.863696480553557
-8.379428789766639
-8.04808559281119
-6.322395367641934
-6.379980148979845
-7.4291278156112615
-8.967219333630396
-7.3682312188143735
-6.427752637485854
-7.737604239118585
-7.603715956925038
-6.7504943284219765
-7.7078219202038625
-7.171015607496304
-8.071229229167006
-6.702826083440045
-8.016013016875059
-7.996116576449868
-9.69721993909064
-9.86370934532279
-6.768949095465769
-6.180815591038068
-6.562307714550254
-8.292645416209563
-8.35507112896062
-7.930689534317981
-7.883799128347015
-6.9680103642321525
-7.899230024468421
-8.014687330195297
-9.100315542202384
-8.531511125098737
-8.072122689633106
-8.711592522774357
-9.945531988990094
-7.946988826639019
-9.343020563275402
-10.960189136310586
-11.115978023168733
-7.80446282794646
-7.3979768965916355
-11.178105242205477
-7.425480674122828
-9.408223604376378
-9.157698747055807
-9.506670030518691
-9.388240916360406
-9.803896641798751
-7.535484158575439
-6.295413238465388
-6.126994253396891
-9.265654254024039
-6.873361550984313
-8.01869128862576
-9.874906061996432
-9.182717203637996
-10.316274767364236
-9.834220962675879
-7.175251978906067
-7.323315969293051
-8.654728794129595
-9.27149075544462
-8.007672349529114
-8.455678917427663
-8.912147121132147
-8.038839555205497
-8.093339093904314
-6.760046076309406
-7.4340360051407455
-6.156212400133083
-4.099182379263323
-8.274456444227347
-7.195171866320096
-6.941217076971253
-8.299479020912393
-6.670906153064198
-7.242510910731979
-7.197654179827458
-6.115966258270361
-9.465393283459843
-5.32467929582749
-7.7462110434482465
-5.996685027152828
-8.590183402833249
-8.043313261173823
-5.615608971167033
-5.636050602386527
-8.502262778074268
-7.521754913899128
-8.644348400516128
-3.9028037844671
-4.543739655424827
-4.563842256782044
-8.678324603545612
-6.033598322612235
-8.300093797883422
-10.077428948199326
-7.442763774803589
-7.47899063975495
-7.845767251085731
-9.74357609153872
-10.966709084214614
-7.752365624601066
-8.283979326287463
-6.78519243311417
-8.473634232020526
-7.841774406867066
-5.962806329203966
-6.023900916287944
-8.277221288876095
-6.819240380589643
-6.667832362283559
-6.5646997542963375
-8.367935808307195
-6.649019114338149
-5.954835479928197
-6.975072407935474
-8.651506749866215
-9.436193888169331
-7.476226752514437
-8.127024283151455
-9.139939635667913
-7.525721196454078
-7.930027834880576
-7.919873328683377
-7.452798636587689
-5.911157530345817
-7.813065106130003
-10.048915831815178
-7.541482435240951
-7.782075592620196
-5.9068924179835465
-7.381800395509343
-8.802615278427371
-9.597994239889163
-7.357024574710959
-7.10733177264747
-9.451025714252069
-6.269231902552779
-7.7245453815908025
-6.396632510974209
-7.803095293351329
-6.93014183313627
-10.800519455898083
-12.17778529253657
-8.713315654673632
-9.403822639613201
-6.561378035756077
-7.308047514948389
-6.2539147754315625
-8.056967656925284
-5.958279706292051
-7.959684870147817
-8.617503235095871
-8.99519407492418
-8.66393421862179
-6.9864206307629315
-6.766272479155048
-8.137064326042445
-10.68215228748339
-7.703431804144478
-5.528513665322918
-7.9330530066864835
-6.432752948635445
-7.620391366133311
-7.179806080483363
-6.848878144529384
-7.089221931576333
-7.7457258974072705
-6.832198853751569
-8.544626749555214
-6.715165881141072
-8.724931941501993
-7.385586609920511
-5.009904911310694
-7.00024268568364
-7.962506405915389
-8.526157726600388
-8.026234268099572
-6.5395191724829065
-6.668282218874806
-5.878703283789696
-7.810992306156977
-9.047884084820133
-6.688550412812845
-7.723258355890599
-6.431067717105956
-7.7295206663434834
-7.692959690268587
-7.136343158102324
-7.827448090006957
-7.6247691043243915
-8.458356913244165
-6.251669194909038
-9.343910872348758
-7.359780781822021
-9.076680836219712
-9.68853242176215
-6.993340426433027
-7.577477051714245
-10.457829090722864
-6.823845967243406
-7.677947119573707
-7.69708342950297
-8.906028579873881
-8.812939748385235
-8.30796600211285
-7.398449907857658
-7.408972633987508
-3.3684592121146957
-6.643715860850147
-3.637887919882544
-6.311911861169522
-6.154916297271304
-8.128469458578659
-4.7655953165501765
-0.0
-0.0
-8.955918833270307
-5.859383959683879
-5.787637092435378
-5.363015576965948
-6.042597677288565
-7.782571373168826
-8.151917544143148
-7.402810047297674
-6.290912290385889
-8.580437725895088
-8.93076291918594
-7.674554814117655
-7.091721625501409
-6.454337129339376
-6.8704741644483365
-7.892884913303888
-5.330333945250593
-7.078324562369598
-8.694742023372244
-8.157982462709791
-7.286503791951313
-8.165771399463285
-6.183751161905329
-6.756527891537423
-7.926085650686288
-7.786336225775653
-5.804188438978989
-8.54594973818037
-5.949745732534935
-9.853519246126234
-7.227643754880198
-7.036304941063994
-6.064999320074872
-7.558592580362717
-8.571424659936616
-6.308299772710209
-7.4029868794704
-7.785603878092142
-7.022881597955759
-7.855038171554941
-5.129889260826655
-6.618898811345551
-7.59977897735059
-7.7564900115028195
-9.951901448999964
-5.890495448532152
-7.985553847430684
-9.410032801612115
-9.515354540863735
-9.061938132192791
-6.881111830164454
-9.044209080593845
-9.111972804787074
-6.92856702759286
-6.057871845783384
-7.544033279122118
-8.9662815502545
-8.582128453013505
-8.186611407937093
-8.716847676973817
-5.211346643104875
-5.841778640453968
-8.421500631589796
-6.94816873339686
-9.045199506523067
-8.924050622555914
-7.919356515921967
-7.84681739852452
-6.615342984884372
-9.64414815020647
-7.195086432339749
-7.224462786016485
-5.916500206363199
-6.193901526886331
-6.156069240209751
-7.0379559799466405
-6.361695173556835
-6.374561486877219
-9.419788436816548
-6.599669399761832
-5.7882419503288345
-7.436226878793479
-7.126486095953497
-8.238213134751279
-8.347884079342093
-9.604704278738422
-6.400450204794421
-6.700742552530608
-6.953523085950568
-8.335416389406493
-9.399189611455087
-6.950724874544042
-6.312689801461839
-5.851277505666199
-7.903822414650996
-7.341254421740874
-5.784325154404006
-5.66152462957303
-6.12464400079929
-8.949493161154525
-5.45229370067843
-9.080727854179246
-5.682793584027246
-8.452708595165962
-7.523544494806663
-8.294175012299874
-5.8113518814822
-7.919500270086307
-7.721049221692498
-7.536758945076803
-7.302550716161797
-6.527656479090763
-8.164245192523333
-6.062478616949597
-7.161300265504004
-6.751149081676331
-5.95041791406614
-6.811113660067207
-6.674816957377366
-9.216584335345324
-6.619980697066059
-7.1873934074458985
-7.070366005569929
-6.200262744748367
-8.970917689564965
-8.293928576133297
-6.835455459867372
-8.198245196195655
-7.519845594966604
-7.3470314247315445
-8.153217096048923
-5.185376830840985
-8.095683193930007
-6.955811199662043
-7.820552473996299
-8.853333911202805
-7.431108668859647
-0.0
-9.636416184196849
-8.544208316328168
-6.846264021556184
-7.665091139817815
-7.291694892166279
-8.897637747155132
-9.438798304405772
-8.933062543137748
-8.109293723376672
-6.452210418292472
-8.599251586419326
-7.077165176326537
-9.315019645333345
-9.69154146290216
-7.6290251538085325
-6.622819173538427
-7.38835908343397
-8.12424093899465
-7.268319124653231
-9.909032282959908
-9.646565748042589
-10.920927853176055
-7.142146699288808
-7.712657161861147
-8.724385405811109
-8.610920141319967
-7.051472272867954
-7.996346084779033
-8.098765503815091
-7.385512856664731
-6.173261922265932
-4.982414907116356
-5.257838243741017
-7.496684741388286
-5.37635107274486
-4.3841004232389995
-5.7188465459865885
-6.023855027507362
-8.381940329353958
-9.275953487629145
-8.623480987610893
-8.460727056992901
-7.693285489580987
-11.011796705283643
-7.5702895745364795
-7.7338093120882965
-8.07331407740401
-9.750036602245762
-8.759321480115716
-9.246500246353358
-6.3987054080995485
-5.774822215904602
-6.537738503397581
-7.858859139767642
-5.990678572921989
-6.114140554064402
-4.66214673925914
-6.877510032135378
-4.938505967056241
-5.5076925724581445
-6.293900863092462
-8.142474210765874
-9.12896717217088
-6.047447736124972
-6.338246584081836
-7.765159392364248
-0.0
-5.8071082958865095
-10.417019841515152
-6.6444981975829425
-5.219698974966472
-7.0796620479691414
-6.058351727673023
-6.511243527781575
-7.2048876885354165
-7.529880620710442
-6.791937302670011
-4.757815219057415
-5.772490474223304
-7.574491018017133
-6.6621138893294995
-8.056479122103685
-8.338177635929975
-8.060936339613365
-7.449127497683597
-6.28959454927748
-7.066956073451108
-5.404254424241552
-8.919990737192752
-5.2329563591061685
-8.377656685493749
-6.482737007135982
-7.2393158783675124
-8.140058974729484
-6.541428148997428
-6.841840370036837
-7.231870681298972
-6.498961575268865
-9.678452080718635
-8.906243509992946
-8.184773602195254
-7.260951171508477
-6.213400890071627
-8.186763944247652
-10.203192573666987
-6.427939486251998
-6.470865869109108
-7.9440541333032835
-9.58578450531455
-6.082375001441938
-10.39650459374254
-9.261983878072712
-8.801576619868733
-6.567442982089574
-5.799468641721178
-7.461798478174771
-7.633068317140244
-8.629920938991871
-8.483018902915044
-7.905528534077334
-12.49100870702843
-7.9436391735542795
-9.760499068784721
-11.851831580915817
-7.105352269248671
-8.122548440093311
-6.597688761589233
-8.183335717168756
-8.98642705769833
-8.02843594241608
-7.001544703375913
-6.774906426162177
-7.074945670153735
-7.113417353563936
-7.288757487291873
-7.382366660162819
-6.481864844171338
-7.023475321647591
-6.666536153258378
-8.043349176521
-7.229609513094027
-7.988841863222793
-7.804105886574196
-6.44622989190928
-7.233272718905523
-6.489672849269236
-7.566591627621257
-7.014822262604835
-7.425885411631382
-7.129547308160169
-8.648439309191923
-7.046467694624877
-6.849444954149345
-7.65832841220881
-5.098316658269329
-7.959369935455843
-7.771547063958516
-5.983006988667359
-6.598387549604152
-8.022343356779432
-6.773278462972201
-5.4836615855544535
-7.73238896861931
-5.761508003680246
-6.8408651063543005
-6.092836837519706
-7.08823943487043
-9.331122315190175
-6.663179885393985
-7.5320042136849175
-7.026480207369314
-6.283974742770868
-6.023366696474863
-4.86905772764629
-6.3181159400770035
-8.869856247690842
-6.519768614087836
-8.884733190894492
-9.224686714914194
-7.243061129907244
-7.419532383882098
-7.557167588837585
-7.775130742818608
-5.951737109275615
-6.529974991908505
-7.38723831329616
-6.089487595027479
-8.250692923945557
-9.50758792181265
-7.078637764790956
-7.936184387831805
-9.942151690318298
-9.52737604652286
-9.74750819200612
-9.327722876571254
-9.123424054684852
-6.788804313422075
-9.635705699843838
-8.694723658789695
-7.678761832314667
-7.313443888225653
-6.194739262526088
-6.561043539557865
-6.182371688012288
-8.369408286915583
-8.52826501234208
-6.910766925939449
-6.797140515967523
-7.311795743322286
-0.0
-6.700427649826909
-8.549111894123028
-6.824621175526309
-7.9378488811396615
-7.903422186484925
-6.462044366505983
-6.6077058712335
-6.528602946881823
-6.768389421229166
-9.439304482721093
-6.109644886728587
-10.471713250280837
-6.299834364796166
-7.174842185708683
-6.35726513588822
-9.032191351675412
-6.850492351858657
-7.470647619452629
-6.593107364017041
-9.956734232234458
-9.066354168077085
-8.02248375907387
-8.509898127433077
-6.740006923084889
-9.721391756937289
-9.854957347873558
-7.6012601736245315
-9.402555615195363
-10.731502924983264
-9.709573021787968
-9.389959172925947
-10.937886505876147
-8.647510510685686
-8.030050402302706
-9.985714058906648
-7.301444952312921
-6.659440066790516
-13.423778428457895
-6.008867456210583
-8.457999780644707
-7.87617574133653
-9.205876706980465
-9.340959515758216
-7.596191235907226
-8.385217141033234
-8.519723944800132
-9.36581009307454
-8.062084947851528
-6.679447088077054
-7.717275085008199
-6.990590383628232
-7.140477482556115
-6.879134708575797
-7.649261008442735
-7.036675513560488
-7.375713867581354
-8.279204671373993
-9.069895277245541
-7.314866488704389
-4.972055429879972
-8.084751273675964
-7.990426628743655
-6.084912724794469
-4.906349397402432
-8.191525719064309
-6.742564340974812
-7.9580057601806695
-6.122626326156126
-4.766701965607118
-5.64974601404215
-4.506928432420564
-7.7965153055630125
-0.0
-4.89254975975736
-6.135644605600744
-7.227731438702517
-8.800439406133126
-7.713615805406246
-9.689073107312137
-6.634508913496754
-9.1084177332036
-8.592934435175492
-7.229779881729499
-7.338263041488815
-7.778224356137854
-7.954531416216839
-8.565055472191421
-7.192700782080513
-6.56345968640886
-7.430866578228013
-9.151104769260906
-7.286976735965047
-7.932034978137271
-8.096873103103237
-7.641342371911136
-7.8495035243271305
-6.804194690660408
-9.709838747341271
-9.2124819932375
-8.195401073216726
-8.286731625894713
-7.467209684204694
-9.69721993909064
-9.70331667018366
-6.892231404184773
-6.8126289971058425
-6.72902594350563
-8.208455695663904
-8.175448966604169
-7.930689534317981
-8.054414213155038
-8.66139859871195
-8.775250450710038
-8.096014251729803
-8.602148367178888
-7.3385106029289044
-7.987549380793778
-8.844461912627914
-10.135735587950293
-8.117487428674178
-9.907156542628815
-10.349483942715871
-10.63592824463082
-7.910347618816953
-8.003447123051961
-10.83546116788593
-6.01549694781129
-9.718185231102295
-9.250657078553775
-10.174855612633698
-9.083734696797919
-9.686719453614563
-8.056554846220271
-6.973158057572139
-7.126265670872083
-10.255300995701077
-6.973913260428321
-7.201102749862732
-9.278145965023773
-8.798995245575304
-10.074894790885448
-8.74477067249693
-7.774248707214583
-7.069377511596899
-8.356320369865688
-8.343997239417185
-8.007950075409894
-9.74172225484992
-9.324125313245744
-8.212542296439368
-7.775878760998064
-8.316466631777647
-6.70528235124118
-5.231893145230861
-3.9558340070288156
-6.7227917034635265
-0.0
-4.312348949196669
-8.041859964651438
-6.379540995768008
-6.8274045886475125
-6.589642139442928
-6.699113177612473
-8.606599962067193
-6.097466024784762
-7.632019211550893
-7.350023041642109
-8.140978239549353
-7.953327088151605
-6.2562859134043425
-6.736842956906763
-10.21172059323574
-7.883106500984859
-8.622849483055987
-6.501686861428078
-5.474891588680437
-4.889424824567997
-9.726421850668808
-5.440808388794388
-8.9578759484071
-9.394357023425345
-7.444824401954043
-7.170489724750018
-9.954309838983786
-9.430865500371553
-9.272668152041073
-7.735935215830731
-8.247874832973016
-7.227246961043718
-9.268742936989584
-9.34130562674615
-6.0194308552146065
-6.012675932294905
-7.730903115907006
-6.927221846032224
-6.444311529916266
-6.081470150245538
-7.691289324081153
-6.375531900580524
-5.848820536251766
-6.609025476307479
-9.308834257162413
-9.336640389170828
-7.923002636095796
-7.77810996687746
-8.611508405087049
-7.853516674032784
-7.909001606334007
-8.448083973367586
-7.717092985691868
-6.007238978067431
-7.964793160550554
-10.288160922959003
-7.541482435240951
-8.089400852686476
-8.137227005223007
-7.938783652301831
-9.840490197571711
-9.714207975701626
-7.98200721599425
-6.750602324869316
-9.841057233976466
-6.701293047906246
-7.087547050080277
-5.690030704017884
-8.833152557091744
-7.062003438094761
-9.947940736318088
-11.641740471923395
-8.622443033722096
-9.444198307073497
-7.4330900161465765
-8.766891454912807
-6.265261303018102
-9.319844534608942
-6.240322623464642
-7.161395536160046
-8.454785460055028
-8.218001031656382
-9.162821280339651
-7.343493657127507
-7.604097306939362
-8.335324406757817
-10.696456190811574
-9.165826228363677
-6.242938809826672
-8.116014467254352
-6.4168543943049645
-7.241521012181051
-7.274786953107288
-6.7769848104280195
-6.4090557439146085
-6.472127708027799
-7.347493094685442
-8.461958483740627
-7.292493100070773
-8.521700479493841
-6.492068693371321
-5.114293376033395
-7.092651368992986
-6.613909689072776
-8.087316560915019
-8.894906513490056
-6.431838190819073
-6.452879473081449
-5.82403184570383
-8.212134433360033
-8.420065710632835
-6.810096173693195
-6.809543575443355
-6.674064977061184
-8.206831969536173
-6.8438486274046255
-7.860884425187731
-7.519073352619799
-7.893374297994946
-7.445801701215134
-7.049195061461214
-9.030434671555778
-6.091830290583172
-8.812880457746322
-9.999056107987133
-6.764928237307271
-7.406387482935908
-10.606407335706596
-6.738509203918095
-7.365059409880617
-8.315361205198135
-8.573194626324167
-8.423904154755261
-8.232234301726688
-7.909718887311917
-7.797522381171569
-4.798482677910978
-6.568490613085117
-3.637887919882544
-6.865558416050109
-6.0818923553891935
-8.609634613162207
-6.227926395626959
-3.8525369083920684
-8.126500656854908
-8.067710630087108
-5.698568647385038
-6.146458566721774
-6.757116721420148
-6.732692895098263
-5.55480014105272
-8.014302697131663
-7.000288040404778
-6.224356706100579
-8.088628116465147
-8.025919219993387
-6.290324525181053
-6.85948977165288
-6.064533584939402
-6.77018069382562
-7.892884913303888
-6.538543231845962
-7.42885575730654
-7.514679515940429
-8.278259511566345
-7.5377470358633545
-8.73936768528244
-6.538820508177394
-7.965227606472439
-7.587525694250909
-7.566846512546563
-5.01869475699406
-7.4498384617351
-6.235558850510426
-6.893942304648052
-6.139227955194327
-6.846769840823281
-7.752020258911955
-7.52632201070951
-6.945306222334064
-6.557712381666828
-8.087106442872436
-7.785603878092142
-6.860602561119455
-6.4783740008393815
-5.196260647820617
-5.9051140941064535
-8.439951376071832
-9.241083617574416
-8.782075955084602
-5.79903401526133
-7.224871596307715
-10.51874194535441
-8.520340298150927
-8.154252862468882
-6.0568542320747
-9.548625089073576
-7.703418322957373
-6.145425051447549
-5.732831296909618
-6.592412536180306
-5.159747693122867
-8.427121352403015
-7.70836816320197
-9.42449606109591
-5.501059230484299
-5.196376311922511
-8.984845708250743
-7.536843839708129
-8.807407835312075
-10.980202667019322
-7.23110655738776
-7.675159856466006
-8.154852808087037
-10.224881639130178
-6.726066232319987
-8.580017311330918
-6.103212384015196
-7.08124688065658
-5.691255050357829
-7.827965394176854
-6.399710515529229
-7.100788719721766
-9.419788436816548
-6.804552600743046
-5.95432197029661
-7.032414651897981
-9.713225447571924
-8.24496536737486
-8.434717814383706
-9.809928326199667
-6.2566653963235295
-6.700742552530608
-6.7285174958502605
-8.355627318864325
-7.707510989863799
-6.860803468556348
-7.64280076472474
-6.0657845524450735
-8.528836459044827
-7.21066396386629
-4.982391247861744
-6.621827680953764
-6.072123646341637
-6.814066067138191
-3.7536386182716774
-9.1470501923386
-4.4393760606388915
-5.446667381640277
-7.374854763360526
-9.39737040995315
-6.244856504831649
-9.267436983888603
-7.7943137625726475
-7.536641245074529
-7.274727390048123
-7.732527668169724
-7.638587084689517
-6.474850916312689
-7.555700089966698
-7.961147442835807
-6.574822952448732
-6.7800759303962534
-5.847570896441533
-9.198965431580763
-8.131479449244367
-7.2917943482913925
-6.890084101286999
-6.174949612320213
-8.313315505478888
-10.221402568646857
-7.000072998029868
-8.937561186921716
-7.385833614611439
-6.812302197034155
-7.506259211260667
-6.21546950509648
-8.06499339989572
-6.75996044730185
-7.818826993477696
-9.94890943808564
-8.005211111641591
-9.470051850088737
-9.693009654765444
-8.321964066699294
-6.529918223339996
-7.616007359001244
-7.768813917119547
-9.41758707174762
-8.464711354506024
-9.065820430204823
-9.740270668173098
-6.546748441472102
-7.211556044791714
-6.658730254116253
-8.179372612050848
-9.587549138517808
-8.130569578008854
-7.111390239218526
-6.6977563372951945
-8.336785726910046
-7.234444247456605
-9.650427163820591
-10.316777647462061
-9.88089148055264
-6.784479241047221
-7.17181073324387
-7.965133062884977
-9.050927721788513
-7.7393861213962545
-7.607899094880763
-8.407471403322473
-7.849364905300847
-5.319378893202392
-4.864215030991323
-6.839579213309595
-6.807141606709154
-5.724010204343234
-4.4235085777741405
-5.729587804174615
-5.758639812637822
-9.419906540466076
-9.761706745905764
-8.676435118719233
-8.640530648242354
-7.869885613961154
-11.103433179842831
-7.904080922198018
-7.597800317871779
-7.7649177368253035
-7.014662308316097
-8.656361664493353
-8.660806834054007
-7.2923224632066015
-6.7355879992510435
-6.058177149860419
-7.115117232894807
-6.826595151995709
-5.728700398735574
-5.285588337333044
-6.914123605468905
-4.843481154233774
-4.716193996846609
-6.52800454691724
-8.698516631716691
-8.420065710632835
-6.372337165374928
-6.150000193515199
-7.082340326938258
-7.527948353317707
-6.136677864112729
-10.241989209453783
-7.089922429336534
-6.545613437933553
-7.3440967304537015
-7.102827995617191
-6.7797986293503625
-7.438476975107801
-8.404490830902553
-6.944241735705654
-4.346293033144109
-6.4849695665055185
-7.7989840783294895
-6.542881112801735
-8.43895090537699
-8.29020011878028
-8.361489549054118
-7.580579858175189
-6.399748268959125
-7.216716859071298
-6.113508429025221
-8.325916667573267
-5.465761065438872
-7.94380511500893
-6.893432075610711
-6.907970097073307
-7.710121581910174
-5.627841067427284
-6.514318012920921
-7.190446219832618
-6.361958042338903
-9.492038436933882
-8.753888282997881
-8.828059134722908
-7.510594306633734
-6.757700015865605
-8.143994901398496
-10.538589757426136
-6.957915121899982
-5.793346098453864
-8.17583247919158
-8.510307478786716
-4.401806613483858
-9.266082315754534
-8.257628132091446
-9.554269035915942
-8.07389181614339
-6.917576857325646
-7.464550813716624
-7.500483879608081
-7.4017570138515065
-8.483018902915044
-8.817294925835158
-12.747264413664352
-8.62149967180029
-10.225023040400869
-12.141491017045093
-6.4988612657744
-8.424748140151584
-6.3297939246853625
-7.339527741068178
-9.727288451665464
-7.914356605093647
-6.565352956005571
-6.128564228701182
-8.813023513029705
-7.115580015886862
-6.785586625946195
-4.105857896067353
-6.719446328048225
-6.456704744592618
-7.794997152704213
-4.1303903265506525
-5.554993100828699
-6.506216673096179
-8.807454611264435
-6.080004051139754
-7.280975773659036
-6.186411642902583
-6.833737168892802
-6.585245305818389
-6.850515226704772
-6.6911691137467795
-8.263261207022662
-7.479007587517877
-6.684698332786019
-7.890258066455395
-6.445839521542923
-8.235225650573904
-8.006042800747318
-5.983006988667359
-8.067440845122386
-7.035980057894752
-6.939948410716931
-7.223040919236712
-7.057013781088201
-5.243558102514895
-6.286690916877318
-5.241412644843307
-7.080140691579408
-9.18456571392287
-6.697233341801994
-6.646861727091621
-5.4330810054531025
-5.509666183482682
-5.342116140321415
-9.78547481067812
-8.26343839409541
-9.239878684875958
-6.633415432375464
-9.391306521505635
-7.90471253758475
-7.439928181416123
-7.053298974012155
-7.840862193288544
-7.953896667990818
-5.7401178128877
-7.255169477305091
-8.325698534419818
-6.105146378443709
-8.805950929846414
-9.326784256782059
-6.766955216063152
-7.965007988613019
-9.000431285939587
-9.53773488959736
-10.034429829349888
-9.033612823629083
-9.714917527663715
-7.215683317994249
-8.918426765314308
-8.803729073082117
-7.413399085711902
-7.313443888225653
-8.105068877206397
-7.321522512831661
-6.780637448051745
-4.739409863929218
-8.214428507587806
-6.873331087681442
-6.517965925395069
-8.06262654417278
-0.0
-7.293627239985829
-8.334625161424064
-6.6840934030175685
-7.143872462901186
-6.9434227841267795
-6.778135534560768
-6.008376083808922
-8.500068652385478
-6.2649992328361455
-9.972927624014071
-5.21486592515774
-9.342125815410792
-6.643205195904442
-6.525403811938981
-6.941862636583315
-7.922577823913834
-6.446626332230101
-7.3065038081001115
-6.262510464996457
-8.62877200619565
-9.063926605377604
-8.08377967788962
-8.425325645006474
-7.361554904354676
-10.158604141535289
-9.914408722305724
-7.699634510338976
-9.615987536914309
-11.00611596390146
-9.356073479542152
-9.60697892300722
-10.775211340515765
-8.450157360877574
-8.3479752679474
-8.93084002454945
-7.178088224635303
-6.866417035688344
-13.225600483965287
-5.0410146544672445
-6.768715369326605
-7.97071480732655
-7.961040205101141
-9.382861704473015
-7.724349697032243
-8.572442233318535
-7.496558584354118
-6.126914116590399
-7.290195852249269
-6.910273441627065
-7.173709929752097
-8.306168707621298
-6.708655789173989
-6.8726455145669965
-7.4799148059089235
-6.434798921497664
-7.728392584669413
-6.909601269436384
-8.33202459199365
-6.671513659948847
-6.480580760710379
-8.594938094525974
-9.334203121258616
-5.450451840048082
-5.985991560683267
-8.373792427702433
-6.742564340974812
-8.86128216585042
-6.062884102668471
-0.0
-5.448532938870016
-4.166472817558341
-7.080498311210432
-8.89765759255357
-0.0
-8.041357936671607
-7.227731438702517
-8.800439406133126
-7.797402888822174
-9.689073107312137
-7.123268185324102
-9.354993185352965
-9.196970821499397
-7.271688457383161
-7.117482173211522
-7.863696480553557
-8.006346689053073
-7.920319547235453
-7.57971539515035
-6.5614080310168905
-7.543072051889707
-9.693595261925159
-7.599295705264648
-8.442213236982171
-7.871515144856294
-8.142644683657819
-7.073701523857344
-6.884813303833082
-7.010917976604923
-7.537816512586683
-8.004874626830047
-8.410134718355122
-8.602511020948791
-9.69721993909064
-9.70331667018366
-7.718766451709025
-6.583001325714736
-6.562307714550254
-7.672210818830159
-8.571361466116421
-7.930689534317981
-7.200623229152667
-8.037447139704193
-8.805508155094062
-8.010595032038951
-8.885024724565195
-7.137952961579297
-8.712985216937536
-8.641287513128958
-9.925954099478373
-7.8026788457725536
-9.404224182132179
-10.537235725339563
-10.816843934260019
-7.738008139044997
-7.850037236594233
-10.83546116788593
-6.700683659978348
-9.623000089050848
-9.348760657107283
-9.266672946868248
-8.854623026373938
-9.310359162564378
-7.9430941511536535
-6.267329177811508
-7.039197253665067
-8.750208878977606
-6.498509379798753
-7.588831571528047
-9.743703349779748
-8.878181354556755
-10.190515071701281
-9.8282735813638
-8.08041058621251
-7.28588227962107
-8.065828231792903
-9.184585872480556
-7.68408111781454
-8.367514888830248
-9.127806470099925
-7.071336125005317
-7.676549744688837
-8.132647922266733
-7.032131708530084
-5.503707588850431
-4.450496892497198
-7.5850289530704815
-0.0
-4.396587337044923
-7.866795364468575
-5.830363202593261
-7.7143460727675235
-5.629130028998346
-6.920325513604166
-8.497306118875983
-5.7398328507757395
-7.312322180434712
-5.886935769477701
-8.523556826680169
-8.078852498653406
-6.051230002116935
-5.636050602386527
-8.81727026812537
-7.3344362967472225
-9.097324902539023
-4.385587648447844
-4.968082042650589
-5.015990799398388
-8.687851834135543
-5.665371399537956
-8.633516377265739
-9.880352359345823
-7.31789687020989
-7.405158485021941
-7.7930242817317525
-9.063860504151133
-9.954607502169502
-7.553995034895755
-8.173017541795543
-7.335098059437437
-8.862169973371513
-8.972462459298482
-5.886825101721677
-6.321696654778824
-8.240148106071663
-7.014830874863148
-7.084315839668936
-5.911179472560928
-8.367935808307195
-6.851692896662909
-5.890296941129305
-6.679910057473991
-9.042962994841439
-9.609486600641645
-7.713648311219252
-8.2697841492038
-8.066954745390097
-7.5596744262444355
-7.827413312995713
-8.768571337539528
-7.497314439639277
-6.160933175728365
-8.345558522181578
-10.377831054788468
-7.425696419376069
-8.456656703614204
-7.721867619871654
-7.329103981026562
-9.069801468955422
-9.071651845226963
-7.404124601013278
-6.371032442344485
-9.451025714252069
-6.496183844394337
-7.097675411571677
-5.469608677353295
-8.185071487088907
-7.250481015749645
-9.975024050051172
-12.17778529253657
-9.000170898708614
-9.860764888606997
-6.561378035756077
-7.4670598006312305
-5.715168020908937
-8.636833274861411
-5.405512391686574
-7.727345897649482
-8.447076705462809
-8.538525923765079
-8.249075549703841
-7.319931380270168
-6.940466606084349
-8.449088811040575
-10.696456190811574
-8.41908543812715
-5.603680969314673
-8.07129882954989
-6.339436331853708
-6.711161079577849
-6.528170429661888
-6.8116384259981135
-6.797640015276982
-6.761964952092763
-7.169318089824215
-7.893091102924878
-7.697686575580907
-8.767433318415938
-5.48283403910931
-4.809523664335404
-6.440616046918469
-8.229165726470145
-8.004725883166566
-8.284707866626757
-7.232871744344502
-6.126091621701245
-5.8161321430807815
-7.983713413347851
-8.568348272360762
-6.423964296846474
-6.751546401068345
-7.056552474805369
-8.185512203447988
-7.061597351323872
-7.4859181839124025
-7.811645462358987
-7.149485404743486
-8.220956698818865
-7.1867574870598565
-8.98584110501179
-6.464985868573398
-9.076680836219712
-9.855745362084651
-6.991428183921385
-8.00231335773351
-10.489213394853751
-6.298474480049573
-7.683550715750192
-7.777512563310789
-8.870992810468948
-8.38778612156192
-8.463268125466307
-8.223702939199622
-7.622780904019939
-5.004692989552672
-6.713533445993111
-4.865993211251634
-7.150323949315158
-5.22671387471746
-8.128469458578659
-5.515549585003114
-0.0
-7.381797262870912
-7.870589250131583
-5.082986750316315
-5.188660552325449
-7.15994992332191
-5.863968425990539
-7.176675428107626
-7.7353649052602504
-6.721494619345406
-5.270476739867633
-5.686177865453195
-7.415051493005671
-6.77026907178585
-6.511289891900469
-6.214664504878102
-6.718065747187029
-7.892884913303888
-5.330333945250593
-6.8761426153782415
-7.311981849354664
-8.143002164848859
-6.696050830988252
-8.268115321239781
-5.683650896884601
-7.349992026192987
-7.606226649491935
-7.897067456380174
-5.864392886126842
-8.238414412567893
-6.484194541626189
-9.017448065332921
-6.193641525344996
-6.794604763248979
-6.124050097408626
-7.595174873747167
-5.904018866279346
-6.441524511903382
-8.094538015891777
-7.785603878092142
-6.992456582788325
-6.919676869261149
-4.930788329145706
-5.687315310617601
-8.014370432693344
-7.55366773674675
-9.114577025221163
-5.759392783413683
-7.565113157809969
-7.378454937816069
-9.435763799681457
-8.935010481626756
-5.512643461346791
-8.536569988507093
-8.17035510803155
-6.154663614346325
-5.941622954742291
-6.714285075793997
-5.159747693122867
-8.404856425913794
-7.336096396994026
-8.415608091301749
-4.97846943733592
-5.491777822367897
-8.378378367551347
-6.753187062088582
-8.416558965754184
-9.621146654772685
-7.283946859470186
-8.70372808795343
-6.480009673460019
-10.250491712032927
-6.407819219839535
-7.364511601463711
-5.933197886967091
-6.104195941432159
-5.4386342211253265
-7.515813335492191
-5.8789974623991235
-6.470900111124664
-9.419788436816548
-7.044649568751627
-5.652378837419535
-7.497048295030528
-7.990875139742524
-8.114882819620709
-8.144375838253774
-9.474241660482937
-6.7283197458701824
-6.700742552530608
-6.564052079859773
-8.172421593465732
-8.790356079830351
-6.922288807408275
-7.3704108143652345
-6.374170602499984
-7.767284052806879
-7.528002570713997
-4.518381266834826
-6.174501025674067
-6.072123646341637
-9.058399537633653
-5.679617429675565
-4.652679436753795
-5.531468306985083
-6.155206645324484
-7.519102060436447
-9.181455062112118
-6.491141793914507
-9.071272509680217
-7.6115107776709285
-7.802429643458564
-7.219398704242201
-6.527656479090763
-8.80360772219942
-6.078948437014624
-7.555700089966698
-7.961147442835807
-6.9343648810626295
-8.041912513464466
-5.76997955176384
-9.236336148948839
-7.737224451393152
-7.663285017982437
-7.755400342590564
-6.512864344386815
-8.463652184632899
-9.538909997148647
-7.391579970987108
-8.728372449067647
-7.794164686171121
-8.4710866116968
-7.8297810166289
-5.352932557879024
-7.329673301117956
-6.939762458998306
-7.751401333556228
-9.005062526758374
-7.33523270679082
-8.612397745886039
-9.627398594971332
-8.167762510137345
-7.35914249952035
-7.616007359001244
-7.405279954407873
-8.897637747155132
-8.785192628157995
-8.933062543137748
-9.944190316462523
-6.03600955313698
-8.094959396106821
-6.9517204055042825
-9.064625673679947
-9.744430560258932
-7.967195538443862
-6.928067028080997
-7.118607054705721
-8.44536477072697
-7.369127763086839
-9.596012084590614
-9.52087532041981
-9.966168376100141
-6.953830476815201
-7.5412582398817865
-7.949357944621273
-8.852765095208493
-7.462054789884471
-7.89651579683144
-7.675497891750483
-8.276847569891306
-5.975913359569033
-4.491603703996379
-3.63758341618748
-6.593791998330032
-4.386842532796717
-3.999550323162631
-5.552890849978082
-5.363719381571971
-9.195821269248542
-9.458034651624168
-7.872281743906063
-8.636156440158121
-7.866083807394483
-11.180871124151121
-7.727353881251726
-7.7338093120882965
-7.0943334796287045
-7.442637468311502
-8.88618180188116
-9.420652236936274
-6.3987054080995485
-6.7437405330854014
-5.2028694972086535
-8.081524225521749
-5.449711690418284
-5.849104603018802
-5.071412194445071
-7.053566210557398
-5.701337333255189
-5.238834701137709
-5.4113967346778145
-8.56468649805045
-8.625745566110485
-6.374268843517625
-6.101055069481578
-7.694958648800006
-7.29080436736683
-5.831479201862138
-9.367284555992228
-7.074523348322373
-5.273696612155873
-7.333148758389456
-6.633933550412203
-7.000359223220427
-7.42644607916739
-7.939160796416631
-7.129179306271443
-4.415179502810777
-5.908385056894475
-7.7989840783294895
-6.202675622804393
-8.423833406525427
-8.666393948163757
-8.191427378497618
-6.670213666149281
-6.525400004348762
-7.380775668579205
-7.115444746181099
-8.325916667573267
-5.832564307025391
-7.282926648986232
-6.393710486225509
-7.173891461527946
-7.975591484532413
-6.233301745559304
-6.74392079789933
-7.178684191692244
-6.803388081567948
-9.678452080718635
-8.810179301647862
-8.537776816285183
-7.032467851255819
-6.420903587647465
-7.2327514231986925
-11.004164005648839
-6.777820404482602
-5.631631518983885
-7.927698153634251
-9.041069915590555
-6.7229526531042865
-10.338127438511888
-7.823487807726233
-9.554269035915942
-6.74676444714055
-5.433230256826856
-7.534963785287303
-7.81743848674804
-8.618531179929859
-8.483018902915044
-8.012041236314676
-12.518557043229338
-8.537265589503805
-9.810618528266849
-11.62722353464198
-6.40868364537087
-8.46651328688797
-6.181234589193855
-7.789113338889474
-9.665107822491612
-8.400487241924422
-7.53641999441028
-7.7440789678684885
-6.967499669216296
-7.481681885655566
-6.833594528653174
-7.508773027817931
-5.859478758926406
-6.5343115517405455
-6.864136910795021
-8.28012771008065
-7.524602128314359
-7.883648627921803
-9.157629567465975
-6.2378684957806625
-7.914685687772755
-6.635760173604813
-6.865931000897851
-7.216619446753343
-7.03394754874233
-6.794668737427953
-8.595554595469896
-7.479007587517877
-6.856577617133223
-7.765914890024192
-6.445839521542923
-8.160324212448414
-7.450055164825199
-5.983006988667359
-6.726797473154843
-8.48906198726839
-7.032847654771352
-5.359183010825788
-7.152015908215879
-5.820550100065974
-6.143236223727905
-5.6732271064796445
-8.28438396465064
-7.737708713058086
-6.928567781743754
-7.459577055093352
-7.396590100261313
-5.539523180947071
-5.134413874958528
-6.348600206135891
-8.26343839409541
-9.99387292146264
-6.930622317118684
-8.814741996046237
-8.079818920542749
-7.330639682761301
-7.271469077803244
-7.7390845879864925
-6.765958843332378
-5.736485743005102
-6.77976077040702
-8.085146212282895
-6.385864886898801
-9.015542062105403
-9.023446087502856
-6.589375039467682
-8.11857051083131
-10.208593043860779
-10.51584646713926
-9.332199289474415
-8.924564656374214
-9.382198091086513
-8.33134240800687
-9.512616687352217
-8.445249427987545
-7.490053602919378
-6.449265834356609
-7.466154338103438
-6.396365305078074
-4.894984910324078
-8.73138993148298
-6.582299443488176
-7.084906032429696
-6.075820466680105
-7.019082631405432
-0.0
-7.572256718274384
-8.409375838858363
-6.732920720489589
-6.309576468851433
-7.083024985519938
-6.947053780293808
-6.803600470776928
-8.252847655584569
-6.475956969640388
-9.972927624014071
-5.405767550128055
-8.982130983085886
-6.449199041013564
-6.477757827747331
-7.165451936625586
-7.800334363776796
-6.459224172002356
-7.638884780799448
-6.647636230181161
-9.306735125801923
-8.917492198941599
-7.752173750878389
-7.805760837859653
-6.784901144050352
-10.046255963565011
-9.405602856768672
-8.112773936510793
-9.432420163773129
-10.473431486649012
-10.448244805279515
-9.475407064527163
-9.97657011799696
-9.094167605106254
-8.421163061762535
-8.32796132297466
-6.705064698332809
-7.041612090944954
-13.225600483965287
-4.89857977299107
-7.957231132382604
-7.536398457648448
-9.318935226389259
-9.096904494706619
-8.057458790677533
-8.557118577501972
-6.634260998045475
-8.647374310940014
-7.242945614555515
-6.63291680699227
-7.133404546677923
-8.43859576653295
-7.068576944778407
-6.839977598323985
-7.856076520119799
-6.7634902970554815
-8.175044563375508
-6.8649097757601
-8.573181753717392
-6.912544967446255
-5.926281912698704
-8.374909825137573
-9.334203121258616
-6.633686871536833
-5.985991560683267
-8.246761101069302
-6.742564340974812
-8.888758417248654
-5.9350957580392985
-4.766701965607118
-5.530706496083838
-4.862387325291789
-8.033685300309179
-9.116882482403636
-0.0
-8.864508643735233
-5.968756218969078
-8.800439406133126
-8.139581000218042
-9.689073107312137
-6.806235718484985
-8.479567998406958
-8.965720654642068
-7.006176106773133
-6.881335591816082
-7.011133821537141
-7.81260536753857
-7.75601100305102
-7.204695998957428
-5.639170945666138
-7.402529164076889
-9.15120985269421
-7.271048664256235
-7.334918053265106
-7.264579232868643
-7.400558686921663
-8.101871404177752
-7.600396322091727
-7.28268441530547
-7.170762788156347
-6.527894180787251
-9.128075410638113
-8.374973964684054
-9.69721993909064
-9.70331667018366
-7.681370171293722
-6.5486684055004485
-6.814199628068753
-7.509287169801224
-8.356111383375056
-7.930689534317981
-7.335888867336369
-8.2550380742504
-7.837313358556769
-8.010595032038951
-9.268844284153142
-7.348127524471381
-7.803573606533662
-8.62383206249862
-10.186168422243671
-8.37730785505383
-9.514355298552605
-9.551492277362312
-10.722337170840644
-7.780190625356909
-7.927406799019721
-10.740087390024124
-6.392500642261898
-9.403577755989616
-9.13646973980658
-9.310662038413758
-8.795423964424627
-9.618458016375484
-8.170951335735067
-7.001467554062752
-7.205535074907659
-8.367595739672419
-7.259633836827749
-7.01443248854776
-9.321869579900104
-9.000670608113516
-10.316274767364236
-9.575223316174048
-7.054339816417272
-6.8871473259756755
-8.133344858838731
-9.213469740210458
-7.916689257878895
-8.704122898836841
-9.003467773903012
-7.57058799734329
-7.928169627387312
-8.283948707463308
-6.889668535295151
-5.65263015791158
-5.118653204676847
-6.699743893951966
-0.0
-4.125819668417884
-8.460646929102339
-5.589978714279276
-6.925655761217662
-5.742250924019648
-6.860282251306561
-9.700268847010998
-4.204806083453074
-7.435615064029239
-7.32648060736581
-8.21208789856699
-8.198354175250337
-6.018890681805901
-7.239566308825988
-11.15286467184452
-6.25817921875645
-9.404742730025532
-7.285229536066944
-5.5130253972584375
-2.9982667522576216
-8.759614373924535
-7.433896651657945
-8.508156585894461
-9.48338536966826
-7.897039975062361
-7.834820745021718
-8.268509598163362
-9.217249187522167
-10.267774331434257
-7.768524722587584
-8.199528694875534
-7.6759496229938575
-9.33400956476943
-8.770578377850446
-5.958701469363125
-5.9559749326554146
-8.294589348519313
-6.586096761791255
-6.627447554207383
-6.252266605731079
-7.868737105854873
-6.426836479371716
-5.449662629288321
-6.826311854842785
-8.679912688577136
-7.117170943531173
-7.818734809255537
-8.594840615654308
-8.307757510180283
-6.967443392558299
-7.511285805346484
-8.877184264396803
-7.27053464983207
-5.966277674454306
-7.66086394076454
-10.400405700671548
-7.364110187048157
-8.348573270057305
-7.257309845526634
-8.29948750752862
-7.888655519093683
-8.902578785456326
-8.323622788925315
-6.639523599110005
-8.778864407469356
-6.753374451108239
-7.257427987661477
-5.696699046035583
-8.833152557091744
-7.35321431122073
-9.434515049596529
-11.762785637699938
-9.037351665521884
-9.345145490518972
-6.561378035756077
-7.817834527422941
-6.304916813990839
-7.955178091473336
-6.054533931511267
-7.655639503702234
-8.48155106185933
-8.116582807114456
-7.888445255623359
-7.343493657127507
-6.940466606084349
-8.298013576430119
-10.716011453249394
-8.392150448363177
-5.826967847311879
-8.364686962434961
-6.553363580730794
-7.228098289252637
-6.749944254249835
-6.673412961601839
-6.2769268993288225
-6.099925354360308
-6.808044074962335
-8.36469186546255
-6.715165881141072
-8.644102893071722
-5.48283403910931
-5.39862910414058
-6.921115403551091
-7.593088093275622
-7.708816823692142
-8.809554395131636
-6.431838190819073
-6.180172556033683
-5.790027520359172
-8.294712640606075
-7.737857074692256
-6.406883793464825
-6.115986233207119
-6.858275964825635
-8.068475753304535
-8.182612195333826
-6.811878293477777
-7.6701377692738975
-7.495149485428398
-7.953119959190266
-7.219537574538952
-8.682934166146767
-5.868959046489024
-9.773088720747348
-9.791202293077985
-6.962438067686939
-7.165895016739951
-10.462850006530973
-6.8469221836104435
-7.887387726935623
-7.685746927275159
-9.003819528392741
-8.193450923827083
-7.883662412635694
-7.6949119070878265
-7.8467168450291735
-5.004692989552672
-6.771339747968349
-4.865993211251634
-7.1720390610445
-7.233959028208985
-9.161717448759406
-5.8277769547710285
-3.0917111565904873
-6.52018035805163
-9.120925409205293
-5.461235212374263
-4.801985459110517
-6.752478768401666
-6.820576191244764
-6.655952807299923
-6.798724654436204
-6.9953285694869685
-5.609922313900458
-6.796802727476722
-7.09160780305809
-6.779171065410786
-6.481334596856209
-6.925717567775289
-6.77018069382562
-7.617882811778618
-6.538543231845962
-6.764689496861425
-7.705719468188518
-6.828107612590316
-7.43827813941067
-8.899767175360516
-5.611233808207451
-8.028527775454918
-7.606226649491935
-7.655891906930074
-5.1321675550060135
-7.513937612581795
-5.904729695703579
-9.434656768835456
-6.318853369413186
-6.718970587763179
-5.690225956834246
-7.612528432906405
-7.582797494613473
-6.4066258107272205
-7.251527721589511
-7.6577585137971935
-7.037555630470481
-5.690574617718619
-5.2950393590466005
-6.430356736540587
-7.8779689449555965
-7.956982631298094
-9.889144444061147
-6.896203586302593
-8.221337371642141
-9.745344425184559
-9.371749797124963
-9.110884529561087
-7.058971130859915
-8.755331652731536
-8.396645975654167
-6.166160213373534
-6.272366113059547
-7.159367362024934
-7.438848727627995
-8.426834217723806
-7.4098654118018805
-8.338402464127975
-5.605440111805701
-5.142984587192308
-8.402109189951515
-7.191653379885233
-8.31846232668503
-9.552188866343498
-7.475268137590814
-7.867673929233258
-6.724873663241454
-10.164110247995925
-6.2675023202496325
-7.817763444466596
-5.7336828562771665
-7.08124688065658
-5.217745811159282
-6.964868493538965
-6.246158256523461
-6.949560422261519
-9.419788436816548
-6.949540571528752
-5.921148567517545
-7.054108184248968
-7.73903259346754
-8.498400144427858
-8.396560773304484
-9.809928326199667
-6.159510348739873
-6.700742552530608
-6.7392580515749945
-7.464693539980574
-7.370971027579115
-7.130334844401091
-6.641360527819003
-6.851792342257537
-8.223853586669632
-7.21066396386629
-4.773533924952329
-6.404537420941096
-6.208232212834089
-6.236398131261059
-6.090561053536018
-9.080727854179246
-5.111393419205098
-5.578358972833925
-7.335650395803858
-9.346512323980951
-6.414233640620469
-9.819157728724417
-7.630978379604336
-7.497842299985582
-7.109615187383343
-6.527656479090763
-8.398998285855184
-6.419739872003726
-7.555700089966698
-8.81507762758673
-6.548876379910687
-7.170461204627644
-5.506723172475341
-9.236336148948839
-8.700815575007173
-7.251374120056778
-7.03937832641669
-6.329988699065524
-8.055726818684693
-9.42128155536682
-7.340892584881252
-8.682292744809263
-7.424559501724895
-6.812302197034155
-7.185378432600152
-6.220704934941093
-7.789449816178408
-6.631923929100344
-7.988699689383432
-9.566034079122502
-7.610788807655318
-7.171471586755732
-10.155529045457811
-8.17404292555313
-7.214044294536754
-8.498586644041632
-7.86255037659818
-7.723710193335635
-9.162901178999855
-9.502300546416649
-9.918397274246011
-6.3011320212198
-7.540900105033941
-6.967566512713647
-8.102730263898536
-9.587549138517808
-7.835276439757679
-7.103574400836415
-6.800872988050627
-9.092121631387531
-7.493432370541083
-10.067909163131977
-10.191406217056382
-9.649735210770132
-6.909578090375926
-7.314098246665722
-7.696142514028782
-9.33444820128371
-7.655859946604842
-8.219314258029163
-7.9594228468315755
-8.56431309632842
-7.415797627469672
-6.138832101345091
-6.145805797015985
-7.585090954321795
-7.852104461644891
-5.675897624804264
-6.153853722175075
-5.66775990441675
-8.491925864750275
-9.24715576425474
-7.8875240400846485
-7.955623263280747
-7.985554011712871
-11.717498087054071
-7.566703029814779
-7.5554287580027415
-7.7649177368253035
-6.861125226771192
-8.755383988062407
-8.800794118985259
-6.3987054080995485
-6.8601626295159
-6.123177496339707
-7.958335272671766
-6.586723659748915
-6.101606692076343
-5.608671238719356
-6.856096377079724
-6.438040833101403
-5.024265916626412
-6.682259638710963
-8.591362284037011
-7.737857074692256
-6.04979626609387
-5.608151486003215
-8.914234938774694
-7.037223816178518
-5.042845153429765
-9.275331656226776
-5.555601655279665
-5.995078485192775
-7.1472855351414095
-6.39058542545372
-7.059550391641515
-7.078235412730158
-8.490035756864618
-7.067036325624435
-4.321473110234377
-5.5506430938477385
-7.7989840783294895
-6.403049142149006
-8.056479122103685
-8.416344463473392
-8.23549879467894
-7.641381557941664
-6.386429788931005
-7.453402676529225
-5.903018255291612
-8.325916667573267
-5.304175282726063
-5.973846118641171
-6.6497322063975925
-6.7533571678256115
-7.842288173103204
-5.422890100474429
-6.270018927377541
-7.049756600597333
-6.795816024461325
-9.484854559385004
-8.618808789600365
-8.975877594300007
-7.2684545645569765
-6.738478130767628
-7.263227254495904
-10.323291486733002
-6.7008334948665205
-7.423995486950094
-8.412992489808314
-7.976870506922247
-6.962441651253204
-9.783938081304326
-7.711826124398796
-8.994857615291545
-5.00625939171871
-6.288302542148948
-7.311690821348727
-6.813512357998031
-7.788590286166684
-8.483018902915044
-7.923968952907728
-13.07915252053129
-7.783682122083506
-8.984639716343144
-11.523989319762546
-6.926344253212952
-8.058742778984978
-6.448502641556918
-7.646830994385278
-9.536414857190737
-7.5942470679498735
-6.320550178298496
-7.820674931934937
-7.956610687063665
-6.658483151244142
-6.802652124508132
-7.2089778756200475
-6.630417338154595
-7.239878578174043
-7.258923354684254
-0.0
-7.417454107778983
-7.656430196648636
-8.088512042565041
-6.235473184101446
-7.616419886935631
-6.635760173604813
-6.259040682900126
-6.261970393485593
-6.740462705559168
-6.640393317297269
-8.414875163085505
-8.017779500734642
-6.869128331450513
-7.702216201070356
-6.2205717225574535
-8.07745508945461
-6.954281466845112
-5.983006988667359
-7.10989264775639
-8.365834165155137
-6.6418126777622915
-6.2538465228451265
-7.988740069415049
-5.512071040041624
-6.1938456785501845
-5.730050493164168
-8.614802181244233
-9.18456571392287
-6.417837229715846
-7.232391656049964
-7.0351791806075
-5.806351405595377
-5.535770725562554
-6.351950547503445
-8.012134174885368
-9.030117583809506
-6.7974327500506995
-9.448406681408077
-7.693548928388149
-7.156391893827071
-7.411877812159675
-7.721758927047491
-6.203675899617443
-5.862855703417434
-7.513601436249492
-8.065259363036699
-6.1720266473298775
-8.708045043144612
-9.88885189455173
-7.002521907177955
-8.499476128001438
-10.205734299001971
-8.585523399896463
-9.74750819200612
-8.680539666547407
-9.905878653423494
-7.06519497182974
-9.794658601982933
-8.69246955051952
-7.868703916796702
-5.896258152376185
-7.561072356169809
-7.383255118550571
-6.686598775918913
-7.8749291117823015
-7.953020645693099
-6.8260296039838035
-6.6318073323696956
-6.874065656325047
-0.0
-7.78945465424678
-7.3579682181992165
-6.41111282643677
-6.621274361003759
-7.033584087195941
-6.875790004186374
-5.873371633355436
-8.122340259994305
-6.836658995666317
-9.972927624014071
-5.780741101890017
-8.810680914004909
-6.990879332320167
-5.9067324543892905
-7.294857722502059
-7.985532728474785
-6.40419667064643
-7.701660557312575
-7.41557838860434
-8.545156948112254
-9.271181047061045
-8.14685372733629
-8.496247791655932
-6.665303527105482
-10.295656699208614
-9.52195365984167
-7.698846263853
-9.404354741610694
-10.912005087496839
-9.146402915006972
-9.7765567953299
-10.775211340515765
-8.495360523516215
-8.3425522208621
-8.136923542486683
-6.8894319549292495
-6.782754753986191
-13.423778428457895
-5.0410146544672445
-8.05347206325904
-7.8022787198595465
-9.709289308245568
-8.718187307880411
-7.211780324789039
-8.385217141033234
-7.847310768830542
-7.081783230763035
-7.298829754182809
-6.784184792614026
-7.334772026164657
-8.292147491349283
-7.196274224479034
-6.990602350235595
-7.778979935248699
-6.434798921497664
-7.5678097416124634
-6.909601269436384
-7.646383134371446
-6.764582649037435
-6.480580760710379
-8.262040736992542
-7.034334312413283
-6.400409591762819
-5.285547385655534
-7.896768264475871
-6.742564340974812
-9.007538141767814
-6.062884102668471
-0.0
-5.973362229074673
-3.7250177951079566
-6.142635933500917
-8.89765759255357
-0.0
-8.833183615628846
-0.0
-8.800439406133126
-8.401216117528705
-9.689073107312137
-7.395218923600268
-9.472002620230668
-9.038204930231629
-7.0903876072387
-6.80307044417694
-7.862908393172798
-7.857138636445872
-8.069787894709803
-7.4735764457177565
-6.591209993056591
-7.543072051889707
-9.553164760701511
-7.677456681308641
-8.26735393296574
-7.624664716562735
-7.884703471446945
-8.91668529904639
-7.537392971576335
-7.348908610887375
-7.886847409812691
-7.104154547110772
-8.393428667397348
-7.540958553344383
-9.69721993909064
-9.70331667018366
-7.338418086302256
-6.583001325714736
-6.562307714550254
-7.539310227564925
-8.489015438494022
-7.889683643219548
-7.200623229152667
-8.037447139704193
-7.8209265493660975
-8.136437975823936
-8.648493254554207
-7.46116111055788
-8.449712349684154
-8.826452114681484
-9.631954788778913
-7.8280246403037195
-9.618400314666328
-10.38364909386346
-11.027118095443095
-7.6344106518204224
-7.676558054923792
-10.043491272128678
-6.392500642261898
-9.016784735518879
-9.165464611486813
-9.647085387695991
-8.875143554264838
-9.472954581075621
-8.102366157860782
-6.329170666153172
-6.770452230480647
-8.689421360234759
-6.707671001096164
-7.448076699597769
-9.483891691622855
-8.943425955753531
-10.074894790885448
-9.8282735813638
-8.139044214152664
-7.001159836967482
-8.180367755749177
-9.395846824271105
-7.929853322395858
-8.139623511922117
-9.06293171360984
-7.719696342214877
-7.823140788055091
-8.172250070828781
-6.775742130365639
-5.511134206450248
-4.629097904440716
-7.659252382478452
-4.6919539694267085
-4.125819668417884
-8.299479020912393
-5.940516749190384
-6.7862406934248405
-5.9778744120978535
-6.60953748452691
-8.50971579991293
-5.670496801412231
-7.5412139627058075
-6.982746137595683
-8.523556826680169
-7.836586830565368
-5.89956835171809
-6.622527308405271
-10.600989379260449
-7.638323895432024
-9.625360532805558
-4.385587648447844
-5.46598911107819
-4.084199153802557
-8.690359973215257
-5.69959622740038
-9.079871403533273
-9.801974417079533
-7.407729295271182
-7.697013959367632
-8.08664077799259
-9.536235628975236
-10.834974932242522
-7.941956507056639
-8.253613977130831
-7.458481874951858
-8.580852896481968
-8.324413186303705
-6.080381747232274
-6.7509074217581695
-8.5375111742142
-7.1797984371043535
-6.431486475405101
-6.12031910796639
-7.459776225966779
-6.648534606743848
-5.683262500335444
-6.776683264753664
-9.163313581600061
-9.436193888169331
-7.999463794711158
-9.769483292976531
-7.8492543099164465
-7.478348740344308
-7.592830274927273
-9.223081154895615
-7.263429489653542
-6.101812814111013
-8.345558522181578
-10.021482350602556
-7.176419180474925
-8.417905321346918
-7.88029735645797
-7.596500059779805
-8.892412162938564
-9.171317294266803
-8.068900486633204
-6.159353023986826
-9.451025714252069
-6.4139274439681975
-7.554444455023213
-5.573618294572522
-7.694875848355353
-7.886450975558221
-10.16316153645817
-12.17778529253657
-9.485811966297282
-9.348457191769883
-6.561378035756077
-7.6325176319569135
-5.945323814337149
-8.272530023631747
-6.487262293160845
-7.727345897649482
-8.310508851660272
-9.230233393254364
-8.283150994846942
-7.387389285562305
-6.940466606084349
-8.335324406757817
-10.696456190811574
-8.329197422402464
-5.919876261755328
-7.950933957868366
-6.401787522676754
-6.848660792595231
-6.8127961456318
-6.8116384259981135
-6.923683334707698
-6.462798316001798
-6.929491958727293
-8.139511811866653
-7.353706119040638
-8.767433318415938
-5.48283403910931
-5.114293376033395
-7.018993384011977
-7.76991428451873
-8.482546698751745
-8.92536501211306
-5.969610759838763
-6.126091621701245
-5.975593351615761
-7.983713413347851
-8.568348272360762
-6.4676671600242575
-7.008100880607979
-7.254880137525448
-8.080018143400116
-7.791676001325501
-7.122942525738932
-7.522412788244941
-7.40703894846553
-7.992101925042654
-6.926382012121188
-8.960104239510592
-5.754806633537647
-9.076680836219712
-9.488080701464554
-7.0593210760563565
-7.9310617631369675
-9.572189529985708
-6.420022519663956
-7.741260113228486
-7.3945871003803045
-9.07778844240219
-8.40243923767783
-8.106336544875607
-7.6949119070878265
-7.885720647363208
-3.839082240311361
-6.830645722004323
-3.637887919882544
-7.091679614375951
-6.567812652941527
-9.161717448759406
-5.8277769547710285
-0.0
-7.381797262870912
-8.156490747200504
-6.218072854649754
-5.347036353543128
-6.530577846683818
-6.363184462517253
-6.655952807299923
-7.717492311609332
-6.5476213277112025
-5.237519595167243
-7.779571999383864
-7.415051493005671
-7.038536427848275
-6.682516529888008
-5.971176221546546
-6.614342019105711
-8.63520565369994
-6.335711450864421
-7.256593901869386
-6.815842672880811
-9.028691965593051
-6.842015324152166
-8.268115321239781
-6.807707443433837
-7.164691936348627
-7.587525694250909
-7.033549827652307
-5.850950854905516
-8.35390749880222
-6.302068352197083
-9.367955043871337
-6.3977524437376525
-7.1124099470506374
-4.697155298505701
-7.359272659711026
-6.705581752763983
-6.3279073358412585
-7.836903064339785
-7.660388190228176
-6.95326989235892
-6.927933822545749
-4.9961096388767
-6.800379453730738
-8.436956677366847
-8.635275212203108
-9.552511310658948
-5.338077442773869
-8.050771937209902
-8.807015533609656
-9.22136805688099
-8.707447674671432
-5.121661209313976
-9.379304278392919
-8.470359193582667
-6.149179851560163
-7.2718906128852385
-6.696145172959815
-7.742853035743923
-8.400012789408564
-7.738517213398216
-8.524682497163136
-6.139075300285888
-5.833157722092978
-8.557594440002925
-7.191653379885233
-8.724218522443907
-9.618344712829112
-7.666604848543617
-7.946313457221852
-6.703750919165798
-9.210382014244136
-6.23258435249137
-8.028737225992813
-5.425117055344523
-7.2764678100360465
-5.4386342211253265
-8.28961173360566
-6.67319960827825
-6.565379799703371
-9.419788436816548
-6.6499745137949295
-6.056086559664217
-7.226060561858605
-7.553515656674272
-8.201653095042923
-8.220837192581874
-9.474241660482937
-6.7253783491558465
-6.700742552530608
-6.780708545618621
-7.229376598363172
-9.02961191105959
-6.800861228110242
-6.960852937035541
-7.26892001306919
-7.767284052806879
-7.528002570713997
-4.970620134781267
-6.437458561184061
-6.12464400079929
-7.987738405963911
-3.341890330937078
-8.101158215144384
-4.844355289311916
-6.155206645324484
-7.3967914422808425
-8.82026280249443
-5.838008032944967
-9.267436983888603
-8.401867457259513
-7.64496201150451
-7.274727390048123
-6.527656479090763
-8.398998285855184
-6.28420100338158
-7.555700089966698
-7.961147442835807
-6.650999661302222
-7.89614106456045
-6.162985105487565
-9.236336148948839
-8.721774853287647
-7.526277912220955
-7.492747772345762
-6.608176868444002
-8.296541669734541
-10.043594165101133
-7.603594547938042
-9.186614868403112
-7.789808273692547
-8.395664579613552
-7.2343867504733
-5.629751885224214
-9.226264580400331
-6.998563666482899
-8.024540423642167
-9.005062526758374
-7.637518845228992
-8.612397745886039
-9.750650184925641
-8.12428359881747
-6.64261970390724
-7.543058304598303
-7.217828292306621
-8.939920867720481
-8.690620960484477
-8.943313174629301
-8.683796950219659
-6.045680519626818
-7.927327394905636
-6.89546421443037
-9.148660043966
-9.587549138517808
-7.8728560623538035
-6.897459194331859
-6.485377430828341
-8.44536477072697
-7.651584660274662
-9.343428151627197
-10.520549534318615
-9.524514378868421
-7.3217613744895464
-7.553619954387936
-7.841885894439952
-8.590833789630139
-7.625574534030311
-8.218570470548878
-7.572183243860796
-8.56695041749695
-6.420787510548279
-5.983069095642349
-5.484104027746365
-7.920692402161533
-7.7968409819783
-5.6833805645004185
-6.648961628298073
-5.599765773200045
-9.064260211287834
-10.01379738113426
-7.947422898992907
-8.332328740706707
-7.8588636048976355
-10.893329227261102
-7.615874562398184
-7.7338093120882965
-8.184639277222825
-7.345744243484303
-8.732009776652925
-8.614456120120852
-6.3987054080995485
-6.776248094706806
-5.703591950084965
-7.572792357631788
-6.346983133499645
-5.849104603018802
-5.071412194445071
-7.358541974020098
-5.717243493179439
-4.403820373221954
-6.829823248499392
-8.190013753695052
-8.625745566110485
-6.270463482750999
-6.3274493200757105
-7.015051870097798
-7.29080436736683
-5.042845153429765
-9.692948392994401
-5.555601655279665
-6.094720622050467
-6.717707712118397
-6.077355320465003
-6.80031648427601
-6.901888396461536
-8.172320058555284
-7.748152713915793
-4.380245351272913
-5.266905832493368
-7.7989840783294895
-6.234738232223987
-8.423833406525427
-8.046439725771977
-8.191427378497618
-6.883983670459652
-6.431811306183343
-7.56911664770495
-5.914102746147524
-8.325916667573267
-6.030842512746365
-6.815034437272289
-6.503935954703408
-6.519869203255044
-8.13408214229656
-6.4247191247933655
-6.918374786514731
-6.916460674876556
-7.323082749515488
-9.492038436933882
-9.218984839814366
-8.713739156076365
-7.260951171508477
-6.676877997188343
-7.2327514231986925
-11.004164005648839
-6.409680432252092
-5.882360430793068
-7.850475596908678
-8.839121791694852
-6.962441651253204
-9.451909077291008
-8.834328337312694
-9.554269035915942
-6.924853015090038
-5.751106128947248
-7.499063235824768
-7.5589588180005665
-8.133441781551266
-8.831993903406337
-8.31700463385314
-12.979443972145507
-8.936233092937588
-9.735175002494314
-11.45120985819259
-6.610658088406195
-8.525582120733995
-6.367639606589684
-7.962525508253441
-9.60197147590754
-8.732152759334868
-6.548014395295569
-5.851131123942386
-7.074945670153735
-7.0717149664877565
-6.747527496538967
-6.5991259237223066
-6.508258389862863
-6.4932514360641935
-6.864136910795021
-9.594118272582273
-5.368457162491461
-7.689484041172186
-8.305331805954388
-5.883157240987434
-7.525515652570134
-6.635760173604813
-6.856288327196747
-6.408917897881549
-7.357683801564632
-6.548817406607758
-8.595554595469896
-7.479007587517877
-7.0943332114790865
-7.963956031385611
-6.756317519743564
-8.235225650573904
-7.416108164173508
-5.983006988667359
-7.467654115047347
-7.897488576303045
-6.412248754344541
-5.359183010825788
-7.886506056857951
-5.820550100065974
-6.362936731717755
-5.633798803351464
-7.668055659456015
-7.737708713058086
-7.095088975147083
-7.0544157323710515
-7.227852160294454
-6.4846402604499636
-5.18226005493739
-6.348600206135891
-8.26343839409541
-8.869856247690842
-6.764841379879637
-8.68360596189185
-7.6916636169760615
-7.330639682761301
-7.827500519416198
-7.323786829102032
-6.852191366883171
-6.110502518976668
-6.193525819232087
-8.085146212282895
-6.323542847131693
-9.380549255953968
-9.752370153392299
-6.4073364652909754
-8.406304054757843
-10.205734299001971
-9.72508590946234
-9.651319028491432
-8.113431299589367
-9.616809111098252
-6.936013206835253
-9.794658601982933
-8.332810507432022
-6.9209835068759045
-5.896258152376185
-6.198935963838598
-6.756918167874243
-5.98235061894498
-7.553863086490447
-6.582299443488176
-4.692265645945077
-6.337716323468176
-5.7813084682362605
-0.0
-6.8757527720892435
-8.334625161424064
-6.732920720489589
-6.309576468851433
-8.168254693674552
-7.36051731342443
-6.710433152661566
-7.8451767058551605
-6.273313306517989
-9.10211536146564
-5.755466925630744
-8.546664144687803
-6.321384228900211
-5.9818091729197285
-6.941183661857812
-7.794561312862826
-6.492032920668213
-7.183304070609485
-6.3771197007375235