-6.058457598090178
-13.049192726612103
-19.554963439702995
-16.740201696753516
-16.73702847957611
-16.615005195140846
-10.332641899585726
-13.70296180248261
-5.5606731623411205
-0.0369321652688136
-6.0778939723968515
-15.126253068447122
-7.669865757226946
-5.317592233419419
-17.064003348350532
-13.38504692912102
-8.45456999540329
-12.114709764719017
-4.2047649174928665
-19.549050241708755
-11.270791366696365
-12.126455202698716
-3.4616333097219476
-24.447711795568473
-29.54853735864164
-5.0109881460666665
-13.256305456161504
-7.251862943172457
-56.568330019712455
-9.452654063701631
-10.76671685278416
-12.672442495822912
-4.226953178644182
-15.40315434336663
-10.03942044079304
-10.638375312089922
-4.047637283802033
-12.285104393959053
-2.8758920282125473
-9.828129306435596
-19.816451787948612
-8.619800955057146
-15.218377351760873
-9.762614995241167
-36.33609735965729
-20.171855419874202
-8.73939234018326
-16.21542128920556
-7.933705553412442
-20.877623945474625
-15.123765863478242
-6.993511706590656
-23.30720880627633
-18.316092103719726
-24.30100271105767
-10.595103904604924
-28.020167887210853
-8.48860919475556
-5.719691365957262
-3.653541810810567
-12.798759847879412
-15.421489745378512
-11.369717285037046
-13.418891042470937
-11.864842936396611
-21.684330493211746
-15.663479715585712
-26.948039084672935
-28.32887047529221
-15.34592330455781
-21.938087910413742
-0.04682125663384895
-3.6575381755828884
-11.620384916663177
-21.501532226800926
-14.748865306377416
-3.0464571565389678
-17.004110515117652
-10.697403192520145
-9.888883590698244
-6.812662869691851
-2.684867829084398
-8.410224080085758
-12.720693543553356
-8.92732906341553
-15.006144493818296
-8.70612841844559
-9.008938550949098
-24.903617352247238
-24.000110924243934
-18.651294738054283
-11.616863086819652
-22.121742829680446
-3.023647502064709
-11.93305280804635
-21.26418861746788
-23.437341332435615
-6.04657681286335
-20.216616481542594
-28.664119273424152
-0.03066455677617641
-22.425597161054615
-8.985666424036026
-12.394190520048145
-10.847208321094516
-29.335595026612285
-19.07660773396492
-7.686592727899551
-6.709124311804773
-7.180271089076997
-20.79341903328897
-9.852757990360267
-9.289102375507357
-10.83036243915558
-14.346056178212168
-11.496673464775087
-23.97118696570397
-4.99499271810055
-17.97213065624237
-2.2388859987258933
-11.278250247240068
-5.407073616981508
-12.678670987486843
-40.41030755639077
-14.753606334328673
-19.345364093780518
-21.099046811461456
-18.122249662876133
-25.293805584311492
-17.859316021203995
-11.309541642665865
-2.3223250061273575
-28.29154035449028
-15.409980654716493
-3.9468108415603647
-21.69860267639161
-12.485639452934267
-10.586673259735113
-10.924933344125751
-15.104268997907642
-13.611287683248525
-4.2010696828365335
-7.004491120576861
-11.488155215978626
-25.29503458738327
-11.170318454504018
-9.337308138608934
-8.364230260252956
-3.232714310288431
-15.760102957487115
-10.508384376764303
-31.948760628700263
-14.783240407705312
-20.29375717043878
-5.48271180689335
-10.741220921278007
-8.667294651269916
-8.73523323237896
-13.216749459505085
-14.214132905006414
-11.223759353160865
-0.03754196991212866
-20.679940253496174
-16.366426587104797
-13.380755811929705
-11.317879140377046
-17.05574813485146
-10.115066394209864
-9.840186744928362
-18.98485666513443
-30.77677422761917
-14.947048395872118
-4.4615986347198495
-14.272033959627157
-7.804384142160421
-21.55373942852021
-4.082475274801255
-2.515531033277515
-7.420538038015367
-11.405505031347277
-22.276085376739516
-26.66971468925476
-29.892663955688487
-4.770644783973696
-18.83586588501931
-11.169833689928058
-12.620657444000246
-29.236974358558662
-18.069432854652415
-22.990913361310962
-33.006434202194214
-18.48232260346413
-3.7417767643928546
-17.086894899606705
-12.58540183305741
-33.79394361376763
-13.003084093332298
-7.326054930686952
-9.817778050899513
-17.597591549158103
-12.594980835914619
-39.518900930881514
-0.02640606509522203
-42.473313093185425
-16.44763555377722
-10.022804737091066
-16.547446399927153
-7.632824897766114
-12.961650878191
-10.556886434555059
-10.33328845351935
-11.611844718456275
-3.560447305440908
-6.546657964587214
-8.752753227949148
-23.255918085575104
-27.74120727181435
-18.159184142947197
-38.74235036969185
-16.019996836781516
-15.58784025907517
-7.0575884133577365
-4.6930368840694445
-18.03681874275208
-16.833866626024253
-1.1393174864351832
-14.774587541818624
-8.036750853061678
-31.84225037693979
-13.562587261199962
-15.703146219253542
-17.921200215816498
-18.03540882468225
-2.595447257161142
-44.60305953025818
-15.563827633857734
-11.543546408414842
-19.12994086742402
-5.706267058849336
-10.528357475996023
-13.80533920228482
-22.624686121940613
-24.297812655568126
-31.714028835296634
-12.935767918825151
-13.62290377914906
-12.775165796279909
-12.772481992840772
-25.4960404932499
-17.32943746447563
-3.7766102105379122
-9.591926932334905
-15.516128286719333
-13.617664635181432
-16.373704031109817
-16.067630358040333
-9.81380900740624
-12.539534717798235
-9.911175668239599
-5.8483627587556875
-12.214496552944185
-28.8741039633751
-0.02992773614824218
-24.59303444623947
-6.951692461967469
-18.47089961171151
-11.565927922725681
-22.912359237670906
-12.66508981585503
-23.315024286508574
-6.930794790387156
-15.559621244668964
-16.578923821449294
-2.2388859987258933
-25.913473844528202
-24.670027762651447
-13.572522073984151
-17.045011579990394
-6.048826456069947
-12.371421784162528
-9.453654497861868
-22.636096686124805
-11.082680732011802
-20.335309416055686
-28.48603230714798
-7.699528962373737
-6.665257811546328
-16.96087151765824
-10.291442334651949
-28.01081842184068
-19.841828018426902
-31.034843832254424
-6.969287216663362
-5.471098333597184
-21.186427682638175
-3.4044921547174463
-15.346584647893922
-12.676607415080072
-8.165012642741207
-22.097219258546833
-22.449048697948463
-14.745989829301836
-22.726512044668205
-39.84012743830681
-3.653541810810567
-18.47537389397621
-6.128452539443971
-11.047419369220735
-9.576627478003507
-20.148466855287563
-2.938727885484697
-20.464255601167693
-22.153001844882976
-7.008930325508119
-21.822198778390884
-11.903861075639727
-52.79470908641816
-13.528916358947761
-27.719382405281074
-5.397640526294712
-22.832631289958957
-7.959250360727311
-26.410260260105137
-7.090521663427355
-9.27797147631646
-20.319901823997498
-11.72598937153817
-22.96347004175186
-12.635267719626434
-15.987348437309269
-2.3433825224637994
-25.7647842168808
-14.675439745187768
-16.231173992156986
-26.13545614480973
-12.330111891031269
-13.075512021780021
-41.01059740781785
-24.78790435194969
-18.632295310497284
-4.237934917211533
-21.64960376918317
-10.61632105708123
-20.541943907737735
-16.35296246409417
-9.990747928619388
-8.595088303089145
-9.024195492267614
-2.949092835187912
-16.400766670703895
-16.317893624305732
-0.010183307458653592
-10.65928426384926
-20.600162684917457
-18.94196090102196
-14.551611736416824
-16.435435563325882
-10.406622499227526
-10.46315497159958
-18.776551127433784
-11.860933870077137
-7.889106124639515
-21.89089180529118
-9.669925868511202
-47.973789274692535
-6.2946133613586435
-15.215752974152572
-27.61349242925644
-3.8480804488062916
-4.567644938826564
-15.626457363367082
-8.249699547886852
-23.163718909025203
-9.56758520007134
-13.459010779857639
-12.008499056100847
-6.782132893800736
-6.286508455872538
-10.01005852222443
-6.184163585305216
-36.36950421333313
-6.846039175987245
-17.096696317195903
-19.75681591033937
-15.11015170812607
-20.171855419874202
-15.834275722503666
-8.991154730319979
-6.0929254591465
-6.327748969197274
-19.765904366970066
-23.25625514984132
-36.459230065345764
-7.654642075300219
-8.114098578691484
-22.895250558853153
-16.173581242561347
-12.433152362704284
-3.295708149671559
-18.78959378600121
-8.004730388522152
-26.981016069650657
-18.232557237148296
-8.956779703497888
-9.305653780698782
-7.901039779186251
-15.512783318758013
-9.328785985708242
-14.487335592508332
-12.696548581123356
-10.636012509465225
-16.912667050957687
-26.682969093322754
-14.021663606166848
-8.672686874866487
-10.216629266738893
-15.005857497453695
-7.4092320799827585
-41.91419818997383
-17.31378918886185
-16.76326152682305
-24.31977930665016
-25.977118939161308
-28.12867161631584
-11.40081648528576
-16.088096141815186
-7.641842573881151
-6.623167634010316
-12.25210350751877
-19.43373167514801
-10.783958375453956
-1.9367197453975697
-5.394857890903952
-13.278251469135286
-13.219691306352624
-1.8933095186948796
-27.279217749834068
-4.083771347999574
-1.8556167632341396
-34.94224363565445
-12.029518753290178
-10.978476047515878
-15.079813480377203
-12.569371938705448
-6.641004711389544
-5.244521647691729
-6.607983812689783
-26.750651568174366
-31.980582207441344
-0.03659070190042657
-19.33158910274507
-18.83449414372444
-5.131949782371522
-19.089249670505527
-2.4919723123312028
-29.674982607364658
-20.94283545017243
-7.241045922040944
-13.96652549505234
-9.627627730369571
-6.943274319171907
-8.925313711166385
-11.528995841741574
-15.185861289501212
-14.997585326433192
-7.855214565992356
-36.81202682852746
-7.569650635123255
-2.4719025716185596
-6.438983738422395
-14.370653510093694
-16.76314461231232
-46.969271689653404
-6.590126574039461
-24.761271238327033
-17.919821202754974
-16.716860145330433
-14.359174638986593
-10.496524304151537
-17.04743519425393
-0.1185640499461652
-3.8810862004756936
-0.014764383900915615
-2.429800376296045
-12.49775728583336
-7.826441913843156
-13.605435788631443
-21.582849740982063
-20.71072012186051
-13.05206918716431
-7.029019102454186
-5.079620510339738
-6.2416228652000445
-13.790053784847272
-18.73110127449036
-6.945508003234866
-21.142312556505207
-28.99114137887955
-22.91841813921929
-0.043587931431836924
-9.361550629138952
-12.82425639033318
-22.860910952091217
-31.23107925057412
-9.061079412698748
-18.980303764343265
-25.31060856580735
-0.03942130180076264
-15.568159013986605
-16.422903060913093
-29.47139182686806
-5.568064659833912
-16.761013865470893
-27.359470278024673
-9.290344595909124
-14.705475509166721
-8.672182738780977
-16.679796785116203
-8.059734180569652
-28.272578388452537
-12.750292509794239
-14.845414012670522
-18.19855615496636
-19.171122103929527
-27.276613414287574
-20.931289434432983
-19.296647250652313
-14.975558578968052
-16.774327427148823
-2.2926887571811694
-27.480401843786254
-10.573984131217006
-14.771243274211887
-23.009312361478806
-6.367043197155
-14.944113999605182
-14.44308024644852
-7.459875673055652
-17.60105898976326
-10.375891476869588
-6.7543597519397744
-28.05454826354981
-29.835221767425544
-4.806136310100556
-21.871313244104385
-25.987737327814116
-18.82699701189995
-7.516378819942478
-6.652797132730485
-20.543350964784622
-19.629946172237414
-29.73097641766072
-24.859292805194862
-19.16182047128678
-12.294943213462833
-17.461952447891242
-10.733729943633083
-15.834612563252453
-9.254876494407656
-4.211610257625581
-11.599244594573978
-25.251217752695087
-11.064955353736885
-17.649762511253357
-11.649589747190483
-18.815010845661163
-11.812984585762026
-18.183732241392136
-15.203424841165551
-14.864227592945106
-5.725291311740876
-22.41553747653962
-11.663821965456012
-25.874751418828975
-13.604277029633538
-5.9440322816371935
-5.2518539428710955
-15.311950802803041
-28.829863324761398
-5.7111257314682025
-19.994325637817404
-23.777082979679115
-19.10047015547753
-18.467391341924667
-15.473257690668113
-14.285606935620313
-10.448659300804142
-11.213451564311981
-18.62349250912667
-13.740457177162172
-10.653420016169555
-12.570243641734127
-3.2852620780468014
-14.682871550321593
-10.741592913866045
-10.657512903213505
-20.12062188982964
-14.803734779357915
-11.201009809970861
-18.917878091335297
-14.116951644420626
-6.631781429052354
-21.528090953826908
-33.552487671375275
-14.862034112215044
-38.87630170583726
-14.101434379816068
-40.864969521760955
-3.880959182977678
-14.779886335134512
-8.342641949653625
-6.706939816474917
-24.97449904680252
-22.385134786367416
-21.154976338148117
-15.024287402629861
-22.064107298851034
-11.571712702512743
-5.198460444808007
-12.776771470904354
-23.642976671457294
-16.127325952053077
-6.540257647633556
-1.8933095186948796
-28.420588880777373
-15.091264069080362
-46.68170192837715
-5.196578368544581
-10.32395416498185
-6.660001084208489
-6.664281010627748
-8.815295934677128
-19.89803037047387
-8.504455313086517
-17.492853224277496
-23.93445366621018
-15.651654690504078
-22.845651090145115
-2.9349832236766833
-14.39564004540444
-9.809162750840194
-0.01336321514100636
-6.00735437870026
-2.8538411557674426
-14.510197937488561
-11.397676855325702
-12.846680372953418
-19.45560851693154
-13.019484251737603
-4.599511265754701
-10.450815767049791
-16.292627245187767
-10.019577607512476
-4.183034598827364
-14.813976407051088
-9.346487402915956
-18.929994285106666
-37.73036645352844
-23.319902896881104
-33.902143597602844
-6.014938294887543
-17.29129207134247
-15.805071473121648
-33.16915425658226
-9.649987369775777
-6.80881004035473
-7.358857139945032
-28.874656021595
-7.88552811741829
-17.587218374013915
-17.057541966438293
-9.92619293928147
-8.125069200992584
-29.51120865345002
-6.64310321211815
-14.523793727159507
-16.32717356085778
-9.143156230449678
-9.686548143625261
-14.5421379506588
-22.39354771375656
-7.371422320604326
-22.8118840456009
-10.945038020610813
-6.812471032142642
-22.64689269661904
-19.210845082998276
-16.639810055494316
-20.712416261434566
-2.698858872056009
-22.068636864423755
-12.923578441143036
-5.939548462629325
-20.85596635937692
-15.297469198703768
-11.395039409399036
-12.355866163969045
-18.55071794986725
-8.12563267350197
-5.863840609788897
-14.772985786199577
-17.790724992752075
-20.58988696336747
-22.235762804746628
-2.3405423909425744
-16.22762018442154
-22.896530002355576
-19.188361942768104
-12.236805886030211
-9.526739776134495
-10.242086321115496
-13.063497245311742
-0.07114039594308441
-12.601341694593435
-5.973034620285036
-23.6581201851368
-3.9991358816623723
-42.926350772380836
-19.782035917043693
-6.74094343185425
-24.232409179210666
-16.59272110462189
-17.4496974349022
-7.169100701808931
-10.084832787513736
-10.554549723863607
-23.96929153800011
-13.089536041021354
-7.363337665796283
-12.36659765243531
-12.86255815625191
-16.786522626876838
-25.241677954792987
-10.282637268304827
-18.119168490171443
-4.1865653842687625
-5.471244037151338
-35.01809144020082
-13.049190461635591
-12.065171688795095
-5.775340616703034
-1.7778055369853993
-23.0171187222004
-15.146655142307289
-6.467595994472508
-18.005892932415016
-18.99376678466797
-9.856467068195347
-16.920862257480643
-9.174797087907798
-4.881559908390049
-12.158672153949745
-16.59575060009957
-16.57669195532799
-28.73816379904748
-23.588307321071632
-8.645580992102628
-16.142188757658012
-0.01217280328274173
-16.2645828574896
-21.490911424160007
-10.836600780487073
-5.962793767452242
-7.3269763886928585
-15.689846813678745
-11.948131144046785
-19.58129873871804
-18.571795523166664
-11.138554394245151
-19.31284984946251
-10.218525320291524
-13.309923112392433
-20.180832341313366
-22.055718779563904
-13.39929412305356
-14.578781351447113
-14.845278263092045
-15.36528386175633
-18.76354071497917
-7.164976686239243
-10.916011750698093
-40.47267800569536
-10.33316066861153
-24.74099352955819
-21.126033693552017
-8.54585368931294
-10.60280607640744
-5.679448753595354
-14.33309984207154
-10.995623141527185
-20.8563731610775
-6.108768284320832
-11.091799676418306
-23.42340153455735
-5.577052980661394
-3.9222895205020913
-0.018501435406514055
-24.86573666334153
-5.0004171282053
-21.036910831928253
-0.03247631248086891
-13.829333275556577
-16.51539841294289
-32.863177597522736
-3.721813231706621
-9.280298739671712
-14.82111272215844
-13.63365271687508
-3.656180605292322
-20.802417367696762
-13.054297238588342
-27.175906270742416
-15.948989331722265
-12.558249354362495
-19.005083978176117
-18.063093572855003
-11.675923168659216
-10.312486961483957
-20.763525426387794
-17.369921296834963
-28.662881553173072
-12.33692193031312
-10.117041811347013
-10.508271455764776
-18.267311304807667
-13.2954877614975
-11.613759905099874
-26.8103025853634
-23.322234019637108
-18.411234468221664
-8.594224900007251
-21.712831020355225
-12.434134036302568
-12.486501157283792
-16.572589710354805
-4.807407289743426
-13.323917448520664
-8.430251300334934
-41.81371414661409
-23.44933247566223
-7.393973231315614
-33.510457694530494
-21.905895769596103
-18.383752435445786
-20.778641164302826
-6.589971244335176
-12.862819731235508
-20.646734654903423
-10.319327890872966
-8.49978736042977
-15.039132118225105
-15.350906342267995
-7.1284766793251055
-16.328395247459426
-21.379060506820693
-11.693289279937746
-6.088964909315113
-8.897312194108965
-11.76946604251862
-10.174939006567003
-10.893286764621736
-8.954554796218874
-18.254628002643585
-8.25942161679268
-7.733843669295313
-15.090691268444065
-10.499468445777893
-10.428797960281385
-30.732412725687034
-19.997176855802536
-10.314434051513684
-17.070286452770244
-26.886027812957764
-17.35464432835579
-9.250190258026125
-29.456261336803443
-15.506683617830282
-15.115450561046606
-5.528577685356142
-16.175754785537723
-26.857973963022236
-6.69930124282837
-19.052535593509678
-21.482077732682235
-19.06174653768541
-21.02729904651642
-13.106245398521427
-16.308439776301398
-18.868266582489017
-8.406011343002321
-3.961585760116578
-30.615841448307037
-13.699792802333837
-5.686467200517655
-5.271418541669847
-13.140423715114599
-19.726068139076233
-9.248326987028124
-12.70722043514253
-11.51800572872162
-7.922181010246279
-10.875084578990945
-52.053312361240394
-5.059308439493182
-2.663876339793206
-17.870824962854396
-26.892375126481063
-9.116300657391553
-4.778396129608156
-29.069994896650314
-19.25432515144348
-8.19244991242886
-17.399737089872367
-7.1228978037834185
-7.2598604857921645
-0.0369321652688136
-11.628103241324434
-4.10906507074833
-20.22162073850632
-5.120218545198441
-17.298436075448993
-4.903868705034258
-13.482118874788291
-20.530195772647865
-18.828861013054848
-10.493742942810067
-26.59257334470749
-15.019848585128793
-13.115757405757916
-20.780094683170322
-7.115779891610148
-24.454398810863495
-26.57408776879311
-9.237437188625343
-14.714139342308053
-14.252266675233841
-15.816894531250005
-6.9690783768892315
-13.841969847679142
-4.774715602397924
-20.122854411602027
-27.113503545522693
-4.588991075754168
-6.146142035722734
-3.7062408477067974
-10.229299142956737
-16.994502574205406
-19.45633873343468
-10.635672628879552
-13.631317585706716
-21.739277064800266
-13.709612369537355
-11.684599667787559
-13.634117484092716
-16.21873098611833
-8.748565435409551
-20.75421378016472
-8.933347865939147
-10.136162757873539
-4.151855230331422
-18.500208079814918
-36.65754017233849
-15.611469417810444
-12.781708389520649
-16.826356947422035
-12.26449650526047
-9.463118508458143
-12.256907194852834
-4.211610257625581
-20.356685847043998
-8.669074371457103
-13.669196486473089
-15.533024132251745
-29.78219163417817
-14.194231212139135
-24.90616865456105
-7.543166622519498
-9.126566171646123
-0.014696185011423675
-8.932192161679273
-19.696453794837005
-16.242927402257926
-25.34191945195198
-14.607699453830735
-9.754888325929645
-12.645902484655382
-27.008741676807404
-14.397219628095634
-0.02371958550066556
-5.601764008402825
-20.69641131162644
-21.956323623657234
-31.60956126451493
-17.282686352729804
-3.8118686154484775
-10.015765815973284
-11.065576523542408
-10.55648557841778
-5.107295766472817
-15.657004356384284
-21.60010857880117
-13.230195224285131
-15.14283984899521
-8.89792531728745
-18.580321282148375
-14.135578334331516
-10.564785256981859
-9.048837929964067
-11.149127423763275
-10.410973459482195
-34.17520400881767
-21.149850964546207
-24.046286642551433
-5.209809720516209
-14.360145747661603
-16.697619765996937
-36.368943214416504
-18.05915865302086
-11.284664928913118
-9.95814517140389
-6.993699342012407
-15.445775985717788
-16.639060139656074
-9.295942872762682
-2.7111117392778405
-12.442090988159185
-23.173219025135047
-18.05116242170335
-9.738361626863481
-17.75197809934617
-15.059865474700928
-38.21385091543199
-14.674220740795139
-14.81230685114861
-0.070681800134487
-8.624514356255537
-9.5501806139946
-6.024572491645814
-11.723136708140384
-8.212122529745102
-12.716240435838705
-5.002417504787446
-15.00432872772218
-21.02145069837571
-9.19020113348961
-0.04704897757619819
-15.764084577560427
-22.552706450223923
-33.67740859091282
-21.333366930484782
-31.14900743961335
-19.979592353105545
-25.004807472229007
-8.933914214372637
-7.081842690706254
-26.053331971168518
-19.372603952884674
-15.631224572658542
-15.500866472721102
-16.129230350255973
-19.748367726802826
-13.879321455955509
-0.04177337558940253
-18.811702907085426
-5.548169344663621
-28.01705491542817
-11.543026447296153
-23.785652279853824
-12.789390295743946
-7.072835862636567
-21.381080746650706
-8.282739818096164
-10.939553409814838
-9.201983928680422
-10.509544134140016
-8.851010978221895
-17.500017583370216
-5.209809720516209
-14.046460002660757
-18.372865557670593
-5.437329262495041
-19.296364426612854
-20.110091030597697
-22.025883644819267
-25.982898026704795
-11.345736026763918
-2.4767792373895663
-9.38850420713425
-9.840687170624735
-22.71671026945115
-3.068665564060213
-45.870771050453186
-13.282429337501528
-6.91925430297852
-22.71022897958757
-21.955620855093006
-15.164698123931892
-17.48939675092697
-25.51086306571961
-8.312761276960376
-12.821032971143723
-11.197496414184572
-14.062981545925142
-16.251470744609833
-20.885232031345375
-19.28392747044564
-10.66183646023274
-17.18881732225418
-16.793107330799106
-15.202487975358968
-30.68950435519219
-22.6517613530159
-15.322004109621057
-13.156503409147268
-25.275200515985496
-0.03066455677617641
-6.780044883489614
-14.73832802474499
-37.42187464237213
-17.10207003355027
-15.686016947031026
-10.899417102336901
-21.08470830321312
-13.242752015590673
-20.922049850225456
-20.922659456729896
-12.807467937469484
-16.91721805930138
-16.52709126472474
-11.35757374763489
-23.881621599197395
-18.828068763017654
-11.75815771520138
-21.928741455078132
-24.017784357070923
-9.1536070406437
-21.17617732286454
-5.742632448673249
-8.598646968603136
-17.741914480924613
-22.88782852888108
-17.766141772270203
-8.744635492563253
-10.481714680790905
-11.895363450050358
-0.04704897757619819
-35.816482812166214
-7.180962771177293
-25.73358899354935
-17.002931535243988
-9.52041044831276
-27.199866056442268
-13.6240783929825
-8.681105732917791
-21.84649646282197
-13.459857463836675
-12.720532834529877
-5.56111389398575
-8.728803366422659
-8.791781753301624
-5.532401368021968
-16.595850586891185
-16.903017491102233
-28.439538419246674
-12.860171198844915
-14.153638377785686
-12.068618893623357
-14.754481941461568
-18.057231098413467
-27.282471731305133
-8.421446084976198
-9.239526033401496
-6.545776665210726
-14.044801890850069
-30.231148958206184
-6.627052575349809
-21.378359436988845
-12.05843278765679
-5.0029726177454
-28.72959461808205
-6.697097063064581
-8.543230473995212
-4.442865788936618
-34.74097555875779
-14.363108843564989
-26.155288696289062
-14.912913084030155
-19.91705882549286
-20.49225658178331
-6.913114845752717
-24.598724961280823
-14.22579136490822
-23.600611239671707
-19.753651559352882
-17.359597444534305
-19.860101312398918
-10.600863188505175
-22.27988675236702
-9.895628213882457
-20.42454421520233
-10.526678979396822
-20.680929362773902
-7.085997849702836
-9.951216846704488
-40.6938282251358
-20.314668625593193
-7.097536474466326
-7.687996327877046
-60.447559922933586
-12.653506129980101
-5.484326332807542
-17.25240960717202
-9.01085267961026
-9.317801773548126
-16.512646436691284
-14.658681005239488
-5.652147322893144
-19.022373974323276
-8.676953643560411
-12.201272249221812
-17.43189030885697
-43.99365675449373
-29.687534749507908
-8.38932090997696
-23.73435905575753
-26.332246363162998
-35.27123987674714
-18.325211346149448
-17.520851314067855
-19.80934497714043
-6.676091626286509
-17.785874366760265
-8.577180549502375
-12.409970521926882
-9.128292858600622
-32.73343425989151
-21.71694341301918
-19.834569811820984
-10.860447198152544
-7.122409880161287
-26.13621163368225
-20.183793276548393
-36.90028116106987
-5.3116353303194055
-29.802716493606574
-6.260281696915628
-7.9805209338665035
-7.539686053991319
-3.7628441378474244
-15.854332298040395
-14.062981545925142
-20.898590594530113
-24.102018266916275
-5.1685436367988595
-8.465972498059273
-13.70541445910931
-11.953837722539905
-13.985324770212175
-9.749756246805193
-35.88376253843309
-3.445788636803628
-14.737053126096733
-4.603841274976731
-22.790612995624546
-32.93044286966324
-2.6151272654533395
-20.059233784675605
-8.80315060913563
-20.146937876939774
-18.73522743582726
-10.258836448192598
-15.335888773202912
-5.177092105150226
-23.818356037139903
-17.27561244368554
-5.373004063963896
-12.59183394908906
-16.604056030511856
-10.382107287645344
-15.031219512224217
-3.545775324106218
-14.750443279743203
-8.672736734151842
-22.333201110363014
-7.048946976661684
-7.648384869098664
-9.67557916045189
-5.8667371571064
-21.15908828377724
-17.055259227752693
-15.32644158601761
-22.085874050855637
-14.636378407478336
-13.14978110790253
-12.744515806436546
-18.913677006959933
-10.066431105136873
-22.433259069919593
-11.012528985738756
-37.15363484621048
-10.147556811571123
-11.62992322444916
-5.670380562543874
-18.351001888513572
-28.155556261539463
-12.53050881624222
-19.97786954045298
-20.478746235370643
-28.015444338321693
-12.87012994289399
-19.231830596923828
-7.918711125850681
-13.646741375327112
-21.80902671813965
-24.560159504413605
-17.679876059293758
-70.26390755176547
-5.730618715286256
-14.963291764259345
-28.246354788541797
-27.22689700126648
-12.044651657342913
-18.770004391670227
-8.564288258552555
-16.063742846250538
-6.663241460919382
-24.74350059032441
-16.840067386627197
-9.527591258287432
-15.156400084495548
-18.837595224380507
-5.863078802824022
-25.84404695034027
-11.338966727256777
-20.531289547681823
-30.772341907024387
-6.087082862854006
-20.882239669561393
-19.16461654007435
-11.247200667858126
-11.763546735048298
-15.519737899303447
-27.815735161304474
-5.977979063987733
-22.944490969181068
-8.52950295805932
-10.139634311199192
-21.190781742334373
-12.344524323940279
-14.034830063581477
-18.84317183494568
-32.46918019652367
-11.331806689500818
-12.755335599184045
-15.451699495315555
-4.6932604908943185
-13.795618385076528
-16.58032259345055
-27.83759111166001
-14.284173190593723
-7.34646955132485
-3.7976742684841165
-19.95879754424095
-36.44996809959412
-17.364143043756485
-20.051976084709175
-14.300730943679815
-21.104880839586258
-12.936180680990223
-51.550448745489135
-13.848337948322303
-17.043155729770668
-10.226076364517215
-10.771106809377676
-12.359315305948257
-22.667408525943763
-13.546845555305485
-5.4907172769308135
-12.408773779869081
-32.1590011715889
-11.649179577827455
-8.55213007330895
-19.20718696713448
-19.737406015396118
-15.139406204223638
-10.302044495940214
-12.336203068494799
-24.788300216197975
-18.642537802457813
-19.063548356294632
-36.84098541736603
-31.51254683732987
-16.2820604145527
-9.922471225261692
-12.482841685414314
-11.370920091867449
-38.17711156606674
-1.9866167008876812
-36.561471462249756
-12.99445998668671
-15.854999899864199
-23.748279690742493
-16.072539597749714
-13.868348836898809
-25.736099570989616
-17.075509935617468
-15.32423946261407
-17.158399522304535
-15.679692327976229
-10.956670790910723
-31.671005070209503
-9.728397414088251
-17.373140066862106
-11.858175903558738
-6.2703116089105615
-29.374727159738544
-14.004129290580764
-22.24096962809563
-13.353002190589912
-4.015133179724217
-36.23154628276826
-16.65490517020226
-16.545279324054732
-6.52478420734406
-13.395286321640027
-2.6273044645786303
-15.456121087074285
-11.323894262313845
-20.871210873126984
-4.084933251142504
-10.149407267570501
-5.882626205682757
-15.337208747863771
-18.268094033002857
-14.569103837013257
-17.15278491377831
-7.768982946872713
-8.876533746719364
-13.628065973520293
-29.498548209667206
-16.241320610046387
-22.15535302460195
-18.254312336444855
-4.6522018164396295
-17.874390542507175
-8.137771278619766
-1.4115918278694195
-8.933914214372637
-3.447772480547429
-16.359538555145274
-29.657630980014808
-16.847211986780167
-4.555354520678521
-36.84098541736603
-22.710414171218872
-28.689851492643356
-20.32723408937455
-11.507244348526005
-12.118758857250215
-14.952455848455436
-12.009306311607364
-5.399905443191529
-9.753901183605196
-17.98460140824318
-8.89859348535538
-14.159122020006182
-8.651862412691116
-0.010426834225659598
-4.73778496682644
-11.055554702878002
-12.040454626083378
-6.913487106561662
-28.910065174102783
-8.756228268146517
-22.066101253032684
-21.5085678100586
-13.111075520515445
-29.39395931363106
-24.111379265785224
-18.239670574665084
-15.278495669364931
-25.32674159109593
-22.67031845450402
-6.860653996467592
-17.20322164893151
-17.15233814716339
-35.17054557800295
-17.01806616783142
-16.278344899415977
-20.384978085756302
-44.8900153040886
-26.546637356281288
-6.191266268491746
-17.118293941020973
-29.868293896317486
-28.138627409935005
-13.114228993654251
-24.337428301572807
-23.811934500932693
-23.407315105199814
-8.383368805050859
-20.657762110233314
-19.960472077131282
-31.192254185676575
-27.434317648410797
-18.25486370921135
-27.470468699932105
-21.823721706867225
-15.52868869900704
-11.07308250665665
-22.79494404792786
-14.61696404218674
-1.6368350982666047
-19.956693381071094
-19.105432525277145
-3.705698579549791
-18.671225398778915
-4.522029146552088
-7.159504041075707
-16.21908918023111
-7.011587202548982
-14.28789132833481
-17.552337050437938
-21.915546372532855
-12.205057978630066
-19.556557863950736
-11.630032718181612
-7.256818443536763
-7.354533486068251
-17.014330059289932
-30.73882576823235
-0.08274969737977089
-31.411865830421466
-17.13624602556229
-17.64793372154236
-18.591206014156345
-28.335807412862785
-17.03864523768425
-12.438772916793827
-54.170875340700164
-12.816502660512933
-10.470555499196056
-11.390950143337252
-28.45075085759164
-3.05115041136742
-16.30498242378235
-28.280939996242523
-7.435055136680604
-25.70144893229008
-7.2662375420332
-5.119868308305747
-15.782896786928179
-7.4155150949955
-26.945279181003574
-4.786457955837251
-9.955634981393821
-7.077508568763736
-0.0369321652688136
-10.434212833642965
-12.302885085344316
-16.354094386100794
-10.701218783855444
-15.312923774123195
-10.61724834144116
-10.057361900806434
-7.688317716121684
-7.1669430136680665
-17.86582913994789
-16.568392902612686
-11.071342408657076
-42.439724087715156
-17.52002012729645
-17.34510329365731
-16.58944061398506
-35.607034891843796
-11.814254179596904
-9.743395134806635
-51.56847167015076
-7.615415275096898
-8.270704329013824
-8.698340773582462
-21.737813532352448
-19.565984845161445
-14.638518482446676
-11.955307036638269
-24.843791395425797
-3.470625296235089
-20.21004769206048
-6.886412434279924
-8.257700353860855
-10.258587956428538
-21.996430248022083
-42.168527245521545
-10.687071219086649
-20.066504210233695
-15.514867067337041
-20.932809755206115
-4.052855581045152
-5.437205210328102
-31.905653834342967
-12.51235041022301
-8.89741137623787
-15.556824713945396
-2.77626429498196
-16.951446503400813
-6.462735116481783
-0.053068971727049385
-13.511820316314703
-15.016885101795204
-27.958509296178825
-34.30564466118814
-12.452533572912218
-11.209584385156637
-8.544885039329532
-10.403550148010257
-44.539654314517975
-11.358116000890739
-20.23742604255677
-12.664150923490528
-4.290684878826142
-14.403577685356145
-6.592896178364755
-6.207659423351292
-19.801350757479682
-11.278106391429908
-8.713931858539583
-12.759519025683408
-0.04130745306611361
-31.257653295993812
-26.791914999485016
-10.386408656835558
-23.98728716373444
-43.12218329310417
-22.787223219871528
-7.991471230983737
-8.583098739385608
-21.204387485980995
-5.637127161026002
-1.9052887335419677
-15.222573995590212
-23.681962460279472
-10.756029844284063
-27.93273037672043
-13.533158510923398
-4.868368566036225
-18.147433415055293
-8.099245399236686
-12.835717707872398
-12.233736902475368
-10.87035331130028
-6.728017449378969
-11.8415876030922
-14.961631238460546
-21.79708695411682
-15.801795206964028
-16.070514798164375
-22.410175412893295
-24.51370172202588
-0.01745134778321489
-16.35164085030556
-15.628345757722858
-30.55701607465744
-8.721224501729017
-16.275300085544586
-18.80031898617745
-16.777730613946922
-13.422496855258943
-12.820355311036126
-12.524392962455751
-18.887593418359764
-8.190114602446558
-36.40921279788017
-21.052417576313022
-7.532169483602055
-21.966832727193836
-13.757558405399328
-7.801120415329937
-6.032038196921351
-33.98175713419914
-15.717780604958538
-23.117107421159748
-8.08424016833306
-11.522275850176815
-16.87805187702179
-18.250135987997062
-10.221312940120702
-27.525398343801506
-25.387467801570907
-20.00323116779328
-17.530017912387848
-11.941574752330789
-13.307465285062795
-17.684354096651084
-10.695989489555364
-26.62781396508217
-23.828172355890274
-13.162552580237396
-6.333787918090821
-16.028658360242847
-7.330432891845708
-16.745442271232605
-11.751278460025791
-6.795552223920824
-10.138768672943119
-56.91364789009094
-0.045617651659999314
-15.546469211578373
-13.065228790044797
-7.543640434741992
-11.245779037475598
-9.086461603641512
-8.925041705369955
-9.147675938904289
-4.495163261890419
-16.76019364595414
-2.8389925509691247
-0.0228448761627148
-4.220128417015076
-43.37215107679368
-13.195112317800529
-18.001969426870346
-8.355414628982547
-7.677518099546433
-25.40858915448189
-12.256691783666616
-2.080606751143934
-7.398924022912981
-6.104180455207826
-21.304181069135673
-9.680154591798793
-15.683163076639183
-6.395081728696827
-18.796414107084278
-15.205349117517482
-18.98241832852364
-8.61536167562008
-22.58816468715668
-9.65460380911827
-12.586635023355486
-27.127752423286438
-17.311684042215354
-6.1947031915187845
-25.48914560675621
-7.878187716007237
-12.14232635498047
-12.932098925113683
-13.140838265419015
-22.73182305693627
-6.752159491181375
-23.558560520410555
-28.371710330247883
-13.087274014949804
-5.190065726637843
-6.787460654973985
-12.28566080331803
-20.913059979677204
-4.330782860517511
-15.458998322486885
-21.067617654800422
-18.206590950489044
-24.762885928154
-12.268388539552697
-14.244663983583468
-5.903155930340294
-2.466067861765625
-4.420616425573827
-25.32373657822609
-19.24038371443749
-14.342899829149253
-15.865790128707891
-7.4065504670143145
-19.130690813064582
-22.63234829902649
-25.131181418895736
-14.972637832164768
-26.369364202022552
-6.837654955685146
-12.01809495687485
-13.32590618729592
-19.656498983502395
-8.497458398342136
-11.526087492704399
-28.543093651533127
-17.823491543531425
-5.970428779721267
-18.840253293514262
-21.786524206399918
-93.16473969817162
-0.03575996728614472
-25.27200141549111
-6.351032793521884
-1.3524618707597287
-28.49313949048519
-11.049707055091861
-5.949248701334002
-23.738513439893733
-23.510536551475525
-12.368227690458305
-5.370023444294932
-15.035553395748147
-3.8726869523525256
-11.486188068985944
-9.406625837087633
-10.055776178836824
-12.087545901536945
-25.042879983782775
-8.376635372638702
-34.04774299263954
-4.592807233333589
-12.867735892534258
-23.261616021394737
-15.261703446507468
-7.454303190112118
-8.771204203367235
-30.605496883392345
-11.135550826787954
-10.62427982687951
-13.174712568521505
-16.13286359608174
-11.192415744066242
-8.031817853450777
-17.46128475666046
-0.05054973810911678
-21.471672743558884
-19.452172189950943
-9.056269854307176
-9.521631918847568
-21.159496963024147
-29.656803846359253
-19.37903666496277
-0.8910742215812266
-31.939911782741554
-19.951509058475494
-4.23562303185463
-12.036919027566915
-4.194046899676323
-14.078087747097017
-23.91377103328705
-11.599949896335605
-19.209166586399085
-16.17900228500367
-28.07333791255951
-16.42189386487007
-10.13290083408356
-15.372676536440851
-14.76266334950925
-3.0210976824164426
-13.868374556303033
-10.622237980365766
-8.35192957520485
-31.250420480966568
-0.03920518606901369
-11.511159256100658
-13.620464593172077
-0.037734327837831816
-16.52044083178044
-59.06486654281616
-16.252788379788406
-31.15888252854348
-16.36180806159974
-6.014732256531715
-26.178837448358536
-1.5611766129732143
-7.934669256210334
-27.349153161048893
-6.541116744279862
-30.400653004646315
-9.613752812147144
-12.921628013253216
-17.246340453624732
-28.790895596146594
-20.067514419555668
-25.126087814569473
-11.73997309803964
-10.710609376430513
-18.37306186556816
-3.324077382683754
-31.242169380187992
-13.630797624588014
-10.446773201227197
-12.369249463081365
-17.13781303167344
-15.789001762866981
-18.13156995177269
-16.114249795675285
-8.723429024219518
-19.194901436567314
-8.827235713601114
-16.099395126104362
-33.907045900821686
-8.167041182518005
-8.129326313734056
-9.417172193527222
-6.226197272539141
-12.223233133554464
-18.591347992420197
-10.72439324855805
-0.03942130180076264
-8.775691777467731
-8.725010156631472
-8.736807212233545
-11.700687825679786
-14.874295413494114
-15.98493726551533
-15.472061812877657
-15.18162919580937
-11.696751862764364
-5.210418552160265
-22.916594579815865
-24.637110620737083
-13.058349251747137
-4.956357777118685
-6.251796022057535
-6.1199662089347875
-26.304360181093227
-7.187041699886323
-21.084377974271796
-27.359499394893646
-24.011342883110046
-9.975373744964601
-22.385466933250434
-9.109086185693744
-30.1988046169281
-22.77913400530815
-10.353196293115618
-9.78227722644806
-25.665047675371174
-10.459353595972063
-5.371051877737045
-17.572180747985847
-10.084019646048553
-16.212089419364936
-13.23679974675179
-10.559126317501077
-12.681247860193256
-40.34780019521713
-10.961515367031106
-9.51249018311501
-4.387668937444688
-9.747321590781217
-17.28205160796643
-22.071942687034614
-14.870397597551356
-17.98405250906945
-6.047302752733233
-38.07331722974778
-6.178047865629198
-6.811749041080477
-7.078847080469132
-17.485669940710082
-13.63331970572472
-26.196751475334167
-10.182657286524783
-8.922050431370737
-9.25176432728768
-23.906160473823547
-16.145274788141254
-14.252181053161626
-14.37993870675565
-3.7537644654512423
-19.532452404499054
-20.833255678415306
-13.036802589893348
-16.43948808312416
-23.523207813501365
-0.033973412588241714
-12.86037015914917
-18.65873730182648
-1.5289379432797452
-11.767273873090746
-15.132360011339198
-10.076753482222557
-5.169038474559788
-30.55347031354904
-28.040875792503357
-26.887488633394245
-22.15332728624344
-13.145516723394396
-19.179107666015632
-6.614525824785233
-13.94284075498582
-20.388757884502418
-12.836608141660694
-22.35946938395501
-8.105451971292496
-4.646786868572236
-5.392812415957453
-30.207755535840995
-17.112791150808334
-13.653846830129629
-7.214230984449388
-8.359103232622148
-19.039233624935157
-13.423619061708452
-22.05930358171463
-22.621679872274402
-19.16676035523415
-12.642061457037935
-3.5850669518113154
-4.061295501887799