0.3538125336771968
0.2520878808003878
0.24456423786213266
0.33634335817106453
0.2594016350885011
0.15676863619200643
0.29998574636193087
0.3008761895919685
0.19011430006848262
0.1733423679853554
0.11625406440308383
0.20655502407659332
0.18234208815843655
0.29420068544142675
0.3261134975639465
0.08577504559377158
0.3733168069339343
0.4584406925239616
0.02808630200438289
0.7384733374925246
0.5416247491892741
0.5523413449009529
0.3837038599289939
0.43071887807692477
0.33806541947291224
0.7399149223532251
0.4298216759258382
0.9747508891004997
0.5207580587134544
0.5207738202798642
0.4804682714714975
0.4388062979236378
0.3899289379684314
0.3491922878948479
0.3854507205305353
0.5870193871168008
0.6910765736152009
0.6287839486556382
0.25923855103175797
0.6530314285682116
0.6961512051663987
0.3331024412293695
0.6116027468548827
0.5788937387793758
0.48653598142564136
0.46575954778817463
0.6165223781433422
0.41945996408281117
0.6363174022190933
0.9583193734928077
0.43639848642950163
0.5801503517742472
0.44189330036100516
0.6128981196659623
0.7390563975240172
0.5279972542021342
0.8441052686054666
0.7656486925257425
0.3020018878634203
0.3721868824761816
0.31801139156754865
0.34754489208526906
0.38031513585270416
0.37710600767080593
0.4369595306958687
0.2786735370986816
0.3486842415481114
0.3009483217972092
0.5476158318649657
0.4861453674253382
0.26937332085357624
0.28465805063889704
0.3606332633071403
0.5257447154738992
0.36967073808486517
0.4016972142709444
0.5965612642658471
0.4007707079857912
0.40902778419060715
0.3845388382130722
0.36180246492366064
0.40658733387781254
0.44559461365450503
0.3564400063465978
0.5843291238177872
0.4590145928089271
0.4625093343789637
0.47316647603554784
0.5074183391468287
0.3273506796287208
0.46406512082488827
0.29951879512768187
0.4649860557101613
0.177553260989051
0.35829703581330063
0.20646398560423052
0.19487507115108293
0.17133694542816646
0.060559688287034286
0.024833669082631626
0.45238786766084116
0.25589341451514436
0.19865725038048954
0.08938869628200874
0.21129269207561996
0.3458136425380496
0.5319835869060738
0.504095957966691
0.2613554506551974
0.2178573056626456
0.03844746633463281
0.12855264595149563
0.28315615595629473
0.28302658869356523
0.39235638282064145
0.39814302253063316
0.2692367067081676
0.4658687972067913
0.35912428510303984
0.058448186994020435
0.1884279787351788
0.22176524915206253
0.3284460062515131
0.4187850802877957
0.24989645986054443
0.17798095079633258
0.18925476948043862
0.3479753876793895
0.4500301463410219
0.2260817631037646
0.4275284070895061
0.24015940452514384
0.4520170544473401
0.2854377680770044
0.5178469557189709
0.7398377784058663
0.40335061772680403
0.6309606823675935
0.6314509678411171
0.5168030403527502
0.5721419951824814
0.2844311114411824
0.6009867472170778
0.453536929589456
0.20139637519815734
0.6890258888576386
0.4291378602119168
0.5361185024942513
0.6027555749914086
0.4930972453345088
0.5263219087856066
0.6947314028099778
0.7268477917637715
0.5323869383797701
0.6200920306701881
0.8642201132737564
0.7760122126349009
0.7998168092647538
0.18001323897654364
0.38684660186326214
0.2902909098895825
0.07007077387042604
0.23032268946242607
0.29774259278540716
0.21907606668441448
0.47724648014708393
0.4722275864098099
0.2975675017534013
0.3152875389089481
0.360856092805278
0.2502444123175659
0.44411711184699576
0.4296999061893413
0.4663360353500764
0.23513063881567597
0.34054584177893754
0.32277273080870383
0.34528114265232857
0.3540170394425095
0.3803498395326169
0.3183440097649197
0.33729650204359063
0.2405765406694368
0.24500542688430094
0.2874183463540676
0.2740471674855911
0.267170178206417
0.2955727681781769
0.44778073654256323
0.3629626950763152
0.36249369260761144
0.40221258462384024
0.39342258622578896
0.38545431504826855
0.34076520130751864
0.46345930099028454
0.6147849778468947
0.28114145270325963
0.392978634121959
0.4254698842218584
0.4719193720544499
0.4662470339210474
0.23116138236323414
0.36361160371991885
0.3087618073716547
0.2868677244253044
0.5115157181370459
0.3815009273739707
0.1927948021449436
0.13100648023915484
0.3163959624650151
0.2591155895141516
0.5393226423762219
0.18441907686319048
0.37766416474647047
0.3046483094237685
0.46908888088577516
0.43372875201393324
0.2602374362337382
0.2954856383777207
0.18631557768487217
0.3707325361287742
0.5561979771980446
0.19744164569687062
0.3201838408684825
0.36127987265963757
0.5403870295900461
0.2577008780990967
0.28402068660941016
0.5126758932238064
0.34398757404142666
0.49189790220468466
0.25687287443220486
0.26239455903956366
0.3759662978567624
0.3454490824355425
0.5675488981035122
0.46568785334893004
0.4548136876089057
0.5651824555821587
0.4998146158264096
0.5442183434363241
0.48653779606700187
0.4089308607282507
0.3956344055642219
0.39432721013833794
0.4618872785105488
0.27394492713714635
0.297839357461517
0.6146124410088077
0.33807376384467724
0.40835258873206015
0.37048071775244595
0.28285386962687264
0.3550488127015573
0.26478173759322676
0.25113013813896323
0.29165428218533485
0.4107002317344969
0.17155534808309125
0.3104311002650496
0.5537776209803564
-0.014869872598909595
0.38143623823931294
0.26614564768503923
0.11524397458208258
0.2030577978876249
0.21590527162384165
0.19267667879957084
0.05433441638062253
0.1746067118735598
0.20732449046761336
0.41677233028887084
0.4367932788365718
0.9257698648234419
0.7578841874618323
0.8888594142211058
0.6575295655693986
0.6203495219661179
0.6767464829630523
0.7543709408307269
0.965203616187324
0.9665013068809659
0.2862587686115796
0.39385214996777274
0.6568898164666561
0.7774330375378379
0.43404994383949536
0.5767787437280983
0.33612322354645774
0.37280090307079183
0.47301774910139405
0.514442687100682
0.4308328296023991
0.4508697591639703
0.35096008985471405
0.37281972499604565
0.6009909097290751
0.3514911995199981
0.8540513564388095
0.568432821285141
0.47467889383205353
0.3973317493949009
0.4201749998529918
0.5480331615366234
0.33878336263880626
0.3497541235316117
0.6172036153747893
0.48003776415996235
0.6053761573581973
0.17552755904527906
0.6184736652785766
0.31982206550085535
0.3683397511411296
0.4032747897565224
0.7556091148778971
0.4873298144471985
0.37917518262185257
0.5137959391570897
0.32520647228289523
0.5324539212860984
0.3963517510840573
0.4224648681545733
0.6024402289783342
0.4527950368306608
0.4402063192305864
0.45609108369642604
0.18597904287225364
0.5096819316747672
0.23411458111903438
0.3716667497833456
0.3691363247364754
0.33029623170461886
0.4913860963881804
0.45935075343119136
0.3325099045994062
0.481161643742372
0.6557203100776023
0.34827084079852044
0.45522133081853977
0.37107882626641797
0.31597932968592435
0.5424543826874593
0.5649227092979903
0.5840911239460558
0.42859228483491063
0.6377965813614095
0.1945568036313028
0.2221504792251756
0.3848926026559554
0.5686355768720529
0.4805868343698644
0.4937503446257532
0.39766853411453507
0.36309701256478233
0.4744783372141511
0.5528666755365115
0.6030109565698997
0.5580120113144269
0.4334312689122546
0.43280827557564594
0.34415249654695756
0.365259813934781
0.4592412811736135
0.3966739209524398
0.2008357152143152
0.10649850537095396
0.18660855951524002
0.4060656218068621
0.4144474808506764
0.5760784739111477
0.5187640600359094
0.5069801499304514
0.28985968090827985
0.3223707610619029
0.5621599875931634
0.533090353860904
0.3530443971862893
0.5106556122510091
0.5353182547034906
0.7771154936466131
0.624915340730649
0.24448103419957623
0.6361083256678104
0.6528792385265998
0.631346471980637
0.4556421670801578
0.3689308328141391
0.5145205959211365
0.549431709056982
0.5207415312655452
0.39070704707038306
0.40837246084856926
0.6510957281034072
0.646539359486611
0.6915651665984174
0.44502792880556474
0.5920736560798578
0.7127458271716349
0.5038468692099225
0.3726360592297804
0.5204782761027779
0.3896500380729456
0.4751163907692496
0.48151826196903613
0.4137769263032496
0.5363031767173638
0.2759505290456856
0.5944541790105575
0.5424297323630705
0.6210511802010015
0.47653688982680664
0.6320615353711576
0.3316892740182449
0.5958931685077051
0.29749476134259223
0.354773219412273
0.377524136537712
0.31995213283268664
0.313395693954001
0.9808961216930974
0.3465746345786527
0.31227575503452254
0.4133738752139078
0.4802304187870582
0.4217311476046348
0.3454793091637811
0.29038883762656864
0.20848058876534692
0.3734628197929477
0.348372356342429
0.17204043928571178
0.3693817315290322
0.47812374114544265
0.298193488652833
0.31188517969116625
0.3653410117959115
0.34350187751397054
0.3296218238826869
0.29679546858817807
0.11662100624225791
0.12318963949260131
0.23825847088770158
0.42475361255064115
0.32152105413765497
0.3818543349498701
0.17616225084462822
0.4399096325311931
0.23094829853111953
0.19027586151075537
0.46705427854578097
0.4541819769696207
0.5414722886234212
0.7084940264122135
0.43283643158450813
0.6049410145476048
0.6833156660192934
0.5345537056307016
0.4120761341432909
0.30176368432337963
0.26258751661875923
0.18505008686490498
0.2150170526033215
0.2858060391601984
0.07482801350134294
0.2388778864304446
0.40989144093000807
0.29984556881411617
0.130288720129633
0.3061473151244627
0.13410416344237053
0.49293622094628586
0.4967726995281663
0.5526763317224395
0.5853362525196039
0.5628181811226092
0.6806911530011815
0.7399444110776128
0.6138668558349293
0.7906420867589949
0.5646505521568099
0.608569413922565
0.6997132703518747
0.29995411500124003
0.4345552776756325
0.49559970521691454
0.46194577112372237
0.967906112526997
0.8705975380202188
0.22267209593290183
0.6457112483218912
0.7335882863804641
0.40618885013457406
0.5852449016591498
0.5430532792041805
0.5058912743139943
0.3027559351655843
0.3691892603841145
0.6298983241214899
0.5105186975946867
0.5097554929985026
0.30395910921409564
0.47297626729559017
0.4095801398881749
0.42482068240351833
0.3179022576928484
0.43616432886349654
0.24465702319494065
0.4944240733499561
0.34692924469041864
0.6304219514206598
0.3466089275882397
0.41151031440310537
0.3478682852763655
0.2638627509829947
0.47754446505680703
0.5745625683150062
0.3186237219384631
0.5429243513023021
0.26504046096236533
0.3975025164428101
0.25142018653691167
0.45683695393942547
0.32882781334635924
0.3462951302004893
0.47523295352565365
0.5354473456903602
0.45727632265449425
0.42278651953497404
0.26185832584429447
0.6830878521063278
0.2630178283759128
0.1807559314324383
0.37751645171476067
0.4521472955413096
0.639009055843822
0.2095370761677373
0.4099792430605578
0.20284992288697223
0.5453715374159559
0.32845813858264883
0.2860502701041696
0.3411860758452525
0.22580922614504617
0.2390304191829058
0.3674275449950025
0.31578010438336424
0.3361592209263746
0.18196600397155982
0.3240186307581957
0.17702346867773866
0.4671283125364397
0.5287184162006279
0.5236080118566604
0.2558764101108574
0.21564471636846194
0.4007401667395696
0.4518328979399999
0.4056921828343395
0.6307786136957981
0.4465787254356324
0.5793718989687154
0.38078444888089424
0.3694671372382773
0.3757593864975953
0.5301301187509688
0.5050604830482632
0.3487218429130521
0.31472751897583284
0.34208178266622324
0.3280033420198094
0.4799796815849182
0.656873115761518
0.2947658132040585
0.2846097966418528
0.6622425543744223
0.28353833694101693
0.28707761197849846
0.5495088885192216
0.3338391888003358
0.5846210802322229
0.27232780310547944
0.6838422683756183
0.5574340414055547
0.527903808280171
0.4261911757120569
0.4212829334835021
0.704757153247203
0.1473603387364949
0.7663153291364968
0.29076669090785046
0.49489493254121575
0.591918398802335
0.42909360449553646
0.6390200965627091
0.6233394681124238
0.28143839827258554
0.4755434709726345
0.2459372411065317
0.40599005701221813
0.4457071223185346
0.43367621172009874
0.4375927312595469
0.4098966695591124
0.3688082086035567
0.5173038122688094
0.42358089430863877
0.5417572433363818
0.1069017669383856
0.2670945005451353
0.37063741046543464
0.17643786665926542
0.4137696727100191
0.33124777335357436
0.4586128227854671
0.17864708326398915
0.2731782902678719
0.3904808189011677
0.2715933858407955
0.23325779654347367
0.31703350504896444
0.46754633879094887
0.513718890426541
0.41566536246394614
0.41184029412973366
0.3907941867699142
0.6742499607953636
0.8140543198802777
0.5034400089826584
0.441569621324424
0.9830567486224685
0.6920843798866535
0.5012018045089579
0.36515115740660953
0.2206113126075263
0.28504782649370763
0.437496453294282
0.4835031515603784
0.4703613040671957
0.3404027827384468
0.6335755360764519
0.4771787014823774
0.28966167493677997
0.347084075159264
0.35859293623450883
0.5186634218654728
0.42380662785179135
0.6703945609536627
0.33875845895525747
0.6158302882885485
0.06625929274829867
0.2998851050484814
0.19229300232983348
0.20680382412999432
0.251880136651217
0.1334428270237673
0.13672031292041853
0.3399432352119953
0.19206887063275668
0.20033188260229773
0.20990229651029702
0.2704704886567104
0.17925059882867178
0.2610595224828258
0.29635526537867074
0.06765727398582078
0.3817429519804185
0.574566314491733
0.03580616507504086
0.4871858779248548
0.4374251444304026
0.46363688491361743
0.267825786848529
0.3366328508245927
0.4406948065722692
0.5198145094532876
0.4933935347300965
0.44690968732503344
0.4643727326085789
0.4348955581551205
0.3727685056879977
0.3591452835901545
0.38045970262751316
0.3682518945128175
0.35129677933944525
0.5870193871168008
0.5645538441128691
0.4713732882133016
0.24048214415182212
0.6166411773477812
0.8352603910161501
0.5333365046052683
0.688464890586819
0.6810413667222724
0.720184354298218
0.41481383440202557
0.6165223781433422
0.35858886933389367
0.505681309711619
0.7296394765442537
0.6476944690092631
0.7909170409349751
0.5604443949924292
0.9851263646037283
0.7098607969154415
0.7074813629392344
0.8441052686054666
0.6744898799982212
0.36046498952206285
0.3721868824761816
0.4564465770422961
0.07131469842483495
0.23016363172911458
0.4477283670465757
0.34727419328274267
0.4277045603894549
0.365943035007789
0.22722266260410662
0.45260464490111707
0.39431206113127004
0.2699915090048426
0.28421521054630194
0.3322600865312214
0.460022429878963
0.3283408738169168
0.34002705237390285
0.45512461612542654
0.4375675268227359
0.2191590967771807
0.3142897389681989
0.2927331197396924
0.3511224424451205
0.4731984840259119
0.3564400063465978
0.5924492435768114
0.522919497883906
0.43177690425793835
0.4746678202884791
0.3592077159803124
0.32026167388406923
0.46406512082488827
0.3860401994424898
0.08084904131121817
0.14608940036167561
0.3345139309583398
0.2697878451374065
0.35349337992921503
0.18681211257078556
0.09723242630339313
-0.016734427636631466
0.3628567025777516
0.17921389865911375
0.28905857879349484
0.0966083546418961
0.16796265573678215
0.3852089625887045
0.5200367228378638
0.6202525817529052
0.21582657060040222
0.17654094749067417
0.04487876371425792
0.08602347472263949
0.11849170156172006
0.26879580505036615
0.3172601311334432
0.329582086108659
0.23504074691892052
0.3288864550647699
0.4123522022882745
0.11943457955054715
0.2235840962671961
0.23185243582015724
0.41184013324844404
0.3406319631148531
0.2804916684997968
0.2289245315173627
0.21741734353201236
0.25700261278602854
0.46588709782460036
0.09745056958795373
0.3605532150390711
0.341844105987546
0.44211131398831616
0.3317771266982753
0.5746599212259581
0.8474880631551095
0.6388951881502474
0.9674149362968055
0.7464965417977404
0.5119747399392299
0.5630693016567174
0.41569688239447933
0.5582099966482934
0.4013619893940116
0.2741456610720482
0.7069379405850158
0.49186341307180104
0.3287473667660995
0.5911921837341116
0.41237237461503184
0.5208293370365611
0.5824194585307232
0.33065094295600916
0.3861527087965151
0.5124540336273016
0.6693805952664958
0.6130964532572483
0.6825559343506211
0.17982706433561857
0.40772756905178675
0.24124049575731266
0.07018008785546881
0.24048780389335123
0.3468942620574975
0.15324578460160054
0.5213983591921689
0.4902593808984774
0.2760636606628881
0.2687774190939862
0.3807809783836439
0.2535734500838962
0.1835831583798504
0.3821695890083511
0.393867478265018
0.21208837064785002
0.2926740111220435
0.3812248085124429
0.3638723282653029
0.43962799053207424
0.2490672008537167
0.34580403081434985
0.29341826709050056
0.24275085580547384
0.25033973112179897
0.2919928909290136
0.329202934733423
0.2817222657480323
0.2578414359666368
0.46231845831138463
0.42844905396093713
0.35221008979125246
0.4090927746197578
0.27464714265857326
0.33338671165471045
0.34076520130751864
0.3797977194092237
0.28377556154857964
0.18750729604409555
0.2827378211797057
0.44416618344622205
0.36365345598610865
0.4777576884733957
0.2268551583436489
0.297544569065181
0.2712931353681489
0.29664615627310575
0.47569050626726606
0.4812503178870433
0.21024720188821466
0.1515964571857793
0.30794706828811147
0.2713387154875627
0.2858560533539223
0.12657342835330232
0.3792674258044153
0.21915325192080826
0.3463705534791883
0.5134333719462225
0.23036526212968012
0.26553951165480827
0.15461375278500966
0.37661254103154373
0.4324861901121533
0.16823396632483312
0.23868599535306623
0.1819046492604065
0.5160621450917617
0.26225651795246385
0.32615705931788186
0.5479489994137314
0.2918656512127824
0.5834757718300099
0.38027662487173175
0.2868767733134465
0.27910096831004216
0.24270177256072567
0.526881262268444
0.5686734055450865
0.5849634785575122
0.5983580192834359
0.4341128077236025
0.6392165078364789
0.464713414991449
0.3154771836857533
0.40195758967563555
0.3243698453622681
0.5041435648017638
0.271700906465669
0.38619616301137305
0.5846599320657897
0.39447152832323606
0.42860713069526946
0.4361020087514246
0.44387473110860687
0.351455739357602
0.26324400354863753
0.1849477588900118
0.37745122384447616
0.4056095674533857
0.2864120070478673
0.4955273308945696
0.30871377591656646
-0.031360137323901416
0.3975628604517516
0.3229722503067072
0.10608464725870559
0.18738025820285908
0.20570237796961255
0.15526768710275063
0.12533702795299273
0.15898561303482384
0.1604914064945938
0.39020228617569797
0.23062259938941132
0.648672116466563
0.6857298281830202
0.8888594142211058
0.4061519811900979
0.5676026094367538
0.5312537960744759
0.5510843312221618
0.7997671117812637
0.5404405466802572
0.41479276453754454
0.45931090974175137
0.5965282458107257
0.5792108777852514
0.44770920779607803
0.6267364378248951
0.3720432621420332
0.5428235047946169
0.4844961289487575
0.41020809538083514
0.49698320570334786
0.5035856694063543
0.4710764087670949
0.4799344148170078
0.600977152911475
0.3514911995199981
0.725305437652403
0.5071668470809075
0.6581083882891532
0.32014319522824575
0.2500272182704468
0.532146577722987
0.3263914566696109
0.3330469106293391
0.6752008218120609
0.4932676874579607
0.8463375580215056
0.3459433193245649
0.6021717239946808
0.5424436539805129
0.4873411376005108
0.3575068587506054
0.4015279207081197
0.45898015404262615
0.4162311508702028
0.3921799489713703
0.29439517462514053
0.5324539212860984
0.399811775850863
0.5616787088622893
0.695523749263859
0.590778571732397
0.3122824154098436
-0.06893839228217358
0.19335018878841437
0.47496595781713247
0.45356100393710763
0.1975287715720847
0.4028485903024456
0.39519914495498276
0.6314599653488178
0.3386633913175079
0.3630845416276297
0.5599362635088698
0.6726749307696943
0.46187298370400454
0.7743398592958223
0.40632713291919287
0.4210447520801712
0.35074527125150623
0.46324090916170946
0.5540658224491186
0.4274781168244963
0.5347346709970051
0.2163509052722412
0.23753123224521588
0.3970902222421464
0.6411591697212984
0.2642609383350728
0.3522945124403247
0.5460919761696275
0.241446458456966
0.3895358473986339
0.4673960583378798
0.6286239991798882
0.4781330302215048
0.3878000648745852
0.3447321710086608
0.34415249654695756
0.3343155868089659
0.3955878835939063
0.3907567522897156
0.1448909588137437
0.13113056033523285
0.16410793732580808
0.11045760199982757
0.37321860477041
0.5760784739111477
0.5261979582251024
0.4201133211577366
0.296092166780791
0.3382105034080908
0.4362392493298317
0.6103170441340979
0.2254185200319393
0.5007778990258926
0.638091784400915
0.6144784274482546
0.7366431601093107
0.5166737683249418
0.8317141796308832
0.7118002721674621
0.6877342422031516
0.9245242067338504
0.3317342696144744
0.3379330023149665
0.4904157967290337
0.3711346849863706
0.4131983373582673
0.3378794944377599
0.542344361269417
0.5793750050266565
0.6400831672083251
0.36033375278548563
0.5448225581067764
0.6346936383139508
0.5380661457142911
0.4378258320897639
0.5274184205941095
0.45438638517309404
0.3929637894865541
0.48731472393044917
0.4124291209945439
0.5479709058891762
0.27931857378615965
0.4619781612049324
0.48128591658506115
0.5095663234830812
0.37693077866735225
0.6975431191077962
0.36305480950172386
0.5223106322298319
0.25936407081721347
0.3787566591857404
0.40417722992308724
0.20945616436073122
0.25637593880491694
0.4215398084905839
0.30231613927192713
0.27574974951380193
0.487268818780383
0.5199812627643344
0.3715106529517739
0.2777529198511568
0.3376796395600503
0.23048251942298603
0.22612266305981255
0.30572854265048544
0.33855856794171224
0.448416789812049
0.655844557724919
0.31942033146213133
0.2084585670664656
0.3802005718538757
0.3673832177008808
0.3374236575309433
0.23667742493342292
0.21557108487276944
0.10672879610990793
0.2473018847026478
0.33305848290174034
0.3291089153013914
0.3192434277180264
0.1891964183220367
0.2689556965170701
0.2806376725343174
0.1882836484067727
0.46089917375407463
0.5459534076136425
0.5774441313810138
0.571396041939434
0.5839189178091633
0.5910721796675309
0.6945992720503602
0.5138085118701865
0.354743179198414
0.007733614830125246
0.24415933571853088
0.2734319366428348
0.15876440599687958
0.30402266658290444
0.05262561734351623
0.20571608867289148
0.4030729669224381
0.280619468058507
0.35002782122447085
0.3646760782790619
0.14598825302487928
0.20180414270552438
0.44654322525398604
0.5151346213327224
0.6361683217402245
0.39437927840752607
0.8806304300646788
0.6113944218208036
0.6129911565009551
0.6118237311950812
0.6526469246409339
0.5401730537753496
0.5530088540791489
0.38619616301137305
0.46399318176406745
0.4177963165772671
0.5423487539168552
0.6009712046828822
0.5727514297508403
0.20208709292243332
0.6054683779564041
0.5041534372461848
0.5132508475086008
0.35670223124853284
0.5184968007460575
0.6994886480953577
0.41685927233626685
0.4714108988698247
0.6091711643271553
0.3225627453884963
0.47062862368276637
0.2842173407644877
0.31385773679364526
0.47601554884271025
0.340908371069094
0.25383569627943126
0.41323561779173457
0.24586996757943458
0.43257091286275995
0.2542601720123011
0.6029158191083471
0.457827139156016
0.38866390041327803
0.4352940533697869
0.3010760748803042
0.607102585409216
0.6375966558554513
0.3147617517562662
0.5504116088931041
0.2747075916055852
0.4308932833524667
0.1689459559527109
0.30569095663164514
0.33508682900854425
0.2775134609038501
0.5235249935052637
0.4596567791102042
0.4438102065657603
0.4832417825541071
0.32922240351391285
0.7696484334288924
0.3024758354413376
0.44875453130263354
0.2342595456933778
0.34614590347406804
0.5059091208468307
0.302695770183277
0.4971305556654083
0.14502188984331854
0.5453715374159559
0.1454318331261426
0.29733100831388914
0.18296654422364655
0.2622970080860867
0.28563744680438274
0.44226473503928665
0.3052091174370781
0.3846013562316962
0.1928192540662219
0.2546313891764973
0.20843597267360559
0.4357535729483617
0.5465842108306219
0.23511433527204995
0.45716618094419814
0.32863041213781374
0.8049331657671173
0.47466407086853635
0.5581801029604323
0.4565640046806183
0.8786773866181949
0.75664687430952
0.49467782315903996
0.2612009512898398
0.3856274751006198
0.4525191100072593
0.43700472921474987
0.34823246944012975
0.33905067873180283
0.33347630967245023
0.30893278282584635
0.3530839100226183
0.6008159649054128
0.2824277563666384
0.24080473104708555
0.5903793439925459
0.27422600632909255
0.145306998801898
0.5495088885192216
0.07362464968013105
0.6775258660891229
0.3014463164979816
0.5469563713223343
0.638712862778285
0.500119529426337
0.41941667973075303
0.4808713238979043
0.5976524544194383
0.2196917498500709
0.7990868851792098
0.4200983902794453
0.6777569674196785
0.6576678790782429
0.5209095786356277
0.378039702602607
0.5065555958518555
0.17558114046230422
0.4487864938412295
0.2940787553221542
0.42080148068779044
0.3641836760493653
0.48709175575510155
0.4232565335216971
0.5055107993849846
0.3659344984374281
0.4033264415847492
0.3702743261165189
0.5055199858094435
0.1762743597657238
0.25426225183026574
0.44237603498292655
0.2581766147818264
0.40085602943611076
0.3811618382990073
0.403576817542012
0.23465075728442752
0.2380124223310942
0.361593246761867
0.286033030314536
0.19792557519665577
0.29568654527770366
0.46754633879094887
0.400878670664392
0.3166384913881697
0.4553990895372573
0.78950675313743
0.6833051540135731
0.6937392241664144
0.49953876474258696
0.4757446277229056
0.9830567486224685
0.6262192687447674
0.5326955248095423
0.3051181043759412
0.2901200143836604
0.3179175430867418
0.36133727787197134
0.4889711189126412
0.34484337483921657
0.5298883221945349
0.6030027036718442
0.5411497096307388
0.2527367836037585
0.4028358107441452
0.40067362726107314
0.3613088601772996
0.4128959541918873
0.5671344636264962
0.36494791446836927
0.5985499032482599
0.2509186054003606
0.26745087636261355
0.19691264705720624
0.279907210743885
0.2414594569536732
0.27956621953713656
0.13580627349273755
0.3516448118230404
0.19865219617173147
0.16403328790124294
0.17304891829327118
0.17406150723121816
0.3031015412418808
0.2509884759141735
0.3146524297821214
0.08016404817643918
0.4373436299038044
0.46407546672064315
0.09086363414474796
0.6213872526823028
0.6191625002778385
0.5516509983705775
0.4162080172404681
0.4100321141016593
0.41412640936753153
0.6861182702254007
0.42743449544780554
0.8767613764033764
0.5491974090318964
0.41997124649071926
0.47274397980826377
0.23853911413630768
0.3787805310413386
0.48286391589507627
0.5095048598018023
0.6396921572254947
0.6170614619801884
0.6287839486556382
0.2725611459966075
0.6281750916225696
0.7158123876710925
0.37922748435663467
0.7143525004301532
0.7962610418408712
0.5923529097058553
0.4992070029105006
0.6165223781433422
0.2727983661733717
0.7086130555440209
0.9583193734928077
0.5662867799170657
0.8656054612652557
0.5149373675550569
0.6128981196659623
0.9860681944825238
0.6046440882107174
0.8441052686054666
0.6744898799982212
0.32511896580821487
0.3721868824761816
0.3108478761422413
0.22388582866419504
0.23324004061425185
0.40368896837552626
0.48206176838681203
0.2786735370986816
0.38294540557184154
0.2962094720144912
0.4514387878091709
0.37706794521337017
0.2537125709993385
0.3451585401100703
0.3374725202071456
0.4447236053213717
0.3884346873425253
0.3630217418406738
0.5636346877512118
0.4211586804271197
0.577543485441245
0.4731663488944211
0.3403515233093004
0.41600085722055224
0.3836509376850772
0.3564400063465978
0.5924492435768114
0.37407068480488626
0.43081869737568157
0.47316647603554784
0.4324668339988358
0.26991513047528803
0.46406512082488827
0.3125429842906434
0.23434776765415166
0.11439022253514208
0.3328889755099922
0.1860743443182029
0.3313912258939413
0.15320191434651742
0.041747288801315174
0.019410046441729056
0.4727239524196356
0.308778980656333
0.23198224693975067
0.09564924656780083
0.22680885707358378
0.36061618163922216
0.5200367228378638
0.6587047477968778
0.20558426414163256
0.2937298537998101
0.015012247101880982
0.08335238894445463
0.24112225164741696
0.2053375580235406
0.33287194502258366
0.36720921820472974
0.2589635003540882
0.3985053795383027
0.38263035805006496
0.08218513261631688
0.16727355500115215
0.4229303443515666
0.3088838246183495
0.38812351202675643
0.25334199391291023
0.2777255507026135
0.19868448663079363
0.3871200462188339
0.5248753898793588
0.22869896018869162
0.3482748664327261
0.33109780894786534
0.47469203649106473
0.3098106870996479
0.536678373624018
0.8235843502925984
0.5923851298755244
0.9674149362968055
0.737238778366408
0.5734073122757299
0.6963292840263816
0.23913337107103183
0.7107451657319015
0.3333561917222766
0.34306739294217425
0.687453851591556
0.459304677944982
0.5023839824670251
0.6166065850898634
0.5149521410728367
0.5873134508628962
0.6947314028099778
0.6442310287404985
0.4436607378464832
0.39877887628483855
0.8536993818976878
0.5681628349911343
0.6945455039976444
0.13641537016298244
0.4217599025410257
0.25615281019258895
0.15037077875250482
0.2600979266955141
0.3346640298848961
0.3311940750642848
0.3872817669025621
0.4064370013965378
0.3009808050473849
0.2987242805519499
0.35542065935519696
0.23963241225263587
0.25433544644081885
0.3867870148743886
0.42546419184662343
0.2432136534248488
0.35148471692539296
0.42696295131439244
0.36777453531132864
0.3540170394425095
0.37586890918737226
0.3601419270775241
0.33130055775665024
0.23248013814339485
0.22736928790980415
0.2521165916054793
0.2158018158054954
0.24338345469413747
0.2719801902052388
0.3392517083110276
0.3157405173404475
0.360062276574761
0.41262899814947074
0.3587781332902197
0.3453824957834869
0.38026908956279104
0.4419128053496708
0.36607573092363377
0.2568294108536209
0.3641992930277129
0.45214367993882454
0.45838912350035255
0.5146293687271142
0.23116138236323414
0.32893275253456156
0.3589809663911938
0.34001017489904584
0.506645967644846
0.47445512735816353
0.20010165832230853
0.13100648023915484
0.26452590949249977
0.21140635353404913
0.5393226423762219
0.2409196128981258
0.4472461994975596
0.23297407100821887
0.5619061190798089
0.49518199336552005
0.24750974741037712
0.28496058613431896
0.2411353869434144
0.37473564053072894
0.5524626128054834
0.1924339612845829
0.23868599535306623
0.34382126584496253
0.5462049206527444
0.25681784419965326
0.3327872144067592
0.6139127848188286
0.4321228452212901
0.6358025866618652
0.34089275775217376
0.29952795358050466
0.2753124755310715
0.3050407936886371
0.4026675706733692
0.4770463931625524
0.7843898701710627
0.6487631609335731
0.5130539155350202
0.5470728599245462
0.4425901221237246
0.34567991915910423
0.297061778867617
0.3955195879284381
0.484703386455127
0.26146955354368706
0.33464591975307356
0.5842856275556669
0.4249234476284376
0.49309619984298403
0.357836621259666
0.4065196303809189
0.34337152255102876
0.17907054326532457
0.21417867623942255
0.3309593012091414
0.3641119199417575
0.19853679594449192
0.4464882207836789
0.5537776209803564
-0.042812887675742095
0.37959716856729164
0.2946950589539581
0.1163174532728739
0.21883464599170166
0.18560415986760814
0.16744969420837164
0.09184936445029968
0.14356206287274087
0.22531951393096106
0.3643284630942182
0.28403884813257363
0.6639281664826185
0.7040340220673461
0.7003480801616987
0.29475787527564234
0.5541248380412115
0.6767464829630523
0.6263850425285908
0.965203616187324
0.6715560452824274
0.37497775433762315
0.5149580015857083
0.702242856323564
0.6248938985366608
0.5090929493336267
0.6251142449914955
0.30674707716213323
0.5497002738911807
0.5357931048360197
0.8398094677891874
0.5885640115253409
0.512982694895147
0.5200647464758622
0.4229734821316862
0.6118885408876218
0.3514911995199981
0.8540513564388095
0.5559094658343816
0.5191002620595404
0.46996753085068366
0.5528058019861368
0.5287564823578541
0.5318379950975513
0.368540408499584
0.5932385804800646
0.4546119889584217
0.6141114865671714
0.290046227913034
0.5702829163240523
0.292053908894476
0.449739415061981
0.36757145629996535
0.6436459158107461
0.5034144579776193
0.47592757937168373
0.3990494694758506
0.28059842903456045
0.5324539212860984
0.4150871622466339
0.49588449539430524
0.7288846792182986
0.6555688852631755
0.44716514877895586
0.3159948096523666
0.21695096014995396
0.5282521792371155
0.26344772371746983
0.5401513908630604
0.39949965451728897
0.3857145283373715
0.5927006708332362
0.4878456314711459
0.34178233616081144
0.5189795629748271
0.6418443677522965
0.4478500548961972
0.7743398592958223
0.35162687113130664
0.3692220546781255
0.4562935714213292
0.5928106445400637
0.5984460266880164
0.3356038806248913
0.5796588141666544
0.2541694406323014
0.14535883739135014
0.41130551729127074
0.3807451572995535
0.4810418960476266
0.32710678119985925
0.502352525209615
0.3154420467475134
0.5071637305326218
0.5207612426256534
0.7155163225100989
0.5146475791716493
0.4921380675871776
0.4392745047922253
0.34415249654695756
0.33599667955947754
0.44594944005597326
0.3334445733882685
0.23932038802230293
0.06740441924270246
0.21548477271000133
0.2994937010358243
0.38814414978088085
0.5760784739111477
0.4813212108389313
0.5360803664713136
0.26113498261891677
0.32123596459239134
0.520187269938009
0.5529681697036146
0.38161697500119596
0.45805010256647694
0.6883427549979267
0.5944958951485092
0.7366431601093107
0.1992777670862994
0.6430725346903924
0.8112948939952975
0.5570812978470676
0.6328235127342641
0.34119854339984546
0.3996901336881785
0.4807276701139044
0.33900073509925344
0.4210929346156784
0.3212301973377658
0.5175404723584887
0.646539359486611
0.6016504845805144
0.38663765402944794
0.5448225581067764
0.6346936383139508
0.4185173015391328
0.35106807874006085
0.5204824773941154
0.31136665209005354
0.40154177530432755
0.44203744526291233
0.36283141860583923
0.4580362209467709
0.2317662122014773
0.5401619870503587
0.49280893566984574
0.5082565114202322
0.3539178398683942
0.43260102449645865
0.3259063018151298
0.5632048482032427
0.2752116784216053
0.33973686338398035
0.31961092201735597
0.24982488592069996
0.3044347827455549
0.5236401725286615
0.3088901002107458
0.29976226167391185
0.4371296030781219
0.5199812627643344
0.32507159596441915
0.3454793091637811
0.2917478860627607
0.20848058876534692
0.10480440175281014
0.33780366235845793
0.18054484677078897
0.3788487127059288
0.571400001301153
0.26774866836175293
0.31775118353999343
0.3357394375840772
0.36297724403217135
0.28567952012199105
0.24819763751749357
0.18359826310335348
0.1099618137380135
0.23727109633064902
0.3998205582651366
0.29453125946179504
0.35877902955693775
0.18023185721581303
0.2680213406709103
0.31998255987729074
0.18987525155716833
0.44940708396336126
0.6034751910607954
0.6048558133434655
0.9048992461106988
0.6845983961653582
0.8043574531883132
0.6567457439137281
0.5872853996820022
0.5204779471998413
0.17335169212678592
0.18304019468575805
0.22974713907201494
0.1373512427434378
0.28511716140972987
0.06011953666626302
0.24823505499740628
0.40989144093000807
0.31596597588943764
0.314967112695981
0.31485377882824295
0.07531430168601772
0.49293622094628586
0.41480727394349315
0.7410887520484596
0.5856420189777249
0.5342373687169886
0.8302061935176006
0.6580715283456585
0.5411903177102407
0.6105268042804719
0.647747197809874
0.6188835819289988
0.5121572655697384
0.34197669955628895
0.4961111065030568
0.37070361677936303
0.43255292241489074
0.6847852039620748
0.7633097895923362
0.2555781442920324
0.5946080809446262
0.6749131251311491
0.5507939559236817
0.45363540003106806
0.49222107505839574
0.47563186183323847
0.4460874802753666
0.5219882071603923
0.5689422466056467
0.5114343275992089
0.47062862368276637
0.2852697607574788
0.3017322789627378
0.4535937969773145
0.36844639618714337
0.3333990269691145
0.44623571300974185
0.2592867219411391
0.3400428749084372
0.2542601720123011
0.5319364241396798
0.33505001685592783
0.3931988261908168
0.3513158206831637
0.3307701303074635
0.5301905417477935
0.5604914593857186
0.3375683507204612
0.5361769855065797
0.26504046096236533
0.41154858157937135
0.2108381070915869
0.5053183168628897
0.34040822087570455
0.3608225675305827
0.6250058475660182
0.47804543466741123
0.47546916947925544
0.3559400167865241
0.2667687379817474
0.4226775555397234
0.2544615561085657
0.3376743014215997
0.2342595456933778
0.4186788039079056
0.6979944605796127
0.1953636332167783
0.41812145569968284
0.12693298792827679
0.5453715374159559
0.23612724981371436
0.30440532420346345
0.344108308815529
0.247777830040806
0.17299999154537238
0.3356261659145978
0.2981095024299871
0.39304380492625046
0.16931522343848937
0.24121408716458903
0.21006324812150612
0.4606476762964191
0.4608396892760349
0.5599757815618012
0.2484584716550482
0.32222921013537165
0.42598669099066666
0.5365137517826886
0.4686034878362867
0.5825351730703731
0.7114671421555958
0.6363498959207992
0.36654085495192235
0.19361851023716536
0.40304197846807066
0.4819547830505886
0.5297556768778963
0.37987169416612465
0.27292122471518554
0.3335893831177571
0.291737737937124
0.35732742988746846
0.6008159649054128
0.27434793498972176
0.28851863943987444
0.5903793439925459
0.2724158729676891
0.1973478041342669
0.5495088885192216
0.20959814318520897
0.5648164681913526
0.31386303422677
0.6744755533388289
0.5833061781560833
0.5295346867112727
0.573090225294959
0.49357538495956976
0.4234813866021341
0.4661892903907927
0.7912170596680783
0.3272317582215295
0.4064143376277358
0.6337448631633629
0.5912641705165658
0.5637433675745458
0.5065555958518555
0.2830350498861963
0.45961685622731197
0.3711482857181554
0.4465949685469047
0.5279833177351291
0.5210199357388664
0.48241721067617305
0.43632290870832446
0.3747911135529747
0.6149199271047541
0.5037400218613926
0.5207337186506721
0.2561312919515897
0.45306417377914443
0.3506758986817434
0.21500764227750868
0.348262668525277
0.2422021716523055
0.43809631037755037
0.21195365343035855
0.2904573199154691
0.2590405658973187
0.26312033066244767
0.23350703698557296
0.3187965755706357
0.513207576966604
0.2862586487495682
0.4371112748691486
0.604083975038233
0.45109545847512733
0.8320301765005382
0.5167506283360955
0.4884735562352739
0.5092461626836192
0.9830567486224685
0.5084917820009378
0.5590834360254895
0.37066496733972876
0.36912895122420775
0.2685722973488083
0.3774275152451386
0.3513712321486351
0.34031810682900143
0.4161080332056706
0.6030027036718442
0.5386996211615969
0.2783743412475408
0.4769857037405012
0.40241410783480913
0.4164233114067165
0.4859956987162768
0.7385848705963302
0.3087176920998016
0.6404963580055159
0.12648736762419743
0.32648547142172746
0.18289547356246416
0.28859153999572706
0.24958315086804528
0.08431258698172583
0.16752833547507073
0.31800606456766034
0.16687943508748804
0.18188582808039566
0.22502184124472846
0.12803278166332432
0.2646686031105079
0.2603682324089045
0.3092833224051226
0.050661742875954596
0.472647028088921
0.4937235911973321
0.09086363414474796
0.6779311215572863
0.3895927746532173
0.5381018344793485
0.3743358166367108
0.2824892331597286
0.3698926784723281
0.34551972737738856
0.4891097726499396
0.5343212459159368
0.40619806730195873
0.44076396213453595
0.4781204673582189
0.2121562491799367
0.3599083713841351
0.33826337941740625
0.3699736658522508
0.6391791295661262
0.3903522562469677
0.6965672461943488
0.2902357721326698
0.6029855040937472
0.7428659517102796
0.5205838938596116
0.7143525004301532
0.5983312244778425
0.5923529097058553
0.5347510911643256
0.6165223781433422
0.3356573737875521
0.6575450011604755
0.7296394765442537
0.5450487343876937
0.6178150215766809
0.43997692312755254
0.517225119012348
0.9860681944825238
0.5189079898615647
0.6934644979716181
0.6744898799982212
0.2970393163451105
0.3721868824761816
0.36213788147543713
0.27786682524621154
0.2702467475386051
0.4513566199875916
0.43961593670870913
0.4087715330196604
0.3925870836735904
0.3025446079508838
0.4506525930752522
0.43320954962381353
0.25686476723204654
0.4310848448734659
0.33081332067342917
0.4177696669862532
0.4408333147294604
0.3357610793928867
0.40123840619806705
0.3870558347353926
0.3956585696169035
0.47717527291141515
0.36548642980199897
0.2770209584481338
0.4066575235954586
0.3564400063465978
0.5924492435768114
0.3911773652254845
0.43234254164192043
0.4138278033809918
0.587619514805596
0.23389792762549066
0.46406512082488827
0.37282089689530085
0.1475164469336674
0.22954249595026188
0.3328889755099922
0.20314061083049983
0.3466068500591474
0.21124207089163183
0.046658508852553404
0.02456960610678316
0.36467304801649936
0.19144934767051858
0.254163838378186
0.10056229856675691
0.19178600511121313
0.2851773200156087
0.5090652525964892
0.6071973689310403
0.23507161720219893
0.22853654573054238
0.018451327735030665
0.12988010627370206
0.24244961869386095
0.19027751662835546
0.29154146075771614
0.3195256513281297
0.37159376096762153
0.3663814732162537
0.4082974398764908
0.21813666927312148
0.14083727682784386
0.22176524915206253
0.37717418587163654
0.47233679796195227
0.28497419411890923
0.22655121102678
0.17575119428129715
0.37984533415189714
0.4446167764220399
0.16934615319087964
0.40510972518596355
0.2892444831240675
0.451413846408272
0.27942859109957285
0.5604975694919873
0.6237946603261196
0.5921959143641147
0.9674149362968055
0.7544774612567288
0.5127379319806546
0.6565857660326913
0.34960342054760685
0.700740581746092
0.381786884203111
0.30873193528609033
0.7623081243141409
0.40867911246232547
0.37256648263661096
0.6334887602374744
0.3414744480135944
0.6209706259559481
0.6205686208365749
0.3996820026040526
0.5538178035215776
0.3821484701011544
0.4925127704919686
0.5616770606663473
0.7922953890172468
0.17610048967667824
0.22630678091396583
0.17588400049854747
0.03336343366554839
0.2256949211360969
0.2338528090155989
0.2209341139767078
0.43986414446409516
0.4789505051044176
0.2893698363376761
0.2944286447467277
0.352025193372806
0.2480780268234447
0.24569740712258892
0.38302112602708627
0.38494305310386934
0.26581139928924835
0.35080356124537726
0.39101288142653123
0.37235527947572233
0.39174490810343876
0.30600952794961933
0.3516900039344688
0.3065025500867631
0.2667373783145963
0.5767710189700194
0.27868481415170554
0.20058468686011843
0.2552866732127912
0.24524446090335394
0.40100205358979113
0.3134700750763423
0.36205042909272145
0.38864215997290974
0.3647207332412259
0.35183668512194144
0.44998904893633274
0.38453947854618964
0.4372717177544494
0.19032467835209355
0.5765671752152829
0.4157662820682255
0.3350114486994442
0.41768252700629327
0.24343374896903514
0.28597492159922866
0.28631298649279224
0.3000409635974377
0.47569050626726606
0.45637198758075925
0.22874135259688444
0.14452197376335751
0.30016182861441054
0.2713205767182365
0.5393226423762219
0.14818580755195243
0.4125865235186219
0.21645280912091724
0.41074276763831885
0.5022379697099111
0.22206375875246132
0.3004156843732233
0.23471994761508197
0.37661254103154373
0.5524626128054834
0.15863948174126952
0.2860625969763214
0.30650520271691695
0.5408321025566247
0.24769489476182893
0.31597458029794634
0.5915918203557187
0.4228743332602457
0.6064470259367367
0.3784990374609153
0.30073884131514106
0.31165390061167186
0.30089709454856717
0.5675488981035122
0.5112118662304341
0.7843898701710627
0.6043863906807893
0.45453190843318625
0.5433621096531936
0.576924916517585
0.31201190725668826
0.40195758967563555
0.3417779762635773
0.47161879808127116
0.2825486066316609
0.37432938263484883
0.5813522380933791
0.4433955657568902
0.3838479661765013
0.36107409614365404
0.30002061239796995
0.424262556889763
0.2755512457160918
0.18197810578048057
0.33007958868419685
0.40862540103110645
0.29781560892332415
0.5275662020157825
0.5098666207226623
-0.03722330196686241
0.37330855773330107
0.3512778581679563
0.09407349478466753
0.16468980314557202
0.16306443011651162
0.1862135475909581
0.0603551030766345
0.22248010725421796
0.19521404875227222
0.41144032121176755
0.24957322419498074
0.6639281664826185
0.5134617662125561
0.7003480801616987
0.3758804338037467
0.4586896082601105
0.5307493747835346
0.5214293515772677
0.8812484038270512
0.6942432580965602
0.23609930711375626
0.4727127252875516
0.7571804184672977
0.5763363553209815
0.444514635163492
0.6041297662944888
0.4160078246479799
0.5259198865162205
0.5362296234347808
0.49875097018637604
0.6578365795958616
0.5525417387802047
0.4925347421856183
0.36914524979393404
0.600977152911475
0.32189048964209555
0.725305437652403
0.5731262667086665
0.5527466154810964
0.48421705772275914
0.4392210679957783
0.4053217730744685
0.5376899897361684
0.36597589881205494
0.5932385804800646
0.394236265356098
0.6523685133831187
0.35502140587913855
0.5827453973430625
0.2160809836168951
0.4589676844281948
0.3824998034999928
0.689249568818679
0.3948152788311605
0.41001278030219745
0.42307588805241036
0.41146493120876404
0.5819732633735618
0.38542233753516597
0.5212191178972666
0.6641307584114908
0.506358004833491
0.4128049330465019
0.014295024127981115
0.014045390757222997
0.3593192664342728
0.3562263763339315
0.23505747879221095
0.27414603046712394
0.35287364346986383
0.3402650149231057
0.4612191518276769
0.17029962403260213
0.5264734410564808
0.5544222457575623
0.3936251730392435
0.5268150045082183
0.3289773735084599
0.4149918050657173
0.5157537714039694
0.45434588810011123
0.5552481409385333
0.37289569458590144
0.6576120690265674
0.19682964776575929
0.17581405061071909
0.33828798051483
0.577076577810232
0.44710657139097554
0.3365825656106991
0.49392623851949724
0.28696723734988394
0.38708360200359104
0.4673960583378798
0.7265948808128431
0.44817822980489086
0.41712602160208956
0.32227351941796334
0.34415249654695756
0.3627942495286256
0.4243562574160501
0.41371520164013176
0.25613979281803156
0.17949862925262838
0.17647742747987394
0.11045760199982757
0.37157114428401805
0.5760784739111477
0.5501478810127933
0.5740512385481742
0.2690026152226911
0.3155377547839101
0.6170593863765989
0.49286911390983756
0.35125444722053256
0.5007778990258926
0.6011634682503983
0.6439572265473797
0.5923609165025983
0.5810679342108931
0.5338499242497965
0.6528792385265998
0.5734685035283649
0.773552208901195
0.3627007124945365
0.45354378695420017
0.41184123227845104
0.22641820625925235
0.4246475875911384
0.34951065830628947
0.5915306409284447
0.646539359486611
0.6633402442587817
0.3851760112570408
0.5448225581067764
0.3750489410597393
0.4839595173530329
0.4740615550549082
0.5614141851973535
0.31136665209005354
0.31504385309003524
0.4968482955963659
0.4684341215795209
0.4788856457527735
0.27660450272631243
0.5589346385366205
0.4612767943467919
0.4820169380765881
0.40234659500412584
0.6975431191077962
0.3702566104655405
0.5209843317781775
0.26009279883820124
0.36059360297593
0.3301073431848651
0.17665907360516808
0.2324582257978185
0.4631460475809208
0.09612377159128882
0.3049168528962958
0.5011802942812137
0.4482492175196211
0.33619831119320565
0.6226128683501906
0.33231978808866147
0.12947062251328179
0.1597595483973837
0.3675996746374375
0.24084848217483634
0.44628301711398655
0.441866472613315
0.31942033146213133
0.1984830978313985
0.38991185945136597
0.35763757876391256
0.2109595204310981
0.2322453556519386
0.18710608516329408
0.08191727302754592
0.22085636092120708
0.3750323383978379
0.2882357434200217
0.34462524011254403
0.17514501785002412
0.21254554785471924
0.21757861464651485
0.20374317879937154
0.4623452216432349
0.3228660999842672
0.5631973501867047
0.5876384624680298
0.45295457228362035
0.5617063317527129
0.6795157613122056
0.5912869906004774
0.4642830240671917
0.2037017173851431
0.3091833114318917
0.30800119195034337
0.1681416320020771
0.20516526251887512
-0.011689928018681739
0.21139203421480468
0.4123789474113262
0.280619468058507
0.309106620760187
0.31882324132258977
0.0908304877540741
0.49293622094628586
0.47724898986638475
0.5158651221217995
0.5940690456267906
0.362709399949387
0.7871320250914758
0.5783227158899947
0.619088463960697
0.5268292875327723
0.6836679197145166
0.5159776882130098
0.4069668148423726
0.37432938263484883
0.4715139750759856
0.45488636347954925
0.48882762634972865
0.7205987041947928
0.7623385320347915
0.2783435176737732
0.8009427429965985
0.7062326337139538
0.4683371385604387
0.5270050768156248
0.47654989325937636
0.6739396692761028
0.41140536263201477
0.42601204099073453
0.5724093587832169
0.5755913395790782
0.47062862368276637
0.19186969269319198
0.47297626729559017
0.47486003694530177
0.3670443658240401
0.25863228410722405
0.43374304952741705
0.2289441357573988
0.5038884295050865
0.2542601720123011
0.6081142443658396
0.5881591325237263
0.4161833068672067
0.44454326130183397
0.28409113305995515
0.6027316586571059
0.6128401801610426
0.42318634581019166
0.4868005370156405
0.20204239341754848
0.4289617507956278
0.17004814869231133
0.4146092779230093
0.3669912503903481
0.3756303200623434
0.507277322509197
0.459613680137433
0.41981978535107334
0.40535560868481735
0.4014942693669943
0.4532670855522555
0.39607132502363795
0.4366642747236321
0.2737477367164559
0.6458608910715409
0.5876955861445325
0.3538302011069939
0.5235130816909979
0.1475491713163648
0.5453715374159559
0.3231178181655654
0.2814937884279348
0.2319941367271101
0.2897965127429961
0.2622838698226402
0.36796451345891024
0.2901997706194055
0.3548276392264196
0.18612661089430638
0.23934067115122493
0.2149702714562709
0.5117085094655988
0.45478234660893047
0.4354420254938711
0.20442056830756217
0.311707356178905
0.3393916786922895
0.40298040347116815
0.4312251881338238
0.5858165070929345
0.9725716935484392
0.5297543089908308
0.42655372654251056
0.36065625159256876
0.39346738715869223
0.5044937990366636
0.5297556768778963
0.3757670376254191
0.33492621266535716
0.291553665608814
0.3393540099662946
0.3594729806584478
0.5504737430004196
0.268613051639943
0.2731800574422685
0.5540090440217689
0.29309610636306493
0.20737327004480544
0.5495088885192216
0.2192375755802165
0.5990190742398359
0.3078264398109566
0.602615286487524
0.5023896754507196
0.5285452303213493
0.47778223862321034
0.42388106493844846
0.46433464939989366
0.2196917498500709
0.8202966661645726
0.35848694539078685
0.5441952381476997
0.5821441543333422
0.5222008849561155
0.556566324605151
0.48635656218310586
0.17612993648508846
0.42017420301642705
0.3168778250619205
0.4183665433740391
0.49397230779907264
0.4671528886362699
0.48068856172170693
0.4478483115755262
0.3533367538003229
0.4802137031555661
0.4348781109155644
0.5095301481493166
0.14306733614500877
0.2536330984093519
0.39096148513424267
0.21192564811027692
0.3393144796608699
0.276052532377124
0.4586128227854671
0.21463988518745436
0.21603854989248306
0.33022982762395026
0.26649347731172224
0.20840433414411397
0.3508705122103126
0.5981917883299412
0.45516524562143057
0.3161325771001757
0.41781501857768655
0.41265756048842395
0.7956317209980871
0.7127123704897875
0.39507947611731775
0.6266067575404218
0.9830567486224685
0.46589555125060955
0.6484701298219774
0.38999384652420543
0.36352842989775747
0.2958995938246204
0.3900567283457169
0.4855784252505342
0.34621181579916693
0.4183813474629927
0.6030027036718442
0.4489605967827187
0.2906961069437213
0.3890317652318105
0.4297594837547828
0.33669566543692664
0.38762396470729166
0.6376344459141932
0.359800891421042
0.5017236834870916
0.18330784505623332
0.24584692468850955
0.16123368744746158
0.17526942739573426
0.23698942765661934
0.018557581597374417
0.12655359784445808
0.3206674538819687
0.20196558720371693
0.17078286439866686
0.2061974863311571
0.21017792711198746
0.3031015412418808
0.19844355818555148
0.3569452859983784
0.06318918355400016
0.4189769718324907
0.49705616873302805
0.03580616507504086
0.6213872526823028
0.5495876891789959
0.5325943364563067
0.26878339919430994
0.42128451393116795
0.4522693762752492
0.5198145094532876
0.4331535668708789
0.7515432924271129
0.5052532828655805
0.44590951266380696
0.46787082374044875
0.16677052766359934
0.44463073736015857
0.4646281010166775
0.3991931708103239
0.6396921572254947
0.6910765736152009
0.6287839486556382
0.31967582257352456
0.6521723000414226
0.7158123876710925
0.49474238520791936
0.7256998150064969
0.6128508138881168
0.6427341841836435
0.5859850484521062
0.6165223781433422
0.4288390931702887
0.7086130555440209
0.9583193734928077
0.5091697308349719
0.8589609793732875
0.5990595417964533
0.6128981196659623
0.9860681944825238
0.538845862986494
0.973407352441721
0.6744898799982212
0.3133184586340261
0.3721868824761816
0.27863449789786676
0.21908546206549184
0.19417409189170254
0.4462453236884787
0.48878547218604496
0.3633896958011231
0.4063513964794371
0.2955409100104751
0.4349733322704967
0.3658804890172517
0.2537125709993385
0.26705452491469217
0.3418504391295829
0.41136253621542307
0.40114142063605074
0.34780855192066684
0.3472462862565302
0.4094370570112592
0.5215132417187719
0.4113565519338309
0.40081638432998423
0.39238474487112696
0.3805013406929454
0.3564400063465978
0.5924492435768114
0.35769089268680054
0.43081869737568157
0.47316647603554784
0.5342386372363188
0.2795355189751413
0.394954574875672
0.3125429842906434
0.23434776765415166
0.27412177513978464
0.33320490358172083
0.2259552020222173
0.32869061466844995
0.18551281784688767
0.1225453713362723
0.03443425306066139
0.41732004702613934
0.28025878320013087
0.2706888390798987
0.08480595462420604
0.20613285187710972
0.3749791182491591
0.545702694992186
0.6071973689310403
0.23153638972473578
0.22891570129930672
0.013064205809866669
0.08525268210501591
0.23009497919870037
0.17874067557476603
0.305646379200887
0.4018590652009191
0.29581847590008437
0.3749040934354133
0.37401598008194736
0.13284776127542852
0.15999845398693413
0.23185243582015724
0.3088838246183495
0.40216150027463937
0.2850801253553341
0.29343269313338716
0.18516090011520592
0.37359550703101385
0.44528328139587825
0.1852187185970583
0.3393557283445211
0.303764975211676
0.5435216651649615
0.3512233044549853
0.5608268195368118
0.8191594018701778
0.5161968570064587
0.8115308253148971
0.7544774612567288
0.5168030403527502
0.5876104811937556
0.3798353399944414
0.7044871631606907
0.4319358063101304
0.29928956807716056
0.7015786029015025
0.3942558265393088
0.4657404784640171
0.6166065850898634
0.43389186293113147
0.6026233350456258
0.6399809543486543
0.4034113097022525
0.45422517832324294
0.3978803872627853
0.8536993818976878
0.5950804971009649
0.7366359861523147
0.17983243615012523
0.3643527577565302
0.19242962937250419
0.13021028468044826
0.18189712440584438
0.20539637501385932
0.255528705703458
0.378026763358015
0.4198701288495488
0.28478342135418777
0.2928742210108437
0.3437683665311748
0.28194698283529596
0.26911990175434564
0.3882882572273264
0.3627600016549847
0.2659062688317795
0.3200543063848933
0.3880519226091962
0.3528204201923031
0.5498026791696202
0.28087254748165535
0.366206826757721
0.31587351245917117
0.2362761834155357
0.24500542688430094
0.2585204379851912
0.11623398433619259
0.3068288484955972
0.22802776159382532
0.39065869111412077
0.2589305827915839
0.3659431612371764
0.40612674069309584
0.3587781332902197
0.35890976584766243
0.40095583829729853
0.40691844266718247
0.29794989871247535
0.24464539232274407
0.38944564933001136
0.39673639427125473
0.37807058789737236
0.5674779305765236
0.23116138236323414
0.3196934999857681
0.33881972266838734
0.32217902537965604
0.5177575138372303
0.43197798391577
0.21854789342105052
0.13100648023915484
0.2475298905952461
0.2766293716471303
0.5393226423762219
0.2310391812584407
0.44777956872534863
0.2762819843625598
0.4171692191983617
0.49518199336552005
0.21816034778598992
0.21700915151148448
0.24539755653835305
0.36998446397901685
0.5524626128054834
0.16823396632483312
0.23868599535306623
0.2570836955395599
0.5331166136308507
0.2473362005605514
0.34086628647603245
0.6191037795564374
0.39344475263545486
0.6358025866618652
0.3515326021129688
0.304788482979637
0.2979253449007434
0.3126967180570437
0.5071837486298358
0.4770463931625524
0.7843898701710627
0.5983580192834359
0.4677213992906991
0.6126923631990523
0.5920634202596198
0.3486423011091426
0.4457347443176798
0.3955195879284381
0.4576496175343958
0.26146955354368706
0.33464591975307356
0.64354682765312
0.40689641970272494
0.471968552881999
0.37414171662157814
0.2973483613867943
0.3899321645562883
0.3784764782509914
0.22971167076119348
0.3616110470448912
0.41190125741454975
0.20280224051693874
0.4973972064161052
0.5537776209803564
0.2149700797845171
0.36786752648945553
0.29869061330851765
0.11828422389558813
0.21312144898552443
0.16872306331698228
0.22390229964783237
0.10252071740858548
0.18969455077925979
0.18053762953160035
0.41144032121176755
0.22091956433842785
0.833717717985188
0.613649875693602
0.8888594142211058
0.3443929383050872
0.49889062178720267
0.5307493747835346
0.5214293515772677
0.965203616187324
0.6715560452824274
0.4015670765456414
0.38623126191244617
0.6548888872650924
0.6945450622746939
0.5322301034463074
0.6041297662944888
0.3375062382463261
0.577528523681872
0.581949379198617
0.5569943685471614
0.5885640115253409
0.4639929300675507
0.512922416824825
0.42828979031936576
0.5176237157579595
0.2934511068521576
0.6287906709680156
0.5312078328050278
0.5685787142474528
0.3273543701321441
0.5465568055707304
0.5287564823578541
0.44501025106197356
0.37320282708797303
0.6752008218120609
0.49853790810565335
0.6402981696625162
0.297631086352653
0.5989566104015591
0.30066158763791406
0.44700425157999835
0.35097584990467234
0.850576355094769
0.48121511826611263
0.4798532303699844
0.4069843425237383
0.33414555396855916
0.6216656731661308
0.4161874564371659
0.49469423159320713
0.7848981776698039
0.5237568232523778
0.40664211956840735
-0.0055783930597868014
0.023389218401448253
0.5234937593354354
0.3537657229032728
0.3653667052597298
0.3494366128131221
0.44364122467903977
0.6075225085585121
0.4658955006459856
0.2170349681279169
0.5160180091821498
0.5960131232735798
0.42917700089239375
0.6239474088765284
0.38769747457970816
0.3883411768502796
0.4804083097736993
0.4771896765631818
0.49090336011481883
0.3101753363421629
0.6576120690265674
0.2984743121971536
0.21705137780154227
0.40773695199683135
0.5023329858378189
0.4495096869051509
0.42333846308330214
0.4775388135626345
0.284271888947644
0.46282047444040275
0.46126981111403664
0.7155163225100989
0.42827994491520593
0.37888896316081233
0.4146289892006031
0.34415249654695756
0.343502321247678
0.3943172498128439
0.36324650290945526
0.2157344380559889
0.14095649545695754
0.18739954559307326
0.2994937010358243
0.3741487758747921
0.5760784739111477
0.5717779621554191
0.6373180911129421
0.25207708079887015
0.3297843257528328
0.5671917456359308
0.4954962266412646
0.38161697500119596
0.45805010256647694
0.6257068254590487
0.6082287637812411
0.624915340730649
0.3008508767109681
0.8294659388541652
0.7162783600830375
0.597042969230328
0.6328235127342641
0.34201652774602365
0.4651758045912868
0.5601259002523824
0.3711346849863706
0.39559979001149626
0.298211329659674
0.542344361269417
0.646539359486611
0.6633402442587817
0.3952902797694471
0.5448225581067764
0.6346936383139508
0.4946382892471216
0.35453995311286457
0.4505657104637316
0.31136665209005354
0.3954142089310725
0.40756789964896945
0.3826382336862716
0.4494373920115404
0.22550144198391509
0.5239440801327622
0.4323344135120669
0.4173335302006126
0.31169051203984544
0.476699831135474
0.3754477844847859
0.5456372740440212
0.16473139085043076
0.33466538707303684
0.2956875504844414
0.24982488592069996
0.25885068847611414
0.5236401725286615
0.3746853393717001
0.346536303705238
0.45683257850476133
0.4625934677852812
0.3824126597410701
0.45199988892278053
0.35031959920812883
0.24034641156073266
0.2966038882852876
0.35029746602398504
0.22658575255059332
0.4156373269119591
0.566076878837655
0.31942033146213133
0.41224029099556136
0.38306298970367736
0.3901848234713452
0.28567952012199105
0.2175088894162549
0.27086622038953356
0.13244594906720797
0.2422345185346555
0.36078236584598944
0.27855714277292276
0.31925550446009643
0.19194907805053651
0.28142280195482283
0.2962320342852742
0.20559898053578685
0.3589785539226943
0.47461577294846136
0.5572232013982443
0.7898556131659619
0.4693203169470689
0.5946267107904377
0.6908068041600133
0.4919804271700562
0.484737789291802
0.19119951517558198
0.23865225962738368
0.30804824022544874
0.21655746424916789
0.29751547006177603
0.0224575004000237
0.21770910680184086
0.40989144093000807
0.2588118327455362
0.32635750782393114
0.3233741922466906
0.18249311976255544
0.49293622094628586
0.38834468510512865
0.6841210518749059
0.6147513033260226
0.43040437427448297
0.8302061935176006
0.6580715283456585
0.6248478460996131
0.6918847486294512
0.6551542917193558
0.48009926485411614
0.6554386346398642
0.34197669955628895
0.45452688798172924
0.3780527180587846
0.57465159538699
0.6847852039620748
0.7623385320347915
0.27387466455946796
0.8009427429965985
0.5869735199883398
0.5932925960542339
0.5194185321433666
0.4763074497109341
0.7115658798723202
0.4608974114350638
0.4056870479497172
0.5960461450695986
0.5501827099293152
0.47062862368276637
0.2802970749447877
0.3017322789627378
0.4809494582663991
0.36844639618714337
0.35114287623637386
0.44365529554023675
0.24739557084692365
0.508825002435052
0.2542601720123011
0.5365828990619039
0.396538668923784
0.37328946909515337
0.3863453018765922
0.3054097810918055
0.5368812091718127
0.5616188234160302
0.3571413996121845
0.4587854814915583
0.2747075916055852
0.3514236886230566
0.16881499459662064
0.45683695393942547
0.3255639099282117
0.3608225675305827
0.6250058475660182
0.4820801202278526
0.48244113444032943
0.36459709550781494
0.2570982662407335
0.4532670855522555
0.31465335512311066
0.293855251421847
0.2342595456933778
0.3496219505088842
0.6286090235908128
0.26645529087588626
0.4692642821428128
0.06383922286046095
0.45739646398861766
0.19835649003740974
0.2905022256907488
0.22841290498361777
0.21664593700129653
0.2845978329349106
0.33134107266998325
0.29927665703116024
0.40133391166723276
0.21356993594628693
0.24524598129053243
0.20492879184296142
0.5895918649773872
0.6218732320376003
0.5236080118566604
0.24533131989444223
0.3334889447333169
0.5658824592474664
0.47512523988827615
0.5539513979980637
0.5825351730703731
0.4854285633583544
0.8809771047724787
0.3690869882586745
0.3694897652214689
0.4238131343354564
0.5088940201338276
0.5297556768778963
0.3582630124909659
0.24712673758919057
0.3077091034929005
0.30459765276066253
0.35732742988746846
0.6008159649054128
0.25483991693068453
0.2680781591854986
0.5237675247618959
0.27422600632909255
0.2485323848669394
0.5495088885192216
0.1173918956083908
0.47879643208657185
0.3792451464949218
0.6744755533388289
0.6026098971447676
0.5295346867112727
0.5112924229764334
0.4477454015081225
0.6460282674514513
0.4661892903907927
0.7387906161876676
0.37521646336705805
0.5342826444099114
0.5370434769545498
0.5762896363907885
0.5637433675745458
0.5065555958518555
0.28143839827258554
0.5273988571263514
0.3803427040505607
0.4891966215107105
0.5279833177351291
0.5036816505092507
0.5509943809524137
0.4231034855642003
0.3410122945786872
0.6651413853448136
0.5037400218613926
0.5011847565920932
0.13970927834252278
0.23780906567540205
0.40646620538724765
0.2325047792488215
0.3393144796608699
0.3042455488659722
0.42109138034808025
0.2452914300169754
0.2550943973683528
0.3911302833959853
0.26649347731172224
0.18862095880729512
0.3270562658999092
0.5981917883299412
0.5394946332082151
0.39735272203976413
0.5789283711315873
0.45882449057959107
0.8320301765005382
0.8143798269870532
0.45149233269323896
0.6589142512866848
0.9830567486224685
0.6109220513088537
0.5326955248095423
0.37066496733972876
0.36912895122420775
0.13310219726981254
0.37451616128138365
0.4181469779587268
0.36080920811726647
0.4863815833351278
0.7082071119335428
0.4367657374782786
0.32893225703786544
0.4356809623114569
0.46654670381405583
0.43952502503319
0.4825361779420747
0.6520197241497685
0.5242904708965801
0.637067711685892