0.46186291963976867
0.4930519185633798
0.42527586025336017
0.5113583912084874
0.47246711785748996
0.5506845111293207
0.5298604539279097
0.32678960772663346
0.4095783131420925
0.2846876102499618
0.5284069582019291
0.5834782757441856
0.44140666652143756
0.33873638083658386
0.5130262537854451
0.5231742627031608
0.3448533648008415
0.5328548341284494
0.16011385292669145
0.43335081207949355
0.46463526996674076
0.618321889740113
0.45803083861487237
0.3449898388696593
0.48799847740329727
0.6994257878443499
0.5016971420253584
0.6922977754195733
0.4635401860672985
0.3464557684088567
0.9716652126969356
0.49603406905572667
0.5991180727261514
0.4213478811989573
0.4909234644719719
0.5499962783912828
0.3354918606434323
0.13655225383067116
0.3826160251901112
0.6105643055473056
0.7955853093162747
0.5745495162729144
0.4802952008979009
0.6545179901601569
0.620282783840786
0.5595245834008011
0.41269899551751454
0.5049407147518026
0.5870463988798506
0.5675454488478352
0.4305272933192723
0.45073338537425833
0.22204445520446536
0.25718075549508046
0.5364107823268818
0.3116893258264164
0.37096296148512165
0.3568764459637528
0.5006788140451353
0.1970931454749758
0.33569096463280657
0.7402624523180728
0.22270461271264963
0.34258370355811907
0.41981049764316447
0.5050220575524875
0.5930151248550534
0.3787217705164745
0.41062624826483685
0.7477931242102973
0.39321640194063057
0.5706615060798875
0.6582946341253856
0.586622274802847
0.45863718618965266
0.5943642737304952
0.23825236119128812
0.3787145813563597
0.43505971811486965
0.5407991715363656
0.6579722890909199
0.6311495244257754
0.23799333148128587
0.5291912573074737
0.38566291601367975
0.6165857607379402
0.9843784559226796
0.3990827417597791
0.450710938007603
0.355522354478514
0.2393774277682168
0.2728121198128375
0.39036718796104974
0.5209655569977782
0.33017747595266267
0.7605625563134941
0.979329344662502
0.35299766180189907
0.5262538422826057
0.6186254292811187
0.5606739108007774
0.3243354565508251
0.5143058944229434
0.33881152199390985
0.5668097801714209
0.520647724388842
0.368809047488857
0.5542034355799556
0.5564136432210682
0.2608337478394107
0.7121421876011103
0.7121421876011103
0.408677950309673
0.48626605138210577
0.48814199999135677
0.6577869863975773
0.6622356292569319
0.7208996315698245
0.7208996315698245
0.4395867492101776
0.20985042700682166
0.5244849955189319
0.3893710331233551
0.36744451773081854
0.35249119128493067
0.6318281796071574
0.25165595900456883
0.47463241175026794
0.3134267010750925
0.40388223919000765
0.45508147711917
0.5730543681832827
0.6530084340337683
0.3032017169770095
0.5008744576208927
0.43341287451920185
0.5689383610046448
0.3694434845033894
0.35989944219515335
0.6745875497288881
0.7273068621253463
0.4469290622553317
0.34277736277572335
0.6830407777575352
0.41548414366179653
0.3592218219055019
0.5141838401440718
0.37021811501540414
0.6219289597695968
0.280490065552371
0.41918144687458136
0.6074755208937219
0.3976854176911766
0.6784365511706175
0.45699143546460075
0.49224051227373977
0.476992890091142
0.4079597869698601
0.49194666415625665
0.3166536043558511
0.7222499417332692
0.3209488991543752
0.2966252888887365
0.13650221456005318
0.35872630559819507
0.5240360956880357
0.3793135647787722
0.2647876299723718
0.4341548908264805
0.5204451797631504
0.6991146671433883
0.29831007621872896
0.49176273928094294
0.44053515400217225
0.5643539319047397
0.2848571832559852
0.14261558117696205
0.30010292556464435
0.35879096099126506
0.49269153535572796
0.39137110767846184
0.4128393562001932
0.5069799711922501
0.5533138193792689
0.7593013885024115
0.2740872999838273
0.14288003401790617
0.5810084691683034
0.9796350687709781
0.6072594300627622
0.2638256363586825
0.25624492275041844
0.2854664744220696
0.3454290687929137
0.6416497620266229
0.50827082221401
0.342839381367665
0.4100837126401429
0.5467396793482854
0.18002823439045135
0.390914211131164
0.1068286734632502
0.40970146351629677
0.5894641576217496
0.4757366993652321
0.3410491200491086
0.9922940326758943
0.3282607841627403
0.4671439322059645
0.30546220456743733
0.5614607579115749
0.9789127317772178
0.4209016185758049
0.4013231647624589
0.6230996728532343
0.39958755760515174
0.5745148093931063
0.8606045238156661
0.3005644027549027
0.2612373373810162
0.5121723159680718
0.30799750346545496
0.4889582583584955
0.4188085399329926
0.22110894819402283
0.29215557129969905
0.46258372910116174
0.38963901411571034
0.4510694804366989
0.6642677742349552
0.24337301408849787
0.3297611960542455
0.4807259013215385
0.27690745370860936
0.28807925741237894
0.6247389293221075
0.2413900010981075
0.34027431832651045
0.5803325658465885
0.5097764268611304
0.30011675162877016
0.6282766911923425
0.46053464509314934
0.6313642492641479
0.9821077751267495
0.9821077751267495
0.26602228090373836
0.46640152293637904
0.8616892654504992
0.39539845667329154
0.34972674840392515
0.05694093325208538
0.5973812151871258
0.5582235171735911
0.1792965978359342
0.4948547704028037
0.829297130036492
0.3500130928738081
0.3372844208916822
0.2619333061184975
0.389025691112702
0.6681887309925929
0.33422671847615115
0.47917789951015155
0.38992270509498694
0.9560908342696578
0.3570735468656109
0.2902572311939373
0.24193652464094062
0.2876701138621325
0.24310936130591532
0.7251770877235655
0.4869965713813664
0.22732425155447933
0.3811409691977845
0.5691313166000431
0.19973309384841953
0.9780736124861763
0.407704847396687
0.43936120430426107
0.38393723278484215
0.5933701392527317
0.350359132944964
0.5123496985701771
0.5226489141520212
0.7167583704078934
0.5004453111645735
0.43749841427118064
0.18360548278359068
0.6377464308199585
0.5280380807500102
0.20113290191092226
0.6768840200112933
0.22274052734656258
0.3849770161005881
0.44008255294921883
0.38211976746963217
0.5003806869925416
0.4509200178685533
0.28217500184304967
0.4609285773576405
0.16088528430532634
0.42113076026302787
0.8283703095195318
0.48610861136510297
0.533732797265323
0.27535185598508016
0.7175754431887875
0.47990628072921393
0.43006143206193426
0.5801185609739767
0.18308667178883553
0.45356968188242774
0.460067278063808
0.687312847231158
0.20655715479624726
0.4838917415535129
0.25503735841471165
0.5689268865288856
0.2883997441893732
0.505246953195678
0.4514163207211789
0.45788417571332185
0.2988356724469299
0.4330633222712338
0.38917018639712875
0.35976351951985275
0.32743787497131494
0.6586953470178476
0.43879728555238773
0.3520120706101415
0.212303238825869
0.576169383209123
0.44565834039503793
0.4886707127218065
0.7057917793307013
0.34676730566644953
0.5828892958594304
0.3144862970289347
0.4260964957132597
0.381151781146722
0.3148124737309369
0.3500663043055622
0.22732686462485718
0.5333696991125567
0.27038346187532447
0.38217805719354603
0.5987986637176097
0.40193650781879886
0.38896668777983734
0.3568840930023177
0.3187510244584866
0.6827139874838228
0.6902099786746894
0.5063540141699937
0.31122509560860845
0.3187809189265147
0.47179478425288135
0.44547097445588035
0.44387829491307895
0.2685872647657701
0.1351909484108058
0.6627446749340031
0.76034808600334
0.49471592883945137
0.6149790617513502
0.5635100951196623
0.4301073601143557
0.056120532390548594
0.6616039399854359
0.40937027666832937
0.23241275870997757
0.28309981010790153
0.7958156424235394
0.9440097515141309
0.44974132967135894
0.43226528850669055
0.4357688874432022
0.4605721726956038
0.3978834849138183
0.749796405873332
0.30405715104149533
0.38246539064278684
0.4605618984188711
0.39699376978704026
0.25440457189156085
0.3462982502767149
0.6265661995451579
0.4907741588920519
0.17705981929720793
0.48254301131537125
0.6737857604927999
0.4277736197694768
0.5455689258670722
0.6113605936020239
0.4411449699428873
0.36894326826677704
0.5216790607331635
0.37480645536941926
0.4772157428712599
0.5244636271768583
0.44153261784906506
0.5589171569001508
0.430209523589571
0.4166713641843611
0.5177469941392367
0.6082723277293782
0.6155665404259163
0.5514375886747152
0.4178304676995932
0.7713767875964781
0.39720615884128696
0.561239746094945
0.379546428912644
0.2530437153342793
0.20868071181084757
0.16598116875853908
0.5334145655543802
0.5479910356966929
0.2320336019341056
0.6779273524443037
0.5151586738514367
0.48873088436941137
0.689724193263106
0.5178143383991775
0.4629561059014131
0.17297487479875262
0.5686721766475081
0.5855418648433757
0.39365307473718203
0.2910265040906912
0.5360472358450974
0.4556746827199273
0.37796309598768585
0.5564361045800112
0.37008846438584
0.11383985252114526
0.502715985317195
0.6102349877759887
0.3267806814655305
0.34688155897200457
0.4205274842785165
0.5284216137482155
0.548409163666463
0.43482445923959834
0.5085176308404735
0.33995083993864994
0.40373706203551285
0.7710203933440354
0.4204371632906899
0.4221825970733428
0.3283502707565198
0.2654335024458744
0.5224555394967858
0.46614097607801275
0.22138734076132738
0.6101850532290105
0.35368210031343716
0.30072101708307764
0.20707038506689845
0.4473654496024094
0.3581983190296003
0.2583894020256492
0.2812766718345969
0.5042899968524817
0.607978858021408
0.3338397267969815
0.4820681036684433
0.43267343699684724
0.12422387229741316
0.4184108653215426
0.6234452319748567
0.20511281717489183
0.18884735117579032
0.2017848629314003
0.2197553894477462
0.6030224474071928
0.0022863368487231472
0.3452389290948428
0.22168027210170294
0.3909400810717413
0.5517375793314969
0.37236559384454504
0.4452141117444651
0.16040658988683898
0.24041302273883314
0.5561965718130404
0.6983823604373102
0.5478821928300899
0.3486124236086202
0.06822774481400729
0.21213216006029012
0.21040750841362443
0.28470427152357636
0.5645928519931893
0.5087613519901866
0.32377528026190394
0.40001405672595447
0.26720920011120985
0.53311805677339
0.34195090693312835
0.10311286537655273
0.5656063448014873
0.2279427631477685
0.5365347656730621
0.5962042864698571
0.5243549941700985
0.18400393860558162
0.5548997394892984
0.5792221570443616
0.40032967358223637
0.09331588283721248
0.6329765429112613
0.19681591824749578
0.7543068995562017
0.40094466175190746
0.6493272717264951
0.4628730521743927
0.2078589058445791
0.39934964429304554
0.2479386022789587
0.38199758092735614
0.3186978827370488
0.23783815482804427
0.9620798134835791
0.4331738617906653
0.5413703261345194
0.7662418056836187
0.24826470619869068
0.33595668768149944
0.4287789708508536
0.758637066734547
0.23414991793462425
0.06334985324597975
0.6018880443764587
0.31401423353035396
0.370298711691875
0.49488270175756277
0.5567633203732457
0.07181852853749571
0.6166768152065288
0.3918938462137528
0.5145616949467331
0.4523189517253625
0.6310932320339669
0.31458716794402364
0.12382551998717461
0.2399696083885683
0.2847731358321244
0.43910626136920583
-0.007634714461001169
0.4228045006065919
0.7135995650896321
0.3527606587693439
0.29344590967388473
0.4507346476448344
0.6478758107608805
0.5395510902489812
0.6428376755281643
0.6339363995788923
0.10307325849201654
0.4381279817343633
0.5138066866187634
0.5203865657790624
0.4627080817359508
0.41468417658261236
0.17566548166067686
0.21358201643963004
0.2508781677376153
0.3333013336150631
0.5985635499901029
0.34569647804155035
0.3943070437381564
0.23420393802859074
0.24914716952816907
0.5228649645935678
0.19432888974094475
0.13507791280099324
0.21168647881400804
0.4024065774260983
0.3378929001306936
0.4168001550743341
0.25170882275545203
0.14032344919873985
0.21412616925348182
0.518859447722085
0.3167250889377773
0.23849954623707803
0.45518216558678315
0.4595155372726709
0.6652744524946786
0.06254349155244299
0.9656274863999114
-0.12645828223575473
0.40515766926216856
0.1939258610040745
0.12843649051265005
0.414909004561845
0.38229546208819787
0.34596086022305783
0.27627206708516716
0.33297056875832687
0.5660104007757474
0.3328847028510077
0.4635225049017897
0.36606621397834693
0.41620172386684007
0.3295269912809794
0.7225163008093893
0.5399166944952607
0.4343426918007387
0.05495717410790191
0.5023796376634673
0.4212156555114803
0.5381110926354992
0.3820258836427932
0.17960899617550707
0.9619059649937866
0.3109853319273028
0.5442977035313128
0.3019376148103414
0.12094968722677224
0.36100495012584455
0.1714658001573418
0.21026199176026883
0.21597399032399722
0.135109606795893
0.21273450570233587
0.23948636907042908
0.7104118053242177
0.4639444442899596
0.7212097156267084
0.4724277734531006
0.3761122504853114
0.3472741964209456
0.27869912195667057
0.37034207841455036
0.5507401702756498
0.16631416165521085
0.16350238972523545
-0.0027454994549711564
0.09616837569286096
0.9813281663545995
0.4202146253129154
0.26021381966302504
0.316156034360741
0.49501974330668574
0.3383276644320983
0.6433900409073217
0.33621937050595596
0.5844658035236273
0.5437560214625423
0.4574039104073533
0.44247437275784884
0.5322029663102358
0.5383249322280539
0.43850361269569416
0.33899751856907645
0.3459176758576441
0.9824859312003071
0.32339947314176587
0.1720527956680813
0.4899364985653758
0.3094125805162492
0.5726407508322715
0.07073658855469389
0.24566649305124622
0.3413062290973232
0.39810955721645835
0.41256747854209874
0.235316195595626
0.11813055867181743
0.05838801100604096
0.14608688196050312
0.26732513168212135
0.5305018919573138
0.26732311914767415
0.509526621231146
0.33074491343702905
0.5689460719885678
0.9874735784667883
0.5531697332248684
0.4478994606771386
0.16967078167613103
0.2110496973100302
0.26701181419942266
0.40016625544376394
0.49525483897027567
0.47872128771813716
0.589477853378979
0.700898273469041
0.8067375487049493
0.05541333683228977
0.305043361606522
0.5402437142407056
0.4714595828863286
0.31513081698077583
0.46643156007082354
0.37405975053662743
0.24383218225326175
0.6311590140256256
0.7356752063581287
0.8532645953302678
0.32875930035470247
0.43336942939707557
0.2604851458021047
0.2840396651994379
0.2614511055768147
0.49032700075632707
0.3533867596963973
0.523041941547097
0.3299432474529289
0.3279468252107002
0.5415790707342294
0.46886773426544814
0.4393844283415924
0.4635232795257458
-0.09701980309201064
0.4053408328825341
0.5791828996586003
0.6344063927003739
0.4737090160988864
0.13161896920577698
0.3093018062955162
0.5128614605197841
0.9487866709519703
0.363449558677547
0.5210129667989507
0.52075346810349
0.3838484088589993
0.30395169732081184
0.4699525884576081
0.455223849035555
0.5937635650909772
0.6645653616846516
0.538000188483839
0.42787790314290053
0.3958131989034921
0.1301418804179061
0.2699778268259281
0.9945262579655499
0.3637215305337952
0.34539387856699555
0.4854754725460988
0.4089893704595391
0.3328762525967889
0.3849292889679726
0.328112637647509
-0.006940637872359101
0.4189851756089287
0.34012343161330805
0.4179133192905009
0.21613945529859557
0.382114686361924
0.2806028848994483
0.1552501408778223
0.21732230346041193
0.32882450725249446
0.5692563194313511
0.20611823264774465
0.6423690104370092
0.6423690104370092
0.5041705179536071
0.5738041803883354
0.1444247470531722
0.2165942321199832
0.550796103992284
0.24801609872768204
0.38221927261562516
0.5717421820761043
0.09545837562854653
0.35064644374624554
0.3011492091418664
0.2634420003452028
0.27122605617231643
0.33144072476492004
0.23838460375177584
0.49230087756354435
0.462619252316645
0.12986126761626382
0.999999999999999
0.2684439186269092
0.5058848930250796
0.2262656350390737
0.39728804475153034
0.5466983170115346
0.3731832107941143
0.35051961755245176
0.3039983549634867
-0.0022580942071852572
0.30562684785820005
0.4057258814996718
0.29635336697199577
0.15993111762321077
0.5659170733925507
0.20113722146826218
0.4425146548176392
0.9898071872106728
-0.03490304772324171
0.40361120502721204
0.4836044632934019
0.257174652820663
0.293475344514486
0.45344721597750726
0.25186876102977274
0.3809007423728451
0.32827618634006217
0.15823798897841557
0.16303258899196216
0.4795818546265288
0.30791952087089336
0.18323603418491297
0.5288643472954864
0.30479669765042117
0.8162432008054862
0.5212692506136214
0.168277741057971
0.26635238469651035
0.3070878423789447
0.5605258613438059
0.5672629012606938
0.9844179134846749
0.7924942840167553
0.23156053662450737
0.28991606224311073
0.24324940463346112
0.07228000715556582
0.41252582972023955
-0.00034866369644293016
0.3240604709560799
0.47734912292445186
0.34591740368379975
0.08782507465667111
0.336044092416519
0.47178226501934417
0.3335056140784409
0.5435011224311949
0.49331802232549826
0.4307179423406696
0.4905100780779488
0.8307525596804332
0.37246417099684503
0.23569255329555894
0.18956322038544005
0.28554952199479655
0.13172894715400352
0.2624634080034901
0.5816908233813751
0.4681543793982704
0.4616909940773276
0.36204546561034845
0.4623042489189886
0.21911917740654796
0.34094173688217566
0.3982917127582115
0.3728120080623587
0.19487133772290233
0.4247061819595699
0.5896272728171358
0.30477682628717817
0.36685510840851265
0.28944475255030744
0.4715811137485316
0.38668054580472655
0.24079152227513712
0.497271678344944
0.40002939290010997
0.3187036113688201
0.439496690290779
0.43404317061294473
0.7999422002430701
0.5454565689057765
0.27388673471803215
0.3070791154080099
0.4632201594029678
0.3751295586977499
0.2788636005839713
0.6293479793423087
0.23796594508188995
0.4065343198246525
0.5531543296815972
0.3646323645168825
0.419220573931511
0.47218090139457036
0.26098308003812143
0.6671242944023095
0.375513407776908
0.7376657216918867
0.5048899978308123
0.5938301347909314
0.40389783616027397
0.10993114189285347
0.5728179692787074
0.44750990480513086
0.6012795622925085
0.5842807470111454
0.33676477081087364
0.38177042807976247
0.4820360093231275
0.3148125778977374
0.36060778431188956
0.3579650758220947
0.2034873359413697
0.3108726914784974
0.49467039385610123
0.42972981790945897
0.40889820342883576
0.389565947411598
0.4087133810251117
0.20149272718733613
0.3950609219983664
0.38852120190302497
0.5971626671192933
0.16239785854304012
0.1718288647633862
0.08130690569128762
0.1373900644117868
0.2525522669321629
0.647265406539184
0.3399868040612728
0.3342492259533967
0.3965668229404833
0.353510133642186
0.12419108529532175
0.37403978469991483
0.2641306951254999
0.3756542039151509
0.559328727995922
0.26434087584149635
0.216935223008756
0.47548752764385804
0.9895631603399704
0.46140861755993023
0.3711791869061989
0.5171372573214654
0.25621219777391124
0.37483019079150615
0.44967416526119774
0.4760824819302286
0.531782425546407
0.6477760482913779
0.25991585967542885
0.18941626281201362
0.43388246729785696
0.3836735028761904
0.24270496789366092
0.13375767267691507
0.7293153393177697
0.44509096713934526
0.5971771387862796
0.4082221689824934
0.5479569634138086
0.10998922327972227
0.47844234919175843
0.8187953568473239
0.368853616253198
0.3755204186497809
0.4247132968963635
0.5873914304389534
0.5605053549784493
0.2528856044888277
0.7058802712534571
0.488827098182562
0.3093636174304266
0.32668452476747156
0.17006181494646688
0.27551206105011816
0.5286209400425871
0.6309808089098754
0.5100467081613367
0.2913696722475789
0.44756471046355994
0.2091376142924697
0.274124852136989
0.1598991499077057
0.2584217273692655
0.4453030385725063
0.5736578437208604
0.30807179843546706
0.4275826704085979
0.34941405750135557
0.3858003489567937
0.5796368979388966
0.31857708432706777
0.24784548909992377
0.32775114404727823
0.2398720147245239
0.30137682719749204
0.18942214227797383
0.2853778587225346
0.11211458225300686
0.4490906447929728
0.5087211225065523
0.5269974021526548
0.26495677270950235
0.1447801264748153
0.44591928770250544
0.3412649542383729
0.3495351420145699
0.3715423916469107
0.5510606289563835
0.008945725253498127
0.32700671377902446
0.6268541725938417
0.468265229354322
0.7143230080612457
0.18288761425971845
0.3646391844215119
0.6296076897427476
0.5099796894527371
0.1826103820297975
0.5976467598193353
-0.010203499446891584
0.35591979633078397
0.5101396565532694
0.38460277509728824
0.05111100467970786
0.2867047336998526
0.35091114074570084
0.39707393577537187
0.38186801736801423
0.424875435769397
0.6727219691394031
0.2479177465814818
0.3755142239892525
0.2528680530137226
0.15025879646093687
-0.0032777567152870724
0.37342836239888666
0.6971135285245134
0.44182589599862254
0.09436778968906889
0.34209661525294477
0.23408715830043103
0.5863998705377425
0.549086177701239
0.3773008008538665
0.3694498712834232
0.8024079032042449
0.5598927180876214
0.5152728229599711
0.44865039162555465
0.40476231489384196
0.5824909257679396
0.45453637924999923
0.19923378908553602
0.215869019579219
0.16519525388484757
0.5566612084927631
0.38207905749602256
0.3385921919407626
0.43313653348379266
0.3347908333417682
0.4952793578740826
0.13246468949229062
0.46242389727286115
0.6034002247513055
0.43261163319940854
0.4129238970327628
0.2579631701201197
0.16763244121971566
0.4993954174009009
0.36816943383674317
0.5719503209361094
0.3618566986275571
0.5214516918758374
0.27841187289096303
0.5842475717690749
0.47187749131704226
0.4497849828513406
0.2839722633928119
0.6764208518254828
0.3264202886725933
0.38177042807976247
0.4223173120189554
0.238068572483619
0.05040492077234493
0.618069759636336
0.6391216166681399
0.1986895872725032
0.6149131188648909
0.6260391520970203
0.22327772623475584
0.44410420182417254
0.4861514522869146
0.14248901931320246
0.41276554091712714
0.3911782857770487
0.26621786782864176
0.4426656933147364
0.28919844268054906
0.1269523993871513
0.02038772181360815
0.5439121496143604
0.978080891131354
0.08339077780036219
0.14743876027519753
0.44911022892817143
0.21536413246933583
0.5711752603826993
0.5013364400100926
0.5473176037250038
0.5646742619390094
0.3217498099301226
0.11201542505351458
0.2002967653366433
0.975853888498528
0.33963810491345126
0.6116513559272365
0.5528216058914288
0.15595883594328463
0.4722248466708664
0.2880684423071478
0.6458686632247452
0.38822149180628873
0.25923478715461534
0.12568816882818146
0.32828962562191744
0.4968098518037908
0.48755126636971036
0.19109150056804003
0.46046545281556683
0.7164222869375865
0.24867136430140557
0.22270220163460674
0.2768520735681902
0.5548153921214849
-0.14269192539323816
0.484856423444308
0.31394563989550384
0.2818936642326242
0.3766176810339781
0.2825180703368184
0.3246675164268342
0.3764852023291645
0.3130649754290149
0.1055804436383867
0.3581007610997873
0.23930647421499818
0.23708649227473033
0.3406103072440667
0.5052912038998081
0.49820071722474446
0.2720443488720259
0.2912849426498143
0.18307234707479014
0.2886470407089171
0.4487440791359578
0.03638559733332292
0.7507093150507442
0.23080770376108017
0.24562981154885843
0.3479385830840477
0.5035206982674131
0.400908141238282
0.3522344264165481
0.25451119004907974
0.23318193155524958
0.5996451282002737
0.5774855826124892
0.35208671466349284
0.07997573103336264
0.0348199945195764
0.25860705006527185
0.28372343320114823
0.29134827391839335
0.17827982545766097
0.4289094277388332
0.18425418561094764
0.3209100132529148
0.20918205568739112
0.38248105011667966
0.40003941256642694
0.25964627069840973
0.3158366778736702
0.20192705380344134
0.1826526882365549
0.503179869230063
0.3167715877169973
0.5047523064637319
0.20528222189064627
0.20357519664420587
0.5634056665960028
0.858907573696122
0.4096377249485611
0.37239246204539944
0.5496387440358692
0.21609680494576233
0.3415691767865652
0.03603341787181624
0.1717351407499217
0.39333890575340824
0.3566175369775493
0.4846137472679013
0.46525511947174125
0.5359408051773027
0.6710421407862172
0.3403322419107705
0.3204978352095502
0.23260497131761404
0.41442210184178485
0.352785206710424
0.1984041323379543
0.5558648932292007
0.32201192567422243
0.5920702091109832
0.34388764997215315
0.34650007608025146
0.8417159345050534
0.3803664111674635
0.23295341639474965
0.3517056885132711
0.41690055046983365
0.1640568794347832
0.17682673022478923
0.36912719855093823
0.22584315913242503
0.38014840680632267
0.10658128591510418
0.41476287721690697
0.33452879294671845
0.49700109005569915
0.3049190788110242
0.2231361286182103
0.05462839956875132
0.5293401439015426
0.5685466743634849
0.4835190412401519
0.7404410483138559
0.609976163069367
0.3644273923627841
0.3691047543805015
0.6831523978493559
0.3096648499920964
0.4190245296376879
0.5126617703674512
0.558981048819988
0.7209909657574811
0.5055309379100217
0.3315216711496878
0.5034427525236711
0.28908730958979934
0.4057921627339156
0.5339396818461221
-0.18177988950791812
0.2360134848645452
0.5243095190641892
0.31387637510074096
0.5580652719036459
0.4766766358464849
0.0747313308240336
0.4369746727769255
0.28137898656654825
0.2129627159852312
0.5028440578677609
0.24466481135673668
0.21122307192236178
0.4003680060905569
0.37588698450049374
0.3007505085079383
0.2136566289084767
0.46288753675443817
0.3695392201069774
0.4057721816112325
0.4512894267403915
0.2513550056677809
0.5363500837533894
0.5210690430919893
0.2718230860749429
0.3715243290603213
0.4761504858880945
0.12026294184194519
0.32107675009856906
0.284482135101628
0.456529615216246
0.37461597324360885
0.3197100358903828
0.3894814892125942
0.2728095082360643
0.2706562389876057
0.08350967337420856
0.08477062755572518
0.3704020038986816
0.4656038030366595
0.18659271408889166
0.32854605039814644
0.28780414596624515
0.2932907532043696
0.3917946033582429
0.21142419946869895
0.40649656160358405
0.3037101459169804
0.5960364122600629
0.27054187828496223
0.09880257472150389
0.4295915624795714
0.44836625897242643
0.4050197747833937
0.3175473707914026
0.2567618728877006
0.5261870678766976
0.24419273821283138
0.048535647148128636
0.34120610731602596
0.5619358638514429
0.29877122827754055
0.10754521368436876
0.7611759142718622
0.47045357115456565
0.4250334932019101
0.474772706667568
0.49117353231267635
0.49061448372922767
0.5248223452096847
0.21900457318091582
0.9998322112998386
0.36771500929384193
0.3263057890320197
0.32590738383749507
0.6548149392400398
0.4289638793940542
0.4636142964429826
0.4678754778981762
0.4231908972454541
0.1818478450520511
0.21142206756257442
0.32514644401004456
0.2766653364831966
0.2432042835445447
0.46575611483374457
0.4988542281298295
0.2538248772968552
0.5404631529862208
0.19071654156956286
0.1635142246875132
0.26006357561098203
0.22637816946241895
0.1445532602885482
0.4502397766969535
0.2954810588164779
0.07746641234163909
0.1533008836583608
0.3204342411822574
0.06557794049637833
0.4528778181129576
0.17057653810363338
0.34891364348493514
0.4827498246164661
0.32157193344800206
0.49396829317615953
0.3300617164965802
0.5100694894942384
0.5657829312129582
0.18032704499503094
0.5406205934427117
-0.07846144618298623
0.33975009052510585
0.28556351925772183
0.670901477006685
0.152806167991278
0.24846574412830946
0.3018662305687573
0.17663681387404973
0.14665199240059423
0.3666509604204682
0.21179012967581612
0.7134538228822148
0.1870642192440548
0.26952867027462735
0.23322673686519513
0.7973404766842747
0.40942356474863983
0.8184252883132355
0.4331500466788645
0.1920207331759547
0.3421543029490228
0.3945743761366576
0.2984408815548445
0.2989503930541677
0.207422632852597
0.4002018315550757
0.4990350902629156
0.2833586115874338
0.27700837193215566
0.09049320656478688
0.5382532869592668
0.2579365221284654
0.29449955299589203
0.3597352750966917
0.4549200392504258
0.4102284910216172
0.14767515702901401
0.156800295985548
0.42195540932515085
0.3898848958384654
0.23368885830747144
0.5080657786418892
0.1352491314000176
0.3544067680926013
0.16452503616604297
0.3023845422960799
0.4854901344042857
0.14524107990132795
0.33385403967658456
0.5737277460317299
0.32640364304964575
0.32108766369534536
0.028198737969307608
0.09699807794474702
0.323695911676565
0.26652295961823935
0.4583711164053983
0.6866833793942022
0.8469357221742518
0.2939710109399779
0.4932076837088665
-0.011567913112542572
0.3758909824175096
0.3903339587992877
0.2669480937913531
0.13331510069611396
0.004701347561878011
0.20963979424806067
0.3101749976609748
0.3888992221401154
0.33203434521829445
0.20057281049190723
-0.08780857376697249
0.6136588694517319
0.18990787512725693
0.1674221576804038
0.3378142937852603
0.6960131923479209
0.404908428327863
0.2513757309120419
0.7157566614678932
0.15423134662035443
0.3356575765620462
0.6972106242806646
0.45838317340950874
0.41232151548138685
0.24103988263222065
0.2337614198543132
0.36659315708384166
-0.006701486950811519
0.24561345532907475
0.22379243632228896
0.33447692055399814
0.23742725253280839
0.31989332112027424
0.40297441292970204
0.5514562854351065
0.6730699765623807
0.2747137437234086
0.38621273744004114
0.2097334375522324
0.5490478339117667
0.4571106253485513
0.23090155433346937
0.10014825154747542
0.5994109364249668
0.3081496528251013
0.030573327928695382
0.6627008564500415
0.5529448497489886
0.3891119709154106
0.4148583132645248
0.3759445052569079
0.19849610601438106
0.272926583550152
0.3196711244763988
0.2743997386255328
0.03643190933614826
0.5134745327691483
0.18962648345910882
0.42267055082581073
0.19162877793925515
0.3155152928022462
0.23349511131449696
0.19947423793291685
0.3129781317974858
0.28491805065045195
0.39047296824444033
0.4533804702394959
0.44051241158085674
0.4372184716684767
0.3366031656135018
0.32754069937577457
0.5691730789163372
0.04294588754999662
0.6492918093420322
0.34880700585404845
0.10918561803864302
0.4972639436490296
0.1076691475850502
0.16139025491259407
0.4050627829562179
0.3049235649922648
0.2730755765979811
0.44431821058849474
0.4577031578654638
0.4832699889361427
0.2091553080252997
0.26522423394948835
0.4125313848680714
0.6018360162810708
0.3543688326188308
0.35752501181935237
0.5131542288257331
0.34225368937036227
0.2419889694103312
0.4748527521957804
0.8513473871400163
0.17623713274906017
0.23437329937193008
0.18689934672016295
0.20980237559801163
0.17928013755861927
0.3444051484957037
0.1688320118415476
0.2527584296240949
-0.05949999919393756
0.33435226759476433
0.6303827102368741
0.4137724979140054
0.3509579514846053
0.4004852832911221
0.21396054073080317
0.35010238399026417
0.29418697658541626
0.187568982825971
0.21621633662915918
0.38002887886642567
0.2300686718197844
0.5139885939426776
0.9346855043595064
0.2829817972847807
0.19743199766731145
0.4054898132726368
0.3411178148650226
0.2970318677527949
0.35628554805278456
0.3263747432724131
0.21471661900331085
0.44177602679541894
0.20901343357271562
0.3240173155345678
0.3082860524636353
0.661428043443139
0.47395089333982954
0.3339706138734029
0.46611801173845335
0.3969145726044774
0.18450410291477248
0.3392908909946073
0.627662430246492
0.28768616742197284
0.23087290280702
0.1994622552615184
0.16286963220960482
0.4061159462069759
0.3432970306561549
0.1775852031742864
0.3747992418053341
0.2486056626133748
0.16747554860179847
0.18278413242344804
0.3170240783291791
0.37344237751653764
0.4844281346738455
0.45193972070942356
0.21610399937192803
0.21546750188881214
0.25636821932124887
0.32178024088767254
0.397290643667894
0.11765938680663424
0.27007643743402676
0.40456713440692316
0.5744658986437352
0.4587089022464348
0.48318737154485303
0.3235638517125604
0.38886187587150045
0.342424616687125
0.5339016281696801
0.3322285366540447
0.3887374103831631
0.12588835902622364
0.4867625722543856
0.48534001378689084
-0.07581908687229655
0.29418835986740344
0.324375879695064
0.20955896820659903
0.24271059511010995
0.1167180466200275
0.5463486482309708
0.4173515906256109
0.43653664436136574
0.26995927136098663
0.32106267057060345
0.237903776225874
0.2560717052065431
0.5378438868817975
0.2676957441519654
0.26669111600548234
0.5087892641972509
0.35501288479334425
0.3469491296416508
0.37904524483856794
0.2689463910609362
0.20436004950766495
0.3148399041144194
0.24087059561382884
0.30541971059424067
0.3479310036591723
0.7100874760010221
0.3234986481588831
0.12589505714114946
0.14222192106205633
0.18189120707527728
0.331755047392045
0.332265610208327
0.19115831931034555
0.26484627502084224
0.8455025552222895
0.30333516781421666
0.4375598662756417
0.3280159349939429
0.17888746659021937
0.16211588492776063
0.4219391435742976
0.5052137403117627
0.3613575889717884
0.362120840081253
0.14476207946832975
0.25406835579153086
0.3339855467979326
0.46754148738042345
0.5572680332959103
0.4296074602088328
0.3478952536540383
0.1451963459925233
0.25920242427883433
0.21927461329933506
0.10437146887736704
0.38085176395337617
0.15515712469244924
0.10472340318666762
0.3368430616901765
0.39101362889109936
0.3637111473574399
0.551137182843808
0.3177351428183748
0.42255140706602967
0.3852687182126643
0.4552348238307433
0.3584026884373913
0.30437214460367534
0.41646161507263835
0.3176191189496871
0.17949270090141312
0.47666536706315976
0.3258048316949137
0.14727397476351034
0.23187984756417546
0.3745083627048216
0.21394544085363343
0.2910840115357354
0.24199641753142653
0.4663562306654372
0.3924580686100656
0.30140738471589246
0.4130214520995552
0.695147968241572
0.4891784960532568
0.7069340148088828
0.028661477943041636
0.19386340458277973
0.641817720301686
0.5806206328096514
0.22155978503967577
0.43476286391548524
0.23190178656527105
0.23059892094677492
0.09861795501977322
0.2751422195987868
0.2196875043008122
0.4214721978035183
0.4334856814410155
0.38228709136786987
0.5545841612079878
0.3896103684954654
0.39332719937458727
0.6958350685303801
0.28795630904256175
0.2645339695832776
0.27187480108124285
0.368339227540218
0.35290669602784697
0.544243722717703
0.45896719690127097
0.2954834664961137
0.31103742922788813
0.0018162508576489156
0.6148615370216315
0.23248507902322468
0.16687625079285495
0.28103717348394963
0.40612842635271995
0.5941594360600038
0.5665978438785921
0.4101662683685168
0.26893454956175855
0.38432664924406024
0.2851573505142164
0.5279612699444167
0.48411362110857226
0.4187617689512998
0.33802534897815484
0.22034604992099593
0.3101503165580519
0.6558143528180211
0.7420324010915647
0.8567946762190742
0.4493998236454646
0.3528273382012501
0.5206260417956681
0.4231432717727155
0.4610687459928392
0.5563146748418437
0.15993305888714915
0.3026867060718731
0.4445549704945454
0.257781066490957
0.37412260400409536
0.2221145353192382
0.26680976367327514
0.27666892212420047
0.6732375138433782
0.40858605951320714
0.3913159119115486
0.4913673555940208
0.510565681461886
0.2658695916093945
0.28209423527003563
0.9738541416094096
0.4461910049931255
0.2182915825478009
0.18327673624438556
0.43489294878237705
0.25491889912521226
0.3129130747682445
0.5416100549554856
0.377555812159005
0.4821408802963104
0.7088419893262047
0.7088419893262047
0.5002219705551652
0.5333205640942404
0.18171328422533828
0.6732830276012471
0.5842636671323223
0.46221763555726236
0.40653582622330653
0.7913722480946062
0.46078831322629865
0.5028097351671057
0.5061740686641194
0.38820754209511654
0.3934706778895132
0.3006230617396255
0.6108579093435921
0.8876748071549911
0.2574705134640083
0.26795222540710195
0.5329691858832262
0.2820096957839404
0.4171665547883797
0.1531123142771793
0.5025647998733538
0.4923276993444867
0.4639115812304321
0.5317993590699546
0.37603291684132734
0.47986503498950084
0.463088556986357
0.2489450942117929
0.3696625125825582
0.45016542359343537
0.43670513248882414
0.39579617539483947
0.31376957229819513
0.4401581062143678
0.38407797686061174
0.4357347678884712
0.42510717503364437
0.4790914719983672
0.46403739847561287
0.6497256263243729
0.6987050818502323
0.5012282664301425
0.5860366912521476
0.6875091729745026
0.6150808602158861
0.4116123809528316
0.22579144471448898
0.452546119830043
0.53244597598169
0.5397356157260786
0.11231621680738935
0.1190612856922757
0.11231621680738935
0.4426661058652358
0.255601305294313
0.5822838101985888
0.3163848721029554
0.6534645607128902
0.5277718775413157
0.17015204244026438
0.9667499695525443
0.4292488549942186
0.4102227712073757
0.3751548820658033
0.44013173993820376
0.3884980714122822
0.9804763233971352
0.2214575826424704
0.14753342381722367
0.28316598844608354
0.1662222910320189
0.2504203304379714
0.5225387423089283
0.38534132178893377
0.2196441031222396
0.4608695280752739
0.5440073409591062
0.4391942917435754
0.3134365260486256
0.5189117030832965
0.6377429235627036
0.9978716312907636
0.9481335728861283
0.6344733261128594
0.537099254705437
0.5642572427295798
0.28707867445038526
0.5253773662348163
0.4168967876629668
0.4235528885765848
0.5612947898000209
0.5362650446981642
0.16009599202652958
0.4268829838818785
0.24500155232284615
0.4384504797564148
0.5334586345166247
0.27842846769850915
0.388700317484718
0.2979855428597311
0.22449768296522565
0.5144781687800778
0.4010003502172925
0.4257513477006566
0.6145922902317809
0.7234159466398262
0.4065265555197304
0.35284872176496496
0.4168104702884957
0.43595920081869277
0.9702104427245161
0.5262883342020351
0.7792346138720818
0.5928063998840909
0.4860539334353511
0.4056253539814011
0.36585433091199593
0.22077147448737422
0.39233292734251746
0.7265142419804298
0.5274367095687766
0.49932166305120096
0.4218334692292519
0.4213447357781003
0.13185006349309547
0.23177934153797564
0.019991029436437935
0.5699168493789186
0.25524193662214767
0.26291401396930136
0.5716176479399895
0.10376945138111826
0.4572575495076472
0.4028941745961463
0.9391190295548404
0.06950419371939653
0.3105939983803414
0.43918016078555766
0.5306116815029629
0.4632757334330615
0.3894949210480517
0.18416451063191686
0.309549603470195
0.46036933824592974
0.40138164743822324
0.45985795744038804
0.4382155099702014
0.36427569402943727
0.3718723439782544
0.6495901430341509
0.5293273725266752
0.4703437951376569
0.3713930534068237
0.43569782758926656
0.5339387248559335
0.22989568372164615
0.2579391871108292
0.45960442563115833
0.4132313543098953
0.17989189547692053
0.48989799891704533
0.6434797402243585
0.5103531433064045
0.40315320738336136
0.4687282861259565
0.6596849870564772
0.5435359914663066
0.4675129766021773
0.4096561826635836
0.36892547754433036
0.43771680679226366
0.27662296433333644
0.30516077765031435
0.30378036247320417
0.5147055610067607
0.5176689756753382
0.27594592180580935
0.5428951565513679
0.3569619239695142
0.353167851074482
0.38973139321852157
0.2566106253358722
0.45699514230350313
0.31364461159706436
0.3748565998253749
0.2545475416211589
0.444151156555071
0.5166413368847417
0.2228518247707424
0.36586621635157557
0.3041415420087018
0.4553693700795556
0.5531184201705036
0.5252584669856587
0.4396814391332693
0.5372197915945128
0.04544520055579093
0.5204871554901378
0.3468505709422276
0.5505743631954729
0.990186367910512
0.6802307750979657
0.563161624251956
0.29014141338265886
0.47272476081438597
0.40515644238944704
0.3466827849226495
0.3813344378602881
0.25409342906014
0.5115483523110542
0.28235465966794804
0.18412772624236862
0.18911529137426442
0.6230277533873088
0.09565628260723047
0.16693943091749486
0.20380792969613704
0.3307927422806196
0.4973792875327048
0.34162932621898146
0.5933652601618005
0.5503464181271254
0.5029981222967354
0.18808567439494073
0.411771952839579
0.32588547803606616
0.6059984504831384
0.6644854627079507
0.6367628916964638
0.8060572842033311
0.7269037544773418
0.635689976727734
0.5300540956301938
0.25976707728066484
0.5252419282138542
0.5059527494795371
0.33823592692165994
0.4661926893053503
0.1283985694446662
0.17721898240495748
0.4367717847835715
0.300676608740426
0.26567052221201415
0.26298865582493924
0.3952378467056531
0.19162667978014924
0.3465770678585536
0.17374081286557375
0.5435507188397782
0.4907170171456251
0.37829108454254456
0.3327933683299047
0.2939809325064394
0.2979203942232175
0.2863178969181418
0.39218185893563506
0.2312693462462203
0.4061865454547916
0.6249019606199779
0.18889928833863512
0.2733226801191695
0.5835601436936687
0.3482335838411903
0.6422233026661904
0.3062750033069921
0.20229545094786883
0.34972813780172163
0.2940774174392011
0.5816997062395997
0.36334221371993336
0.2629704816353917
0.3247801397721718
0.41681275204500334
0.4051463123063219
0.5428517620149295
0.46523767096060353
0.9591714907403044
0.14763259053492095
0.2913236268932822
0.69800075812587
0.4544840340964551
0.5711809781095828
0.30504162369748866
0.5784202187829219
0.3202509584086367
0.41522119642586075
0.21662688921044704
0.3943198820153745
0.5671404724338815
0.41891953107435076
0.4670720781271931
-0.0465876817375559
0.5065223902133817
0.3634957786347284
0.18819941882845992
0.6888007539711717
0.7191538369959016
0.43875982498020516
0.42039852823891
0.3050318438650783
0.2726615051322646
0.3655050018989878
0.3399013200550427
0.1234257567744258
0.4359677726805735
0.5084494147478313
0.4223073877356831
0.5884571040540415
0.12871745830531411
0.3263637538897127
0.532710662257478
0.5649848842974171
0.36456578098605397
0.6571737085677821
0.3169726333657277
0.4387634515571668
0.4023755261327321
0.32739463842468464
0.7569911661106781
0.9705539362183156
0.7052816856463632
0.48281599261512076
0.16885119133602966
0.6219420048441333
0.6914558316496084
0.4510723520919825
0.24181849672111622
0.367877189180536
0.43220545925679543
0.4366226401106277
0.3079897604306261
0.6639869058239324
0.5672034090614343
0.41015438158766915
0.3968579434938504
0.5228155622153249
0.7362623884206005
0.7032900442244752
0.3199042919621855
0.6838719057861732
0.33850400978839723
0.6182286023648013
0.40035683568921376
0.3359020073874932
0.19808128166717576
0.5153704667430572
0.501338833727485
0.45594019659865515
0.20509557181472093
0.05984052013403862
0.5628227563362758
0.7660220003610806
0.14276963504096774
0.7245663614911768
0.3158789772818519
0.6613661815230412
0.6093622485018374
0.3409549083483847
0.4249078155619378
0.19668900035859394
0.4292365576022277
0.4437614729895628
0.5854212458039869
0.3596413399201249
0.862600877088599
0.2738199552084667
0.44214408631477564
0.4948176650570343
0.26434382555920766
0.36172363014823095
0.5347816826512287
0.14541231818420064
0.4334894736873238
0.4389438950477007
0.22411367149863437
0.4316791542335341
0.18329314399868524
0.15153883488850006
0.4958864653791306
0.37878984363836177
0.42911037400077046
0.39819249315091865
0.34327646014876234
0.359640677246553
0.5769390391852723
0.2738377543188353
0.22507924611690844
0.39245901619648427
0.6312226693547878
0.5134481311779681
0.3169496240416232
0.5971420808269544
0.5254931031832093
0.7257381359657807
0.24094198830499747
0.23979875381323412
0.7754294517245965
0.16351012152276057
0.2029586977428518
0.43464491493407564
0.46275978075956214
0.4825528997856583
0.46104207006555464
0.313339223879634
0.47691142463787994
0.414146371257446
0.3041208073235677
0.15855956889548495
0.39541362631955657
0.3535685080247162
0.31078014244241914
0.2908136110210262
0.24797422958410043
0.42424134827136184
0.3222116715560176
0.5077148619465941
0.2854440048693532
0.43219610858829527
0.23012567027133768
0.45579062297350703
0.07867616743454753
0.44527600310191673
0.6687773734696026
0.35599371806565805
0.43782411962443
0.4058561542304262
0.582478546250643
0.28329282605452244
0.36282917512174007
0.9654246343833213
0.6650731042280861
0.6196953197849173
0.19934785847700665
0.2945804956361734
0.4834438733751041
0.20267330524044525
0.010592046880784523
0.26846426513077204
0.0573974884708095
0.3241606329629234
0.9740617530777784
0.9784534240234147
0.38092981545569216
0.3016163543609067
0.4795310546882847
0.32938604914346414
0.475769746975916
0.27078295832659993
0.5929078644938794
0.29245706253700077
0.4039809837644164
0.4350045033351555
0.27955029299533385
0.4250753315590048
0.36355624557796395
0.33255894481264103
0.4257683663142997
0.5000120836541029
0.40484884032359747
0.5653260713066119
0.2917122099876981
0.40715096103454773
0.4356285773012415
0.4517757943101126
0.46658278133012066
0.2977798317653274
0.4563861408943575
0.4730624108305863
0.19872422388583133
0.420670947674999
0.5410228365408728
0.8184489202841352
0.08261565233460555
0.9755863538439455
0.3336211972930454
0.40821858497882546
0.3423210182113072
0.6417412779903889
0.5330255817227292
0.4406801507853667
0.641408604312166
0.501815668448148
0.35979511450210233
0.4033437308327953
0.35296162794323194
0.3500601875261551
0.2843321190142203
0.34365208581527784
0.45654460706671385
0.2349728788208807
0.36116059779707343
0.44099878437345863
0.48321934048602366
0.5822422312796587
0.3777623887601721
0.43018396463829167
0.43973749572304577
0.3063453746523893
0.374818688017746
0.5503180289374513
0.2858676792874715
0.395618161648275
0.5558367936928802
0.740357070412375
0.587335405688884
0.48233353813996804
0.3174363353662065
0.5616183480204836
0.17771073202104137
0.9765238679274654
0.30209105349139365
0.4719376450060735
0.9900647203501581
0.8325500568771591
0.30725779984334434
0.14417342697606395
0.43618828353678285
0.3043726178964694
0.47432804611051627
0.637162591990418
0.26489902053191283
0.2982405616575271
0.562791056702191
0.45087676242751074
0.25930894026111007
0.35371509832715187
0.3503574259445543
0.3060998844273255
0.599654650093063
0.599654650093063
0.3044281630974477
0.31787933672806123
0.40018892767283065
0.39888144289631744
0.3086708529822848
0.22104307985949267
0.5282544588777958
0.966730478910702
0.6213413646873465
0.5276910546641402
0.2943133221894073
0.6726166228600217
0.3593579110890148
0.38524062889053545
0.4523518202206537
0.29300136111688135
0.6001058455979926
0.4665267554648189
0.26466886402521794
0.5175073754763937
0.26096660247251613
0.31334366397923175
0.513088002909018
0.2570887353981919
0.4426328256113785
0.17808178046516399
0.319630975299688
0.4639351874111306
0.31904508625309547
0.30289023877621113
0.4108408251608515
0.38488898508847813
0.34983987943694295
0.31914018064045835
0.2431680990450531
0.16133812587726226
0.23945051945734508
0.33134693999070386
0.5019858060995916
0.47293556698202566
0.5284557390866376
0.4505970295239313
0.32770384793493523
0.198492086781769
0.2732873145326624
0.350058354878092
0.3950683214288816
0.12275904696762086
0.25146249903880136
0.40561605780131527
0.27014484830533614
0.35897947109832873
0.4876567611302679
0.20833025443305175
0.3688231399403089
0.4499163098787222
0.23677315613821248
0.2996440007630631
0.494674538361103
0.5234456115883774
0.30434885912965504
0.3518274859799144
0.6909403421414054
0.37708823162534844
0.38899233120552856
0.23600257067057173
0.10597724124644048
0.16888183647320032
0.3397437609982681
0.4419853718025686
0.41244802386271784
0.25803521044401534
0.22085464366805663
0.40313881784745964
0.19380677416242542
0.21054174478928722
0.30856222215078377
0.33347427098106364
0.28412548836599405
0.4659986451277973
0.07947550438862461
0.4673473553712759
0.42513600877464086
0.4191005097626431
0.3821300089445634
0.18342570850868323
0.36254187367479507
0.9804156013477434
0.7593667906081027
0.3184420896676001
0.46170526374753085
0.72747913252535
0.49623340527437576
0.1776247967425414
0.31120504861449094
0.4188375716098546
0.19405581859290644
0.35318634492530676
0.5698366701253849
0.39684454837906635
0.3012094955872703
0.3658623043228739
0.08677532768835428
0.22743646296447084
0.31715823493055206
0.3553487546567311
0.6140786923373203
0.4428635034841363
0.34104061995449
0.34661933977900405
0.17275913391091724
0.5970808486439179
0.2391530784445941
0.33549256764797564
0.3584221037098487
0.36845162308698254
0.40194942502794573
0.5013391642459514
0.3370851977596796
0.41963412429767155
0.3216612535138319
0.4872342825792463
0.27482168574657806
0.4263386798386385
0.42524425356094564
0.42928276952175537
0.4989522683133447
0.3626925537328711
0.32424850498777713
0.19318112716255764
0.22037005810744947
0.7219844018691515
0.22887836743296186
0.22456247974788446
0.25389556059864626
0.481380797824853
0.2935586765193857
0.4181002446119535
0.38718009693793487
0.41269819270854413
0.46695444934291963
0.27826436391106146
0.1605519770516638
0.20806690913876125
0.21926744415631982
0.48296066987712616
0.38170345831176666
0.5149307273491699
0.2561587606887721
0.3408184445472665
0.15581056101993895
0.43459913468904987
0.4034310499319278
0.43751746103192923
0.10015747080811033
0.4005693712173821
0.4477481363468594
0.423334409079128
0.4064341745332811
0.6686099279945386
0.3502169650974356
0.23770562875582013
0.26548836568933054
0.28962511320288953
0.33289690713677556
0.3495304246221602
0.32408916335409144
0.33341239849433335
0.47916920125730866
0.38724448713781867
0.4444688135748791
0.5631705029326584
0.9047485794953004
0.5047053319578257
0.21012706750109378
0.5779919873962794
0.3395598118322176
0.36843084253158187
0.5691360503558105
0.41719756044199896
0.5238563430787526
0.5068370512759364
0.4583564220394991
0.1261411570652261
0.1817032602470774
0.8178075903557225
0.47175810134086515
0.5622097235010886
0.2787620395866358
0.33308856498275896
0.2526009897270529
0.28827303867851517
0.40979278496108595
0.10761906620236039
0.49653421287804633
0.5320763149218284
0.29620494846817635
0.5669825172423199
0.26145261006374154
0.3579004392553162
0.31067922126476266
0.1699088391748661
0.268170159991314
0.30505236610871167
0.3783389404687655
0.22949646067779828
0.49653699306575727
0.6140972121350989
0.40153180119443355
0.31756070421923244
0.4685060582780347
0.46878136356483924
0.6896716367426386
0.4824595982327927
0.4274936844516447
0.2843739756049928
0.3494596746059604
0.520691744462303
0.04053504859906587
0.2080095335480021
0.3421622518969478
0.5441556564554297
0.3885067380844356
0.25227398822714786
0.5518872093004363
0.395914262031821
0.4045721232457181
0.6182367195365455
0.4697300356723255
0.38535045299273984
0.08639123580494479
0.3490370026217743
0.21878354458951943
0.4372588513218597
0.36852942101357933
0.3394248006809063
0.07165305690205614
0.048307981096131325
0.4617393123681156
0.5399895732535219
0.47229379054678033
0.36462368728993266
0.30054411990845087
0.25398316857610315
0.4678220818392701
0.5946730548007115
0.2163430990173416
0.4571877993469804
0.3569967823261627
0.4547106737567801
0.3355958331220751
0.23300814208213638
0.1992438478226879
0.625432605338532
0.3713846927644854
0.11216239977904041
0.07472307789429022
0.1741077045264806
0.6287996138929387
0.402030021706427
0.41466731977764126
0.37629556886790017
0.5351332607079469
0.11174517005639384
0.14171983752694173
0.31841498466687046
0.39387801651440524
0.387032062058176
0.6317124407809739
0.35859930848462485
0.32669967049114434
0.4087038181219702
0.4872412967047869
0.3853098381291369
0.0548807178540065
0.28670116664334366
0.3412210134407796
0.21300506758568027
0.6688795570273725
0.4016074055361445
0.355952407147094
0.19947882437533093
0.19134062519021144
0.24697509634008918
0.3028298734044663
0.5019632918626391
0.3895477120182833
0.46142398498624837
0.12738202182575176
0.2236085628735176
0.6139186116327395
0.37631578979911995
0.3889911147011409
0.2715156087176509
0.3470333554351408
0.2850310664962654
0.6242973199016137
0.5820835949948402
0.7056862623153595
0.43909091502738506
0.3906131169213005
0.3458795056207292
0.39784276094311444
0.32108238320572147
0.6389372772337163
0.5145205119581704
0.16462084902704333
0.4773245424662297
0.06116943101905514
0.2541499354564922
0.6709190581367834
0.661854386192702
0.2527390161664772
0.48635707348583423
0.47779283734391864
0.5993764123467673
0.4591969631143874
0.40372740797495577
0.3011183924178068
0.2345904710388449
0.4824633362265035
0.41097597661725027
0.5484754090810363
0.3197238318595029
0.3065282783609682
0.3434155704965738
0.2685335359195751
0.5681838999060626
0.4417300622384459
0.17171952895095444
0.4043618844464669
0.34349233800746437
0.17203818896089418
0.26399567370188104
0.633977622764291
0.52872469776656
0.3093422277005261
0.3246494834424557
0.24126639844965747
0.3826563051995642
0.2136662954465799
0.06071082899464986
0.3489202026451318
0.3145234349869983
0.14116257958496903
0.5618165144870283
0.36238372342787195
0.39926788289802495
0.514243625158126
0.387072156274632
0.25735100583371695
0.38768549226536686
0.3473440401230794
0.29956048887627096
0.2643359126182713
0.3655641421228454
0.4917999767335941
0.1800016624405264
0.7120527461392038
0.3128577459364721
0.2317671067405087
0.4215317475991356
0.5393429002176695
0.22665960556176756
0.4430633749048003
0.061414242490336335
0.2083261009978159
0.2923682276215518
0.14301957975233914
0.1771627656960152
0.17189379856105302
0.45709284722136423
0.10129300533701846
0.10743717786753826
0.22447657055904213
0.7881476321561409
0.9786749018761487
0.28254970721193584
0.3105282344558844
0.19140191822347197
0.3737910668520136
0.4836411619155756
0.3114379438581165
0.4784397319433733
0.13911224363243058
0.2793570504088395
0.3889140885642062
0.6289257807227336
0.23093752374811294
0.04638126912341778
0.320694125755683
0.31511324725448997
0.11313542202749238
0.10090649069283997
0.4603179817767773
0.8950749948449442
0.42956069093412985
0.5803276206609395
0.2847223074697536
0.36737559322293933
0.30215074355173854
0.25281310918728983
0.25857703630425566
0.4630411692861398
0.543436929338247
0.4855707262676683
0.013828887942500923
0.6772972459064073
0.2260214877240676
0.24182325625422962
0.4505599408972889
0.415975416093711
0.6088937053232194
0.36867906915475
0.9939846760448084
0.41760392420380144
0.26757294196673975
0.39092892555963954
0.24827241260999677
0.4145335219337014
0.3900128321036349
0.5748293565709027
0.7460991691005909
0.4296203854732359
0.3993021316825961
0.5378250093123665
0.30378061272106804
0.36172883773938813
0.30183956263113965
0.3238644995535521
0.17285216495151978
0.41412000050700937
0.9910537570950124
0.18690483782719558
0.08900992557823462
0.3109250699968965
0.13565341431378353
0.37819207130374854
0.3280677358576729
0.16684164155442283
0.5967988653833189
0.5725039066805697
0.3151881227703919
0.17404332849968962
0.37866361545951077
0.13251615845319376
0.6236290132395972
0.3696546350308807
0.3965905302911604
0.5349800154345654
0.26104806507779477
0.24342265447897637
0.5641858807931994
0.2774028157660521
0.40356298097050614
0.36232846564709487
0.19486927025553447
0.2374989494154789
0.18799050558363128
0.5834223028903626
0.4091331427818993
0.19264696921772306
0.21811446194886552
0.2725720273616382
0.24141363389235038
0.3493427113417147
0.24943847706809907
0.28873950989264974
0.29335595311767326
0.4418040348351663
0.483252206490554
0.3595207898658632
0.41975974565022034
0.1453926697301725
0.40967813470151004
0.5525256910925641
0.3146240376963335
0.5194819069641723
0.403257077713723
0.3869604364874817
0.38481437881290925
0.43016653418555384
0.39510626389292103
0.6480447202179695
0.253282048783358
0.28570988987959367
0.3228951366976862
0.40858436072602
0.5968894996935988
0.41264126878302876
0.22208822425503438
0.30878917602797773
0.43812955914815477
0.3310669298710134
0.39415225629692485
0.4150813979091521
0.34025018279279784
0.39351830171525315
0.7216310015336707
0.4408664595723062
0.4812925107413131
0.3653722271494083
0.21952945772202725
0.43580296585055467
0.4375904581726725
0.29092068137980076
0.336309899569723
0.3568568081825497
0.3710608427269153
0.33471794463817073
0.45163696078060867
0.46861565671336014
0.45231442358571416
0.13558491728724587
0.2068826165678035
0.32696578019793654
0.2825357014252796
0.19058384404044404
0.3574078604071299
0.2513347825770065
0.3415515542368459
0.40764939993364
0.35146816990613416
0.07863850748298717
0.19608045221977277
0.1813625862615864
-0.01928348225730625
0.2615299683822798
0.2859454191358316
0.3298244418327214
0.22065094120261275
0.5091139666999345
0.032642065624588046
0.4712392731324483
-0.17439737050535875
0.28392898312055315
0.2735709728062934
0.32988598205616104
0.22723125997379823
0.1863078625437109
0.23521912919407195
0.19848345825213431
0.36177613854707025
0.21741287552802013
0.13202128785535894
0.21056076848993155
0.5862687486097675
0.19052509684459285
0.20164163185696382
0.008262041699959477
0.23319639315491913
0.3218706581247669
-0.033079271087103734
0.38209711986472117
0.35877438793571126
0.2879193998116242
0.6713383691032793
0.6545196439891819
0.1607480200383673
0.4527685472757875
0.21773911211534624
0.4434655956807987
0.25581827325956996
0.30955376328759887
0.470900501151982
0.5045630171491919
-0.06661005693331257
-0.04605377300401825
0.3204394365608709
0.11181447192704885
0.3318563982881282
-0.002975880495395433
0.26456763056228183
0.31177085059781606
0.4263256039695197
0.30019802385282335
0.33200818565780543
0.40146314452707
0.35844000248880536
0.4549563609897376
0.24829401620474423
0.7341791199753895
0.397092921803202
0.5789793537728051
0.5173623582059799
0.47181149908453546
0.4162495826363384
0.6634067008940616
0.3025905470448824
0.32102216743544165
0.2866681296866884
0.2027359850642133
0.15539476508808092
0.2511066795672794
0.5413347563450406
0.10410845884600728
0.39301884177407775
0.402395143967635
0.24694470632497
0.22201498020542565
0.15206112871597255
0.3694928277855657
0.20637339336188965
0.24713997428935786
0.4727774349673346
0.2849553567128653
0.3227527726032535
0.39030274275745436
0.5161316255180808
0.2142552198794463
0.17872182490950017
0.21514255517693037
0.31388804613253685
0.4318701884182483
0.4146341416329131
0.41157757843646214
0.5629730038002142
0.27061226734973365
0.30593388625362306
0.3501544184148966
0.23888047561545356
0.3515182722748682
0.4364576372516953
0.38040425257676924
0.35182917765439314
0.23565785063395017
0.1299930105420054
0.37743123234438514
0.30980456609830265
0.12906646305462421
0.30118428121335095
0.3840848853452369
0.07471384394327552
0.04095515891547441
0.4473899805959767
0.13366833189950156
0.17483878142959675
0.2746437850410868
0.09661076751061715
0.07710299406294352
0.3254414023200283
0.5139278103410668
-0.02456060656190484
0.32416609549081477
0.25189026199429454
0.45040562204693135
0.31226051650083386
0.16177996730338584
0.09682355046265145
0.30920317865300584
0.2683406176133467
0.08570654402782552
0.05349879689738657
0.404610523745766
0.18375544427984003
0.4397300649649162
0.17630375449380853
0.35044698554845655
0.24813480522249098
0.35273984584132967
0.3888699731401202
-0.04146508461250131
0.30550382389328035
0.4541566753877926
0.1902798263761959
0.6132180043156334
0.23355709654842982
0.5903784579708811
0.23088768572592655
0.28574708860361897
0.14883761779817162
0.14929318222341692
0.17749042521311642
0.32545054270593243
0.42086521283270517
0.4342885140146866
0.47758803299687314
0.3301023865024051
0.21356629772391367
0.31803355713338666
0.23064094927900136
0.36176486707261757
0.19930320037096583
0.3405620608254464
0.42673561670802185
0.5017493777084789
0.8102752363135529
0.3200648305036551
0.37255509127607234
0.16584747360892838
0.2766260519949003
0.4677041796151983
0.23046851029292093
0.14476903240486272
0.30512319417547995
0.342852328657838
0.35218799795766276
0.4323281087740425
0.38911142653695996
0.27845262367063195
0.3544669749752163
0.26544561698020064
0.11091318892051494
0.3202500073996689
0.2479745916653152
0.40371615469904987
-0.007721431440407267
0.29238019010914595
0.3258889585381737
0.3899022960825358
0.32050661672504177
0.32452595520072824
0.1471136084570419
0.1531774219260631
-0.013427786216489324
0.31445561001682654
0.23707264360671798
0.2571761606602242
0.25379537976411815
0.4867922794842727
0.34730603568203033
0.2815337933116272
0.03247391195526661
0.16282641162997613
0.29952259071769194
0.3629032984078244
0.4442422962341239
0.3079056634015088
0.4804908905513354
0.407211631424508
0.04100285977520135
0.2703731700123131
0.24691136644446676
0.040222162021861685
-0.09485736716218485
0.28751797439373883
0.41713887704739705
0.303061202625746
0.22326254312766913
0.22140164949879226
0.15471715773195693
0.27416378937485475
-0.22995154051284827
0.34741274449529214
0.1420601468213103
0.47166302051053854
0.4548118388126331
0.1409737003881084
0.7234777014266651
0.461498120230202
0.20697419684297302
0.5007483958864247
-0.02217711171056158
0.22924920351908862
0.3383366110362681
0.2637125869234136
0.5085702098088964
0.2082522867549117
0.3163261294915777
0.37228209117252187
0.24747389132782704
0.4906587622218117
0.054610272174517194
0.4031639904897464
0.33055848896232476
0.523587187765497
0.08526730356926326
0.18244043055594594
0.27315735083059156
0.1093115875183851
0.25885995377083015
0.2872012860033475
0.7689272421930642
0.029694067320612083
0.39883098327016775
0.6648330193872615
0.21618312285145247
0.2942572362863587
0.41813819125983165
-0.006353723625102337
0.16867475013979738
0.4319273188202195
0.09587066584748871
0.2968665149624733
0.5624833104562204
0.29916386102876125
0.3020785684415208
0.294222575969062
0.16153669963421513
0.32150995647302416
0.40203597137897196
0.3134993908964637
0.19356686258919342
0.2254887666640195
0.4021530315159716
0.2061269480303034
0.44828572016054213
0.4319501899378537
0.1362048537653464
0.3848127064229341
0.2323749774762326
0.7568964831863291
0.168045309416886
0.4217687919009552
0.2855101268178981
0.6043933784129389
0.19190982461170814
0.2619776833308407
0.34997818013801907
0.14886703610566854
0.23021389500672873
0.28147259313601347
0.4467928356807517
0.3939288278883849
0.403688546319261
0.36756513749078956
0.47735413419530337
0.18459891500009729
0.23862273062606998
0.1292366298666059
0.30326063505520406
0.2737155324381815
0.5311737653886714
0.18863277146726176
0.5451013104883081
0.28063352657677154
0.3685549823463219
0.19895261178433976
0.2422594640552529
0.27054930867361215
0.3607187028740735
0.4388589353894281
0.3680864422484491
0.035678416765234755
0.006188867121567632
0.5770599267255893
0.2835719174064132
0.33809658544864984
0.2757861246846167
0.19798094833093915
0.006961667050529141
0.3478496538802822
0.3167091759412525
0.12903777726368992
0.41709679545389045
0.43653538013222204
0.13289525789129708
0.5969799653732869
-0.013015976618315328
0.28661714298056185
0.22809730612151002
-0.0026608687723852498
0.3195970240253876
0.23576466752732061
0.2634987939344252
0.5576365954632404
0.47708353730260167
0.45628501887149275
0.30225222605426416
0.5659956897409699
0.42036693024545935
0.29040259844950267
-0.034633414564881226
0.5739526852128554
0.42311050576158726
0.30015338988650564
0.35320759279536995
0.35707263260664934
0.324232277458143
0.11083807082481167
0.21843149273321738
0.35638186000660055
0.39942877496104834
0.2003037588130714
-0.0376361557963385
0.9822218610559346
0.25495796676320004
0.16212878641277917
0.48698875535313346
0.21505322513067227
0.21986697933084753
0.2483277589831967
0.5985663335075933
0.4162795409726674
0.30260966976605863
0.4105720918209913
0.5457543379027768
0.13250460321961566
0.38514363085675285
0.30088385635835024
0.2052618727801807
0.1547797999312699
0.49314557552690763
0.48495733345304026
0.0537870522863334
0.32204584546065484
0.24014456718122457
0.2887706004665316
0.30872110372770933
0.21513606546573016
0.24551446903164287
0.3660761669396051
0.23380196659280506
0.5043598644537745
0.1548672843489165
0.13190782421198444
0.18490170326012367
0.30405959763390866
0.3209093687029133
0.2816957545180997
0.317729230538363
0.18164882786861059
0.1081587639199949
-0.10049800123691432
0.3317537388064322
0.09445909027248445
0.34525582473336214
0.29145963315228296
0.7827536075215566
0.23037654358807214
0.46395239457530024
0.13233582009458322
0.2929609403688924
0.27992024813093397
0.3538838099696525
0.3063930394888954
0.27311755781905145
0.24915414798701385
0.32007615032850545
0.2762057783602666
-0.05998951465784663
0.36186461622251254
0.2806372059470523
0.2729382403433881
0.36384001425610124
0.5638931370025897
0.10987452601331671
0.214999493479207
0.30740580794692884
-0.20632828559311212
0.48151090173441435
0.22204570369069454
0.29370844165179
0.39702156533642863
0.27177179229086135
0.37634623615975826
0.2933730198392901
0.14730494952712214
0.3459905556913171
0.42492371569000176
0.577113677490856
0.3372313017156372
0.38212996894650586
0.18722654442836884
0.17361175513340832
0.22934468075876002
0.31122146396545136
0.4052093944331552
0.2661438804313949
0.30185275302139636
0.0885912365268855
0.23524279417124716
0.11790854165944986
0.2506903113858885
0.2121377238803459
0.6113002188294783
0.34902533785832723
0.2077241993818112
-0.046169887624637695
0.17975658829923136
0.18869845394849305
0.3106678446959963
0.048434257570474704
0.1356003912973185
0.07740603322164152
0.7558936054310088
0.20051063899807398
0.4078492276992207
-0.013639681976845397
0.3795441028185791
0.2661222121683047
0.04443219121313091
0.25817627067723914
0.237751024835536
0.39318762316806055
0.4315673898219702
0.4413327713631594
0.4954057390843629
0.24066555457393557
0.42648450534866766
0.2078183511726146
0.7484779236777855
0.29713406358403494
0.294277065337581
0.15613702380759764
0.1866792463753033
0.5106469905239286
0.2914042605751367
0.27027793485089524
0.5164339617068908
-0.11345387856239397
0.6207987491479977
0.43482708985099994
0.3209696943356666
0.7900623381137848
0.12004830719370818
0.20405657642488673
0.02977811404980213
0.33660897681668467
0.24259987303106434
0.2684791119795633
0.23566150827530807
0.32657173200373624
0.16117741308981592
0.23847557593432533
0.2671650434035473
0.42451539484425704
0.053018555402134515
0.3733606275764465
0.2267917283991352
0.11835523721104879
0.36578384106347905
0.2828172131182538
0.24992086673285652
0.29417451832023556
0.2912293598392288
0.3433910774235167
0.1728932141159345
0.4272739806064868
0.16740084520579457
0.7639499591280201
0.3377201923754899
0.34674603548520444
0.3213149056641136
0.5649513277665575
0.18216649420891007
0.07111503189405488
0.2619298548471617
0.6681418410953955
0.30008641903160727
0.3813600702665232
0.23232459731576482
0.08469013086696542
0.15044982106644345
0.4772966373226595
0.19352602979696187
0.12274001111975341
0.22920523539853122
0.4958505238523866
0.33722984642754006
0.5042888728877747
0.21224097495444938
0.5376405298588457
0.2530645802513495
0.5028197087630821
0.11409316360789168
0.3839331454288677
0.2876616708184647
0.3652041642693198
0.11161163037112454
0.22359318847759702
0.4647101935810012
0.4753012942169418
0.42709590567473876
0.2523002855843941
0.1865596845301558
0.12433721038962642
0.3094339237348075
0.39911023135438706