0.5243949765704419
0.5028547686254745
0.4895933754589099
0.5353666649210059
0.4897969095558605
0.439692000321128
0.533627412824787
0.571731988442834
0.4702753310045551
0.41419700850357666
0.4173467503080073
0.5144378855627714
0.4732053238526851
0.513641445262508
0.5372805750604741
0.2896684724609304
0.5585815697848882
0.5614194679514501
0.2555999039704854
0.8288097433113959
0.643737231717785
0.6823283663575976
0.6189894309791188
0.5762924631450521
0.5330938878282536
0.550225720134895
0.5333555434447492
0.9852400100160918
0.6783369702242967
0.5846077262090109
0.5989767564108872
0.4099768528050055
0.5172153011734739
0.48772053693458384
0.5591573469681315
0.6305898105171844
0.7322804235167293
0.7420772927238279
0.49834680014177435
0.7150657159091857
0.6382342067157255
0.5500684064888479
0.5891763926134542
0.6449134615681481
0.5586364568481632
0.6228214491631383
0.7838861097949876
0.48500057090499793
0.6861932964440639
0.9279923969480378
0.6581979921760441
0.5316539560693168
0.538001230670235
0.7250350056733064
0.7387040165182774
0.619871312148253
0.8756062309642416
0.8388181366121081
0.48373043278354244
0.42782315994149545
0.6200748093737795
0.3905903356925555
0.5587327188040354
0.6435666543977646
0.5886109518173732
0.3931264870543214
0.5277074235704872
0.5176979385506465
0.6667306800888706
0.6361174708748043
0.5090359884018932
0.6197412302477314
0.4715293917695662
0.6660903543215178
0.6049637639283445
0.6456533594220861
0.7163659951716844
0.6188522887179305
0.6260584666099661
0.5598754737172845
0.5934014581475104
0.642529719764718
0.5865457767610275
0.4424798247585555
0.4251500346220669
0.61230712801451
0.6779897952023549
0.6524585227900785
0.6506850751595301
0.49609912978989135
0.5323901154775103
0.5617064090623238
0.5408383929839875
0.3956007038081235
0.4755346257551569
0.46837016171539647
0.4345810987840697
0.529503410252029
0.37751100851712627
0.33132113768133953
0.5768572948408299
0.5329786091551174
0.419724546105145
0.3018407329301569
0.43366396400276186
0.4378911105714285
0.5944080616629325
0.5698231607712579
0.4815246554333892
0.42629710251082265
0.38778170762814257
0.46960600806027486
0.4753524508305792
0.5590953943128244
0.6043381125672276
0.5876969589097232
0.5015851431301401
0.5957515758448964
0.5574823000844007
0.3792693928169695
0.46763971381166836
0.48193707973872524
0.551494184917228
0.5856972311534625
0.5122062400990159
0.34601015263399204
0.4386907064437833
0.5823574449878017
0.6220081885059474
0.42759526958082683
0.5027611184715597
0.503928915598129
0.44840998836343127
0.502955585538736
0.6156076233164619
0.8444692790829478
0.6058712157479361
0.48576403354361597
0.7112074123125327
0.6667138333853029
0.6862068163939234
0.502999997291208
0.6021476769141474
0.49864320199165335
0.4555433929142386
0.8009820021955059
0.6156328611068718
0.6395662011586705
0.6353603583679271
0.645755287860874
0.6810825433678062
0.8488010188005874
0.780462364421634
0.6352651145515054
0.6949934631569115
0.8691236768155817
0.8146631923793397
0.8768752931406971
0.438736204563803
0.5697050750161763
0.5909071911723919
0.33754993238880193
0.4255629807827287
0.5902707619446392
0.5069031740924319
0.6088821018215115
0.651191557163513
0.5277808149234893
0.5241007866456803
0.5195540844874489
0.4878645673937252
0.5232454062722087
0.5314579187422189
0.6699488015727496
0.46184586753745804
0.5672382961465601
0.49559716803910225
0.5508703521514946
0.5399070684396217
0.624866306939779
0.5601578076366458
0.5622375691771149
0.4975325046566381
0.5881145708970995
0.5396734097088007
0.5316955620205818
0.5017756307793294
0.4230225077886358
0.5631136495033255
0.5199364637411661
0.5438807820092285
0.5968264376860847
0.5672729132583676
0.4825764429311068
0.5059911734936091
0.6945463999170542
0.7722934084540577
0.5036225924722982
0.4720851426406558
0.5546124585952921
0.5597439358122551
0.5977010805758693
0.5264946171478693
0.5275593049500701
0.47991785892608896
0.44340001571435095
0.6609042372971918
0.5966850289667587
0.4019016823860623
0.463281916379676
0.5585360343637898
0.4829162687686659
0.5973392721293145
0.35318257588016966
0.5933095233293051
0.5136825528605229
0.6099172591353355
0.5891449588502049
0.5000826044208894
0.5012640604589216
0.47819331360963946
0.5691200218401535
0.7253439495014504
0.5440083814582648
0.4979996783410956
0.43947792944678743
0.6302613785536173
0.4654273088672114
0.5085580301493284
0.6494601475405171
0.5107311276060464
0.632825426625259
0.4282266747412472
0.4519000753641943
0.5481623676687528
0.5322342741215305
0.582235846877998
0.7180146823719883
0.5400537641076392
0.6753553056761984
0.5763612287405178
0.48064653515095235
0.6859483168483889
0.5278104386722676
0.6049365443593027
0.5903008283557795
0.5889205288129755
0.4939333834324482
0.37444984808007753
0.6633300869158377
0.512782538307999
0.6432206012370693
0.5245142988500421
0.40794676196727697
0.5941720833718737
0.39168833875181963
0.43319462059378266
0.4992093598762418
0.5864834698152113
0.4792656814564564
0.5039939264510414
0.5344331706084142
0.3818261170867081
0.5602165791965887
0.46682147488324455
0.4041576159622199
0.48365015170819714
0.4346972495048047
0.43333038106440414
0.3215232066403101
0.47511681370235703
0.40428926437039325
0.5194015555146556
0.5655740460681578
0.9434564580707665
0.8461593217289449
0.9360194598224715
0.6970295894020586
0.687289767177938
0.7829558845107276
0.7888493712474414
0.9762402510705531
0.9813193581965599
0.4513194457784999
0.6046694371656647
0.7819046296281926
0.9054846350810375
0.5562664524725914
0.6620984014878057
0.5784514764072596
0.557973820289982
0.6347891560902802
0.7747762089293688
0.5317707079961255
0.6651431973034193
0.5682831928960168
0.5719462051110271
0.7537380489423333
0.54874024302578
0.8940107127460739
0.6667042295922037
0.6108010756276342
0.6483202716110384
0.6842159756160102
0.7041623692881291
0.5792459836312265
0.5409433806874744
0.7057482204320622
0.6900508046477156
0.7382835201301624
0.46099428287826516
0.8061160420588724
0.4787588496382851
0.5309354919846362
0.5507505458660664
0.8263688709503543
0.6128028298492835
0.5631125517847388
0.6886755834271387
0.46873463635572643
0.6775626540999058
0.5002919739450089
0.610084140170921
0.6752209962914286
0.6178201333574923
0.5701979766304663
0.4854693598484783
0.3953433701985467
0.6783985586878377
0.44740681106365543
0.5196813079398559
0.5105049067805337
0.471974958072235
0.6643696452434256
0.6561182793704655
0.4754693209255385
0.6177256485107481
0.7266514642197416
0.5005796451437878
0.5512834032317934
0.5028326933853983
0.5660568151105196
0.5060229286135334
0.7279227849414908
0.6560622648157642
0.6371119653601244
0.7332082209609774
0.37449385819493075
0.5354785818575085
0.4604393685280723
0.7010502035268377
0.5549982706671556
0.6545241785647876
0.49856947050030964
0.5269089258633743
0.6149072196309823
0.6926285404999464
0.7126852048199983
0.7150547064274531
0.6998300605089729
0.6028183280166244
0.6991877447366562
0.6424501566144181
0.6358353586587695
0.6038883161936479
0.43031898122231893
0.3860677762101148
0.5501057843057715
0.5000722335086707
0.5648192481528863
0.6955509771030763
0.498000560001707
0.6191778827788303
0.473980136304631
0.5371579968063589
0.6748195797543444
0.6728733777214321
0.6820543883621193
0.43063277855681004
0.5425698354518949
0.842830760618074
0.6613975345562124
0.4624745128600771
0.6594316455719498
0.7953805272442372
0.7039671678410747
0.6959484217538126
0.47619785358454536
0.5233990430001993
0.6831690457701067
0.7730930890572674
0.5587150750639568
0.5971669438455967
0.7604552392727955
0.7149687304646681
0.5836448802031228
0.6029688259793496
0.6479634865992752
0.8239789771226966
0.595940759883546
0.6503726782819512
0.6294707037406021
0.5454246530837868
0.6082517580900357
0.64615876356646
0.6219065928831747
0.6659236656420341
0.5263023530935891
0.6771555488687421
0.6943316377130234
0.6584304358824336
0.647825305093799
0.7895137426783504
0.5921316102415408
0.6441934758562604
0.5557659384968516
0.5583230751548114
0.5901437332867612
0.5604190235506364
0.5106012823022994
0.5376910806741835
0.517608126845877
0.46479934975441706
0.5467608718408599
0.545676721705728
0.6014020998344731
0.6346632515284524
0.48810900735959195
0.5401855699811464
0.4411960507527848
0.5236400237108655
0.3961050911797668
0.49913478003940415
0.6877830724425287
0.5382934773208095
0.4702915806032226
0.5040797061783898
0.5438522511083199
0.5343080195720435
0.5528826197494905
0.4824798620587787
0.45785343084428975
0.47429467073455067
0.5922477948758902
0.46452892429416826
0.5568835451120583
0.4823200427969452
0.6532853967514398
0.44467136856040634
0.481244527301917
0.43163934737953313
0.5906202517966453
0.6645674653529808
0.7711690343595652
0.6159069376088513
0.7296593529818789
0.7590879878613098
0.6493546710630274
0.5042486226347478
0.46889024549319025
0.5068270538369444
0.4555050971974759
0.4165271663157737
0.5021265140721908
0.3184047379403969
0.5420651569563038
0.5364813673534996
0.45098073538785766
0.3547809060673579
0.5120038549964461
0.479106892856342
0.6118112629735355
0.5427462177189061
0.5780728872231674
0.6254355894857277
0.6713757204024271
0.7439192417675835
0.8052273309673188
0.6885883045539121
0.8737913454435255
0.6095706963794214
0.627613089542829
0.7169927293179199
0.3629788480631886
0.6219534675439791
0.6217661522375275
0.7256678602032132
0.9712891154021043
0.8921623597998416
0.42911009864965266
0.8019868343241439
0.8666949788258391
0.578692590916116
0.6970830041891727
0.6815633901168019
0.6922370933002039
0.6331182607478396
0.6353005555540348
0.6705898909975125
0.6924296587149551
0.6870511972850721
0.538087743849479
0.5857833228597644
0.6053272298675063
0.5523836558938995
0.5827090407619882
0.5177508481317091
0.503608546585315
0.6610586506529623
0.5587318054385653
0.7423778229951845
0.3619984225368298
0.6195340013727503
0.5024909566826031
0.5535355775201274
0.7000477443872127
0.685074199824516
0.5230265617698071
0.6913827559726096
0.5336385269662538
0.4389649259968883
0.45090114093602085
0.6310558179734704
0.5672243427094048
0.5478801394159347
0.5124410169901094
0.6194423169969514
0.6216689810545861
0.5368619852412714
0.5782526872034168
0.8188164719788165
0.5105509186614825
0.4766017635259461
0.5669401450369392
0.5889160496342183
0.7750154719527496
0.4253906028549921
0.5674808167397623
0.3772719105756366
0.7346513871388439
0.5054401243353159
0.4030887614970372
0.5226255789510484
0.4855059024695486
0.5083142409766879
0.5205250712844882
0.5391512735299826
0.5519479808713474
0.35577767819982464
0.5297963676060422
0.4433052276098588
0.6162906165410348
0.6388392338179738
0.5521965496447749
0.484804333762051
0.47998719078668517
0.4529891183867675
0.534937241621535
0.5178889113626477
0.7339488998798624
0.5987674763587536
0.7267693509541593
0.5650123961988948
0.5535945775385958
0.5575399555534892
0.6148446225520674
0.7139878139484507
0.47296477020062266
0.5107673211008361
0.5562405864152432
0.534575901510566
0.6600688235197123
0.6635808202965437
0.5508975301732497
0.45470119643254525
0.8078395333286751
0.4410616935216669
0.4928828918499689
0.6129767223761078
0.4263801935318863
0.5342745157579118
0.4005863048196926
0.7661855704313723
0.6667243226379324
0.7301699806788005
0.5544580775367121
0.49515995655666023
0.7975726387343891
0.5290509896987743
0.7695540805467544
0.38144936039824917
0.6687812795945797
0.7038468138088986
0.553605517374181
0.4800331890255205
0.4590685492861206
0.47788989931939296
0.5898575976571985
0.45292358825608525
0.46975226979201756
0.6956896943665773
0.5325044802048602
0.5957929946772361
0.506019485692923
0.6058981869012837
0.5912217535414775
0.5538651760346103
0.6248368298967809
0.3998902517705756
0.5330078657674004
0.5513404464992412
0.40298562441572394
0.6801508319515261
0.5282762265978218
0.5848514274918462
0.49198674083489946
0.5033557282706944
0.5819081749415499
0.511036651313903
0.479716734743181
0.47066440823432276
0.703520215327903
0.5800275029424334
0.5657702082731704
0.6305173999699929
0.5935426879583701
0.7038325995035817
0.7833079252302417
0.5853478431253429
0.618460594343861
0.9850917250371115
0.7764409267380773
0.6585892159201707
0.6240575736989729
0.47656187797819516
0.3742709657082286
0.43876341500478055
0.6946617954317682
0.622102735193112
0.6310110597578457
0.7529228178940353
0.6865807506502752
0.42608508157006697
0.562550545868368
0.5454409936930511
0.6395232189180259
0.4933215801511043
0.7802665169115035
0.4763749387801053
0.7289396722099399
0.4120026213944685
0.5439361191552748
0.47622677884858167
0.477085401512752
0.48489980577207525
0.4272871868702427
0.46596586726484246
0.6160861057948993
0.4825571885297292
0.4226193094336401
0.41436080903378625
0.5176682947724313
0.45363126092281847
0.4746108578360433
0.5647205981952301
0.276944629602524
0.5797141033193207
0.6298410045208228
0.2727945505774626
0.6576774093538642
0.6321649172010158
0.6582096837345246
0.5744209427401348
0.5295541591349969
0.594674725697103
0.49070899815088387
0.6149774529679232
0.6859960567106509
0.551470729005146
0.5491667395306135
0.568567219308255
0.5329570743050821
0.5490767371483614
0.5308275314186142
0.5443538276691454
0.6305898105171844
0.6892688752691996
0.6873353122325393
0.5086430378130761
0.7232067458809809
0.8548142731964018
0.7975440589001467
0.6196386129193112
0.732237924177287
0.7829348098658893
0.5004807556200714
0.7838861097949876
0.4960212881307038
0.6684673154501453
0.6888609485199035
0.7266057714068784
0.8498119784065424
0.6702794792359289
0.960056259778844
0.7405803557195139
0.7663247950419771
0.8756062309642416
0.6713691675057117
0.4683123218291094
0.42782315994149545
0.6845640421120942
0.2964936010978927
0.4659397815022297
0.6792463136455746
0.5467849724269287
0.4449039180508487
0.562123426053144
0.48409740109554145
0.6435257981418896
0.6016850007824202
0.528288926266824
0.572453456173996
0.5105092573230535
0.6534647446741606
0.5785722017886398
0.6361237872377523
0.6356715672121989
0.5887809958325458
0.49892395214302465
0.48326923847433134
0.4485329136123639
0.6112907572374408
0.6104775675419827
0.4424798247585555
0.48546657367065915
0.6105048231885222
0.5590961803434447
0.6427424992008473
0.6181615248896632
0.44631074838271534
0.5323901154775103
0.565458436436066
0.4851066855601862
0.40855394060651684
0.45265689733151293
0.470618735562782
0.6257763296780967
0.46082347421984826
0.375600146719563
0.3029720506955489
0.5697168226630976
0.5201260154085214
0.49611914958200853
0.4157668420127896
0.41186183063164583
0.4644556789883316
0.593447564399676
0.6481832495640683
0.46171381595577243
0.4223215126780604
0.3707475001363081
0.4412985348875711
0.3898078908874747
0.543249523421415
0.5314867573852343
0.48592011487129194
0.40132793339634876
0.5381595329234846
0.649205213737494
0.4384935579020619
0.5443788500604181
0.486053080578025
0.5712312603873366
0.5393793930804976
0.483943952745305
0.37819918383896367
0.45640530276136426
0.5604093286190225
0.629245743956067
0.37466384443998013
0.46633439544222355
0.5481385614287868
0.4529832714539058
0.5250610265157424
0.6098194922176234
0.892916085535276
0.6474366153550849
0.9632722636958755
0.8519236521203368
0.6668980392013092
0.6755853454271642
0.6019176520739837
0.6880375824655296
0.4682684033239668
0.5093881948971566
0.7993921340432856
0.7149659750525543
0.4873044688192216
0.7140858739901177
0.6143507129545662
0.6371633268097866
0.7400104198706338
0.5234684872234734
0.5975449001825126
0.6711830997160426
0.7650442609264311
0.758622743513546
0.8152203070718553
0.4703082339375688
0.5578627475608978
0.5690163318391865
0.333993538625191
0.4488770702383488
0.6399392600232281
0.3748658761058249
0.5215673191086988
0.6465925973769199
0.5193129248879449
0.5129131705409482
0.4600781013437274
0.47507576448260513
0.40240899209796277
0.5524582856287814
0.6372847324451978
0.5070054740955627
0.5327568841055327
0.5044635089483414
0.5182202319280201
0.6934279582781376
0.6142820621746293
0.5802730352324867
0.5399402457050384
0.49324660579535473
0.5923989258960728
0.521707713307121
0.620538793262404
0.4873967273007961
0.4532527276605871
0.6331269059814727
0.5374125760623158
0.5153259742854749
0.5969593835489462
0.5366816717132697
0.46837108976883424
0.5059911734936091
0.6767777215321453
0.5446956300278221
0.469972137208315
0.49533098367632533
0.6140493515151977
0.5382654663415185
0.6638470821936775
0.4496127163604451
0.5572722584501022
0.50259243812314
0.5216407743171305
0.6204726779895233
0.624998305201653
0.40168332065567214
0.5113517628327704
0.52590742050003
0.5249089033335225
0.5690626036692201
0.3380444985829234
0.5859267159287462
0.44349866883548905
0.45692129936202885
0.6982209423281431
0.47334763779046074
0.5006290347892143
0.4627407310771856
0.5541005785453231
0.6218543433223747
0.5169698325833726
0.401162891276158
0.4157242275652524
0.5825406054414648
0.47115944406628796
0.54361683509673
0.698603808563142
0.5319386104431449
0.6915295016392687
0.47430603236258717
0.4938382933315172
0.4980761004855069
0.5164844338650025
0.5315052686902881
0.7858599052727623
0.7073134944351953
0.6714737866126723
0.5542722182887846
0.5501249825371404
0.6718838553149378
0.5153927206128047
0.6146368184984182
0.5937602934535852
0.6184989146465443
0.4843113529804086
0.4409154599774774
0.6578448271403838
0.5630880054907561
0.6244918647709867
0.5579315474924567
0.5420283124148184
0.6028220674303939
0.4292971379709779
0.409493563980297
0.5688896837437363
0.5874843257245246
0.5176581946269119
0.5732591784632373
0.5200648705473598
0.39855536479939235
0.5779444386420212
0.5430972943618816
0.40904000468807256
0.43371239877860557
0.4525487529512461
0.4120784248087723
0.371037947306893
0.4575020855594406
0.3954762552470893
0.44948907145208394
0.5223017736540683
0.8614095834449645
0.8128700994962346
0.9360194598224715
0.6073694599303437
0.7440978933115845
0.4872081083558235
0.7147045267989023
0.8938467279778587
0.6858086145602127
0.49210065934769787
0.6160778111026324
0.7259017565314744
0.6997710867290701
0.5852152021433943
0.6903913016642885
0.5783467873837498
0.6801404016973418
0.7034376458359937
0.5021760195281056
0.6202641723944122
0.7251352613684038
0.6117497479685029
0.6559362061333025
0.7536887893394462
0.54874024302578
0.783896965680837
0.6834456345562766
0.6945834039103158
0.6259257456034382
0.5657955953167875
0.6544797906097344
0.6180375401732487
0.5458289808226231
0.6026466580259419
0.6452432672605783
0.8610560407312096
0.5029136694494429
0.7464242979567396
0.4734329581339072
0.6099508544070587
0.5405145073875183
0.6632765174647381
0.6018961669280666
0.5485307412357068
0.6330481286594299
0.4585112002220775
0.6775626540999058
0.4974838734715028
0.7505087831987002
0.6943937491442336
0.7358319591337473
0.4338776378420359
0.30879967112297146
0.4723564777931799
0.6171473071329343
0.5673925452211976
0.4354869757491143
0.4585842540476819
0.5458071493607961
0.7136408272859686
0.6427363484114995
0.5783178385002492
0.6824360290429525
0.7627204697355014
0.6468593116684103
0.7979828243681047
0.5554323869139363
0.577052742898389
0.4624903761760414
0.6615482818522731
0.6831922708326957
0.6293674874940363
0.6924129351613817
0.4077983972239718
0.4524982516680799
0.5223754587566654
0.7371907124980414
0.35581253143903
0.46006910969116865
0.618807100971418
0.4975667219509069
0.611414570862992
0.650020976790396
0.7463130239529636
0.6367171079320144
0.667105802346658
0.5613031363032617
0.6991877447366562
0.6219235444906505
0.5854992589283836
0.5853856102934132
0.38144573109393654
0.37818300192084187
0.5239605256026006
0.5545750190610577
0.5354350790291873
0.6955509771030763
0.5330209649173405
0.585672305921073
0.5096157788056493
0.5539045151003352
0.6085518250159532
0.6655260625747577
0.5103851175891572
0.4522560729044205
0.6999827556440543
0.6782035065150948
0.7870500995809382
0.6956935053266182
0.8707780360014923
0.8038766900765477
0.7509244215411732
0.9232629479642486
0.476979948264332
0.41776015336235384
0.6724048850514369
0.5834614457726643
0.5230109217234511
0.5190862495416729
0.6931036615243062
0.6732034354157892
0.532077912760027
0.5626599551406763
0.603725601204397
0.7493749722253329
0.5313569952527166
0.6696917830280711
0.6814444377445688
0.49584782615222245
0.5546960865906031
0.6682502219412376
0.6226480051958829
0.6744496769037425
0.5508098818706897
0.4621573008806674
0.6226598851545243
0.586926882209278
0.5567860530954031
0.7594735700772439
0.6146235558687387
0.5701581326803349
0.5340438100606794
0.5718804365704164
0.6167875517816932
0.4973819672901537
0.47832422099254135
0.5404937097463776
0.5094464766616921
0.46551560365241174
0.5745284067028121
0.5596070967269782
0.5675879198562072
0.6017480111794508
0.5226378617103615
0.5541941654896789
0.4202709082343148
0.562400997025723
0.5372777558848243
0.5310187787703103
0.7750137823589409
0.5324656454451737
0.3812205525826986
0.521670596004465
0.5600079534289649
0.5658985614298013
0.4973960101434808
0.5017328690020041
0.4275580445234409
0.4412640461433517
0.5982336894788651
0.5021976216581323
0.5549059218805457
0.49395916198076073
0.5179480059255617
0.49556837032364043
0.5043858263562154
0.44665895431210056
0.5499228587260594
0.7054136948353762
0.7142059517106829
0.7193187846471663
0.7396913408035982
0.7982836548156664
0.6881606440018574
0.42711654513194197
0.4736490339412509
0.47700769206704785
0.487011976200332
0.4226278346943053
0.5125036254502995
0.3058879700248963
0.47757862437535126
0.529667305735244
0.4208863557284006
0.49019665367798937
0.5562910158455336
0.4841081482446282
0.5855206724717059
0.5122099539245634
0.5956932707340161
0.6747266843854725
0.5997788478851561
0.935237227612718
0.6064090099263981
0.68579740265393
0.8192446293012403
0.6221561696354526
0.5423172913162395
0.6296672072314586
0.4409154599774774
0.602312221500166
0.6002925059296864
0.6849005407598219
0.7290928260208669
0.7755201655028351
0.4075135347839237
0.7372557357853766
0.6843224896535892
0.7087841871260256
0.6309755701811341
0.6983099702040559
0.7823441576497234
0.5798012903866026
0.6454056464986164
0.7244602580633452
0.4800609307647038
0.6079903513964393
0.522652136201706
0.5203084395408173
0.6222773122774218
0.5158482276974012
0.5564029253551597
0.5231148679395325
0.49510324307251485
0.6637460293673608
0.5034089366102628
0.714234844527709
0.3762756997197291
0.5907659671926777
0.5214560982083394
0.6056182020441723
0.7251589169601997
0.7001707543770869
0.5521832895502754
0.7610187021777881
0.5502168271651996
0.4766491144808799
0.4006980224598199
0.5424333022463916
0.6186726549470194
0.5479819930760875
0.44371913649953565
0.5283584564106665
0.6300924881903767
0.5879728626425601
0.5747117471653416
0.8553105367660094
0.5341973103944977
0.573097552005151
0.46777970794236867
0.5748035871578459
0.6931700683926877
0.4498869910186871
0.6020942553121431
0.43941779174392326
0.7346513871388439
0.4316707285034017
0.429840457170236
0.4469961915801054
0.5034948998386701
0.5344800788258974
0.612004513864012
0.5452161317587677
0.6224262842386301
0.35527814805785884
0.5516384282859753
0.46723496457497316
0.5650478211657977
0.7035851304896708
0.43672589622938596
0.5319423081584698
0.5958219068563095
0.6303989091445
0.5937984765284103
0.612940506625907
0.6454475711649006
0.7412459255188153
0.6142998535790859
0.6976295635776502
0.4478732693455183
0.5373866674428234
0.5923568540651588
0.6384977694071514
0.5835901099908672
0.5636590259240208
0.5047586305294821
0.52428203665597
0.5692958256977917
0.5408083905247757
0.5229562604103534
0.4480920372648365
0.755341324129787
0.432811088095425
0.38170858283907005
0.6129767223761078
0.3338593108522473
0.6043367079615715
0.3939226110180326
0.6961026486769301
0.7390058470301009
0.6382729947364894
0.5612856911287698
0.5411631580319111
0.7156808088666227
0.5384635886664944
0.8396720720167444
0.45915283480085356
0.7885450642285866
0.7206281016577802
0.5929166855338857
0.40288262443696876
0.45032805264899123
0.4780216181106327
0.6013339635959971
0.5628068662985466
0.4780722694999694
0.6344466140782684
0.570162852404613
0.5928758829304013
0.5475939214518812
0.645667189108164
0.5494120982590814
0.4904941803597973
0.5966822745401628
0.44979799845841306
0.5113038854562062
0.6049548874629814
0.4519718745362633
0.6262494180232836
0.584754922491318
0.57647202333451
0.45592557118462074
0.5021692809728988
0.5464545035913808
0.5073405643115293
0.4988820216751828
0.497731594620191
0.5979962238867174
0.5051484807746329
0.5281400367541653
0.6442640578478291
0.9251279104065442
0.7383081952515574
0.5886762450039789
0.612226214237215
0.6300515838411518
0.9850917250371115
0.744409159654587
0.591429172545365
0.6210705788299393
0.4525621161818494
0.42958029458873037
0.4395263274908491
0.6974042349887226
0.5491144805073691
0.6852227908862742
0.7671913720522106
0.7161783818131409
0.3798190178261951
0.5723530001092794
0.570842515452896
0.5744712378836856
0.4730554961597445
0.6462116526419699
0.49314254116845624
0.7022172127490653
0.5061695921976695
0.4804207208813651
0.45201831140561555
0.5196125054313234
0.46677005353140977
0.4903623719342296
0.4539898245007462
0.6226932270434355
0.48727732667572554
0.4091631816083853
0.4223972820339488
0.44804861981234345
0.49826211918208085
0.46720647122911774
0.506536925421508
0.2633229890389175
0.5599982590275945
0.6013641594396902
0.2704001064233734
0.7120404415168444
0.7736924301350233
0.6861485354920092
0.64876094895081
0.5547415299937692
0.5663735704210631
0.5344727843538575
0.5562837538817983
0.8582546876177596
0.7363762502539677
0.5295414608152028
0.6019721006682892
0.4229060183657254
0.5423446669346306
0.647118845089206
0.6415182071617107
0.5340030947986645
0.7045183569856783
0.7420772927238279
0.4999593738814858
0.7118711175695595
0.7443865030956613
0.5996873975063917
0.6138412604553382
0.8391647357155549
0.6178983961637416
0.6253660961983925
0.7838861097949876
0.5413725223291534
0.7363727736798833
0.9279923969480378
0.757294347174027
0.9114633986919473
0.6633335892550596
0.7250350056733064
0.9710189455970625
0.6986205459504073
0.8756062309642416
0.6713691675057117
0.46901612463008036
0.42782315994149545
0.6268489720373597
0.2687292116138743
0.45780602168500995
0.6649194364259776
0.5977073919904967
0.3931264870543214
0.5509787084124267
0.52408670708154
0.6327343225897675
0.5670237478972108
0.511525276161662
0.560428085139114
0.5073159186342718
0.6051464262590343
0.634293664129381
0.6284501190093486
0.6972082042523947
0.5880580784667406
0.737869330846764
0.6577638324158928
0.5784964104153398
0.6220750553885396
0.5648813768892822
0.4424798247585555
0.48546657367065915
0.524696854499284
0.5486152822536594
0.6524585227900785
0.6893980957293848
0.4002540872503574
0.5323901154775103
0.5773834637189474
0.4729000118252571
0.42209585122049054
0.4395187755649771
0.44892846635539596
0.5892285083971806
0.46197642769245484
0.33474545305111936
0.3272353950997614
0.5921658410988675
0.598995506811414
0.5200853671366659
0.40410900383476345
0.4606095349260977
0.4174323493788594
0.593447564399676
0.6143292121482106
0.44747284793009323
0.45347050355813767
0.3620564300213015
0.4421940633849848
0.4718677534113729
0.5228704101578934
0.5726546276931295
0.5515192816196426
0.5246378349388456
0.5936140621265907
0.6148176811218321
0.3562781742078738
0.4680593979143608
0.6278561248804269
0.5555941165547658
0.563564123288216
0.4915455586569931
0.4065667115824211
0.432761390794951
0.6088996149025059
0.659548253672235
0.41582339864923745
0.49982705098498537
0.5538775876740181
0.5048401181220146
0.5719100476088842
0.671195499794405
0.8635068437473492
0.601711466921071
0.9632722636958755
0.8509867229769752
0.6925108858577367
0.7345711419007703
0.48546436478341515
0.7874586328312962
0.41716982434140093
0.5205147110736753
0.7889643560585422
0.6336167707601016
0.6542416591019844
0.6563840759126508
0.6509485640204569
0.702035854011049
0.8488010188005874
0.7145356738386649
0.6335252388635099
0.5566000688656049
0.8417326389128335
0.731146375987002
0.8578623683359762
0.4798661618263593
0.5517218650938724
0.5856149491135508
0.40680490368093913
0.4651007852697483
0.6119026187921439
0.5900557965947787
0.48245752195790004
0.5636090484135725
0.5362891225310576
0.5201933317415776
0.4567920812324985
0.45334932471911005
0.4544891069789384
0.5343478088685577
0.6244067524448152
0.4849573853933882
0.5461077527209226
0.5504496958606364
0.5221930642701186
0.5399070684396217
0.6430923130618436
0.622381026055989
0.565932980579453
0.5307113964297998
0.5943222383881266
0.520751335036592
0.4675774922336168
0.47146510859721635
0.4649736480027804
0.5158411156547587
0.47606780595410736
0.5174737034736077
0.5689334196544398
0.5379526893888867
0.4486194062751183
0.5119923192995697
0.7259486381899025
0.6061880661842072
0.5046410704082593
0.45949635999329763
0.572836400622424
0.5560497162499722
0.6821578764547477
0.5264946171478693
0.5632532426699972
0.5527919472672644
0.532068255223787
0.6534207907309347
0.5978305328275089
0.4275727131684526
0.463281916379676
0.49748886914639145
0.4669286076576571
0.5973392721293145
0.37071963014876763
0.6471198396670125
0.5046944510280604
0.6220039700569335
0.6466802562960875
0.4929300196846357
0.45944572705117737
0.4909501393598884
0.5554417853417486
0.7592328418117619
0.5245749148745702
0.401162891276158
0.4289699816118462
0.6060507885794512
0.48849505910751856
0.5578458612417783
0.7370853820568947
0.5938428218683801
0.7129606563008184
0.47069281922854156
0.4906227066221813
0.4742459808905839
0.5389014724931331
0.6149979237199359
0.7299483322963637
0.8209160238063506
0.6886947609083418
0.6131374260437475
0.4773089341473784
0.6620067374151524
0.5120568107318407
0.5531730022275976
0.6282218109324768
0.6106287890076734
0.48835255862042193
0.4375357605840611
0.6880122232698384
0.6475362950244823
0.6751881024676488
0.5399867388628248
0.5602480019282061
0.533508235019263
0.39602151450604683
0.4391837177671263
0.5203341770604077
0.555555938085772
0.4791942323668398
0.5615590493256402
0.5344331706084142
0.3786615811469576
0.5632686149006836
0.4950825628795589
0.4120502281827886
0.49950960367009944
0.43312145107220934
0.4348621843520848
0.38746461272128263
0.43506495423388736
0.4094436160918298
0.49761356382471833
0.5272330466947586
0.8436988133064041
0.7978682037671125
0.8542982621235258
0.5290846188724754
0.7309141346357018
0.7829558845107276
0.7635406775955229
0.9762402510705531
0.7596726912387082
0.4562152112693765
0.6749734465345132
0.8308107367437247
0.7607821055463468
0.6000535666415412
0.6757112521918057
0.5432866073103659
0.695632154947502
0.691388400857333
0.8828652562652612
0.6197146092058698
0.6813448600526999
0.6502617678771183
0.6947060454249047
0.76285139968695
0.54874024302578
0.8940107127460739
0.6940030814364074
0.6472037228347928
0.7023647768072583
0.8062831332939884
0.6906501879514915
0.7138828507504091
0.5467375670578568
0.5983654678957715
0.623030860169825
0.7278121714698969
0.5177186218290746
0.7353533629071974
0.45821655241986714
0.6095162594242702
0.5492107449016914
0.8251052269767172
0.6289888349068021
0.5754085296361127
0.6172838048035412
0.4572886484303008
0.6775626540999058
0.4941280792855218
0.658549664974007
0.7026258613196351
0.7300268917198856
0.5001668760729807
0.4677874074884447
0.4593658696262275
0.6975071639668334
0.5640434256230534
0.673856910820673
0.44162945213887805
0.5929945293727404
0.7727941883158733
0.7214806784008782
0.5945404683315644
0.672268069488074
0.7261470383585747
0.6075868641652187
0.7979828243681047
0.5227844649384056
0.568413798005346
0.47164864461513745
0.7397947153976222
0.6992812633638322
0.5280134152619235
0.7136083527610876
0.43441308607488993
0.4300622934270545
0.47938763972789566
0.5778772133452549
0.5977691229626529
0.44920117834117756
0.6914616699783366
0.6039698475044143
0.6525954768567923
0.6645156505550533
0.7999264812343961
0.7297630430959718
0.7476415060518231
0.6147023521565427
0.6991877447366562
0.6286862451250224
0.6078940894502272
0.5797944945685636
0.42854586511270276
0.3809376148191468
0.5817221245448086
0.46970880794849734
0.528651877649587
0.6955509771030763
0.5402382393374252
0.6466938506767361
0.48703461529517034
0.5440346498722444
0.685902766204655
0.6514963422275556
0.6990592687460554
0.4276730320607922
0.752751043743962
0.7720823183114782
0.7870500995809382
0.4426981541514645
0.7398936099358278
0.8818856379654134
0.6611332079819106
0.803452985272633
0.4689403207749929
0.4098189306314186
0.649162742247904
0.5335038969541934
0.504412686837038
0.5169191501347294
0.6718062836334497
0.7149687304646681
0.5153944608146379
0.601776386775251
0.603725601204397
0.7493749722253329
0.5044478948209028
0.5987209696085687
0.6606677469116433
0.5191728519962291
0.5735235147040842
0.6083387101424802
0.5782150274104991
0.6230501230287462
0.472903201753628
0.6188313490196599
0.6202388863840027
0.6141842026520212
0.5739462592276536
0.6497626824910107
0.6152937726115835
0.6242836268337779
0.5093790397483373
0.5502720883376636
0.4875217207517545
0.5492081349754421
0.5206308809380277
0.6162214227238475
0.41751083938484157
0.44490926828107635
0.5451074178480447
0.5596070967269782
0.5741627469247712
0.6346632515284524
0.47884730576484624
0.5401855699811464
0.3834772499062672
0.5493020866668605
0.4386027726392605
0.4999282437901109
0.7195137938810198
0.5138524871484147
0.4596513111690498
0.5064426512998332
0.5660349735574608
0.4884185938345105
0.5306625202783049
0.5239909308787919
0.4404737599791314
0.5266328038368582
0.5895232779616675
0.42674315523551953
0.5694507492653291
0.5015953012377332
0.5144423434492509
0.5182097073818372
0.49285822006560565
0.5010396011581677
0.7006256018587852
0.7635579210202825
0.8886567395169512
0.7515150405710882
0.872579204295833
0.7288180972937823
0.6809884717802621
0.6173945027522607
0.5169097315396121
0.49065905427533596
0.5173776452084089
0.4205169263908881
0.5109181806860519
0.3179172498061741
0.5096520344963557
0.5364813673534996
0.5359111603736038
0.5106095940040839
0.542899035192028
0.42310769247393787
0.6118112629735355
0.4871665000138363
0.6864825962234665
0.625494064978843
0.7402168598749619
0.8753776367139444
0.6443727674873589
0.6206953530521858
0.703614460997098
0.6047527599850675
0.5687434506652664
0.6185335458865591
0.4228855210900281
0.6162457631867677
0.5246486582547469
0.6510359330714884
0.7567191424658073
0.8349060454230522
0.4535956262127161
0.7713846265584567
0.8054355621583749
0.729373084539244
0.6108567207970544
0.6558272685541224
0.6835914769860789
0.6685018306439425
0.6947044966942235
0.66658916823982
0.6959284395676903
0.6079903513964393
0.5347778052141449
0.5282093392048521
0.6196195542673412
0.49444110741595804
0.6007706848401116
0.5133020988282707
0.49955405852422086
0.6034736602905597
0.5034089366102628
0.6862687324378401
0.42065813137142793
0.6282632722445625
0.4942944443241092
0.6058383922952233
0.71294915457888
0.6503944238104279
0.5579713136251268
0.7174639084743852
0.5336385269662538
0.4585612717211278
0.43257220281619024
0.636088712785079
0.615773099019405
0.6031883781347425
0.47073465868897646
0.6200449881517769
0.7068277060690986
0.5330526441316777
0.5514966590234589
0.6856564861775005
0.49718334047752555
0.5740905603979725
0.46777970794236867
0.5566812324861333
0.8426738303113324
0.4083344603311625
0.5718945405171668
0.34664645629550006
0.7346513871388439
0.4859468766726094
0.3710042169333534
0.6051725208628049
0.4769857609540674
0.4789701902193494
0.5355394643946624
0.53044085265951
0.6227817658038299
0.3882597181353127
0.5451052946818242
0.4530218218958836
0.5914207634953186
0.6002483332293986
0.575740528742187
0.45926560155083274
0.5777552717374063
0.48955148572074014
0.6431605047912923
0.5630542688236735
0.7043806189774358
0.7009128647980483
0.7721103465066733
0.604392871448538
0.48283838277681834
0.5267326151582568
0.5258489044805327
0.7186292028237897
0.5871042433259992
0.47402683580061045
0.553068295459226
0.5382821122539194
0.5531107785874685
0.5408083905247757
0.543370098814701
0.45969103478968243
0.755341324129787
0.3970234102939516
0.45840747300289
0.6129767223761078
0.38652716944961873
0.4658475054875655
0.39812020330425957
0.7234086666007813
0.6983191283842356
0.6256349590016856
0.6583940763456889
0.5434212828569356
0.6862189253510749
0.615462570720039
0.8220305716950248
0.42366035912144206
0.6401879029517207
0.7041060992445078
0.6311239392674696
0.454448721081829
0.45032805264899123
0.425708151981667
0.6154613023219813
0.5318102650202441
0.4749447705036648
0.725138077150398
0.5825230282244299
0.6146713724457362
0.5604763165713565
0.6337652610512653
0.6218986596723172
0.4861994413889047
0.560221800936566
0.4615788674360898
0.602836453706033
0.5416092954499578
0.42767544524760237
0.5798135443999464
0.5239397552019928
0.5733867301073619
0.46859262302104043
0.5293356077578891
0.398677983171124
0.5184922583220428
0.5085356449496045
0.5169501777563251
0.6022248072902675
0.5801306476870429
0.5769691365533995
0.7815975673791562
0.619128418871133
0.8576745371860128
0.5168892195990676
0.6260547177090497
0.6882663163326833
0.9850917250371115
0.7066846495216531
0.5811645217176082
0.6247249779311149
0.5160358083694843
0.39119811063684373
0.42036998164749917
0.6035884460421388
0.5587174656975391
0.6500377135892915
0.7671913720522106
0.777865828500095
0.44042057450542993
0.5799297760281306
0.6060710415254348
0.6010419537381595
0.4945340319583613
0.7270400770482539
0.47285194925344376
0.7441183186297301
0.4551622231393243
0.503360767444301
0.4450715821413599
0.5364122287523252
0.4685907582984252
0.3551664353332309
0.4685729033851487
0.6134813208084928
0.4661351518657446
0.4241458239028346
0.4584313089016039
0.4485617158133499
0.5319077412233372
0.4984472301373952
0.5287003017683272
0.2706481562861637
0.6051773295371242
0.5870100519234454
0.2704001064233734
0.7009047188078638
0.6391398586045953
0.6787044191177767
0.6176117911485146
0.49610349585020397
0.5721479849839108
0.4365453516859894
0.6259358508148084
0.7192322576662635
0.6740429943006297
0.5464790192330979
0.6239039168973503
0.3553054364904764
0.49845431947630514
0.5264602317610225
0.5718719125418353
0.5338497528303384
0.6387960063476945
0.7888628996798143
0.49180722723005643
0.6777233160661291
0.8509909977800589
0.6525792502120848
0.6138412604553382
0.6501085367464067
0.5516820916852676
0.6446853987789294
0.7838861097949876
0.47222515396323794
0.7299258989502441
0.6440005488536316
0.7233146261467065
0.5519034065946782
0.6644928618984736
0.7079609390697493
0.9710189455970625
0.7358822939851392
0.7698767285070014
0.6713691675057117
0.4668294019301936
0.42782315994149545
0.6259919052220813
0.32521276660200826
0.490221559864935
0.6588557624362975
0.5746449816721486
0.5821613450879611
0.554552539857765
0.5237777804175722
0.650075750102744
0.5719264473813364
0.5102477272450381
0.5981480640554764
0.489063675655929
0.6328187518950312
0.6223577706363242
0.6415388044081833
0.5551898193589626
0.5991122892183519
0.5637327670488705
0.7189489807575442
0.6023376630298845
0.543547846905676
0.6046745071942783
0.4424798247585555
0.4055584886094845
0.5518456135319134
0.5509528778348785
0.6248161553219941
0.6914788402810764
0.4229099658790991
0.5323901154775103
0.5946662678329171
0.47462653622345174
0.4473256064819794
0.4395187755649771
0.4373578413626851
0.6268265911496229
0.4786362633973358
0.3420832450846927
0.3029960456963221
0.5495968746757545
0.5390291840354603
0.5406750869662909
0.4119117140734243
0.41862915042964133
0.44863414089438824
0.5884586872149514
0.6462678819089842
0.4626795326822509
0.4290949813495847
0.35640946442429433
0.46805711591932775
0.43754653970720203
0.5061531895193664
0.5210983923574409
0.5193497196947814
0.46533018472878673
0.5804548211331737
0.6167299913841988
0.3584310689559411
0.5117721624268804
0.4247903102081828
0.5738575631983588
0.6085139430639356
0.4638232084045125
0.38825485883569655
0.43285686817937985
0.60227072386464
0.6170185503043677
0.40858758474927837
0.505147488602738
0.5014378081806349
0.4645816492949333
0.4598819951529458
0.6568159751114128
0.7566463350979546
0.6546212777828507
0.9632722636958755
0.8667177737906103
0.6559949238511176
0.7361979150080421
0.5445621585837833
0.6557845090245263
0.44924733486076096
0.5136719876736807
0.8437411805493052
0.6020172284785956
0.514531114206072
0.7025942770636502
0.560590568862154
0.7140048240393997
0.7460547927598998
0.5180843710503839
0.6733539079250359
0.5831328301191312
0.674578465898813
0.7145412985854906
0.865843382224996
0.4785316956068226
0.4171062824212667
0.4974411321173545
0.2937170618701819
0.4119632334962431
0.4804573292105233
0.5201477773331713
0.46913005252864126
0.6307780878448636
0.5320686116307153
0.5107665995377942
0.4554809521467653
0.459738503665428
0.45064355273457113
0.5239503597819517
0.5728617393996037
0.48651404697635625
0.5511050231877166
0.526495747852213
0.5009899539352298
0.671466214200763
0.6393742081033655
0.5935688929565284
0.519228115186001
0.5416292284178399
0.7741476704588105
0.5282709261835964
0.4899427493784957
0.4561399694130567
0.4575071031958805
0.5339356008188769
0.4468924793469423
0.518795015289024
0.6100256157165678
0.527906517301898
0.4515444849342579
0.5438973931997935
0.6729763676094507
0.59603708275577
0.4281660804106314
0.602892862341863
0.5758713395312781
0.517552758133565
0.6188313409571273
0.5070358539902988
0.5193490769460224
0.5302276272571567
0.5231330915512016
0.6204726779895233
0.546380814173896
0.43834178844703464
0.5140185166759068
0.46257433685101734
0.4982928119872686
0.5973392721293145
0.4155005968789155
0.6151849425830056
0.5256331837433902
0.5981238412833335
0.6472806776717756
0.4723514005327982
0.49127773305293543
0.5000708650465568
0.5541005785453231
0.7592328418117619
0.5460718387266948
0.4049735175324478
0.4287831760017232
0.5955697230400319
0.5066131427573751
0.5417354303920634
0.7115539514042966
0.6078690855372212
0.7274713525038389
0.4828537502194299
0.5556550278307806
0.5591145778213649
0.5318719942690744
0.5380207052651413
0.7572140840908381
0.8209160238063506
0.6577071279724436
0.5831918148115078
0.5103173807875934
0.7332278258835632
0.49942734362697583
0.6146368184984182
0.6071505847286359
0.6272711084861928
0.49098719540462654
0.5515021430196627
0.689960443006798
0.6566706202876613
0.6250347757452523
0.5501166652817913
0.4433280068163713
0.618154138175945
0.37871890590975177
0.42695432246235787
0.5346234799156391
0.5807849356984285
0.5173237476825836
0.5919021757605476
0.45099991832568054
0.36870736464209886
0.5377046302672563
0.5188741370425853
0.39999171287366986
0.4257768016302542
0.43692163930767935
0.41664430873110847
0.3866555515842015
0.5176774141638845
0.41105043318387047
0.5125135390709716
0.47445570414494775
0.8436988133064041
0.681948664366422
0.8542982621235258
0.6041713132714878
0.7137709524787773
0.7775595710545423
0.6699449745625397
0.9427884812585062
0.7535182786416726
0.3613938916844276
0.6236532889404883
0.8795251630520224
0.797088351496587
0.5685490241132699
0.6699332355109808
0.6493032743123153
0.6780532733645381
0.7099758654653144
0.6032269319493578
0.6543638420634463
0.713556923929737
0.6118136903402711
0.6329483077043909
0.7012194294865823
0.5659539856655917
0.783896965680837
0.6974867977387121
0.6649683610458292
0.6961586322218056
0.5854904012984785
0.612035568215448
0.7121927061051766
0.5502609166841139
0.5983654678957715
0.5814088781538189
0.6732126343565643
0.4969104963734483
0.7385979568617369
0.4052471891902798
0.5965450065284252
0.553352004614401
0.8393433947185391
0.5900073142669038
0.5576641356932509
0.6377499623330699
0.5706653316631703
0.6783130428387224
0.5023054584014846
0.6571459697811377
0.8133151796300453
0.6691278710123606
0.4901060304812539
0.42324018391666995
0.4407638214746642
0.4068367244580705
0.5780823185122838
0.4031184369829899
0.4469090076981588
0.5231613968176969
0.5936813914775639
0.5381512150585881
0.583854586662649
0.6546538658883423
0.7331208661463682
0.5865020253215817
0.5120815136533543
0.49874062906345085
0.5786693907602689
0.4762155076615342
0.6300617441774358
0.6829650187049279
0.5099767895311905
0.7440896977032276
0.39864458652415713
0.4334578473101295
0.46407476109244195
0.6766328763036012
0.5964594805637832
0.4579062355247062
0.6077218959067205
0.5416392400674825
0.6161559891676832
0.650020976790396
0.7166759869478292
0.6752932114554686
0.6914735606302903
0.5132964932585246
0.6991877447366562
0.629104688642825
0.5866766839920506
0.6194682896020041
0.4705042909397803
0.3963914583039059
0.5408042015115042
0.5545750190610577
0.5746355020052212
0.6955509771030763
0.5249257465474976
0.6693311057953404
0.45338659934655956
0.5453117416699564
0.7083357089216384
0.6260843086825459
0.4825101485115191
0.4522560729044205
0.6629036806375848
0.772783323897507
0.6576248786215456
0.7294596168545754
0.6240429297462763
0.7953805272442372
0.7213334612746134
0.8698658389734464
0.4580027260390158
0.44881739715211766
0.623194493839935
0.5687783345754851
0.5042935760648336
0.517895563214821
0.6997906825062202
0.7149687304646681
0.5601894448523436
0.5636761731701785
0.603725601204397
0.6196935325243789
0.5187502783787717
0.6705689553636593
0.6791482348183593
0.5191728519962291
0.5318709655830227
0.6869708202993232
0.6233471226478537
0.6458469197561033
0.5858740775235689
0.6421162793711048
0.6088250906806659
0.5850928864656691
0.5403770582844324
0.7594735700772439
0.6024606902294714
0.5722834071595272
0.5126907737297615
0.5428797136364104
0.4944046328598133
0.4925088307500931
0.48396594894286593
0.4689219610456772
0.36918709105372916
0.4618714176030214
0.6202255324344176
0.5288548163584333
0.5616167233853612
0.7483674796211466
0.49138286479213056
0.5107781453632615
0.3801183807473044
0.5713590822762464
0.44699382353946393
0.5283440972361895
0.654499011607929
0.5324656454451737
0.5128880406570764
0.5230976211602489
0.5508998558467995
0.49319674600564345
0.5116390018926967
0.4327352390040893
0.40376666487585533
0.3780466601442267
0.6174371929881858
0.49639537737123585
0.5801473762246534
0.48696335945648395
0.45829102221800366
0.47712705659957566
0.5109256124902538
0.5256111978647207
0.4232164955733433
0.6533041826668885
0.7379074569892942
0.6509625010775357
0.7072904838775135
0.689587678451393
0.7335527547203666
0.47999795580898796
0.5340540951884531
0.4836625133495489
0.5257832610236899
0.41896161331578163
0.4964818797040246
0.30019328592367467
0.4693857136565218
0.5440462471772052
0.4170347115702804
0.4723564484537853
0.5171542364520466
0.42344779506715735
0.6118112629735355
0.5509097596932144
0.6011890182225156
0.6306026952597269
0.5767267479748406
0.8609500489376702
0.48244673006012173
0.6821971418821255
0.7493082677368339
0.601988123857637
0.5730016694849451
0.56673606665044
0.5515021430196627
0.6125196869221068
0.5932415144187899
0.6496640472458575
0.7663541535013632
0.8596369534178501
0.4170826161227401
0.8873677763014876
0.7930863954361599
0.6511319832315381
0.6546369694187169
0.60016379923667
0.789626540469266
0.6424845556325914
0.6182399327490544
0.6896327157130067
0.7119170086734176
0.6079903513964393
0.49649259835056214
0.5857833228597644
0.6147447352212354
0.5154886407331024
0.5598290856311173
0.5080204981825677
0.4638343876678941
0.6671919660703081
0.5034089366102628
0.6783540979001006
0.419520634041905
0.643191786481558
0.6242666831792281
0.5884910365119684
0.7430700689568159
0.684129497061905
0.6132960450933405
0.7125142943326748
0.5249121764851675
0.4341433522838196
0.41833108043123035
0.5761581387380976
0.621986633434152
0.6114860076597011
0.34719751073979066
0.5448548070840105
0.5909476652652219
0.5362083604507338
0.5962116789939211
0.6162156963770216
0.5990294917269137
0.640575861745228
0.5647198611494909
0.7269624968481627
0.7238748307333046
0.4858151298914921
0.6475758746586804
0.4164358562798245
0.7346513871388439
0.5237499863811291
0.3684310539358949
0.5148307930318695
0.5215928649289883
0.5151584198376249
0.5452424783164326
0.4993064262411371
0.5762143987649813
0.4141698814470105
0.5509670604908692
0.4539174330954395
0.6337754467641097
0.5952745239196378
0.5141904170991958
0.4610984342397526
0.5616553153774604
0.4315203586547687
0.5411183996272172
0.5430960092771828
0.7097134052689169
0.7572751856410129
0.6864544041067977
0.6355983220142618
0.4311511599076826
0.5345194235705979
0.5332102866385346
0.7186292028237897
0.6169151955357646
0.5443340389599423
0.5043533524521091
0.5384817324336297
0.5499207472662453
0.6238114126015515
0.5435899370428634
0.44323503439792833
0.7637740960620447
0.4083757095682531
0.4661266891801177
0.6129767223761078
0.42063637766840045
0.5111906108322881
0.3857462982659212
0.6752574765204147
0.6045814655738015
0.6401886283764247
0.598067538842538
0.500868533973195
0.6005754440236881
0.5384635886664944
0.8460915187928182
0.40659433031802206
0.5999747577159604
0.7044358262548778
0.5787031898892125
0.7247426703221396
0.7222347543912352
0.4635225562911647
0.5837993066743625
0.5387064962563781
0.4769199111593281
0.6952595069979554
0.5291166194343416
0.6109850063159491
0.59038395987831
0.6112126124345688
0.5797145619862326
0.49869050384036107
0.5756074327752175
0.42126090700635155
0.5014080349413563
0.5490297737477805
0.39991693069633505
0.5593113968064027
0.5897482857347888
0.5848514274918462
0.4621801268774439
0.49034368024410835
0.4817340771375138
0.5051713428076954
0.5007393731473572
0.5361978687122793
0.6248436392175801
0.5085891472212578
0.5161010050496717
0.5993597271702027
0.6453655563403518
0.8128902275001753
0.5973833055882584
0.5840766665522855
0.7415918372050236
0.9850917250371115
0.6219148906431495
0.6023524072452446
0.6744927910682132
0.5409837176783646
0.4094214417150468
0.40387056713207603
0.6143728799332753
0.5200031645189224
0.6282175295619883
0.7671913720522106
0.5645979769361571
0.4259342923257572
0.579061407962254
0.604742968503717
0.5339550914993834
0.475318403726144
0.6890520481347973
0.5358914998922463
0.6592656424547149
0.44861651385421664
0.45135929318473156
0.41827842703117335
0.4643186373185205
0.4631962762486962
0.3775589814626191
0.4786288557140207
0.5952675404339192
0.4915811805141074
0.4031478685774791
0.45401931445729016
0.5072969000188423
0.49826211918208085
0.39694667671360684
0.5133148510640715
0.3020735077942389
0.6042050904321011
0.4960159034980619
0.2727945505774626
0.7120404415168444
0.7428729316370429
0.7072459599104417
0.6013332537312874
0.5515589425379055
0.6039065451206955
0.49070899815088387
0.6095232086304156
0.7996323658852962
0.7241965181867912
0.5386558215742507
0.5964196625257623
0.33904658122258136
0.5360991960071244
0.6289768353294186
0.5962276692964948
0.6250580123245321
0.7322804235167293
0.7420772927238279
0.5087007650626515
0.7207150335039639
0.7897698169164068
0.7007593907822134
0.6182408178051
0.6678919819625755
0.7189770964135844
0.7077488553592973
0.7838861097949876
0.44802216647167703
0.7363727736798833
0.9279923969480378
0.6895344092507784
0.8076436781412633
0.561853037929384
0.7250350056733064
0.9710189455970625
0.6815062246455511
0.9490773439956617
0.6713691675057117
0.4575239164447463
0.42782315994149545
0.5755326925588689
0.30937693417312084
0.41998189293002086
0.685147743241155
0.5980033478227215
0.4326327958415306
0.5699860079362102
0.5214860606693799
0.6270737775937996
0.5977639991618537
0.511525276161662
0.5726944750566145
0.5131636439168413
0.5734308826282857
0.617009296715676
0.6160992449834557
0.43413849303609775
0.6083632404834972
0.6700934812908919
0.6382078649882714
0.6301496918062803
0.6193615271718216
0.5736691912281391
0.4424798247585555
0.48546657367065915
0.5293397921335952
0.6549855370864323
0.6524585227900785
0.730623612374195
0.4947698482687194
0.5101197309673934
0.5773834637189474
0.4729000118252571
0.4259633031466603
0.44132162052249146
0.46515271709712624
0.5804839841141456
0.4601146809642944
0.3624820576583849
0.3287777317142446
0.5765069673132993
0.5919244843041418
0.5035789817818282
0.39011391713235666
0.44066979759801694
0.45080436538691593
0.6388787340091255
0.6670718278592387
0.46417389881132975
0.4694656476310557
0.3585631773879048
0.42372618673214124
0.4428216456001629
0.4730121642857006
0.5047294990918638
0.5157370069028508
0.4771803116586202
0.551110264070328
0.5891880261712273
0.4423165841857496
0.46986709687581973
0.4874904626254537
0.5555941165547658
0.5835929491791503
0.5338002226090499
0.4150486197111868
0.42291664046670074
0.6054851036037512
0.6093127276383264
0.4066761824671239
0.47300920685663805
0.5343872650745143
0.5345855434945108
0.5380808764427725
0.6758097175548331
0.8497350945986669
0.5563842637128507
0.8428247871472779
0.8667177737906103
0.6667138333853029
0.6670412650675265
0.597761242450928
0.6255891528615596
0.48104790014500387
0.533429298842484
0.7982961379409927
0.5895584816065333
0.5987979938565453
0.6563840759126508
0.6095902523584243
0.7151485642493536
0.7816157816754694
0.5418803038567997
0.6102709241641441
0.5456484925256174
0.8118348597838221
0.7574259074012346
0.837850316539932
0.4239609300816478
0.566574565796643
0.5335314581317983
0.40182310599503246
0.4274752018602638
0.535825703498091
0.5391536897606101
0.5008978254832064
0.5769566210971913
0.5194348469420107
0.520106473418356
0.4548370349262695
0.4923323721876349
0.5379658101508874
0.542103129733192
0.6127761767479372
0.484604240035149
0.5746752373068127
0.5054546504329508
0.5928772783294034
0.7034748329827664
0.6393923232112078
0.628709168158621
0.547649027318691
0.502756961476185
0.5881145708970995
0.48600146015323464
0.4332824317225219
0.5106739215374735
0.43299355861416633
0.5776861613860703
0.4343993760631095
0.5317676916775804
0.5659846779469537
0.5379526893888867
0.4517543636818794
0.5123896486188564
0.5994802821335116
0.5743697678111422
0.5280942187587957
0.4520732792137674
0.48680933372928314
0.5458308636924665
0.7134720555945181
0.5264946171478693
0.5457226328813254
0.5515657368484446
0.4964071778632625
0.6553723543298718
0.5722225292539717
0.3873709812439695
0.463281916379676
0.4667509097566609
0.5081067490690965
0.5973392721293145
0.33884332685872853
0.6190986521163281
0.5024472406588287
0.5936668219043203
0.6466802562960875
0.47327644099156807
0.3930256423106002
0.49211322949387615
0.5393252325014494
0.7592328418117619
0.5169698325833726
0.4458131115399109
0.4179456069857326
0.552457964956732
0.49918470381665214
0.5501382439011325
0.7175908732754934
0.5958176376644648
0.6977509669615201
0.47494810663931564
0.4969345216483284
0.5519346445818305
0.5351200732644978
0.5410891240450609
0.7299483322963637
0.8209160238063506
0.6714737866126723
0.5945237753710523
0.5256675678600967
0.7310934031744301
0.5132148317471362
0.6521781357416189
0.6318500045107743
0.6357193214510615
0.48835255862042193
0.4375357605840611
0.7154947057811721
0.5868943149625747
0.6526665526208607
0.5553883912353257
0.44410978880708063
0.5983028791772645
0.496023281318252
0.4330429807434517
0.5295899263984807
0.6137782552923865
0.5018747448354688
0.5765375288482824
0.5344331706084142
0.41604383906201814
0.5499600253449455
0.4989011144607334
0.4148933983571983
0.4735215965007413
0.4366308202434801
0.4339606963320928
0.3879077453311208
0.49063283320205575
0.4194855481107712
0.526001115588602
0.5126131057429142
0.9204050987638321
0.7493988180423709
0.9360194598224715
0.5776083760818956
0.6776670836527525
0.7775595710545423
0.7416338261550287
0.9762402510705531
0.7596726912387082
0.4786341561045844
0.5437965970415217
0.8013482827865892
0.8180560275131162
0.606464292633129
0.6236353131863364
0.5786974330486834
0.7206378522643357
0.7189654534844331
0.6575887195023923
0.6197146092058698
0.5357817253752506
0.6287519279072921
0.5983335621678736
0.7292874064664854
0.5127773560327404
0.7270525311651468
0.6277861404368467
0.6500034097468398
0.6018614383279501
0.736541656626269
0.6906501879514915
0.5892189995416308
0.5203623209979522
0.7237613732865826
0.6775575912680857
0.7760346525737941
0.5195454274643658
0.7312576569281668
0.4734874004382945
0.6025359843490434
0.5278341743239756
0.8816158780734847
0.6517725792709336
0.5799151781017728
0.6409037058302666
0.4895776585697891
0.7311356249056139
0.5049788532084425
0.5871248981733771
0.6956085237843926
0.6453421322521697
0.4582418141141138
0.3661533793382902
0.41992351039312603
0.6473899086922332
0.5166234546132121
0.5653870219012956
0.522942530738036
0.5724078409093012
0.8114756787965712
0.6479543288491947
0.4641975600469991
0.5979127799188583
0.6480214339118153
0.5777183030622803
0.6591105797286292
0.5461930846798653
0.5655769251314093
0.48283838666414536
0.6987868252914337
0.62937079096216
0.5749035283785686
0.7255261326831146
0.44877797636230476
0.43620315540628274
0.5213870151029006
0.6736489437840794
0.5807761064010329
0.47623067100651184
0.6318270478911405
0.5123783759583944
0.6566968837334196
0.6482295094553241
0.7999264812343961
0.6940990598750859
0.687470945070751
0.607543575845475
0.6991877447366562
0.6297058244028709
0.571692957520159
0.6227722743388177
0.4179069261874715
0.3877405284297214
0.5389003078012535
0.46970880794849734
0.5266236715942516
0.6955509771030763
0.5049730252314232
0.7544471448374771
0.4784215233155751
0.5696140818284274
0.7160980695346257
0.5481522474898645
0.6990592687460554
0.42837847577503574
0.6917944739218458
0.7380187385609636
0.6613975345562124
0.5136259562723444
0.8508386721613512
0.8234080754403159
0.7213854159445543
0.803452985272633
0.48622515977611136
0.4938540274490789
0.7200089324306792
0.5834614457726643
0.48602306305165477
0.5386127647703353
0.6931036615243062
0.7149687304646681
0.5601894448523436
0.5524775823360342
0.603725601204397
0.6507575545447273
0.5831042784329981
0.6080729916133112
0.6398916006403665
0.5191728519962291
0.5359157660318343
0.5835159204866982
0.5686960250097091
0.6168092682747512
0.4876359623003774
0.5638012363850408
0.5640685069719219
0.5367688232334958
0.52378083548218
0.6317989527032309
0.580297636068341
0.6184101632462293
0.4300408934066944
0.5341907661937477
0.562701983537859
0.5492081349754421
0.5132884329977931
0.6162214227238475
0.41136403525008114
0.47510742025649555
0.5665625479022346
0.5479507295021723
0.5923752117776687
0.6347152578714605
0.4553792788924227
0.5623700562212214
0.42522716975790276
0.5581326339276332
0.4487840609227882
0.5243509601278206
0.7500289969185152
0.5324656454451737
0.4169528275857939
0.49833420168509335
0.5756221337897548
0.4474347492781402
0.5039796135280125
0.4974099170024229
0.44609716851421854
0.4760197504929998
0.563544213605572
0.46709054033351705
0.5405489970032107
0.5173241068375041
0.5002433981474528
0.49991453059672564
0.5059930885893786
0.4677678641161589
0.5004511438212453
0.6565113958598742
0.834717826605403
0.6101311691888145
0.7216751722998996
0.7647085560471568
0.6439614314313357
0.6011287244631366
0.4553709518504896
0.4621006682029203
0.525816650696143
0.43766417617582665
0.5062251561346629
0.31385289786380155
0.49026297127640284
0.5364813673534996
0.40451916537928156
0.49795594111497143
0.5103585359525713
0.48734215637924494
0.6118112629735355
0.4814337229819605
0.6779100969480834
0.599329601964914
0.6301473273381206
0.8753776367139444
0.705589514342535
0.7067571795592054
0.7125601911149496
0.615717592871973
0.46581875181279675
0.694802930424727
0.4228855210900281
0.5781066708287353
0.5285603955545302
0.7827512974195168
0.7567191424658073
0.8596369534178501
0.4657123143280071
0.8873677763014876
0.7099868491728529
0.7586279335368606
0.6612734490586195
0.6809292314226385
0.8088720958931814
0.651638204876402
0.5934475322428974
0.7285663630766881
0.7068062920791038
0.6079903513964393
0.5397019136503928
0.5282093392048521
0.6372636073312795
0.49444110741595804
0.6009894961465049
0.5089656277545216
0.4935128683045482
0.6520875196858665
0.5034089366102628
0.6652694842241959
0.42171415251837474
0.6254364254059485
0.5111323585927562
0.5731301456877075
0.7237866541354167
0.6521109205710443
0.5876588488763999
0.662131542377672
0.5502168271651996
0.4514644254102198
0.4236404008734048
0.6310558179734704
0.6181731272153687
0.6031883781347425
0.47073465868897646
0.6255832479315311
0.7049641979822707
0.5587799605473828
0.5344974659123684
0.7030318220391104
0.5318733521459325
0.4936584326456268
0.46777970794236867
0.528409222374526
0.8173555181405773
0.4577391548910732
0.5969353748059153
0.31652971594219526
0.655146868264832
0.409781515538743
0.4332042986274083
0.5126560494845389
0.4673049080311168
0.5182216918385328
0.5414605503784244
0.5174964654376533
0.6104974879495426
0.40131600792359046
0.5368167112812297
0.4307726182142195
0.5985810926718307
0.6842590164706488
0.5521965496447749
0.46252666505992224
0.5980742712386512
0.5672989089453506
0.5402975003597377
0.6107083240637875
0.7043806189774358
0.5552324178349208
0.849334502829129
0.6166664701090717
0.456438549980269
0.576895131988942
0.5728326404990902
0.7186292028237897
0.4612961371443497
0.5365411539386572
0.5200012383260214
0.5409566059237898
0.5276968115675662
0.6640003800477214
0.5513148851109966
0.43758626849865534
0.7052860101322648
0.42864046957375546
0.4908297786712559
0.6129767223761078
0.3294185705152719
0.43846395579857833
0.4246819895182097
0.7234086666007813
0.6526418920963686
0.7016386771940172
0.616853166868239
0.49315868187691436
0.7773218899065455
0.615462570720039
0.8076666765923246
0.42705572181755624
0.7000716099735642
0.6377268263515713
0.6167565544373532
0.3929468432542915
0.42240640998620027
0.47788989931939296
0.649242072274121
0.5552913623452094
0.5890260455684599
0.725138077150398
0.5576560929456295
0.6271319391775879
0.5490728938445709
0.5918987694053853
0.6276588843554558
0.6257962001958288
0.6485319764429147
0.39728288141892454
0.5143258987970266
0.5722028565597006
0.4607255959647294
0.5593113968064027
0.572068639213509
0.5878765876892004
0.502590665788066
0.5140372025584112
0.554125920089916
0.47740112805275414
0.47763086282381384
0.5322268564055478
0.7327491714647953
0.5908234327849509
0.5603789526749293
0.7367505119547537
0.6315675823404113
0.8576745371860128
0.7962641215290542
0.6093940048836829
0.7117633790179778
0.9850917250371115
0.7453734135585783
0.6753085002148093
0.6247249779311149
0.5160358083694843
0.3720359959591355
0.4056283895474474
0.6302167221244467
0.5600837889188972
0.6795724452495918
0.8528427361243571
0.6476157392891833
0.4300375569229129
0.5903965426865216
0.5696978970366966
0.5601487748184234
0.5317309739961803
0.6980078192868449
0.594123937444708
0.7124253258908062