0.7567763377605934
0.6794809499750379
0.7319153909031206
0.6819930484186219
0.7168606471973328
0.7498769741534501
0.7606576380698132
0.6679217746283579
0.7335897865823012
0.7216824600723395
0.7654678007641075
0.7473186595179534
0.747950511096182
0.7074833935043766
0.7875598770445766
0.6795568762386195
0.7177453221267159
0.8461103497391292
0.6843695742865035
0.9237705889614098
0.8109062401605572
0.8510883468260091
0.808380649621969
0.7263845648274238
0.8026376083470755
0.7145942675258125
0.8102073371302827
0.9893005251469129
0.8504260137396278
0.8390018358299707
0.8328337697707769
0.7824529603581201
0.7651248211833329
0.7918765711106162
0.7876069657006534
0.8024011400789436
0.8803133145009323
0.8627442396526843
0.742678652996458
0.842621943574416
0.849534765363448
0.8333678839136098
0.6869102146227594
0.8472507244852915
0.7893899366105922
0.8050868353137316
0.9357650756483855
0.7776197145543564
0.8320541590692212
0.9850707190838732
0.8567803113845444
0.8386636670217336
0.8162709637756669
0.8420993396499293
0.8499047044149117
0.8280275994471238
0.9282198567552006
0.8788713137763452
0.7650959298076132
0.7475299895931167
0.7948867849785581
0.6907982696452769
0.7842101393744376
0.7982078994248174
0.7755157157042664
0.7401646623196068
0.7551209034350448
0.7424671323366563
0.8069687682610157
0.790165433119051
0.7437591894510907
0.782196655461701
0.7542620042593129
0.8276260924413188
0.7900382327937264
0.8180978214194257
0.8516672843659063
0.8300626571090699
0.7840183603137526
0.7615818423652979
0.8065645519631037
0.8504699037240748
0.7828149017028246
0.6343311049873345
0.6434910791481031
0.8155355897195009
0.7839144576514826
0.7908828253083929
0.8434401062136119
0.7284538453508658
0.6970623893358476
0.7686127431738876
0.7329432183745936
0.7016071966021555
0.6680132447276127
0.7456586546584008
0.7199281936053202
0.7473243519853754
0.6903710395018334
0.6966005839330485
0.7977541497773417
0.725382145898678
0.7469311688142036
0.6601245635451899
0.7426022262546961
0.7703522813244355
0.8123197326081624
0.7753945109373466
0.7324646653946005
0.7646535906034477
0.6715593302282593
0.6594279637948577
0.7644273122054398
0.743678871551552
0.7667147415493792
0.7892480657842251
0.7406212987966277
0.8171716911580197
0.775249731208164
0.6946755428548572
0.7472769462340237
0.6289844469132249
0.8259505017082116
0.7958099776104649
0.7579366797165392
0.7463839607517171
0.7557353221469452
0.7855443497280401
0.8496882046115932
0.7573816901337296
0.7953091169545242
0.7592098476212257
0.7956521020647662
0.7374465106733914
0.796201468146506
0.9203110996960424
0.7411644022004874
0.8795055554311444
0.8385832974654769
0.8626636517598776
0.8075001946676986
0.7270878156644126
0.8158232334966193
0.7697650533437786
0.7809955329041471
0.8543478057729084
0.7948350392988099
0.8197064529507411
0.8390108225899015
0.8252125059290971
0.8324733812015148
0.9089480810318962
0.9152445481015362
0.8101877091325663
0.850299584320634
0.9552831341670117
0.9061697284445077
0.9284180849386944
0.7294950797318546
0.755142710239701
0.8286320136846078
0.7224486850893304
0.7478122500221106
0.7906042390005454
0.7449111501636686
0.7231454357970462
0.8012980992103678
0.7248368151348032
0.7899385070586574
0.7787743088997007
0.7422362221404976
0.7266259623711592
0.7678783650291774
0.8272474777066796
0.7497640188218828
0.7880821894562468
0.766269034914179
0.8220953194926368
0.7712009469049597
0.7887092771034168
0.7800402597916236
0.7895259569195203
0.7730620669490926
0.8155622844335318
0.7633263516374362
0.7534394932266227
0.727796740419244
0.7470602830718396
0.7654229239659176
0.7920389387470794
0.7831388103537823
0.7839702099956936
0.762642023958603
0.7352038490976984
0.7088584152475198
0.7888757091816485
0.8121214465094285
0.7366309585549031
0.80388865293857
0.8023670035813857
0.7675871866910884
0.7801529401258497
0.7191211735044395
0.7427107334610771
0.7345309662675465
0.7005309860750363
0.8162835434567615
0.7765791070272495
0.7227902221953485
0.7652821797126331
0.7621878392973165
0.7881155616350625
0.8143833511389145
0.7155127655887626
0.7945186424890722
0.7693686419207096
0.792876119475644
0.7489207025126771
0.7698551923402184
0.8009995169543959
0.7686305428018017
0.7926671288851275
0.8376296309971225
0.7496877695308628
0.7382887049645193
0.7623882593868287
0.8196562715995459
0.7580309508889478
0.7520124090954015
0.7623891926579309
0.791138809937712
0.8396551018821493
0.7350367829570877
0.7211913436056571
0.7680060723838218
0.7770816742071605
0.7817488154834746
0.8435549481373282
0.7425472937367195
0.8362637453955846
0.777318862185867
0.745751757582712
0.8332159467264953
0.7853504062421417
0.7983257573948898
0.8222993163650533
0.8207176691237337
0.7578704919411386
0.7059972812341229
0.7971621424189816
0.7408685092054833
0.7998194976743667
0.7760859405416063
0.7285820464214752
0.7672495918550609
0.7117356850834132
0.7204276662127029
0.7527000305616851
0.7613732680206282
0.724128891118479
0.7548302892308351
0.7748674543443815
0.6808809770916128
0.7560152249378629
0.7493186927426222
0.6812172799973246
0.7429041324113859
0.7514118695950464
0.746060981665134
0.7360710056035258
0.7870508742005724
0.7255999096465039
0.7663372838928253
0.7877185262230775
0.9690894276656514
0.9231395334330247
0.9588477977844914
0.8380474467646444
0.8585741823213292
0.8431210573156467
0.9091511403108647
0.9907260476349931
0.9873824369984259
0.7175863586517236
0.7515109681263106
0.839909866065353
0.9342167180708792
0.7190062594195619
0.7858332018820172
0.7127393784491152
0.7901512555936094
0.8199366577780929
0.8766290638059268
0.7583525498655169
0.7888183433366946
0.7533783888110215
0.7805939459055845
0.8684416367984081
0.7391679670530749
0.9059416776732603
0.8413160072015624
0.7902010299909836
0.823196363459413
0.8557794273987054
0.8615098963786387
0.7188087413088295
0.7817555185013083
0.8643327933914211
0.853829056939969
0.8558563107824287
0.7013145439205689
0.8660180121834125
0.7100984456378348
0.7502457978748966
0.8311697020589035
0.903609105128156
0.8472757740551629
0.8282596099293493
0.8702637265530194
0.7560472557066346
0.7924229662874083
0.7791058270024043
0.7953613744373198
0.8909913153276507
0.7856231936061309
0.7653062718179219
0.7564343413873456
0.7513192074395179
0.809090989829295
0.7182353944768332
0.7617158827000174
0.7652031911895831
0.7694802436411455
0.8427519418284151
0.7755221059714345
0.7535966845243094
0.7887868424445781
0.8841168382514778
0.7853825169635104
0.7942846835205241
0.7019850864412497
0.7758719113977353
0.8232135237800086
0.8680059768455143
0.8366232084422331
0.7495921036764142
0.8476843911742004
0.7251130448458398
0.7033142132458164
0.6613035076767706
0.7934743557981706
0.8117641189385152
0.8106154465229216
0.778427852873221
0.7935833261035627
0.7960380539598169
0.8485347723704871
0.8586754240478138
0.8252901983095918
0.7867664501657667
0.8078198990882781
0.8410414044544389
0.7960278857411358
0.8030542285332337
0.8097343725075682
0.7383839584071044
0.7290653259783553
0.741175735966707
0.7288372991463761
0.7821865882881167
0.8302603234761246
0.7731450292687567
0.7653145520785355
0.7742998040122154
0.7821657655573626
0.8127264245609849
0.8645977623104646
0.6507247620148142
0.7087816821206887
0.7834939378546852
0.9122726408087918
0.8438789088367651
0.6847097304521317
0.8404392023090055
0.8798930902354936
0.8521366099123672
0.8663988404284415
0.7796110769316431
0.7912588752616629
0.8534363731631718
0.8859868024526687
0.7257511747519416
0.7964115502695037
0.8692203550045727
0.8199206751292247
0.7607440448941599
0.7962555064161654
0.8208915786309514
0.8806543687130022
0.8236819676569891
0.8063012958558327
0.813999107721872
0.7959463628722013
0.7768983874711168
0.7458843103278883
0.7646456326429545
0.8017437701783574
0.7510453533722511
0.8205440077330927
0.8169828756069806
0.831150143904773
0.8467143550568004
0.8362830914637329
0.7677750476999663
0.7838868102841514
0.7788264972660772
0.7762830117417034
0.7937107303597877
0.7699825788142421
0.7397325438668354
0.9906088119505908
0.6939910101363709
0.7222126047781812
0.7640391506202822
0.8010673485058346
0.7919278027809284
0.7721699645199989
0.7022883123967224
0.737526620994324
0.7287660041457042
0.7338914605924323
0.7067377258563222
0.749385278101488
0.8470483594470066
0.7916770888305493
0.7497602684412318
0.7863647885085207
0.7546516110212819
0.6970822627028399
0.7328152169857702
0.6895708109897021
0.7697766205309088
0.6969664718044948
0.7931451542636199
0.7545892478279516
0.7255668598268424
0.6618785232440971
0.8107333703918288
0.7358124741341365
0.7672490794910521
0.7821288545703284
0.7490715242778252
0.8268345757664044
0.8668843446921346
0.7847617103749291
0.8744584514632171
0.8738330668546948
0.763081258385522
0.7905847949557534
0.7319077741809209
0.7339664302769553
0.744163115576723
0.7260607701636921
0.7519268629750882
0.6713864783838855
0.7323099378131095
0.8051118790922571
0.7402002759474491
0.6732625720415426
0.7441281891050635
0.7015845884642284
0.8458516004159917
0.8198126062586847
0.7805433024317701
0.8363137518501739
0.8338833770627982
0.8812661358285709
0.8874520961514046
0.8748707463271236
0.9438967080576666
0.8132496106517282
0.8543051594716745
0.8924092082883882
0.703842728878944
0.7844567136139561
0.7762343837301533
0.8324273292204393
0.98470432873801
0.9481308094259996
0.7622875625496361
0.8830540022549669
0.8859974942324917
0.7956997717121393
0.8382571070240641
0.815261342323788
0.8324083710196831
0.8048134105980782
0.7750896815717757
0.842237105003749
0.8159987493273759
0.8679149414397647
0.7817354710951532
0.7818993547845766
0.7659397889241376
0.7752337618254179
0.7937787584996409
0.7865008654177381
0.7894724857957589
0.8111626998250383
0.8008998629348629
0.8385212174337406
0.7177853972825023
0.8065410859750823
0.7671990656587011
0.7377249746304765
0.8192293016180558
0.8045679721134567
0.7736741366696861
0.8290783143108663
0.769884380201076
0.7084567597770833
0.7342199116607275
0.7830914938568415
0.7690949768005836
0.7767895687857987
0.6036571419992687
0.8474924030947081
0.8395347769591602
0.7959162613484803
0.7314007577535561
0.8843896733150305
0.7935597010238004
0.7231502864129912
0.7937515518386768
0.8101863546703759
0.8844999276718357
0.7191794896850974
0.7770479533362116
0.671565084665189
0.8525452604566242
0.7746251141647997
0.7046718202669808
0.7608059341976148
0.8048260910934979
0.7083962082545858
0.7682658005575517
0.7550350797882827
0.729625469953976
0.7271790513540973
0.7937283681980105
0.6905702091794792
0.8082793949923346
0.8027253288096567
0.8210437659927543
0.6835007940382152
0.6929934922622343
0.6788400970793231
0.5881360868430883
0.7231158627973726
0.8129818252147936
0.7418582917566587
0.9245574185209172
0.7686350425176693
0.7918631327382759
0.7552820525678661
0.7988618506016774
0.85487528730009
0.7596563370666998
0.7568628377326454
0.7833420059143675
0.7688316249512455
0.7756895345081141
0.8993393238938664
0.7717671016302419
0.7534718959827436
0.9075380733451844
0.7652511772521249
0.7606763770696723
0.8424052765344725
0.7365188576601114
0.7588876699211675
0.7002431759610654
0.8787048061198751
0.8379354151647035
0.8354518371759927
0.7848070183665361
0.7939235909691666
0.8697812834751555
0.7626968037654216
0.8650554900618023
0.7466802555152579
0.8172576545010068
0.8246230708141173
0.7664653414421838
0.8948580988558921
0.8933223435495464
0.7551154493664345
0.7871233515457141
0.740972668872059
0.7498385918525432
0.8412540991792857
0.7754121457608151
0.7813634158687537
0.7521424541650445
0.8132247440296541
0.8445401046148998
0.827888263610878
0.8250337765408885
0.6808340168135747
0.7636046804980987
0.7591294889764749
0.6922763775415083
0.7983711687475148
0.7921503064374573
0.807414133142021
0.7864153312484298
0.7238358317136491
0.7620853099694785
0.7748236182096597
0.7440113540235113
0.7495198736544181
0.8275241113776034
0.8251413572910574
0.7757315820490209
0.817883999074928
0.7931810516414973
0.834794388754554
0.9148904795277665
0.7736175519377896
0.7855282518765071
0.98736549173163
0.8523143543619266
0.8423808421892526
0.8532697071956196
0.6322213517976316
0.6968988599902529
0.7485693016961701
0.8009335296248244
0.7641172996692687
0.7919803965520977
0.8981834008578999
0.7995745834920777
0.7193674729007178
0.8485469525670953
0.7033450205122398
0.8258342729419246
0.7630139031688505
0.8576508858143144
0.738825537997863
0.8737293909708443
0.6826914483493072
0.7250628899037507
0.7096869987642729
0.7010456388849452
0.715316622568011
0.733199567142284
0.6849139307638663
0.73545477055094
0.717331588720997
0.7423141456678983
0.7664285791640405
0.7707501991285962
0.7413720310585686
0.6789059207682147
0.7905402527059562
0.6567834559381164
0.7819213018262356
0.8761519837916099
0.6992994261500338
0.8815745124481056
0.7851112096925719
0.8337125901698357
0.7962130814901529
0.7004431143780203
0.8457053204795509
0.7201728301042383
0.8485687732388845
0.8099858901544043
0.8125165403117053
0.7909843348933048
0.8229832570964033
0.8203762830048975
0.7745289823200915
0.8181579990906858
0.7621304284305692
0.8024011400789436
0.8652165831340253
0.8120511825955744
0.7691685078900939
0.8585390164788091
0.9168849075543595
0.9031971386904355
0.8104629284290032
0.8727467045767977
0.8966908394932219
0.8310336459393177
0.9357650756483855
0.8116550076079954
0.8004468348587026
0.912937589220897
0.895390582978375
0.9017245622356723
0.863387656592246
0.9898663834467132
0.8630249982364597
0.90260854220178
0.9282198567552006
0.7125066302458047
0.7755944587535356
0.7475299895931167
0.8278181129269531
0.6518386245347414
0.7266838336808903
0.794023114597309
0.7379850365099645
0.777966244959991
0.8111869998728307
0.7068754670541642
0.7864530907299808
0.7835653016975759
0.706620467950009
0.7662767217221191
0.7566055504602383
0.8371827348648436
0.7823288973320834
0.8092621711075483
0.8157144727814488
0.8305221717372431
0.7339882532150528
0.684202199794173
0.711950977561117
0.8394346291453978
0.8030579702781715
0.6343311049873345
0.6953649942716369
0.8283932349754092
0.7899201947300108
0.7713203908631767
0.8092624204603233
0.7410968403879696
0.6970623893358476
0.772162747902266
0.5934411545973162
0.7006103043054555
0.700372093699194
0.7569377410855704
0.7811077860480571
0.7622536244551452
0.6894510961636867
0.6739749504609613
0.7284442835322372
0.7257703465983143
0.7622992169821127
0.7218537651594009
0.7421025699578332
0.7605221617601116
0.8095915960022968
0.8268707657453931
0.7305750187178488
0.7431791876435279
0.6792183810085066
0.67495922898189
0.7572338652596642
0.7566054976669391
0.780460390151117
0.7823788190966257
0.7406875768485564
0.7827484777411529
0.8427795051677252
0.7530778663684342
0.7554847401724176
0.6846437280795783
0.8020299844248164
0.7410524284935578
0.7259900784298355
0.7418819968117434
0.7790644844540804
0.7934996830128456
0.8686841253625315
0.7503290950782165
0.7802476337591548
0.7671439119498252
0.7993492442613649
0.772154606116764
0.8023436758340529
0.9331355589019834
0.8160146392220734
0.9893310259379441
0.8991236799018963
0.8516676117948756
0.857455688594684
0.7933215631558566
0.8413130254114043
0.7568528588203636
0.7939062072328347
0.8851675479442466
0.8316274221235916
0.7467994475517635
0.8626057746755927
0.7967915098519073
0.8350888185377332
0.8844769159647556
0.822902868981347
0.7729215997100896
0.8391810565450424
0.884307015498907
0.868840546102725
0.8892750200934605
0.7606846838392943
0.775884163399595
0.7914269351370092
0.7232851034108938
0.7364262711006102
0.8164495851053324
0.7296501198060322
0.7460211397504297
0.8164219991556849
0.7262391598928899
0.7916544010680209
0.7877282366198659
0.7443611844904265
0.6999496995396519
0.7753884608167807
0.8090856355055991
0.7643343023472173
0.805792299978103
0.766300570193508
0.8230098568684847
0.7894160705126039
0.7867778936164171
0.7775639282478569
0.8006295250305098
0.7712647818762646
0.804892003611812
0.782089241623058
0.8176929604941641
0.7405283567380403
0.7525761284523473
0.8051858890879624
0.7944627495417786
0.756029541715677
0.7829519423313689
0.7601678120832547
0.7212650018149647
0.7088584152475198
0.8151300354745938
0.7639317278531261
0.7230391105812456
0.7501694388265359
0.8058581121199495
0.7925004018639632
0.8124341536890647
0.7142149041519852
0.7692012176179127
0.7639664837635071
0.7379553363861546
0.8185640524627769
0.8118481944777323
0.7310808784184686
0.7769485370341408
0.7723347961700876
0.7939417713360062
0.7480868069515707
0.7059711870183294
0.7977650148632023
0.7346427282357846
0.7764905444981229
0.8700456786058854
0.7189366000388345
0.7926005741416868
0.7570479737722764
0.7837965968966505
0.7681660140543483
0.7479766120902545
0.7341557619366592
0.6667227536244108
0.7744690465517017
0.7507695658279203
0.7698936226846264
0.8284750232502993
0.7764950584494675
0.8770936727298105
0.7604240791401004
0.7467935665787397
0.7327528888484661
0.7776889645222279
0.7777712145070684
0.8814583624574415
0.8109071482319472
0.8262280206913348
0.7652231666625998
0.8015841390388345
0.8276548472906757
0.7858810203166107
0.8074405476249964
0.8113239209041361
0.8157342438644424
0.7555605543673029
0.718225716488641
0.8299919359225462
0.7832042910158619
0.7935270349324465
0.7843550735247868
0.7806241001179415
0.8267790534527586
0.7307485699208354
0.7198872982264184
0.7770029628737045
0.785340551291936
0.7680709237431215
0.7577163190477324
0.7691089753372682
0.6594541601320186
0.7625106317746428
0.7742863951918275
0.680303429360007
0.7261636107842595
0.7398816979015512
0.7307205945630888
0.7429917514740634
0.7926187707227574
0.7135459378819047
0.7385024308880941
0.7653269040900961
0.9118461571547324
0.8893568272208743
0.9588477977844914
0.7511858629557746
0.8595745580348767
0.7321219190298144
0.7937111176106706
0.9414489096228765
0.7656010275023938
0.7789043381511738
0.7693736959107359
0.8234679543084183
0.8263658666414824
0.7431759853267328
0.8093463280303017
0.6556017310576546
0.8203059909148205
0.8206489354972997
0.7096402784510258
0.8238339007857877
0.8469700350225717
0.797389975367034
0.8304784530058368
0.8729543749603168
0.7391679670530749
0.8416903781317024
0.8363524338984323
0.8799514455439355
0.8200397288656984
0.8075496514409515
0.8559781292812454
0.7550221178393519
0.7758733986415854
0.8883918197563981
0.81493068348851
0.9199473128031852
0.7345017500035871
0.8589007808621906
0.8255340113708927
0.8053080870252315
0.822924973979186
0.7974411720335588
0.8379634284100234
0.7965832751129386
0.8252673618080736
0.7507968341030742
0.7924229662874083
0.8000021523761658
0.8562690873597902
0.9205531895522707
0.8649096992341279
0.740920935733714
0.6719398296781366
0.773923789613956
0.8130569269873194
0.7751872550783951
0.7237001386542938
0.7558597428661756
0.7797096944923627
0.8488471071610745
0.8089483512799507
0.8421293519115572
0.8425741679473848
0.8965453855653006
0.8141910989608871
0.8991137220864722
0.7502533313635429
0.7906393646128872
0.7844579860534786
0.7751740477850497
0.8193141090503312
0.7480936854309564
0.8196641067451405
0.7301645958794396
0.6594797879260508
0.7093429214753629
0.801730098015619
0.7566672441261412
0.7553449075531902
0.8222757677122461
0.7449689905044472
0.7809068058700139
0.8280597795084617
0.8522991199252619
0.7980985186956082
0.7964483674750538
0.8097097651535573
0.8410414044544389
0.7927912193673231
0.7866224466054308
0.8092217337808152
0.7321589664594006
0.7079514706313088
0.7462504939030354
0.7374845105923269
0.7701389206587927
0.8302603234761246
0.803772754005819
0.70786963782236
0.7937187515087636
0.7759541236535107
0.7716654781670902
0.8628562666092473
0.6920649283504239
0.7442666174490461
0.8461587096054696
0.8502045028217843
0.8841112823618106
0.8215916131230763
0.9264192917183601
0.890475149689515
0.8654286738322838
0.945072850854054
0.7644522179473416
0.7736299701367031
0.8480130434261353
0.8546106935180966
0.6742786133575436
0.7862848136300828
0.8411762822424188
0.782910856832232
0.7305164261338162
0.789139135454532
0.8095401525173236
0.8361541690905201
0.7957232874625726
0.8169322126390219
0.8164666510556614
0.7499829161388748
0.7564600795771232
0.7947156642359884
0.8104297732813495
0.8035234443052984
0.7943114112087244
0.7898908904827845
0.7853361610264389
0.8110406770216115
0.8246398481394546
0.8240305679173483
0.7710712565185747
0.7764155719957226
0.771673860898529
0.769683647796954
0.7968822385506088
0.7676918647601754
0.7162547141145723
0.690419505959011
0.7594022152492539
0.7346902231612317
0.8016560487169422
0.8262479806954032
0.7684222048679945
0.7449244888261765
0.7121930508018722
0.7351533627780332
0.6370029415755357
0.7356482750273365
0.694551304012709
0.8035587461046682
0.8566128708152637
0.7971043000388447
0.7515330649860394
0.7817299278442893
0.7755413116567882
0.7437090742082815
0.6751528688681937
0.7092154770055074
0.7493755603497693
0.7948333171820979
0.7921245110351433
0.752369555398072
0.7427361435105289
0.657523936501031
0.8219631972066366
0.7430437899440286
0.7730186631687158
0.7415987023822549
0.8430763393369713
0.847971381882411
0.8600917242304936
0.852184595085849
0.8660111628721339
0.8670937787322137
0.8044466162798614
0.768020526462783
0.7243319198309505
0.778652832553657
0.7744558116279008
0.734935124639844
0.7536392260282072
0.7031219106302852
0.7549269016051166
0.7818340885497637
0.7362959889924958
0.7822592730666429
0.7714431944561573
0.713771799311951
0.8131801728048608
0.7951436885277575
0.7793768561574781
0.8845117579895116
0.7906522396150207
0.9337486792416358
0.8519537780000578
0.8658829988908084
0.8857789737048294
0.844709053575508
0.8138113810611658
0.8311154604216728
0.718225716488641
0.7797348860109561
0.7639857889854036
0.8322992639110854
0.8576139942486367
0.8769311740032416
0.7474453025781603
0.8265453439194548
0.7288038269972524
0.8360674948851212
0.7906913287502222
0.7983025004163273
0.8745673778191634
0.8292806501957186
0.8023421916974749
0.8590111989320417
0.7318223735567913
0.8494725341888294
0.7797163406340529
0.7365362471762565
0.7662596200257002
0.7199153448112844
0.7881724219804358
0.773738487626775
0.7877676257810691
0.8175044783477607
0.7849855121934818
0.8341430617042636
0.7882889931993609
0.7660578766285893
0.7583723360228737
0.7377356359970763
0.8533089633132347
0.8545366200014932
0.7734459474234527
0.8558413320442139
0.761514636609325
0.7161877015543823
0.712871445097292
0.7587922293802078
0.7866617564916877
0.7604084629578733
0.5792169727688681
0.829404573970196
0.802485458524461
0.8235664441478878
0.768773903239499
0.8896468484460968
0.8009283078733714
0.7845579436851065
0.7035166056760767
0.7792685003664923
0.8276499053093245
0.7173519163930852
0.8044167061123638
0.683581705924377
0.8525452604566242
0.7408474348264562
0.6937751507190292
0.7537186644735792
0.8080549275322088
0.677717301621447
0.8013995618023929
0.7404699296500822
0.7951509921025437
0.7221746146970022
0.7715704320686876
0.7153328271114016
0.7853775075997704
0.802147056051953
0.7623777964197893
0.7721749483295808
0.6287428418897467
0.8717222855040636
0.7159975621412962
0.7885095734202825
0.767283896861455
0.9596273062549449
0.9505975164370826
0.8269253307491755
0.7141794845598524
0.7333011865464065
0.7789124402831613
0.8291744168366473
0.7692674647624811
0.7412532867648578
0.7705397032067757
0.7918619466610559
0.7269459073038507
0.8852907777497862
0.7560284907463131
0.7121040253833979
0.8560185335007657
0.7664759604577016
0.6883498720348062
0.8424052765344725
0.6876659807363146
0.7980206922322318
0.6886881615393414
0.8270138489345401
0.8652123598544721
0.8451843870294087
0.7641152856385454
0.8074603577743212
0.8482681748776976
0.7714313456146678
0.88087100743251
0.7922194418648628
0.8733099719753437
0.8689958607094912
0.790034991045603
0.7365161071156021
0.747568270929932
0.7095284745509101
0.804678451306517
0.7403579865545231
0.7488404980935119
0.8258383015137213
0.7936892199204584
0.7827200701196166
0.7519126478448258
0.8349473827162734
0.7531812206029661
0.8232564129617465
0.8200256909983062
0.6659459749403727
0.7684970989446471
0.7815397611176351
0.7228673197221783
0.7963423840758184
0.7877144075687792
0.7741694744584879
0.7616522560581569
0.7333442293283203
0.7554908037014646
0.7644000785971032
0.7167053036071223
0.7375970209236815
0.8275241113776034
0.7201746013936519
0.7468114551173047
0.8136729537865772
0.9554581710853316
0.8938576247566956
0.8787635798909207
0.8134844320304376
0.8082749776867746
0.98736549173163
0.8808428664383972
0.8423994888627148
0.8408327519558731
0.6464619813330804
0.7546998708334578
0.7695761003650413
0.8030303215095009
0.7580344446031297
0.8331843208613497
0.8715945680688452
0.835059008605225
0.7452820502114429
0.7946098138596208
0.7848038119199545
0.7945763172184455
0.8032715234241942
0.8348935602882911
0.7454557755976541
0.8758250269807681
0.701818121197488
0.7323025040222582
0.6923280311853315
0.7195898339380195
0.7055992456727823
0.7095318504676722
0.6722610943303247
0.7509276790031084
0.7367721500421642
0.7356914728748131
0.7798427907514602
0.7147601403352676
0.7422729327345664
0.6795111277597466
0.770613341236025
0.6947467903311693
0.7659299058077962
0.8464724919358588
0.6973353218257177
0.9173115329648762
0.8954174592675436
0.8508580806837733
0.818932585096785
0.7003862457071977
0.8379355175730958
0.687626961812688
0.8068040717168541
0.9178521543524767
0.8614468840140868
0.7763852426759115
0.8091798619583399
0.7658627460846368
0.8152589541032664
0.8318126485045492
0.8443104027773147
0.8576223377486122
0.8733871448311992
0.8627442396526843
0.7479211317477565
0.841459216401823
0.8902994667682371
0.8446533266547839
0.7652459295814309
0.9173073033857958
0.8491937872204991
0.8043255721884162
0.9357650756483855
0.758714518615542
0.8519536864679849
0.9850707190838732
0.8730569004631408
0.9439933371973537
0.8568986158703866
0.8420993396499293
0.9919182932285658
0.8437050621181124
0.9282198567552006
0.7125066302458047
0.7652406167196654
0.7475299895931167
0.8006799248747849
0.6626015656575996
0.7016499119066064
0.7899409944283042
0.7523287688305009
0.7401646623196068
0.7836186240067602
0.7402844696312856
0.7509476963203872
0.7588836579441817
0.7311084767035598
0.7721423947552831
0.7688895254608705
0.8425095675071129
0.7815061069077252
0.8050618434829007
0.829153261584357
0.8403086492705257
0.8201403159878249
0.7783861900313827
0.7944933883748133
0.8126044523603881
0.7883676142316509
0.6343311049873345
0.6953649942716369
0.7624977792699836
0.7829526122531394
0.7908828253083929
0.8422398989288481
0.7424688487943258
0.6970623893358476
0.7950481774627473
0.6717932679789494
0.7015850017806654
0.6922104875519755
0.7175933179982433
0.7617941308514995
0.7537482694507707
0.7067397977437347
0.6968235335344377
0.7893933345132514
0.7636483679839843
0.7670042064907237
0.7372380967771947
0.7250458065038621
0.74290076710865
0.8095915960022968
0.8290915035784314
0.7370314434898748
0.7497430287194196
0.6452500457875808
0.6702169515655458
0.7444341115657316
0.7689030476720867
0.7749873212639153
0.7920284654704819
0.7274808197040862
0.8169599061944106
0.8062497552678324
0.7350265867440988
0.7425897573582291
0.8079961777135984
0.8076850992020116
0.7574699751374723
0.736821019180973
0.7447360734409116
0.7390667544579652
0.8138340294917251
0.8567071192463798
0.7612667296314293
0.8163507186145714
0.770232622675678
0.801976359137375
0.7807971039872698
0.8118681760711277
0.9162694593719722
0.7958771819519008
0.9893310259379441
0.9019130821307454
0.8650650345976241
0.8842765334017869
0.7227925629264265
0.9143430289787849
0.7454548336337385
0.7970833994546673
0.8557972493442412
0.7927396569986639
0.8033610519535063
0.8405401709471215
0.8097734671832881
0.8454179274904612
0.9089480810318962
0.877234397031849
0.796873712648861
0.7982093542804266
0.9452197118480178
0.8380608298691451
0.9018021810928546
0.712920142966586
0.7912621789545734
0.7925418393518766
0.7300398856446042
0.7594422179578424
0.7825630753984978
0.7814084279879632
0.7152869194728944
0.7992926503986791
0.7349546437620069
0.7881961820313086
0.7861697671782568
0.6960499732873776
0.7023058291856843
0.7781043652799177
0.832110170925853
0.7531092409442465
0.7862897049872215
0.7686199214059058
0.8276598350165587
0.7712009469049597
0.7921329838165285
0.7866086054603333
0.789638738118649
0.7783989715295361
0.7780260712672173
0.7621474080700101
0.7502426111923313
0.7385475130054624
0.7414144429655247
0.7740484124486582
0.7855877166427794
0.7638269361519908
0.7823776937275295
0.7613687369856414
0.7328976387672556
0.7224289877910821
0.8314880278193815
0.780684548726446
0.7388945444271058
0.785385331323003
0.7816810840283065
0.7645070791146193
0.8299461801917609
0.7191211735044395
0.772560914160328
0.7602717805202408
0.7488968518336823
0.8252117474663756
0.803105566413959
0.7366273744056633
0.7652821797126331
0.7599856883474527
0.7677701530853651
0.8143833511389145
0.7164617100752275
0.8188539085024105
0.7700652764810628
0.8163547541545089
0.8391494603328777
0.7211918577636963
0.813335277054646
0.758416742090422
0.7880295450520862
0.8563456615565731
0.7540799318177045
0.7341557619366592
0.7152398652758601
0.813489633267332
0.7575825134240226
0.7642732787777005
0.8458721198419167
0.7941599547153007
0.8673699600135601
0.7550910642645592
0.7310409734553985
0.7375996331798798
0.7830084850101247
0.7331244505082644
0.8515868337971803
0.8458285350992629
0.8502935115270873
0.7777039367828996
0.7548063702534102
0.8424168941944354
0.7748949563944693
0.7890078816542635
0.8369869653244338
0.7930239764612319
0.7555833348204741
0.7211722347325283
0.8466452882782854
0.8015318016502292
0.8268092149470565
0.7603890182602444
0.7426026314169754
0.7718525850815279
0.7474939815905415
0.7050509050807374
0.7507054880721893
0.7673881533432201
0.7638475780958359
0.7824871161698572
0.7748674543443815
0.6361062785328144
0.7599835628089229
0.7570095651765487
0.7034310244043279
0.7442981420018299
0.7596996476749995
0.7547447250901648
0.7493744680693515
0.7908715440644625
0.7403179341104407
0.7617634207392411
0.7846569619895796
0.8923945159317008
0.8988506274580543
0.895541210825376
0.7479338954078245
0.849856898881224
0.8431210573156467
0.837056438940265
0.9907260476349931
0.8477353196492513
0.7383158705305854
0.807248228618667
0.894872275938065
0.8555464241128801
0.7524297930236773
0.7981973808589025
0.7142505923647502
0.8358331773566274
0.8187248875304278
0.9473968645703577
0.8154852524164411
0.84780618363377
0.7737440206731128
0.8115671469342164
0.8737112530905776
0.7391679670530749
0.9059416776732603
0.8522200107991825
0.8351256342595779
0.8451619371476496
0.8930098984174326
0.8658530513765309
0.8223074910632637
0.7802468633563502
0.8597579432547995
0.848132246297584
0.8719410380704273
0.7233292275590526
0.8748350426739825
0.6914364613762073
0.7829516360635895
0.8310921905246158
0.898952171840516
0.8526804053805815
0.819853841325987
0.8063185430353814
0.7337689999798539
0.7924229662874083
0.7994736107856923
0.8066295928397463
0.9270008329263846
0.8776504119464204
0.7641701746344203
0.741161443378334
0.765956501982531
0.8263444334572366
0.7686822116858564
0.832051188181326
0.765994727972939
0.7973595039284844
0.8928567763351855
0.8237573460469704
0.819128728985136
0.8415298453634986
0.8810558734786411
0.8090674282440418
0.8991137220864722
0.7345302776464385
0.7841518876541999
0.8293703637619333
0.855206575071243
0.814913270766578
0.7678912606423673
0.8456730571170737
0.731618390796313
0.7128478599405912
0.7424802162435027
0.7613803873766348
0.8044792021538056
0.7477096887196578
0.8414895309019073
0.8004078455664078
0.8099178371448246
0.837423742957559
0.8726215783173247
0.8260997611994976
0.7872547839281642
0.8131055416543773
0.8410414044544389
0.7702865759311901
0.8019045990740037
0.7906140809616147
0.729161954264252
0.742106554351853
0.7604142996784652
0.7145657114898893
0.7617992168695857
0.8302603234761246
0.7923054178516513
0.780267538364367
0.7726580731456426
0.7746826747443734
0.7833810874907932
0.849591814719835
0.7291436341372993
0.7442720694954108
0.8701727734964813
0.8738739256580961
0.8841112823618106
0.6462785700961884
0.8660143031057563
0.9459531180399826
0.8038681625270444
0.8927968984195787
0.7711132237547855
0.7775550302785043
0.8517539768204906
0.815504178492552
0.6917953267066907
0.7784593519161638
0.8486011035676037
0.8199206751292247
0.6981017901336048
0.7892939672820134
0.8095401525173236
0.8361541690905201
0.776688452165369
0.7715067844838019
0.8186771542960728
0.7847055924934297
0.7661237468909599
0.786877710511243
0.7677758328450108
0.7982791548532542
0.7443155995092418
0.8043445339498931
0.7941974814422301
0.8175446539831035
0.8178121496741023
0.7776156102400911
0.778403102187126
0.7975368616813189
0.7506157462997236
0.7628796004506023
0.7731641438143319
0.7443882982104494
0.6854936940649903
0.7781101262067467
0.7442828320678416
0.7200519357991344
0.7657062806089141
0.8262479806954032
0.7572034334013479
0.7721699645199989
0.7007424349734763
0.737526620994324
0.7056043087755768
0.743502588561592
0.6816386458407115
0.7568190418159816
0.8521726161612443
0.7868310235910267
0.7116396250989941
0.7819081448306455
0.7585030433826685
0.7198682286679003
0.7151613674247516
0.7245011735551372
0.7488837169890716
0.7778473241730901
0.7880275686612396
0.7422321495577735
0.7528855773253138
0.6721435221436782
0.7953366632221557
0.7328317867345231
0.7669851809877485
0.743774580792629
0.8289642748278667
0.8633590032381286
0.961412354274236
0.8662368782755875
0.9223116255163715
0.8648261979358012
0.7960097759104501
0.8275287631842625
0.7021370692275257
0.7505932716274911
0.7982166845536979
0.723747889652849
0.7428382864011547
0.6591693573616659
0.7771470283498311
0.8051118790922571
0.7361376732427632
0.7893566107020008
0.7727539450232176
0.7054694315920611
0.8458516004159917
0.7907939428030044
0.8812383975209013
0.8325791352504964
0.8434370225297416
0.8942734195641933
0.8806582943077731
0.8190849756012801
0.860127052427709
0.8395068642665485
0.8632337469447208
0.8270900033077841
0.7178580154465071
0.783071243163721
0.783998055679391
0.8239956570434527
0.8652628191230725
0.9173119693012501
0.7696261321380261
0.8836113469833972
0.8596906494859414
0.8734907297110066
0.8004431303860684
0.8205949249841838
0.8315932758733531
0.8662036630664879
0.7934607472773483
0.8463776912423238
0.8412116542271233
0.8494725341888294
0.7849765287081737
0.7074258588097728
0.8035809726119283
0.7414900403108267
0.8105867425682121
0.7884118270757157
0.7947151916299764
0.7902513914564626
0.7849855121934818
0.8349192375137003
0.7721018932537684
0.7880248467305623
0.7742676451156789
0.7887482062070588
0.8640750339056706
0.838475029801557
0.7860778884180541
0.8091569136994142
0.769884380201076
0.6840356511571033
0.7410799440866871
0.7818725489869448
0.7837482618065537
0.7666092206513483
0.5405419085278789
0.8379148426727139
0.8426022245885254
0.7865719244896638
0.7357067017601551
0.7947736672957726
0.8016039894529386
0.7467878236304699
0.7035166056760767
0.7860187914473276
0.9033731375452665
0.7186973794958058
0.7962437832212856
0.6671344501704913
0.8525452604566242
0.7270948544724681
0.6189721091663628
0.7813307773996858
0.8077153721455613
0.7100308720802531
0.7877261521999221
0.7343245069239753
0.784709274394626
0.7205871621171606
0.767088288165428
0.7124190767912263
0.7650425590439796
0.7798093460925025
0.8400478347843368
0.71183192848731
0.674560528753487
0.6913799131847874
0.740536484656724
0.783198679373593
0.7784210168938474
0.80794400025196
0.9141571150681396
0.7756725710063832
0.7052896053762872
0.7393528691110314
0.7924874013231724
0.8554977622824086
0.7772962059687818
0.7113662347350216
0.7780754658111607
0.7852301761001677
0.7283015658263795
0.8852907777497862
0.7669154088297081
0.712289870582608
0.8560185335007657
0.766742506392633
0.7428014824069669
0.8424052765344725
0.7104074637130682
0.7457642645312266
0.6930830431976082
0.8487587027307525
0.8620644064008302
0.8447287619601498
0.8156008078516948
0.8168823216343071
0.8294412853664028
0.813121766264176
0.8885127186274497
0.7932758909071818
0.8101486802737298
0.844864064373876
0.8225183852349076
0.8346803981169243
0.747568270929932
0.7084506946753245
0.7718706917598323
0.7612629950941463
0.7570350191988933
0.8567437399532386
0.8176568246765124
0.8003155131400778
0.7623787242424998
0.8361984435455555
0.816180605679721
0.8437616666307787
0.8023986772550312
0.7163300701295063
0.8172493098783697
0.7407490964880683
0.7118070335928333
0.8060639471236204
0.7519583618050236
0.803275409241586
0.7672649757061624
0.7439559537764406
0.7101068064677605
0.7972122269510133
0.737342649839889
0.7546896428411572
0.8355947812599105
0.7514025805510705
0.7854040031790239
0.9010297638548219
0.782653778528876
0.9334285294884754
0.8376997818806989
0.7820999683300629
0.8494403509934928
0.98736549173163
0.8565809322245548
0.8330403472108012
0.8503967543142958
0.607996479052211
0.7375491953217457
0.7561809364288957
0.7639337492786604
0.7352669646877674
0.7791485243636925
0.8715945680688452
0.8245921994033332
0.723959523795592
0.8576963193179197
0.794032761861619
0.8028229739491073
0.8211397728350787
0.9064912990545455
0.7364822542750655
0.8695871126599035
0.5373041327835366
0.7506820128246412
0.7057223008302442
0.7262704174131867
0.7091343736546076
0.725041181668511
0.6968399953648861
0.7263609710577732
0.7222660094277197
0.7424888130442964
0.7671007991737734
0.7434166222331242
0.7801540589713859
0.6701199529190469
0.7769100301505083
0.6803152375359968
0.7960077006841125
0.8590473702675206
0.6973353218257177
0.9361795691194096
0.7500074894336546
0.8608507826878771
0.8132515171163528
0.7561673428579146
0.8279190482279124
0.7183587212871921
0.8218362572231359
0.8306026028512207
0.8361553311014449
0.795244329677871
0.8371801846345175
0.757664172079021
0.7947427206005292
0.8254962785436234
0.7927757657567552
0.8525571235648793
0.8509431943678808
0.871815845519712
0.7455304789335655
0.7960589929909907
0.9078585718935319
0.8765169389065822
0.7652459295814309
0.8575446458514948
0.8491937872204991
0.8283092106974766
0.9357650756483855
0.769165261589817
0.8476257145059971
0.912937589220897
0.8564226865006158
0.864542643792496
0.8543777586641547
0.7215289381567915
0.9919182932285658
0.8641274525074536
0.9254446124362491
0.7125066302458047
0.7392940672384614
0.7475299895931167
0.8155920554062308
0.6897827446449236
0.7218951076079637
0.8072817613497522
0.7599165636146872
0.8058698365009964
0.7596786540021271
0.7475586727611161
0.790121333774521
0.7924611140841179
0.7162260391916453
0.7811120420561719
0.7605100994543459
0.8304460833176897
0.7959994327669412
0.8069402834768769
0.772628442299532
0.8185648621051963
0.7757440199012672
0.8186226747378038
0.8113187557235553
0.7588032327923764
0.7630390923126351
0.6343311049873345
0.6953649942716369
0.7849998161484105
0.7880997087182631
0.7706829835890037
0.8440991957289805
0.7382292922312843
0.6970623893358476
0.7961566345411688
0.6120313636277186
0.6947121051030883
0.6922104875519755
0.73179599135313
0.7805595374343396
0.7700968286097213
0.7017174135035282
0.6824281555881847
0.7381827142760757
0.733138295171711
0.7843215605816756
0.7266055867248112
0.7449417069954414
0.7206339727628357
0.7535824401647027
0.8123912192563814
0.7210413481903359
0.7211852414508336
0.6731171147535798
0.69926407160872
0.7517704500991452
0.7503859072262647
0.7756681255212557
0.7558081543016406
0.763981210884779
0.7954782477325777
0.831313077494926
0.7457144485301481
0.7567309817110968
0.6289844469132249
0.8160394782169988
0.769239251264312
0.7006395899545604
0.7286902483401101
0.7441132796995693
0.7873493944734462
0.8320405483756492
0.7574992007859255
0.8198596815427831
0.7418571943027691
0.7984010364200858
0.7797955916555658
0.8420204026538164
0.8654119144395043
0.8203092998563106
0.9893310259379441
0.8868725728883035
0.8507966979979715
0.9026711497923976
0.7508598094797485
0.869600999630399
0.7381596779083878
0.75590126420524
0.9051227296794015
0.7868432641900888
0.759041625593802
0.8633860935924378
0.7490951748519554
0.8470359000735992
0.8880642779709123
0.8347058037824756
0.8283826362643797
0.8111964374753953
0.836730604401843
0.8007052983341507
0.9334758768120899
0.727372067944459
0.726149822373737
0.8003576976640091
0.7137204618530502
0.7262957267189306
0.7712808507243114
0.7530312808003516
0.7438623660903416
0.8243656437560751
0.7268576466423888
0.7957015173530287
0.784887343453654
0.7278680163897104
0.6983895485698116
0.7727284929513281
0.8198712163780972
0.747826711915503
0.7990237183895091
0.733853804217399
0.7937681104888032
0.7784999978204844
0.7856338920671624
0.7830975830484614
0.7656248523450648
0.7836419712852417
0.86311684278171
0.7611596916374963
0.7506145433906624
0.7022125626018462
0.7576267676450048
0.7999980490355405
0.7966281768637717
0.7627603146316552
0.7837122491475689
0.7942316892222565
0.7318365618819751
0.7541992948109991
0.7912721399787448
0.7634232728845479
0.7263952999134973
0.832302337914606
0.7625066241191674
0.7727147083613057
0.7842412236072378
0.75733676245442
0.7599882064481882
0.746373690750635
0.7276065065034141
0.8185640524627769
0.830877213934245
0.7098855398992465
0.7712767224747924
0.772526443072072
0.8045030290439444
0.8143833511389145
0.7024307949647446
0.8092564641515005
0.7720923768142002
0.7758747076295578
0.8482813662324833
0.7165661932183225
0.7993876768149231
0.7388072797414952
0.7837965968966505
0.8563456615565731
0.7647507678327158
0.7626314014499099
0.7496692584324094
0.80306013966607
0.7459308309225635
0.7614189662405784
0.8344482013352565
0.7842057969160443
0.8835319904721214
0.7652719868117899
0.7727098041824193
0.7470390769948657
0.7948713964155223
0.7817488154834746
0.8771845740378911
0.8458285350992629
0.8253257640136642
0.7704500632857559
0.7743066805887415
0.8281527466064824
0.7781222480596544
0.8074405476249964
0.8152481100744035
0.8163664876156025
0.7638016377692478
0.8112381501319275
0.822016942875685
0.7939330323080164
0.7876782683312913
0.788160027643138
0.7569661040242768
0.8243564176065993
0.7388298249021744
0.7292489219566534
0.7759631901081314
0.7938855339225981
0.7655751394463217
0.796383056630826
0.7448736743511823
0.6418255998764051
0.7556957440384714
0.788760052527903
0.66083444263294
0.7518590793959874
0.7586320687006165
0.7456436878652957
0.7302966591479398
0.7957062469994649
0.730690132703842
0.7793842790470606
0.7467704533589968
0.8923945159317008
0.8220744132550108
0.895541210825376
0.7828000941085196
0.8435344480489989
0.8110594632820043
0.8210562702207886
0.9642391280176575
0.8549135847475559
0.7155088279404773
0.7560346543312998
0.9147675739533566
0.8657955813045993
0.7292985647126666
0.8048188256887078
0.7991660616347426
0.7968336792873222
0.8274193743812277
0.7359470426826292
0.8313149785698682
0.86300017039606
0.7866947196368624
0.7819036194978651
0.8729543749603168
0.7432466696227656
0.8416903781317024
0.8304509127588625
0.8578725093711741
0.827861256780803
0.8614557337882737
0.8547415374272757
0.8172753584423745
0.7917487761257279
0.8597579432547995
0.7984547057236173
0.8748659272105876
0.7319644800831033
0.876704935964377
0.6464269703580046
0.7901674800755771
0.8027795178659219
0.8905350604645416
0.8259085395911154
0.8117664411044749
0.8110421951826555
0.7885999800351902
0.8071686305491699
0.8004361539924925
0.8217900480022768
0.9160877006104091
0.8530210421141264
0.7660060904604316
0.684714043142037
0.7491580115123208
0.762286495167155
0.7860956161789345
0.756136372018017
0.7543599267083888
0.7705055093637402
0.775647933955144
0.7800260722670282
0.7979795044451379
0.841404993197289
0.8572460907588759
0.7962570101751381
0.7879888946448003
0.7345167297735444
0.790379027505266
0.8155416881832493
0.7944458017656615
0.8093318021272827
0.751471538151407
0.8444407776962557
0.7167211040551655
0.7132664846685415
0.7364485498663633
0.7887542664872946
0.774127240826515
0.7505554121804763
0.7945210007023389
0.7632388917646268
0.7857502640617755
0.8280597795084617
0.87308518870304
0.7845638458900225
0.80081626845139
0.7971995742357739
0.8410414044544389
0.8159400372776854
0.7804086698154411
0.8326141959169161
0.7486709641213202
0.7110678688674822
0.7355130668053396
0.7374845105923269
0.7731343141487508
0.8302603234761246
0.7975829047367886
0.7541539522979266
0.7763195605626743
0.7723724925533936
0.8373114836296139
0.8191965492728454
0.6546592773855536
0.7442666174490461
0.8308802020190081
0.8741449284180869
0.8479194784440223
0.8416187385731915
0.8018431454445598
0.8798930902354936
0.840541442057207
0.9290881175693697
0.7822294994049487
0.7943381153502185
0.8266799289275832
0.824439502695013
0.7050296220765658
0.7809325291744202
0.8498148852878493
0.8199206751292247
0.730514905642045
0.7904347023978529
0.8095401525173236
0.7332723896180283
0.7875212493116273
0.7745891751065965
0.8289699311849359
0.7847055924934297
0.755644598145786
0.8051533280224161
0.7944182113343571
0.8123413961786963
0.7782266527322388
0.8187442583462983
0.7859167435408292
0.8089423578231342
0.8355980071216117
0.8240305679173483
0.7493080834979946
0.7676678633568235
0.7390067637216782
0.7653524434976289
0.7853636225781
0.7505489564537088
0.6750394899076815
0.7990347465576958
0.6866649004609979
0.7028557728301658
0.8215652910813739
0.7794665356922641
0.7711633165843148
0.813972959924785
0.7087171755388505
0.684898171211441
0.6533037263285366
0.7123663152529045
0.660489214213855
0.7792118079430496
0.8210741658256961
0.7971043000388447
0.6971037889539289
0.7885427834184154
0.7610683653223596
0.7133746957268539
0.6966879589762941
0.7009639555772107
0.7265868104642499
0.793864120578241
0.7769472668860671
0.7411499771765118
0.763304766209556
0.6675957252189781
0.7588422513209352
0.7153881634542224
0.7582781740642512
0.7315435107163759
0.7499682396235545
0.8570906043951079
0.8796962321446544
0.7842198266751454
0.8581643495970099
0.8629262912336246
0.8345537256195736
0.8095988348483263
0.7281549459240515
0.7712656199214929
0.8174777014551684
0.7082190101551372
0.7508553884676467
0.660360949428911
0.7415809769766302
0.8075346324171109
0.7362959889924958
0.7795525889681278
0.7556574029018459
0.7321791306178986
0.8458516004159917
0.7900009824794736
0.8225251892338586
0.8333444107944514
0.7688766326633187
0.8989585959743859
0.8288898481619664
0.8646944126723282
0.8429183418015482
0.8643545778415047
0.8121892363367782
0.8119107890555861
0.8112381501319275
0.7897787680558049
0.7869947793559801
0.8482559669612248
0.8673102458690471
0.9170322027609004
0.7414663403031279
0.9330781685404217
0.8570533172687265
0.8505294223536675
0.8025608198881102
0.7984279397695409
0.8737522550857615
0.858232705969389
0.7765410805367631
0.8591861248245203
0.838214373570376
0.8494725341888294
0.7809659280781596
0.7818993547845766
0.7872663918015053
0.7424888691528971
0.7876539790111602
0.7897912336711042
0.7898774303660371
0.8282815617497044
0.7849855121934818
0.8334281015288103
0.8640157328188516
0.7822272239146224
0.7580580588060558
0.7419427794546849
0.8545234281800376
0.8475667524338499
0.7802413683635994
0.8309474555260116
0.7306767953711562
0.7205860250955631
0.7273552486828391
0.785947427511341
0.7732894372738595
0.7041337577575646
0.5476655025159989
0.8370880313508918
0.8071703026834505
0.8126363507382346
0.7632655164941257
0.8221855975344559
0.8069673170450663
0.8090641995240402
0.7269036504309241
0.8671494996210766
0.8679567943393787
0.7130297414971458
0.8484549443786714
0.6997796093416762
0.8525452604566242
0.7832695150272957
0.6737996908653443
0.7590849865566012
0.8063360568673921
0.6812434521366124
0.7659129191216321
0.7391807070687315
0.7876754635039152
0.7409504628265706
0.7707765682086519
0.7272903498321204
0.8056433424285621
0.7598589555633962
0.7907920337134968
0.7412704542106032
0.6661359638266433
0.6547987764686101
0.6065707346604635
0.7425755342898903
0.7910427503169808
0.986609066499605
0.8911011815083887
0.783798012523347
0.7231928856872485
0.7468312457663874
0.7912071900878812
0.8554977622824086
0.7548762936512772
0.7848660223050816
0.7609346495066105
0.7872728676903324
0.7201639468908312
0.8538193255496218
0.7624687994311374
0.7227827687213075
0.8613985031157323
0.7799760371892497
0.7370788239797166
0.8424052765344725
0.7002140847865843
0.7532758679626301
0.7096539370960232
0.8386281852669327
0.7777701226087899
0.8494503611147038
0.7859677245569814
0.8006736340652868
0.8212335752757326
0.7714313456146678
0.8910613524761674
0.7754032058395297
0.8248897641669308
0.8468621560440308
0.7958272011101608
0.8437986124539629
0.7540305268510288
0.7149675053314476
0.7992379590467642
0.7307804245108143
0.7521231488514353
0.8399453928060953
0.783695115922603
0.8030932124083175
0.7516853388193487
0.8304392366427819
0.7264178137076249
0.822630673298678
0.8172410099831364
0.6763840450258686
0.7609063708362894
0.760141606765766
0.7036533852122856
0.795744395484776
0.7956473844623685
0.807414133142021
0.774513854437547
0.7355858512783905
0.7424147149159888
0.796113813687477
0.7424807025569449
0.7611314356664156
0.8786238833343296
0.7389449696147455
0.7562505007489204
0.8106861910246076
0.8123131004875093
0.8879405817301615
0.8922736178382139
0.7718553381310174
0.867059282542467
0.98736549173163
0.8006195492708031
0.8626108981585063
0.853315943669076
0.6923093338733608
0.7501325064047211
0.7406707049629729
0.8030431006129071
0.7451965432945077
0.8111452311997918
0.8715945680688452
0.7756833514811929
0.7319859760677573
0.7941114185884082
0.7935850282411915
0.7922594327428455
0.8065648786753657
0.8658837268263471
0.7530109822186563
0.8522440065002805
0.6737788186799021
0.7316109490836793
0.7042976539577136
0.7117141242363014
0.7123975726057206
0.7355650979674335
0.71420058940207
0.7158338514626894
0.7359317115130413
0.734340070330657
0.7672799659885612
0.7374568911697783
0.7422729327345664
0.6756624161603562
0.7843559877344255
0.6814053717019004
0.788768416838339
0.8566910248048913
0.6992994261500338
0.9173115329648762
0.8167433064543443
0.8662559084066386
0.7841269068905056
0.7828134980136953
0.8486349612826896
0.7201728301042383
0.8249135237167651
0.892280486454662
0.8471209568411967
0.7902495639081039
0.8197902410888287
0.7553739041821129
0.7914385150898641
0.835161308515952
0.8048247249761679
0.8576223377486122
0.8803133145009323
0.8627442396526843
0.7806133034677232
0.8459470524425254
0.8902994667682371
0.8808825615516053
0.780508760669124
0.861249074408731
0.8751069827922723
0.8591307347227957
0.9357650756483855
0.7650218507082749
0.8519536864679849
0.9850707190838732
0.86042576151932
0.9505119614805941
0.8712775253767032
0.8420993396499293
0.9919182932285658
0.8240502988325404
0.9921046002158128
0.7125066302458047
0.7415633467168501
0.7475299895931167
0.7997959302114446
0.6617728384987868
0.7025311857320168
0.795952146458937
0.7665291044118523
0.7768296078476093
0.8068059621055936
0.7445932037500347
0.7601170196831509
0.7867048611221401
0.7311084767035598
0.7931388908898805
0.7726168670031439
0.8359801221959757
0.7673091170005049
0.7973575820244584
0.7837389662451036
0.8176460657667123
0.8210495826188988
0.7723295606594525
0.8236853137881168
0.8224776173174894
0.7992701283044159
0.6343311049873345
0.6953649942716369
0.7833781549358815
0.7829526122531394
0.7908828253083929
0.8767664669672225
0.7277002952243672
0.7118886017334682
0.7950481774627473
0.6717932679789494
0.7110064641407904
0.6923346895159451
0.7383645017403149
0.7700871931385442
0.7491584398534842
0.7149699762713998
0.6854961658546243
0.7652925886385838
0.7490745485860131
0.769449205055397
0.7196625334104535
0.7483825860785323
0.7562791208934675
0.8108107281556558
0.8123912192563814
0.7111643907452776
0.7230044322486384
0.6696433420360441
0.6630814378644867
0.7630208876860347
0.7567848553461414
0.7732478682538131
0.7833811555142435
0.7514898983210081
0.7898911622282592
0.8211279376205024
0.7270368552189197
0.7565651059322738
0.6846437280795783
0.8076850992020116
0.7788363818666131
0.7463899689627541
0.7525550230331253
0.7377595352964502
0.797603464720547
0.8294719085861775
0.7598923365736922
0.8084777609915721
0.7627997813168108
0.858422359327733
0.7561091358337935
0.8352890546921405
0.8947553758749515
0.7537461256470237
0.925567095415349
0.8868725728883035
0.8626636517598776
0.8619184898893509
0.7806725598911242
0.9061590855568145
0.7691600039613327
0.7989215781582097
0.8548094162243766
0.8052776892414713
0.789565419333387
0.8405401709471215
0.7903912601428316
0.8540975648183685
0.9028281146879047
0.8398120936092517
0.782519683787281
0.7789075050663663
0.9452197118480178
0.830012717434446
0.9149922781520681
0.720337392286003
0.7830881858855979
0.7892025955029867
0.7289919992602385
0.7425528529774713
0.7629121943178239
0.7677329498807989
0.7078392304901794
0.7914675407614833
0.7201403023137856
0.7967313605132673
0.785876086826824
0.757397044563138
0.7118952750943293
0.7750738103521494
0.8039445623085142
0.7485642806349865
0.7950432446744593
0.769457756159743
0.818150197669711
0.8005395378481418
0.7761032106550625
0.7884120924421435
0.7796446123759032
0.7722357607022263
0.8155622844335318
0.7487175855627468
0.6991531218770946
0.7338929901236821
0.7344136694349402
0.783491037712658
0.7500778987010508
0.7693101806395601
0.7851346619115371
0.7613687369856414
0.7235575574978828
0.7298207013114183
0.7847261037747567
0.7620840570475723
0.7460561577171321
0.776081536193243
0.7676901336794758
0.7831085870757664
0.8333479766639744
0.7191211735044395
0.7763049567848901
0.7428533970356683
0.7379557161091507
0.8200478405787677
0.7913554960088257
0.7219498347599015
0.7652821797126331
0.7513859505424905
0.8091159344453556
0.8143833511389145
0.704522528427027
0.8122781511033219
0.7411579476289248
0.7931727426624327
0.8391494603328777
0.7020426553625256
0.7812287567555161
0.7604462775103118
0.7814005378483282
0.8563456615565731
0.7479766120902545
0.7341557619366592
0.6839670425005656
0.7883143243101112
0.7476535604114343
0.7715839558197687
0.8440167984906987
0.7864823149138354
0.8673699600135601
0.7437894405339459
0.7422345878206363
0.7516066393924209
0.7867485427794854
0.7734512120385149
0.8515868337971803
0.8458285350992629
0.8262280206913348
0.7733123326959425
0.7911373520834015
0.8450121457576147
0.7803246949561188
0.8207525110874487
0.8369869653244338
0.7973512215931879
0.7555833348204741
0.7211722347325283
0.8690056992403178
0.7902109509257811
0.8087955408785542
0.7700140029181983
0.7536868739746685
0.8023827810013076
0.7535636634390903
0.7107840173888123
0.7585631648408366
0.8166506740442367
0.7834634016033892
0.7911333002856246
0.7748674543443815
0.6822720342690624
0.7595396123003072
0.7633939636934403
0.7066353261649452
0.7334995252533396
0.7572381758547344
0.7572546486562959
0.732259775092334
0.7973049388040129
0.7203517013521107
0.7793842790470606
0.7674356241131013
0.9481572946141823
0.8551572153400069
0.9588477977844914
0.765040585203375
0.8221726920771601
0.8110594632820043
0.8210562702207886
0.9907260476349931
0.8477353196492513
0.7699554385456803
0.7539872559310679
0.8692542285949809
0.8954271413450976
0.7651336587562839
0.8048188256887078
0.7335804928967716
0.8417728179841896
0.8309379254763201
0.762917732429048
0.8154852524164411
0.7850185575071622
0.7709224204710953
0.7800778836049148
0.8569592841491693
0.7134801318623198
0.8784172790245781
0.8529044521981427
0.8167575213344894
0.7572525970864489
0.8584922128249848
0.8658530513765309
0.7644203516253852
0.7831679023300719
0.8883918197563981
0.8609093359206947
0.8804202793293272
0.72277163491473
0.8809115604775509
0.6833726239166812
0.7881757899657579
0.814855920870428
0.9083643046088281
0.8578690686607278
0.8650464295487674
0.8091595351374066
0.7619196126478581
0.8091470219010852
0.7953694720640678
0.7959102088084069
0.93334846087595
0.8510080125189122
0.7458811404090667
0.6874699048695228
0.7383343130962337
0.8301312491576744
0.7380025610282303
0.7919107746587744
0.7616579515136586
0.7908748780674513
0.8885771853699947
0.7698123738468963
0.7923120498750966
0.8334798950696845
0.8522825916077891
0.8045592316244596
0.8271563934666487
0.7426688502881266
0.7856413906609826
0.8381831903536029
0.8075604521744048
0.7688712410045212
0.7441288209713307
0.8444407776962557
0.7130049850329473
0.6620963453809516
0.7276091658597305
0.7876929316279568
0.801497422526965
0.7614515280357899
0.8115667906542637
0.768896323445749
0.8085545902715492
0.8224108985955383
0.8726215783173247
0.7902647723111089
0.7793892993313875
0.8126775722042436
0.8410414044544389
0.789532007402193
0.7752643989632948
0.8155626493841446
0.7281961872833322
0.720322726670129
0.7520970247268324
0.7145657114898893
0.76065578374339
0.8302603234761246
0.785843113495585
0.8274184920163022
0.7709583776703042
0.7733250473229453
0.8164079138564544
0.8230900427691393
0.7291436341372993
0.7442720694954108
0.8464034130896312
0.8645664697081402
0.8438789088367651
0.7417408614196073
0.941903187919212
0.8997094567621375
0.8404978501615171
0.8927968984195787
0.7790723815985858
0.7756176654942932
0.8573485050256362
0.8546106935180966
0.6691937895299949
0.7813379453244764
0.8411762822424188
0.8199206751292247
0.730514905642045
0.7919935410758634
0.8095401525173236
0.8361541690905201
0.8017444236295563
0.747349732371692
0.8106804999234337
0.7847055924934297
0.7618417186623739
0.7820173361918685
0.775855608382645
0.8083623885284332
0.7244842185667671
0.7852167912122444
0.7752859253918046
0.7976360718632383
0.8182770416731906
0.7784127004046618
0.7695363590005923
0.7881627757532477
0.7218458320739529
0.7644053828444738
0.7800359822268316
0.7443882982104494
0.7097079243943567
0.7781101262067467
0.7843510913787779
0.689710875392803
0.7860413442340481
0.794023580477148
0.7823437180619599
0.7942501408025245
0.7284445847275991
0.7343876301528037
0.5776607699747358
0.7607579312732392
0.6899759632218523
0.7908710425232486
0.8533458247108047
0.7971043000388447
0.7238568105114821
0.7771002883549629
0.7755831036329465
0.7198682286679003
0.6948490836178718
0.7420279140287418
0.7333037743521814
0.780754032064482
0.7755245268810909
0.7446723902324356
0.7553779730109906
0.6647872898674574
0.7795036638357619
0.7164491951967328
0.7714297128280456
0.7332452627632073
0.8256267945399045
0.8581718178135096
0.9310270190897442
0.816132224019821
0.8580379360191972
0.8784542576467584
0.7738997462062086
0.7987611609998688
0.7084400164505178
0.7778716862479236
0.8120299442279731
0.7357065642932185
0.7428930937173759
0.6720530447842857
0.7601147319337511
0.8051118790922571
0.7384982375371423
0.7844198162533197
0.7526778260995333
0.7273446419474393
0.8458516004159917
0.7713258309629492
0.8421604446313535
0.8300156437714048
0.7942953127161919
0.8942734195641933
0.8806582943077731
0.8651508735784392
0.855871911737696
0.8618407458592898
0.8146654477148825
0.85746654105175
0.7178580154465071
0.7754313262543749
0.7694971486782793
0.8705901468770114
0.8652628191230725
0.9170322027609004
0.7595812739820279
0.9330781685404217
0.7615184886375674
0.8807232980609367
0.8256139438883473
0.7961296937686786
0.8987396738767998
0.8600022066194992
0.7742620322299196
0.8673065411576064
0.8565422380985709
0.8494725341888294
0.7758487373321892
0.7074258588097728
0.7851145675446216
0.7414900403108267
0.7869052234014939
0.7741199765676039
0.7889796603380091
0.7965241609770036
0.7849855121934818
0.8261329544936767
0.758075601243331
0.7959330284563166
0.7940736382026012
0.746995373515162
0.8312809380311978
0.7926558209585652
0.7872783635322249
0.7770980680353404
0.761514636609325
0.7408302239602857
0.731702731708735
0.7830914938568415
0.7628136129599212
0.7666092206513483
0.5405419085278789
0.8352242101399778
0.8302719475216573
0.7835748080922049
0.7340704649753087
0.8221855975344559
0.7908151954138238
0.7486145979702343
0.7035166056760767
0.7648703970243119
0.8949369331305809
0.6871777931282474
0.8243642844711346
0.6849083856025437
0.8302844216619943
0.7566929281504808
0.6167380653953054
0.7460354746355413
0.8112279159224266
0.6949665398010876
0.7882872083887457
0.7341664583766954
0.7796567819471014
0.7424040339421102
0.7703835191205812
0.7021478788837718
0.7587053616020503
0.819361646814282
0.8210437659927543
0.6909804878124999
0.6264518513327826
0.7875354745747617
0.5915174770710621
0.7931690606283087
0.7784210168938474
0.7254304954620141
0.9499317843389337
0.7768291256638896
0.7461041870061815
0.7534892741752709
0.7903061877410853
0.8554977622824086
0.7657099749959668
0.747761942025944
0.7633660401985648
0.7887715727936131
0.7283015658263795
0.8852907777497862
0.7636572438483951
0.7068563158389453
0.8418487628883333
0.7664759604577016
0.7420904786525164
0.8424052765344725
0.6822676035350312
0.7318862239461392
0.6994052342805983
0.8487587027307525
0.7954077597070661
0.8447287619601498
0.7958226493349223
0.7816302338325227
0.8999746220494552
0.813121766264176
0.8629869658221554
0.786393428413696
0.8125928497703774
0.820169690168312
0.8193824950715918
0.8346803981169243
0.747568270929932
0.7551154493664345
0.8118792963721693
0.7699401123649842
0.7703363461171613
0.8567437399532386
0.8055393109906333
0.8371498973139399
0.747995294524658
0.8075926500916057
0.8393268017989266
0.8437616666307787
0.8066752199298801
0.7252698069703815
0.7627827478111113
0.7643175222904295
0.7266525075522854
0.795744395484776
0.7718786783168938
0.809847608230297
0.756652995001693
0.7046322049160183
0.7666155907864598
0.796113813687477
0.7286617343005469
0.7548994604260125
0.8786238833343296
0.8333873571628725
0.7494954885826473
0.8775994988859992
0.7951733256225233
0.9334285294884754
0.9033334606623726
0.7794447623264942
0.8551613290311012
0.98736549173163
0.8401806729885735
0.8423994888627148
0.8503967543142958
0.607996479052211
0.682692218245065
0.7577820343470669
0.7635290270923916
0.7372892603480348
0.8179648504715037
0.9403695642241134
0.7950461806492591
0.7509453976286374
0.8625495290377754
0.8198152978228959
0.7857220048297529
0.8242984558677855
0.8875579580776081
0.8014101175539783
0.8758154896789975