0.7466505491897641
0.5897450046803545
0.300251413924694
0.4452242667978099
0.25262325896419324
0.5190429870358433
0.2584042283828356
0.38932886220204965
0.6975450129467565
0.9830981904256244
0.4936938702795559
0.5694620783826315
0.5040117319197105
0.4789785652048306
0.42099634984835776
0.44265208807806355
0.5335359506200379
0.5453577107329806
0.6996626029424062
0.4292078458287739
0.5768008524494654
0.5750197494114204
0.5235029410953793
0.2173821884527608
0.3942364214387766
0.24922572237750096
0.37645689228052426
0.4707595185082698
0.37083788642288784
0.4226972199044847
0.5920069724121095
0.5563570544437257
0.2907162049858798
0.45611088746085027
0.4647753207560118
0.27626226807625565
0.5290702627952815
0.5610985388751029
0.5050176326639086
0.6495113231438244
0.2803430536515321
0.4327791788170259
0.4450908727615157
0.33169516942686295
0.33874375259934686
0.33355878749383694
0.5794904977098039
0.43267167582365107
0.500458031433919
0.4308514489629133
0.647124819564942
0.5405388275936232
0.3748940283358242
0.40859371371333797
0.2734864615407553
0.5310345477514847
0.28681113456560947
0.3964554473680785
0.6314657792841716
0.7756042896994793
0.504537161966091
0.15237229712025413
0.6489550443291066
0.45552149009030285
0.5549217965504456
0.4057365374754216
0.4261295093767299
0.43562913877229026
0.42104411896124594
0.34526787607375775
0.3452044634356336
0.9906709816830801
0.3769827202246119
0.4504348204934179
0.4586766592307867
0.36019911306545904
0.5875377611868307
0.24021857349450393
0.5501200905448229
0.02204183424524153
0.3897295621917023
0.39309333767237553
0.3906632753748239
0.5528524157094199
0.37991480584779225
0.6575960407404635
0.23870847856317678
0.4454158485615498
0.4244878622610938
0.4744773041558952
0.49132453864602077
0.6705820826949617
0.47397133258314195
0.7493803143301241
0.4015318243816828
0.4888578216900139
0.2847602910192799
0.5196140993890872
0.3098838834122424
0.3633458346712546
0.9845594546773445
0.2449515225345913
0.37265757154087054
0.29034278381069556
0.1471462653622062
0.38544305186438255
0.2816511583849872
0.25154505565863183
0.35969209409699077
0.6521467113094319
0.42640616683649557
0.38816373183443087
0.24539922188177643
0.3389372632944617
0.4073487589803432
0.17873437246456636
0.5006640532621665
0.5878032966789615
0.38601573569073855
0.5350835067035364
0.3961160786160264
0.36891156136193526
0.5506473338299779
0.3116580245040831
0.4299495950197456
0.34140497299314876
0.40578783907476856
0.22163230505641884
0.5417285555896314
0.5336819817611667
0.22501546366284253
0.4910930564970506
0.3999444480189699
0.3420492914368326
0.5025093759411349
0.43885314041706025
0.5160038032846859
0.620964858210434
0.511366045701758
0.2630910792127914
0.413021420245399
0.619038733774298
0.64760463854562
0.5649703910884539
0.3158949242083502
0.4551207874835974
0.14985104263414906
0.4397807044382045
0.269353566976525
0.4244920786649511
0.1468343772269184
0.3815523278658398
0.36357553958139954
0.30752729593431016
0.6382114425640218
0.29594467900987065
0.5450597088320965
0.48369865547358304
0.46654769237807336
0.5225226282991284
0.28014689488299216
0.982819347361373
0.46597492425416864
0.16861901587305683
0.2690112056679437
0.2959424891077338
0.4917300925322162
0.634660582408074
0.504372286959982
0.4062549513472393
0.36286686855689576
0.4528108472871072
0.8730102754707989
0.40598747756699316
0.4581662512527076
0.34487842383782097
0.5726943628181949
0.49423061644223387
0.5332989564901405
0.5507935475969339
0.40171277075970113
0.2846231611452519
0.30039646331914915
0.3239908084066052
0.4088509291395245
0.6509238262010701
0.4777401007024481
0.4284420358777292
0.2920905943891142
0.3569480143967978
0.3652290339381844
0.5283908735080282
0.1133369218725232
0.35318238108372046
0.06911672144819936
0.40657339898514977
0.5091245897539001
0.5991779749354957
0.589732967318041
0.38170751716312123
0.5042603527525968
0.3184883875162866
0.9694666226238481
0.3799874565283896
0.530543867218321
0.2406087348902336
0.43283205391670676
0.5283158121841227
0.3793448084658567
0.4406964168227028
0.4837465072706938
0.581666956716459
0.908616813105778
0.534949697283102
0.4680818540164602
0.3769485798958605
0.3889821807247742
0.5235233239096861
0.4212775268578349
0.5300779416157627
0.33201546527872283
0.5320922695232142
0.5718531652520571
0.3707668274173421
0.47625984314559755
0.8464827503628518
0.4495362381976301
0.47074132088138265
0.39859414132480886
0.4085193030391663
0.11424640792170893
0.4289051727358685
0.3895889219733526
0.6905931701560699
0.28160594979000575
0.39517951347848435
0.4255403315648266
0.3017657162403272
0.39039829286422145
0.5064552242746945
0.44163244868004636
0.3980771830130454
0.49944749121933163
0.3142119707350699
0.412778651990527
0.5093465704201294
0.1932565022408237
0.611782447738655
0.30970046368018056
0.4014997265095823
0.5296779978552224
0.2208496692937978
0.5906904730122191
0.4202908410034014
0.5242862452253905
0.3798990627037321
0.46021984827956586
0.3470565513432331
0.49517889861808073
0.8200446441608578
0.2850440965731531
0.37488570812619415
0.991542318858512
0.393608186768873
0.2946406885672739
0.35898777548617145
0.474531954457708
0.2935227819920613
0.18927101819548908
0.373094221924158
0.5670731621477927
0.41012324875582684
0.5776276216169745
0.5350835067035364
0.3405973129392641
0.357538994912994
0.42280173556165146
0.45425602594896874
0.6341627965598258
0.40937640933993824
0.46627536932783786
0.25980770095190153
0.5139125889961617
0.4055852363507204
0.35560000102079337
0.3687289040262537
0.5933173461985203
0.4655933626099271
0.23180421940017504
0.33237018497686865
0.3288817820416269
0.4699296253230324
0.35743031795811553
0.43385666300062087
0.4401002335015183
0.6366678554735734
0.28111670775632835
0.5300225093197664
0.6472799561453433
0.3427724777863287
0.3330400978367414
0.45897647940556074
0.4105341946959228
0.41055487421583303
0.7756042896994793
0.37393490933789963
0.4815555113582425
0.5542479052936545
0.339214738160603
0.3721142524954727
0.5893260798550377
0.432185587558781
0.2164949184770555
0.40070607321134943
0.46937491183915925
0.4129977008878467
0.18561624515477781
0.3092324255030521
0.3256282372987588
0.3160174431842905
0.4339764661939439
0.3688608834639244
0.31028610845994276
0.2766634038221283
0.4408094367597999
0.2591219531908049
0.38702522812300555
0.38871050687430264
0.43108013155590985
0.5280494140698208
0.6013736685339748
0.33084576201768223
0.5400349184884691
0.596346548240026
0.36416037299987447
0.3266128005140829
0.31968711325396826
0.23333571081000692
0.33518531134713125
0.32456796565035617
0.4717963688643795
0.4621663760689043
0.4292530952620063
0.41447160348374756
0.2608827058688822
0.37801169258508716
0.4207703556709652
0.32428990964546967
0.6584578536730106
0.425089520730524
0.26162331739174194
0.9665387783123027
0.4961469152848189
0.2720521486377303
0.35175079842575774
0.5163738538395148
0.2916187218396854
0.17540929859964227
0.31993735110308297
0.5223971791859341
0.3345696968048676
0.5599241214561012
0.42363515420685904
0.42382224901632926
0.4312049520698755
0.44533093795160883
0.4029551344321658
0.3513096564626188
0.6492986246579057
0.828226514542482
0.31382450304785925
0.5464031642334058
0.35794669131051293
0.1156793215081946
0.45892134899262227
0.4588714188206573
0.22070510349803052
0.5629687646221477
0.4718753683873038
0.6547119783877043
0.31842531183877876
0.5352135013964563
0.2536786083488891
0.405348511171429
0.5010684137741057
0.33355878749383694
0.2014975746673099
0.3172592833570793
0.5269063375432295
0.6403410263451401
0.19825203503815014
0.21946291185047984
0.4112683670604008
0.4737730356640799
0.26913677958782034
0.3516141754390477
0.36165880494403857
0.4569135201894656
0.4026645641872706
0.21995028173921372
0.549077268611964
0.33272761853073995
0.4506446584577998
0.494441794916781
0.6116965933034644
0.4585999081900626
0.4371725149249439
0.4571655918144433
0.42941599244877504
0.33211092199518155
0.44524132687785534
0.47689792623018323
0.3744824804090032
0.364122449085451
0.2543099756856877
0.562645448123623
0.5414381119495337
0.29576081414501854
0.3999523092306835
0.17871976430593461
0.2698678885241428
0.4205240242036854
0.4079211326633442
0.2637701066495266
0.6131083453183924
0.36633414237683914
0.6548536036749054
0.39462398901283124
0.3792800765455395
0.2839806843465933
0.49693326064259724
0.560499579991509
0.7023452117335414
0.5223247147268651
0.4426452054675635
0.6160958801497672
0.4686004149663008
0.5281030497882875
0.6600836360108551
0.3025662621143075
0.3701449460434473
0.46583586052164705
0.25379663612455494
0.5068066347747694
0.42510948580928565
0.7060650547898014
0.5097372302243603
0.31411559853648074
0.32793909140152433
0.9772667875030341
0.3302362353439088
0.3865115816826604
0.734740296355105
0.3885179347964923
0.7905220726918458
0.2193708437209917
0.3426125321387391
0.500083018926458
0.6235759527784149
0.45162426763778774
0.4459412043046944
0.621414952700014
0.3602308522494977
0.41952898355949564
0.2880879937269979
0.28520386510344387
0.3507030199210186
0.7042144779341575
0.8692270827810278
0.6807185313055596
0.27825597804144087
0.4481754158001996
0.23989279745336067
0.5025259747099551
0.28777026546508866
0.4135716769290777
0.31625746614849426
0.4926819706077906
0.34053778912405064
0.38975091371419257
0.9818568698446606
0.4061102900164901
0.9798077859563314
0.5903955073746876
0.22023701069481838
0.3827247696566154
0.3020255413363955
0.3279721178558994
0.3485984113662617
0.44728527159878306
0.5772743880350995
0.4180996639190204
0.3291964090820193
0.6413784253882691
0.438637008959493
0.37306197302874455
0.3590947444000939
0.26420293777417303
0.4704885319829303
0.979042980272103
0.4155353086239493
0.3193063398974394
0.3964500964085903
0.37506276361580704
0.26316508329822086
0.44850532163183965
0.3130448898256356
0.980839660690936
0.4310116334706998
0.40361973959344644
0.29520591916655436
0.4890688845355995
0.18123729266271282
0.30244703859020317
0.3827397317870739
0.32701056944217455
0.46178067537999
0.3944789322888387
0.45288124701639676
0.30519214985227194
0.2345921347309281
0.4570058711649564
0.38106874426682835
0.3151372793063474
0.3690525263098057
0.31747909720649936
0.2543572368661382
0.3786272858751252
0.27504703212677173
0.5781702724133445
0.371273557367238
0.46355808893252903
0.39668732848780786
0.281006992408275
0.21250954963407498
0.25966660821002485
0.3960620145361773
0.7428406902375339
0.44008479756726415
0.502155729958444
0.49871348625334333
0.17091562236320212
0.3018498122467158
0.6041604362586925
0.44180469926731647
0.43732633888901384
0.3856535498488367
0.4538374024467091
0.45763634680343457
0.4097247022355175
0.24130838269157628
0.45810937771445515
0.21772522036397057
0.2725092927223297
0.23260328345949488
0.4158006738609792
0.5835543289737382
0.419515413205659
0.3391924466482159
0.5419042092487634
0.549526719461596
0.44221119942704235
0.5318308019316662
0.23276107272049829
0.4102844429271506
0.3180164995745851
0.2682090112843275
0.2941099272215859
0.4360945273546717
0.5669186243273141
0.5533695067405834
0.47416543773593034
0.38891810051511544
0.3079765913828334
0.42994602816069594
0.4354838742307492
0.5324474752874544
0.3063167514521521
0.49539644609854805
0.20929462723932368
0.5021578117082555
0.22331754702737494
0.3385437631881585
0.3601924724286283
0.5894114747658206
0.3988292879204882
0.29976677663311957
0.4619975087181585
0.4435490132238632
0.44456455048700527
0.4200320471064547
0.6533589128891459
0.42054238275227984
0.23938273084480732
0.3569085695838574
0.37306581048399945
0.2606996197317386
0.23153275307984655
0.3492664789088098
0.3326052406691671
0.24773297474109723
0.24989515110748495
0.44412608737615655
0.2740326292873718
0.23225937936194274
0.37731789694443085
0.5957270105188444
0.3569327571242975
0.6325768940910311
0.39103517014201494
0.292307599795826
0.6643596720276286
0.37691142169457115
0.4060026356308537
0.18618789710295403
0.06298930394909152
0.4261928728322173
0.34493837128616334
0.47834650922077426
0.41950635861081487
0.4103059919695997
0.4867066333558444
0.6068059752949952
0.6160958801497672
0.5063656285793322
0.45181410890931406
0.37002212499368614
0.4789182530010906
0.4711776694178108
0.3908362379902022
0.4437588013457331
0.34372230306531604
0.5318400803220005
0.6351331899750897
0.2319339429425189
0.30110808277886525
0.5155141511867212
0.28158671448802564
0.5030215759856451
0.35981259122400067
0.4394612863494214
0.9800733325579657
0.4870043116250651
0.5732566557064647
0.40831953953262656
0.5190223697371283
0.20781877758933165
0.41331908509560344
0.431117546182755
0.21442455198210042
0.29785236312186447
0.4141239791285841
0.6047306327447939
0.6776617666577058
0.15930283129471723
0.11994561604882559
0.2918679802855527
0.49942273399952675
0.1979315576082139
0.33541015179441125
0.5763721086145576
0.5325686577078703
0.42605668461777135
0.30608952677379175
0.2872030281792116
0.3042967316938904
0.6466794624653873
0.3395765977693148
0.2886547504974539
0.3706605950179923
0.28017694364282986
0.2157470056423595
0.193120061355882
0.30272041316552056
0.2651618665998996
0.38488322567063094
0.25693414614437116
0.3151728049308915
0.3083241873992991
0.2737242971107847
0.4350584974720433
0.40139057355018815
0.4159516876603976
0.4070218008830162
0.1939020045361941
0.29910148629159206
0.37038476894906147
0.44695524728023694
0.5118683529188748
0.3763419683457685
0.18049672899699132
0.42968471634776195
0.08484042221771904
0.3660351046996325
0.2595715915644432
0.42222582095246053
0.47989895871044785
0.3179593781871668
0.06970040313256565
0.4914029694160269
0.542849303357976
0.4568692742440509
0.423637676333252
0.3552959618845217
0.7049253127115269
0.263967554825808
0.41875372346959794
0.4149995862472573
0.41512643990066644
0.16548296676200736
0.33756301989978943
0.3472948959072454
0.9795053861116552
0.4069438957953475
0.47980287214943496
0.2673809185125835
0.6296991332549542
0.3771167378327287
0.4327093466252163
0.4786857059960338
0.28534155926521687
0.2335750361705199
0.5068366884524945
0.7847852061545864
0.36515172664818607
0.47215476912440957
0.28711302683554474
0.4611433778191132
0.4312309553518776
0.5234039386771858
0.39375481717333405
0.2906757257028104
0.3998300257049954
0.3198424091041955
0.42664101654548137
0.30762139949798706
0.26134273428894406
0.3404089593165074
0.4262334772641756
0.29083668906628035
0.31791663956882044
0.7120764345101073
0.44047110025693303
0.27163731802629454
0.4668409452158291
0.43139828077013087
0.44198204222939386
0.3228022692835366
0.4046924398345302
0.44298409180209397
0.492726421456985
0.4614959693132912
0.4330862306055313
0.44092774897861653
0.37923919863480937
0.3339439435962962
0.4325953430775886
0.59671812478561
0.9777964206437052
0.49686246456205363
0.2351010685699404
0.50613676656708
0.5362899482727168
0.49236607323595694
0.2072833966945401
0.09836634070047678
0.43793173705152155
0.44350534639174866
0.3851496476802805
0.37985307852491446
0.39459699298376893
0.25187181135079084
0.45116589766386817
0.16448490394518966
0.5660065719195999
0.5037488567260077
0.4572882737297643
0.5678062287908772
0.34150772213673797
0.5175671772918286
0.4904230529076208
0.1955117581774155
0.39889776765738616
0.32839928817113706
0.48230413678520934
0.4879974262887492
0.4856069651638816
0.5106518752681195
0.2955724442111701
0.3577906651749898
0.48281160098619946
0.6196012208622791
0.40688434601166934
0.48178626647995815
0.7429081301348521
0.4451839350708554
0.9866814087905441
0.253843874891166
0.4862970606754544
0.4392547114704979
0.982635940748502
0.47619342884386295
0.2822755365827698
0.3413809509482565
0.1847367572462455
0.45342510443625295
0.2903114523141681
0.44527416812565135
0.7209911951680078
0.266080098103176
0.46132859129700976
0.21842247690091465
0.5261830031148574
0.2768402578529363
0.47554956895803335
0.4143287465530897
0.4788637892055998
0.3840479000381428
0.28924720651436475
0.28244096641330607
0.3752079347847235
0.30536707171628863
0.24236565287184786
0.3616404081694711
0.4332837565935068
0.49433907200454197
0.5515835875171349
0.3480613678896942
0.4282757734221888
0.4291705785554134
0.6893336960541383
0.3065665626799554
0.17691247248405795
0.4055770281438973
0.4901307260510601
0.6683788345132975
0.5132766329570684
0.34064063370490694
0.3170731073449101
0.25916180673695355
0.6378799270704701
0.31555907266221594
0.20988422598237633
0.42232622118575114
0.4319454409688984
0.3999783286602815
0.3785373528204824
0.4663351607857056
0.2941843833402582
0.6152171321118729
0.31971715755410446
0.253571407278796
0.20303647447488127
0.32629214737519385
0.4077057806695088
0.30659921400044643
0.4092415995054305
0.46355892394058484
0.3051523941974654
0.5178601766367441
0.4039906712335517
0.15911833853004798
0.40566511059012256
0.3310191783434657
0.40613074937132276
0.42951223445717024
0.5534976982817603
0.5683075804017149
0.4735803315480306
0.31316586758798093
0.5334402074492317
0.24904520510052097
0.47199594498520037
0.287171562340105
0.40454479578031144
0.3728464375360311
0.28097061358441966
0.14809941569410556
0.6229822608729343
0.4105137921479163
0.5724567394388438
0.6334154387992885
0.4243887041299207
0.38401396903001084
0.39577298058534194
0.4125261842195693
0.46800003731670226
0.39785484831860973
0.3077549687319846
0.3971030048266573
0.5867496933225347
0.2639771590333473
0.43929466988869625
0.49971292025375436
0.2568246564239376
0.3836348524251174
0.34442605965000084
0.48386889152890655
0.5027881849799066
0.5453970947070896
0.12635983954475272
0.566300857553512
0.3469339276243032
0.6075041687565498
0.7929944820517818
0.40088979623913923
0.5099201504726596
0.6028791844729544
0.43049349323064623
0.33099295436376974
0.3632950704327279
0.5189616186843666
0.4327308667409242
0.4359602592572114
0.5359393758001868
0.9830981904256244
0.4924971576728122
0.38662340417722607
0.43930854075305803
0.6136453526700458
0.3227269352613511
0.2817060184995275
0.429577280776954
0.19176457804617186
0.45160166723995077
0.49885535010594295
0.27153309390230407
0.2295999461269489
0.5628047830240945
0.48108794579254255
0.6340766555981552
0.30798701767167125
0.3910978034730669
0.4037420926360542
0.5774831812917409
0.40231687714173336
0.3619681500234776
0.6299146955299845
0.3426878858782909
0.5015963661872722
0.2619272441894446
0.3388077239456504
0.1627410968208609
0.47810676404564334
0.5411551877373466
0.5381660257991888
0.47079209391774157
0.48532524065437554
0.27141158354404293
0.49400213287649153
0.4094601352519299
0.17362041090641367
0.41074139210939575
0.6945880561188182
0.5328186492314573
0.4113238292887089
0.27644410841436395
0.38807593295535536
0.32786075059978126
0.63497560714854
0.42187300131952343
0.35840111149317266
0.26283062490084474
0.43776886029715445
0.411010440890345
0.34680847949615623
0.5481707035143869
0.37331942333407464
0.5419042092487634
0.42636218742950005
0.45252974487010333
0.43848009698785795
0.1567941155086383
0.38178220855934053
0.35149958347150534
0.47031516132178186
0.5621689283033083
0.5893348551757698
0.986655550912048
0.6010192308836687
0.5182816829759285
0.44362597543954063
0.38082594607740505
0.6328884265009969
0.46652432227178253
0.5885200637248438
0.4275562463046394
0.5772364718363265
0.9968027379467709
0.4586003428457668
0.5031263682936429
0.20656786004025152
0.458927499492775
0.24906568993834854
0.7804693693881725
0.4563162056474319
0.2992682660251387
0.4850757340192876
0.7244415673213628
0.4573150464654412
0.4890200456935041
0.3345920437866987
0.18170694827379097
0.4629486222496324
0.4103139570404808
0.251213218640022
0.6290793784126449
0.3991234647182611
0.259107250437975
0.2817291040280173
0.29057912218700155
0.3094046172188425
0.1606246122513587
0.42304686200300945
0.2901297860732259
0.414049751981565
0.18398687127644908
0.23294311850261007
0.3496536229890965
0.6203072011247208
0.5632302856094324
0.4872650356543803
0.24631798150513706
0.3054791025968653
0.714847619404614
0.3400742337535796
0.19763428450543796
0.24943259028066977
0.25859197321587324
0.4984942374548602
0.32485971199549624
0.30851087748557415
0.5108964029522629
0.4445529828630792
0.9894598228666037
0.6500040443703362
0.5747436126295145
0.34380889079378063
0.5341838959246957
0.32939785634439245
0.39078170368028453
0.20384298114679067
0.2461945950716239
0.24723612207252255
0.339003190271046
0.9779770589469475
0.2389458851833246
0.3273649504805841
0.39970711843785267
0.22424253956779105
0.47345545329826355
0.45225426845926553
0.24074021829312975
0.359049910106368
0.3407800445469593
0.3156119748074988
0.25151533448780583
0.32223617075958
0.48126077279361734
0.43693410646111697
0.26372777835394867
0.19456473772492533
0.9913917555066546
0.3047197949059368
0.10884536792565402
0.4305550264233521
0.3176594524963161
0.5014981705546037
0.1688199856032393
0.7367744813389705
0.21571481346129373
0.3890438028129014
0.353010443450671
0.08468598437989339
0.4503449848064781
0.3662127117255225
0.3501829209830113
0.42304686200300945
0.33829404506415084
0.28942244971841835
0.5133657917119743
0.2317625149809861
0.4067444741910343
0.2934016033918655
0.36151163018017196
0.47695932118090134
0.7847819009701095
0.4835446530443892
0.365528582513166
0.2975030020847311
0.37979614231090464
0.26226112806352664
-0.01992323679779462
0.42090442516344273
0.3246121458531388
0.2793452699979153
0.2751315584042091
0.3743343519777036
0.3170710508135808
0.6606165453217367
0.27648724971571514
0.2392864422573353
0.30934466541877303
0.28947260018998144
0.40894656896551496
0.2567860055079134
0.5696604491638322
0.31579394701282437
0.4499589715546841
0.3937609289504578
0.38159294833778856
0.21504279479535882
0.40572241561482913
0.5080797695111677
0.2451995766745838
0.9845594546773445
0.38329510654678123
0.5175534661043292
0.2568607497993566
0.4779522573151326
0.38758561416872916
0.2412190421074797
0.2147857104569243
0.33799810488958115
0.2288607277936664
0.30896759991693956
0.27420625141921007
0.36156026590719703
0.3304477449131168
0.05352247258772791
0.31948693913848736
0.3256696462881996
0.4254581957681627
0.3923211394351739
0.047918508037823715
0.5135406368558781
0.3688814409854777
0.44873205431084784
0.5078296017948678
0.16649310988308452
0.41407279630772975
0.19042418655003757
0.44542214225191445
0.5339064159392245
0.2421699296782176
0.9779770589469475
0.384841877863187
0.2904891587083267
0.1750834137061451
0.2682038214901479
0.13073988357217903
0.0934242586028059
0.21288776546053212
0.3807303920230928
0.3301837790528055
0.3064822649626143
0.3652923576897683
0.6076136474120297
0.2207660644713606
0.5024404665962939
0.6404395002097292
0.18286651810859333
0.4424246807035157
0.2929785499895087
0.3781238829277508
0.47766099987774047
0.3566237697188588
0.5300810433176559
0.4200472357710443
0.3831728424450568
0.6242834809838456
0.12556283575669824
0.20709076183718023
0.2121642771273895
0.31179025436310737
0.2949681747320976
0.2746472761225084
0.3708732880893333
0.6150387724573154
0.31444665259866167
0.456204738545695
0.5524118402698008
-0.03153408802403579
0.39795889483068314
0.3599083933625583
0.27541550756251976
0.36328346718389226
0.1423456122908915
0.4575759348601274
0.49349172052320966
0.45809020255251
0.30935331388630494
0.4686678750998574
0.2645325082535974
0.259376167343093
0.34544517854948587
0.34073083318594966
0.38155638117821256
0.25813427802115085
0.2895427762639071
0.2917207976912597
0.2519355694334846
0.4939747850614149
0.2916347583161969
0.24828878905665697
0.3065889491682743
0.5310911386027148
0.6031905939967537
0.2797595482401325
0.3442096757458585
0.6723043032952725
0.30485081322182495
0.4359200392890724
-0.018143364181578914
0.2984725128349851
0.22135007386806305
0.4790839053388546
0.31718997094885915
0.3762023814124188
0.19831612749030803
0.40702186511771354
0.36722471163998394
0.37483598143554464
0.21925491669589392
0.3528747949263029
0.361313707168353
0.40979661414961654
0.13535747918547847
0.3030134555054347
0.3164490697435738
0.6144997316132115
0.5093153422917778
0.5091312793854901
0.314521550806798
0.24801329223435298
0.1821079564465049
0.45575066344206927
0.3108556818805326
0.46298607181489704
0.1763531805397005
0.34565700972665037
0.3896341130413441
0.2509210031220037
0.7054982004495745
0.24933945796740298
0.7313999411446322
0.49776348752358157
0.574460686887718
0.5776044029667724
0.2989425521917516
0.30934466541877303
0.4445021872485416
0.3101544160042915
0.37029259525485336
0.42899778530331745
0.5085490222296376
0.45015672255230843
0.2864530401286127
0.3894275317293676
0.25500422838358616
0.6666671498377875
0.2517347767924477
0.4881939934000684
0.2702688999519225
0.24904461754568408
0.6060597642212755
0.3522705910202708
0.5466399143431515
0.35140049987669053
0.3582643448299623
0.3443408491339025
0.4367868616299382
0.6662197659052057
0.3132788439763393
0.3779381067892076
0.602344306064315
0.2698421437688099
0.4034252088343834
0.5421734971923358
0.3561372545676489
0.46328305055549235
0.48570524475836185
0.24795550772919683
0.40782918455022654
0.6811980884908521
0.4943639075468339
0.467329372152544
0.45275060608900486
0.3216919993287537
0.2800985093855034
0.3116779619203508
0.46134768898024037
0.24893952574175893
0.5326249546378693
0.383157889190163
0.4205329388168404
0.2941895797785109
0.27351328728524005
0.34358320749389093
0.3132284167866841
0.3973609417286399
0.3612880358346644
0.47914222058992517
0.4417201894928179
0.33250955298113927
0.253242419684366
0.46485335371485825
0.36461538438312113
0.3169592376038618
0.49860755502927956
0.35351841100979575
0.5994008552740049
0.33458898511362367
0.2903110153962716
0.12882822617371625
0.343279327221921
0.21646827859943985
0.0955093219748111
0.2819820339317666
0.2890082081952583
0.2846986408599974
0.011645846706760943
0.3887281080355349
0.3492433340308708
0.35414511147495187
0.3180649595975701
0.3403271337521041
0.3916208991255903
0.30401303036564264
0.18874379330281665
0.23567284220576956
0.3783505951173757
0.30143177437312174
0.3574039559630531
0.3161770259923422
0.2710262435539088
0.1281619092627162
0.35415288292670355
0.4672090023386195
0.3180231815320296
0.31108884321752106
0.5350961389524238
0.15833887055121554
0.5073073201562328
0.2613999352551706
0.1984695000342328
0.26780500805099505
0.2604410054299101
0.2962604963566211
0.5633191187068249
0.28833302788447934
0.3316068335998318
0.2930584190879153
0.251860973389618
0.36894520200139047
0.6842206320284947
0.382764779253179
0.36238037883296714
0.2625612886351476
0.39951799976832125
0.3386603589592888
0.7876231100893842
0.32371133103768
0.3904269077592243
0.4269489599982337
0.28294655824155757
0.4746647263785113
0.39469835042551626
0.3429054885802125
0.3648115013268227
0.0991663314256408
0.24622671324422196
0.25417377734128266
0.46132203394934623
0.34884903292339153
0.22908799100017507
0.21944287868993095
0.22215700387492254
0.2980980999280194
0.330291759435442
0.21993794089793128
0.19654915866780687
0.3582585002989792
0.23408674609870672
0.282006517393219
0.57468180703581
0.3023912419189938
0.21677665374287858
0.3008889467589544
0.29589274117706443
0.37267841683464553
0.2738206611970375
0.3620934859197662
0.26491718063306524
0.2702065110855856
0.31663143730879906
0.29119032002976863
0.5663373244560681
0.35041436512434554
0.491537968571335
0.42628450910778914
0.3526133006612757
0.4343752469561506
0.22430676959513762
0.4529688951119839
0.37066469240988276
0.4060613066782601
0.3618947076316523
0.35043451817649496
0.32076776262206885
0.27741190870338994
0.320632482331245
0.34809277681191997
0.3763325911733162
0.544089068790123
0.2960533926368709
0.2672362938750108
0.41259520596976174
0.28013373913649275
0.5904635065830397
0.23726692963106033
0.46254135075500713
0.3092016547530243
0.3605863856456434
0.5481294629634753
0.5695941447665113
0.2900370191953603
0.23913588501048144
0.3841910028963804
0.3263115162942066
0.34143008766744565
0.6606650341120965
0.04965876656578039
0.3606717253899736
0.26446272692341644
0.4731707451727667
0.26445486068144997
0.42770196165816565
0.2539948376997986
0.3766554746978652
0.42270341411013557
0.4312187972450514
0.11335426762725098
0.5161355248111287
0.13933185101176537
0.3369572409669217
0.8240891515809594
0.359049910106368
0.7414589130416385
0.37111160660423526
0.3347363255844762
0.37883283509547216
0.5375295214089916
0.37267841683464553
0.25842221846743396
0.15362810230320978
0.2868247099493171
0.3222862002450846
0.1923428258553468
0.2928119087326182
0.3639258618507404
0.4591267265932035
0.4854180346340209
0.3658750624467234
0.20283038116157426
0.26696472741349053
0.2555911493815206
0.9897619339173441
0.5268092812133397
0.5466636781396499
0.26239054162559083
0.14363300892249975
0.29121529963741777
0.43044025362291927
0.377968172691199
0.2733362664157255
0.5803170448363031
0.3392776449873295
0.2690771740118908
0.5012570756344613
0.40978429715685505
0.3962119987866852
0.2422508440154002
0.22274289107656342
0.39451795511265497
0.35720610949002185
0.19463737824107818
0.1575165482424794
0.3039766107989499
0.19603383223442528
0.11181210013086518
0.42594523799921247
0.3246997220319595
0.24672830149720326
0.4279825367798171
0.32284583708631875
0.353045038100969
0.4048978345016693
0.4303153703802305
0.2720733040657841
0.5086139695739362
0.38087641536406325
0.5124705246564917
0.33946484188439174
0.36896863138268277
0.3069324237581893
0.18094228601217155
0.24140612631761482
0.3256850052675164
0.33795613320476425
0.4608924387879284
0.21918796150889774
0.7767524985012165
0.287773302972275
0.5011917057121162
0.4380526759287804
0.38897659105115556
0.377816606681725
0.5738515030117337
0.5199721015099041
0.45148273347096524
0.42390475102630654
0.3828190507843916
0.5476528984610984
0.27926101574123774
0.48960783210661285
0.24067399273206536
0.6692705766466669
0.7924213611059447
0.28244301265184035
0.3784017755262853
0.9753468997451359
0.40930624791775505
0.2725730664859164
0.3166822016766
0.41026497794873884
0.48182445897738857
0.49867210681724594
0.6751818051728482
0.3327893909133943
0.5399016104169967
0.5287448493077104
0.34892145017352083
0.5599022073825595
0.5924326084724126
0.36690369930679045
0.40390291437348524
0.23858327588091033
0.596412484200799
0.469964894596564
0.6861201062381609
0.34185969648701486
0.5706776358704472
0.3644097833909893
0.6266663930751457
0.5130269743398024
0.5711209314000907
0.9830981904256244
0.3893854865716391
0.2767313643850403
0.47236235306843055
0.5036806318510605
0.5437646686168027
0.5068980047028562
0.5413228415453641
0.415139933486547
0.4822704980248773
0.4455499233291922
0.3492618155292273
0.4571760588123207
0.217539622268768
0.38901509496422293
0.4541249040197738
0.5130941333689736
0.3062516910402655
0.4493061329412341
0.5268815978600936
0.3152868199429937
0.542208453009389
0.60911139328005
0.3247786390170042
0.35977689959305614
0.3956886097669138
0.477685546993724
0.36416406026058046
0.3486803395817273
0.5932937450898247
0.38121544286941234
0.6304753615145399
0.5151615647019222
0.21716102877840504
0.4081080106542512
0.2927128264517559
0.5784375976964443
0.3496607269906804
0.300699247710724
0.5866387222272281
0.36328415277671344
0.6834731205766372
0.3598727787149465
0.4720803317421558
0.47686345582227707
0.458699112798457
0.7613526833567621
0.3416635596470887
0.39408360548117793
0.9823273989928181
0.44198118968222555
0.291441546456104
0.25416317455321413
0.40197339255620645
0.4995480556886327
0.5107240528514856
0.4116399768181098
0.383055741277752
0.3740551439850319
0.48739825358588196
0.5702108152216359
0.3963072383487788
0.44297604422301307
0.37836370702870825
0.7101744414977921
0.613745525648813
0.3539779076867271
0.3304869479400103
0.4219714245512971
0.416750156306369
0.9928352907939865
0.4392418986249573
0.37960666715175995
0.4023070717023983
0.4689822392429971
0.27838871776479435
0.41633995843228
0.32747837317233774
0.3549196366996461
0.5405812547750999
0.6035148934075156
0.8047047132884957
0.35583628547347734
0.3901905385535238
0.4614742991877616
0.372657080242365
0.37820996982334587
0.6663392684429295
0.5064050972331418
0.5668364083835253
0.3920813365427336
0.45203876538642074
0.45195177430976885
0.6105780925875615
0.4091147111668031
0.26111740865391464
0.4799648073415298
0.6159894997625615
0.2581732604209255
0.5169859941409908
0.4288258135977049
0.9571992508099544
0.3030226624496526
0.3756105431005967
0.3221868203872926
0.6008869126912482
0.38407819771975604
0.4142156726455669
0.43297453311811984
0.16341851005914487
0.5857850703748967
0.26649475296751335
0.41597493793918305
0.6216827284675297
0.27301237012374413
0.3058991506183725
0.6796194639272466
0.37417551863280407
0.28071002420355473
0.5728333521393396
0.5698570588342166
0.3509455676299873
0.49334371239387576
0.28084315882267585
0.5652017177509215
0.5659930598895586
0.27472330064150363
0.415817136964691
0.5382312113480168
0.4859885475244755
0.35866884103194085
0.40940203243177686
0.41318983952966737
0.609910564439315
0.4313345291354216
0.4855054323695561
0.5428343040131597
0.2835343509909758
0.35537679907090125
0.6298766851861615
0.6042051418271397
0.31293932222353915
0.5190274521219168
0.37858380181475904
0.3357350634096514
0.6484737166339511
0.4423939291899054
0.27432822161783
0.9818053967242862
0.539639333608437
0.4605011813759907
0.1741981508398429
0.3540026927131552
0.45222998847337204
0.7231123776696329
0.6932283439076675
0.7675336559449044
0.40098650775835365
0.8184860752434093
0.9717105286939227
0.41414152835356965
0.34955564486991986
0.43505658160350646
0.45777534469245074
0.35590414442966334
0.5801183149524647
0.28253698559231777
0.360081051731445
0.8081750362936683
0.7119263296988285
0.45891239418604757
0.3197496988133348
0.31800798501018623
0.3594162637570817
0.6422352694952245
0.46703698488986345
0.5638513114228307
0.5494838246325908
0.5440527945272462
0.4007211137347775
0.38063660578106107
0.4965253793780634
0.5448618663870393
0.5175706724034952
0.4024616636943157
0.3664954707899635
0.5505505305152216
0.4818240187011278
0.42177979268933985
0.4833615395909391
0.5171753697075274
0.6652249760731375
0.4861078947156755
0.37406995389557485
0.5299228535962625
0.6194706417970856
0.4966360419125343
0.39742481752721814
0.24251171594100918
0.21269406191436735
0.33054320302692075
0.27999906415758746
0.2695060053912143
0.3147688298845497
0.2579011920898223
0.5182317132051512
0.7684973546697383
0.9314535780877767
0.8074688468231366
0.368594922984786
0.49270367514199875
0.2994033814628
0.49708313173993646
0.5471539748790395
0.5382679105628139
0.2575644174673317
0.2965645796775871
0.3636259109937391
0.5014693149059113
0.7052692651439816
0.4208828626271637
0.5217724493869145
0.3778580900561743
0.4184634775546183
0.6704253160337841
0.4647726246649171
0.342673636456825
0.6512597629301968
0.45330426478314867
0.2965274408588763
0.04394862935978605
0.9792634553937137
0.35000535845856606
0.3735916170919621
0.8916392980386393
0.4158824917184989
0.42888096724089453
0.5643776139479882
0.4553130585510131
0.37259959306264
0.6703768831763998
0.5958371222391124
0.3409616606911071
0.5733650549887923
0.6848480170482587
0.45373657757309993
0.3901813718292584
0.5193303530797991
0.42214751116066696
0.2411994356031293
0.2903736989717455
0.24729293778845962
0.48622752052952034
0.3169679126174866
0.5859349252787058
0.5810952830371446
0.4266447089089076
0.2422731004279879
0.32878360308519605
0.4604002032671448
0.46904660917058294
0.621638252442646
0.6583475965529788
0.41433120595086725
0.4950463981402756
0.9943410973959705
0.4057156502795016
0.3089518787684512
0.1732411448646376
0.7487197769979062
0.38779389894914473
0.3631309790649101
0.41142798626845245
0.7587725754913781
0.41807402818244577
0.34038606358309864
0.5551263557565037
0.3169491683294323
0.42564981356075726
0.3870234842107204
0.34963877357688844
0.3238469949831003
0.3954367214158587
0.2701143255286027
0.270348099155573
0.487419613109195
0.381776497828729
0.5269936355469608
0.5191698742156475
0.7611533167648286
0.5738491375394512
0.3511214130285705
0.4834174608814932
0.43833012659896897
0.9738985276334597
0.4130796147245883
0.5683171697325026
0.9846080793058228
0.5583285481401481
0.4336528125924053
0.48623139061047127
0.42562717691162333
0.486289244593866
0.4378652115706414
0.49882978985505355
0.597029960531394
0.5772440753820864
0.3351579218515086
0.6633180797958402
0.2880669514844838
0.5241172774926492
0.40409704441901373
0.5696029604128816
0.4501201976917737
0.2863312801012924
0.3901262081529211
0.48563989179059175
0.15637106102973952
0.2604038386470775
0.5577209940832222
0.387115345411272
0.23153749753498376
0.4077792166491361
0.33172656509515686
0.41753286496038977
0.40248203431990826
0.26348179878470823
0.36951467209639544
0.626955122859703
0.4151491633674813
0.5193416578512533
0.4506746893962209
0.3726863906311678
0.36320018486030914
0.52953056605397
0.37881364415196184
0.3979678293829356
0.39561391142252367
0.1473305114590273
0.4792219404158212
0.980839660690936
0.3197301379270643
0.46767062672635396
0.37807510099803066
0.3927505367513312
0.36424692264742253
0.5383880014177269
0.3079519234984677
0.3526067668763382
0.5900090358613017
0.49947513385412534
0.5734138013886856
0.38392286721088387
0.5588355288834138
0.20698287680840777
0.5609482096271282
0.5619320472268704
0.38517410756069936
0.3298210181161403
0.6388891834088255
0.3569709295240734
0.40699679568592684
0.4082073217425132
0.21422521868725175
0.3625943353984762
0.2737852189753617
0.17670975218135698
0.4844257033247805
0.31015530225627863
0.30494440339051554
0.3192438390255311
0.6547872671302191
0.4116855325297477
0.5848524129766558
0.4547709397539317
0.29842579180775686
0.38519373346393593
0.35355360500312205
0.3370235959718684
0.4202252273882655
0.6543869667967451
0.6646883704558264
0.5474524852603553
0.5579808968197889
0.41928417699193665
0.4048976160614721
0.479854120028649
0.4856014774694821
0.21317159035644329
0.5651310731264335
0.2471327909921085
0.5417002333467974
0.3879469373440787
0.40595503299740143
0.2777630589564787
0.5665341581230762
0.5049699296725398
0.35307803450306263
0.29140705405459233
0.47073375093829795
0.30828760351985685
0.5366933857176661
0.6549755715237662
0.35143970797033
0.3232715222306519
0.3668260042026934
0.27727992686213
0.35989117210393873
0.9794222018213514
0.3585184095174747
0.3555341797741872
0.7763172249812127
0.4449423239423873
0.3582825931984255
0.545677753419113
0.25726889312305523
0.2355773846525343
0.24366222949066818
0.42264110794218945
0.3146688086186329
0.42444487479780024
0.2859226707271504
0.4998810368817439
0.5205367639091139
0.2702463845790315
0.4435603302024007
0.34589559761006305
0.48280948220005204
0.6250793902067325
0.7269772303595196
0.5366829318070077
0.4458633422940763
0.42991320282452794
0.32155438353887844
0.3681659221548793
0.44052397233743057
0.42501536152647346
0.30109344998721665
0.3723119655056042
0.33057784137676505
0.5051188756753426
0.7724943113324535
0.6057161251825607