0.38193839033981114
0.3060547887831129
0.24183738678015587
0.5035604106541884
0.45521063491003244
0.43623007815493553
0.4657671776623449
0.29136244425366775
0.4025782525345918
0.2682012954456061
0.4726104582997941
0.5784197204028216
0.32615813411283834
0.22124931161820094
0.47223428113980226
0.4371614690197172
0.3325198122458273
0.2113598285164593
0.27168700981663196
0.33129510049366906
0.4432948333991996
0.6960642123868754
0.4552408820370095
0.41512619643533355
0.38041135760098554
0.73934662654992
0.5963888323778961
0.5480639084576819
0.5284736103731004
0.4679644830778029
0.9714717753940223
0.5807365947220522
0.6723131058323186
0.37290850245756
0.6313239268678787
0.5160102468292509
0.3388738613532636
0.07648037465560997
0.43950375226686744
0.662374937505527
0.6791235245451466
0.6601896574772409
0.3774350103994839
0.7122569115282824
0.583309909272774
0.5558829359515747
0.4574220857990563
0.5281057894770433
0.5834142237783002
0.5524527835377453
0.3371356525612379
0.4647486486082554
0.3052317730748415
0.3558247044616998
0.5912716198629364
0.39252620276829653
0.33008422505720036
0.2489462210449651
0.5735685913036173
0.24019414339357104
0.3374431716532075
0.7440822711117318
0.2265263566528255
0.37524450966484946
0.3501440322814353
0.5305219268557828
0.624407923113927
0.425589678730118
0.3754244386240698
0.5093808007677951
0.3587696060615678
0.41774947572799404
0.6956984796808003
0.6068035047018479
0.40926141814706063
0.687559681777264
0.32207888686779296
0.4599154288607473
0.45909508351304606
0.6521677371260153
0.6240690258944119
0.4439489805725019
0.2751374178953596
0.5446450743616758
0.532073469505888
0.6483317066123572
0.9857588748315185
0.47136588388077105
0.38794744295500805
0.2986373883316429
0.32262516300477095
0.2535877867782279
0.39301383290785796
0.33565465798073135
0.38226834430584933
0.6676564770728566
0.9641759470495822
0.26520571811909743
0.539208553447416
0.6239171677279921
0.5387314262480336
0.3527116661581571
0.43681521936580436
0.4325286831433832
0.6047080501844593
0.459528455246754
0.25575367340237964
0.5996672871505314
0.5488371513098965
0.3238288669804166
0.20936279290766757
0.20936279290766757
0.43427861972829995
0.5918483406752074
0.5729567267468803
0.45701309676325763
0.5824913417372153
0.6609038501558503
0.6609038501558503
0.3987854971803362
0.3308879602546553
0.4706202829102415
0.5050821105677101
0.4112402097356448
0.39903859817433773
0.5723616831019398
0.30314417581596553
0.474419137639305
0.5705476059010954
0.1937920019109518
0.29746052519545507
0.4855651294581782
0.6581673172705208
0.3707362172599089
0.44968991181052986
0.3688876859378012
0.5213076631802509
0.28649867447422395
0.2957070716178305
0.6607416084321758
0.697053712034571
0.5768527460675836
0.3179916238963275
0.688812276880085
0.5384598932205404
0.4830668786077976
0.5977702720598743
0.3502761863664414
0.6058754096690412
0.33410101012959603
0.3367514779106091
0.542360471912627
0.48963964810111826
0.7887834317026307
0.46420056001861276
0.4768835095840702
0.5007934449590606
0.2325981241592836
0.5627124821357236
0.39838037297025863
0.5566591413399504
0.38851915235535883
0.4122233830753508
0.26090063386723417
0.395842770025606
0.4108648431643154
0.37673538304416254
0.30834325849751554
0.46696061232767094
0.4679514413639786
0.4581753213666846
0.3705954645810472
0.5116182059212906
0.39100307997881867
0.5810813389738742
0.35791224194638604
0.21592724819380105
0.14763333643122833
0.1997313942138833
0.29338073979768775
0.37834345522858603
0.3911111824297754
0.5275347116306338
0.5947441526118569
0.3779767151666592
0.3453652588053481
0.17161852846840198
0.5379934920057603
0.9748713405284347
0.6231406679699856
0.21096353637537946
0.28434348725708625
0.400007990234024
0.38100063698672626
0.5962161274201416
0.4526241062533808
0.4047866100562134
0.45874599151305784
0.45462036108795756
0.2553414690551853
0.44740539021659864
0.09285464097171714
0.40716803049759076
0.6255983610420082
0.2540753003712961
0.466788699113297
0.988078970615757
0.29901550064280547
0.44203274961005057
0.40482128992163535
0.6048846717761849
0.978876579984247
0.33970312812787595
0.37434897472697926
0.6607112258632408
0.41592117235017534
0.6637935624220633
0.8958966239458817
0.3747550514902629
0.1971124601412808
0.5963291866480039
0.3021956456060788
0.43738949241578196
0.4168695177727093
0.19276498320701263
0.35651105180565934
0.42943414596702023
0.25873815815500234
0.3179732734288834
0.650490284776904
0.27198974817991006
0.3269922999639443
0.5626029769174196
0.4166894127419605
0.24746472620832827
0.4617437940694099
0.3185025515314407
0.41039362636047594
0.5962611848078787
0.5030081185051032
0.3483133262535514
0.38056759979369414
0.4633856617944163
0.5468546539285879
0.9794618565102425
0.9794618565102425
0.2966730819417449
0.47364695269179
0.2768936773304125
0.4246935821817812
0.4103341181181168
0.068454955625459
0.6469824919910157
0.5487221826027658
0.18714236261380834
0.5762743565137821
0.8144791016871615
0.4155537046322769
0.36306924290356213
0.3922750813575704
0.33134993572289917
0.5068100649789415
0.39846052979429714
0.4694383281844664
0.40483700563870817
0.9646051837248705
0.4000954917949835
0.21202169209750577
0.3185297179634915
0.2243144205775951
0.4003384884822685
0.7099545421481609
0.45588886121546657
0.20370755077411684
0.559576173323969
0.5848098338139998
0.16154252894847843
0.9802411205769203
0.28600645649587686
0.32982156112817196
0.42064979841737105
0.5627386421269599
0.36199744077928764
0.5292729513128513
0.43245552332063286
0.7713553320887896
0.38289696149407115
0.44233720604074034
0.2070262497058809
0.6101717987265974
0.3765098423701658
0.17876232066719155
0.6758956753372188
0.24199341298308408
0.3833630015679912
0.52169882582581
0.47640274234648183
0.48216015328087436
0.3861767588834465
0.44468385737451765
0.4225050459519901
0.17114793575322107
0.393855382849583
0.7377125410485974
0.400712057038787
0.4784597095504335
0.28988770686866216
0.6768180166845373
0.4541707224213303
0.47029020579362624
0.579648431306774
0.26373950154902104
0.5136422528167329
0.5357666427624932
0.5719890512967373
0.36947145596575637
0.4813965031529177
0.2319816887649575
0.5111332320717137
0.26472126869016344
0.41034569829182965
0.4068800890747075
0.5745949717556179
0.26947284329800225
0.4875885302378298
0.3021724580447396
0.24724682516457985
0.42070285289242704
0.6189066437148422
0.32080717456143903
0.43753306983794826
0.295807713363769
0.5940870546358504
0.4271355888069368
0.47501519477677645
0.7126753441247135
0.5721864310206536
0.5423123307413361
0.35791600580382676
0.47995862770207887
0.42528958797065186
0.3240654561991396
0.37309509716821754
0.38730442163375767
0.3641532380646999
0.23389944524681827
0.18202193708153547
0.5861838186048665
0.41178882571611664
0.4336565797086047
0.41518945822560505
0.33071820293154974
0.6201254083237255
0.5961555483564855
0.3896456397610921
0.3914350203034661
0.3314673395490061
0.39401425663321366
0.46647517588289555
0.42431722297281893
0.21687812143010043
0.147608464289408
0.6806109115068186
0.76127660493246
0.5308996946058413
0.7118257149798279
0.4075872435999365
0.41902587382789125
0.14421643980988796
0.649130705675514
0.4060236613516581
0.3647078964263514
0.3287049560281905
0.6264899108145046
0.7818490637266775
0.6103610561351076
0.4981060658246187
0.4558656896333315
0.530046773885271
0.4617589878584093
0.7741484676990563
0.4044096106513575
0.4693505612709874
0.36559498315511685
0.4569566656019981
0.37879153649547903
0.40142288193449827
0.7360945281052452
0.5795159153516333
0.2262867270413662
0.48377658242429655
0.6561896647047623
0.3967428666427817
0.538959425220132
0.25349986260002944
0.42392335084400123
0.3903585269431853
0.41013112035109645
0.29563908753558465
0.454733264142666
0.4598270811298053
0.4510936691853191
0.6103226450468944
0.461165011403871
0.5167809282832593
0.6191236331710486
0.6765088436216815
0.6499545112187277
0.38100190975321513
0.4747746319555305
0.809790594892926
0.4279272697405978
0.5475994745534212
0.2800330949209746
0.4029750743517553
0.3035938312666171
0.2157934953958517
0.46074812521727937
0.5739050637827999
0.2791798239991805
0.7545519062719257
0.4716788226112294
0.45775953312697515
0.49011459747978237
0.4563966311441554
0.5096239836055418
0.14886640590702216
0.5260125887188706
0.525520967193364
0.49604005870673396
0.3520431881059418
0.435353460532635
0.5302696172857316
0.3546641269578844
0.5409020837383602
0.446695445024091
0.2359779011617813
0.5568712398871603
0.6332070011410031
0.34141531887869925
0.3694616388275116
0.40388669716063275
0.5116377658658078
0.540058419532372
0.4253264643374809
0.4784299372391082
0.31104370908278556
0.3199643045600934
0.7768819874132848
0.43131012231441934
0.34804872177182133
0.4490534592469777
0.3692902266852779
0.5912732388966729
0.3695397711856727
0.38529654721160367
0.4798448082800052
0.35443813274061775
0.24861485218088886
0.07327264127167876
0.5228274090078869
0.3622693473814427
0.26541022044872886
0.2135311745686923
0.47750716131246873
0.6505619050047093
0.3823196463465983
0.41097801703719283
0.5242880654785532
0.22308315887427144
0.5121129084860568
0.3632941711518364
0.1566668484623781
0.16014466854677645
0.2003882904294243
0.40367092312397335
0.6055371378890014
0.17255372249485723
0.3870418239294626
0.30193146867766096
0.5278714286057034
0.5110993819296439
0.33002675185962327
0.3647770743435492
0.22873654287746037
0.29007288472590775
0.46018728841013967
0.37499849403684515
0.5549204004455797
0.33759810797961487
0.17243886683952092
0.30753845213257036
0.19066774152137922
0.29020500334325616
0.5325734034088063
0.42903309654342503
0.5512355184943282
0.4466258240802219
0.2741665261961723
0.43861835187942744
0.3463743488257698
0.19485273865509656
0.5885808606857683
0.21414192002701804
0.5089713642347595
0.5226104814397328
0.49525740502377036
0.210071162764499
0.41101446456650936
0.5973789263048797
0.44056711076807165
0.13839308565826824
0.44151295838243176
0.21934033812698261
0.7665487932562138
0.4504699634320881
0.4713543277221236
0.4831381283350107
0.3231326512010475
0.47241120161729033
0.22480490156226485
0.38067945023554706
0.3443213828708085
0.16931886487330272
0.9434046360069301
0.47651329498534933
0.4880634373436403
0.8570564207090949
0.32755058729516406
0.4126245901495915
0.4333223403727935
0.7961466327004567
0.2720358743899469
0.07054800322433818
-0.06416030159383235
0.1864294259080863
0.4009932997332417
0.4923594093364029
0.5674817989729504
0.14096071360655427
0.5816535511793299
0.4789334979057016
0.5795588346928231
0.4803645691233147
0.47484281615344326
0.40456240506482855
0.17818481432470756
0.3362422284210461
0.3655440891884536
0.32264826153227455
0.10287044579694726
0.26053140446244105
0.7650980116893576
0.303432092576594
0.2742142111795913
0.2549537456174449
0.6496040565748331
0.5868032423028244
0.5262715243968666
0.6926742569658444
0.21137392257141863
0.4031967285476641
0.4231249528501977
0.4617705873347222
0.6618285881344941
0.4042972797689014
0.18979209080970483
0.19675183010219222
0.28292880499835593
0.3776829674763533
0.6063516925215453
0.3838417046921382
0.440513906431207
0.1870154398410213
0.2675553504084278
0.5593735764466556
0.15285665937267834
0.1523267678702227
0.219400209147687
0.6334628990789279
0.28021512941178406
0.3426593683239242
0.266312691163028
0.25061814188282594
0.13676032106316371
0.57587223961063
0.24491431441364786
0.2234795699404356
0.6109864424309426
0.5092277179371695
0.6072109556549983
0.13567706365930787
0.9682986746701671
0.019740385797156534
0.4328809099426054
-0.02103019870197187
0.16986421771236015
0.2830539826964541
0.3152090215142611
0.3183604934726233
0.2971517678471751
0.26522513141492166
0.43722401172929415
0.35560896289052124
0.4946643390527481
0.2804827212327532
0.47160709043054294
0.2675266248645748
0.5956998328234295
0.49611956965881343
0.4742654340833147
0.15490202308617895
0.4826509947020885
0.3301060708417729
0.5086466409071725
0.5391578251896756
0.18784388360347648
0.9759569512939991
0.11032387741737903
0.4558954906809429
0.2804377443928111
0.18033751522873587
0.34889898930079954
0.13520936764628233
0.14987864424444486
0.3327699166715591
0.16693769288557347
0.19666041563340264
0.23159718595917023
0.500424067488765
0.4637920299478402
0.7027482355166683
0.5679768175314466
0.4018369573401189
0.332065569214575
0.2382591233646446
0.18894088643523155
0.5241768249149236
0.1467056421479993
0.22644125418500127
0.14145279650956777
0.06570452268861504
0.7815339129189127
0.3781679685906054
0.26308508124854846
0.2603711378762599
0.42409284288706384
0.3445202244182539
0.7327270518576294
0.22644367312016855
0.590388120283101
0.5256929902047015
0.17804091421172297
0.3979650021752721
0.5474257266409206
0.5522242386611687
0.4081973548611961
0.3024780913158698
0.28998888288520597
0.9779073646447269
0.33007405539735957
0.3146334463539737
0.5404419453572082
0.29022451381321357
0.5765187391516569
0.10174533312356204
0.2683151080769193
0.23048843386799223
0.4537865444454676
0.5688021815242712
0.12652671141314675
0.0883521016170693
0.12200773153547395
0.18928101622634896
0.23836460287303596
0.38834695856824597
0.2599121493837525
0.5449687339838574
0.369144524506294
0.5080647773159794
0.9928951206264907
0.4991178335709534
0.5221454676373221
0.27832928862576967
0.2859411884785801
0.3234188672542908
0.33706282147209254
0.5399582604315634
0.48621943131391443
0.5918251870637711
0.6648389302453103
0.6482782704359815
0.1620374692738059
0.3613244396849573
0.4426761586346385
0.4575545823666247
0.2978156694084295
0.5032276602824162
0.21894762563855352
0.22858441444900968
0.7624126828691149
0.6067605193253387
0.7879207151565383
0.23541862579462702
0.37375425901385695
0.2630934871563886
0.3074042323245685
0.13654889930615022
0.4548043983990835
0.3467422764331535
0.43643784819531817
0.31430159598988094
0.17850869812564207
0.5603770201484979
0.45334142022102597
0.38652670764554287
0.4131957551391564
0.14617146567371053
0.3172590925200406
0.5282343097801776
0.7363227036388538
0.3009010392547007
0.20785847436581661
0.2573504541959586
0.2692907717397637
0.9494178615377324
0.4230841937407399
0.5510735953688491
0.5741411254103499
0.2528512169855319
0.28128950796826424
0.5601894441043834
0.47356765058441896
0.5982092743041751
0.4754516929413053
0.6459534507641543
0.3619042584783907
0.4460186569636191
0.20415403373122776
0.3581053146696739
0.9793377460089311
0.3987689186184509
0.36844410152602736
0.3874831650029832
0.340357872330333
0.31383959971782893
0.3242199986771772
0.318538202774038
0.14345524010447597
0.3385321970616315
0.28055441789168967
0.23374869446022195
0.34464226367054995
0.24194353859286677
0.07931306936634652
0.17015761267469343
0.04421484093072725
0.18472491688793824
0.4411518813697384
0.15669470752969805
0.5416577868458949
0.5416577868458949
0.619346003218026
0.6175660574835483
0.2547685129074304
0.18974774241482395
0.5767768154977035
0.2289077506810302
0.2887672115565114
0.48006787241859894
0.2196069758992415
0.35098379312553285
0.28835313717058253
0.3160821404511739
0.284567957128141
0.36756843646721205
0.19634440759256933
0.5407399847158152
0.5072558866191343
0.12736989704081236
0.9776970808848248
0.2398661550833452
0.539777244132756
0.2934199637956285
0.4076812561764258
0.39524579181222275
0.47796283009830176
0.381741956540395
0.3106618522708796
0.060882634184964646
0.39276722246533
0.4125918817290206
0.3212480810720907
0.1508019580138502
0.4425224992714597
0.15648289108051194
0.47014270494161536
0.9815444648924028
0.002818466197256453
0.45425969151750945
0.4391152336389703
0.29775410890715603
0.31750389927597067
0.535250403097238
0.275825720264848
0.27459363123940417
0.2708761991788904
0.15278927845260826
0.13864501409290786
0.5531524300098016
0.34085653707007846
0.22591002145256422
0.49204453768912826
0.3320243107231722
0.5707556370759383
0.2762193873923984
0.18392056679695612
0.2656645289914825
0.15027366312474044
0.4591371738054343
0.5877608640109936
0.9805997704656466
0.8152045320072201
0.23435255024636337
0.23037075213222158
0.23280067736817311
0.04286339403474093
0.25166712098807253
0.10747995445768532
0.3031132079368878
0.46461232666798813
0.490783936410523
0.27122775282824696
0.2543919344578972
0.46921500431476526
0.1801853853035491
0.4253067793212124
0.3519152443234185
0.5047326894321433
0.5085398315545665
0.7700165516242485
0.2197324412574635
0.3305235083331759
0.2861713857540611
0.10060428252580467
0.21415281346912007
0.1388983355733604
0.5000072541842198
0.5356772677891606
0.6287442496795845
0.3713377150031587
0.4539396828021214
0.2049455309347521
0.48707324553428855
0.4164765633050844
0.3804381264376092
0.3070441927683385
0.23172202948704024
0.6804753186083191
0.37187881493703356
0.2762761596389993
0.28738027646433595
0.43077316736388316
0.4165619347484011
0.23024457100131634
0.3931331353049099
0.3149644588621916
0.3034496639499089
0.3493897302418155
0.3404043332397031
0.8823377658363863
0.5770769140108363
0.20738378921839495
0.43482707292649536
0.4141295307473145
0.37617487471550615
0.36925017509000646
0.5860045441788518
0.26270885544758105
0.41017283718568653
0.4527631620386051
0.23435856047076087
0.4278352830207458
0.40213689199792757
0.25406565111457313
0.6292185503182082
0.4717315556158852
0.4294651507639342
0.44021751998049774
0.36343123953661294
0.3847957659212501
0.18993566159728092
0.4390678163019708
0.20423793938199952
0.6386821179421407
0.6087216560817094
0.4043340389637735
0.4043651647425305
0.4725578554559501
0.40000502680820227
0.3514965360645653
0.3346162633286234
0.1305354767736676
0.3721917502720917
0.4636370166337156
0.47601338070605637
0.40172449888723527
0.30108876213481794
0.47041029928587164
0.25079897967308495
0.3754005317616623
0.4449595701103569
0.584057285107014
0.2745669897051888
0.25597804726983
0.11370727929096491
0.1990354812881806
0.2506887192377505
0.6886207866247636
0.23347061784069467
0.16101777182712806
0.44964488241924905
0.40652063257519866
0.22033842548837568
0.28915840378338664
0.25146580103024885
0.3463708365018321
0.5354262119659258
0.23226040254484037
0.21854277724705795
0.5145370746470747
0.9745646721656258
0.31215178504855556
0.303060830590582
0.27840041736612375
0.2355043909303548
0.34505172983398424
0.43348139360251947
0.22793457542340567
0.3698368438400005
0.43149678036689143
0.25015185479250035
0.2805510937638872
0.4566316551317505
0.4882585037365793
0.27025690916084644
0.1515471296393014
0.7730849700139913
0.31244056791248
0.42394893963053815
0.40606882870403815
0.4645792816645562
0.12031510914677457
0.333754881152736
0.4836954917371237
0.3836765766285982
0.6071677183478823
0.42704786199581424
0.4872861391671487
0.3882647538967825
0.27045958367460454
0.8141975949580617
0.5639903759489475
0.33053463019289
0.2939597864836184
0.18143765511593046
0.2675973827295881
0.5333425587906768
0.5781872818985653
0.31468962755263097
0.28499192263162576
0.4676969426909475
0.19849888520132752
0.1822128671721298
0.08909171897098189
0.3607531307196232
0.42451567777209187
0.6087519906164409
0.29925946860018837
0.5050618456480185
0.4036928488212075
0.45144455322859
0.5263613300122855
0.16780218336013508
0.3414490147054299
0.43366746002878165
0.28490924268366014
0.3014847114320043
0.19944942270297794
0.20531539061830228
0.19436138132083758
0.4904405214898411
0.45528196076163197
0.6110513572851992
0.15074770131204795
0.07665191729230891
0.3932252811095225
0.31032490243879174
0.2558885535085662
0.3923955992345334
0.6156073719314181
0.125270409766425
0.2845161310767238
0.5740198091079765
0.4427108680359345
0.6400031579994372
0.00769598390986459
0.3538040544237888
0.4475155531862286
0.4749481038898983
0.2017098806161508
0.4617671487077094
-0.11212510273673004
0.3742459311076801
0.36986386466137855
0.3493939603455076
0.14752610041577596
0.05351083454704131
0.23549682167397656
0.49231150437077176
0.35528877910004575
0.42934808705903404
0.5736764744298337
0.3227738222419302
0.22708616961731742
0.2300810908441886
0.15622666712887812
0.03356717579547985
0.3429713172241948
0.7453792352138877
0.45464656001585046
0.1793570345274188
0.3474933144687522
0.2328235541904603
0.47287321537184446
0.3977173540189387
0.31683913488311777
0.4390490669964031
0.4218740988692895
0.5882278950252605
0.6073250367921249
0.3593870444467535
0.3771018006806335
0.2080597656500185
0.501508086558528
0.1968817818358648
0.2932538358654979
0.2575326714890567
0.5621423129677113
0.3363820695955224
0.31791765225489454
0.34806550267268843
0.31788084690418605
0.4788395673288467
0.17598313564733425
0.39794377992155194
0.5665023970162522
0.43194340088235317
0.37943179342563815
0.20489306958339504
0.14913731657410634
0.3382091585088529
0.35623808087023057
0.2814649235696236
0.637481498898593
0.45717955253978326
0.31237619900929947
0.42908575143523753
0.5308980005539587
0.2992511011930936
0.4141001646585596
0.694008281248162
0.29968737810425883
0.4043651647425305
0.34479605852497075
0.206017401441984
0.057409387697769154
0.7361602774733256
0.7468204066351973
0.16778680992788575
0.6001670905741641
0.37403045799373436
0.22936190943349644
0.40342388735810175
0.4239634661977466
0.1778358107481346
0.38171558019582696
0.45951235727685125
0.29006887896837996
0.4819571769508719
0.3534435561647402
0.15134920391533369
0.170521680325614
0.6315748521707616
0.9818528124524769
0.1774242332829089
0.22299828833874358
0.4468624813663149
0.08328013064970885
0.43643870361117754
0.47212331416151454
0.41426064403050655
0.492440763905031
0.27331027509112205
-0.012943444677715465
0.2217090614295948
0.9763640096017159
0.11345563891422583
0.6730775419059588
0.542302890625938
0.20701020332475695
0.38283226547964544
0.40713566308266147
0.5058593638929924
0.39187785009016773
0.1506866033794385
0.09911559269458303
0.07700835800521799
0.474149431378995
0.5410573658297317
0.1937814430291238
0.4319159112919039
0.7927292937791476
0.10519351228972562
0.2782704774846143
0.17105170648467594
0.6301138438696723
0.002096884564520729
0.553271792806967
0.26210151925346725
0.27819634932400794
0.41722764187353667
0.37217975164099537
0.3263850876294634
0.26076170731770865
0.2484363005338902
0.24607295284927178
0.2955243817351797
0.1720696433726372
0.22314899853280967
0.28242602384695203
0.2144985679943643
0.5047842858154793
0.2924936746571619
0.2598654874994718
0.23329073945628487
0.15686501774769424
0.4124210971412403
0.07629068767216207
0.6450526154795115
0.44462211913640204
0.28544047880016366
0.3169686604602753
0.5324960989186996
0.3567479292040525
0.3056103912427143
0.31438217015992587
0.25740071252202945
0.617284173844928
0.4727510032971929
0.3109974342635662
0.07651597644579344
0.03255145311524121
0.2552563002332775
0.1921548894327284
0.37187889866233426
0.2640399799403863
0.35568225629354444
0.10865102801310444
0.3541665715257022
0.2718750951407023
0.3808965711961627
0.4328144705305672
0.2844951775298922
0.1748169072625272
0.35065908995514117
0.2678322785251299
0.3341676208989981
0.4213022693716858
0.4856942628771812
0.20238876910389192
0.2802230010453257
0.3101762216039129
0.49402267773473696
0.4106919329892911
0.2868653444859378
0.2889530505576454
0.24593388971670538
0.1147006027266555
0.32381083201079264
0.1452939925143194
0.40418993195409036
0.2856084286906845
0.33609132936537
0.3511823489282574
0.5407524392086804
0.6457392895369647
0.2402717167676509
0.40868393514805823
0.34333575344435563
0.4305377527690628
0.3527153340232796
0.1613008475238462
0.47673330573506667
0.26394893112887785
0.6193713518014908
0.3234376818555187
0.2520331554704971
0.8228518539760721
0.3552717178204471
0.3039364126030617
0.38411915240611616
0.33811166264395387
0.24128251933510114
0.28545902422863045
0.28303219510851507
0.3087463721936021
0.31546317069188023
0.0984883042222151
0.16553474883766428
0.2730599673397437
0.4440986991875183
0.2591374522053156
0.30648782832055343
0.17286455260477684
0.47379811062829247
0.47578068160626774
0.5140951179170226
0.6255933971667151
0.6430418447704122
0.3160709495937639
0.46915280983297913
0.1682445540636306
0.41077344192021414
0.523595500484054
0.3257033846382561
0.3239496495718317
0.4706764893382889
0.3709723560122209
0.21726091640633927
0.4662024642661238
0.249062616348542
0.32174048529781674
0.4879529562314462
-0.022505489247392596
0.15254592974728576
0.37385101390352227
0.3300163876286992
0.41415848459423055
0.4021545512063387
0.09462532456953376
0.36133773054710805
0.09822890931359951
0.07509624284613936
0.507998842414126
0.2295062444453566
0.1719551601456828
0.4460590983087742
0.3829036226660275
0.27639232165850747
0.260818861829045
0.44872783356103874
0.3370910414451156
0.42339926510817805
0.413572293986855
0.16581404048411819
0.4879546929810421
0.2728364617176806
0.2878028326898183
0.28920090032348633
0.478515758618287
0.13605524311255168
0.27400317601043755
0.32321091960329085
0.4726249930086399
0.34344523519784964
0.295570143917267
0.37744655494500035
0.24442997166356262
0.3736665802909003
0.25472018935007235
0.2395681283492157
0.31539420355636216
0.2363266136848452
0.21843765109716606
0.3726152887542552
0.30729507449478344
0.33598634727156074
0.43274684283665177
0.1663141011792757
0.41120969171324173
0.27293193569869567
0.5107997604569348
0.2730651869330123
0.1419334314609646
0.39125895453152204
0.5258555800632099
0.3310320876063434
0.37271174070269897
0.1680213605135421
0.44444759170186154
0.2683737242610639
0.20874440507444736
0.2985120739583311
0.40731390802255196
0.3823798794662925
0.07965547494028269
0.40323967346008516
0.49625483714497465
0.18774462393962588
0.41706686533600057
0.4878194485082674
0.4819499337965498
0.6452798799747094
0.2500873200680478
0.9950147870101972
0.47794797724297355
0.2831340873645424
0.30812353151798577
0.5276150710126934
0.37298153463164174
0.4150334125624817
0.3252862078469221
0.3988599513130294
0.17292692775597418
0.30840938856685063
0.4154071741498979
0.23110962732135198
0.28696154049805633
0.27213944102531296
0.3894166032668618
0.30449079958638847
0.3049002543996763
0.2333267365151599
0.18011191628605494
0.17874965363369522
0.23192577184266905
0.21013360520808233
0.3770960219002374
0.3544489981195572
0.13148224100775585
0.1502883781336135
0.36065387238756363
0.17439134623947106
0.4860549021396503
0.151344330399672
0.26102943316030813
0.41656936088015195
0.29858012837926284
0.549203962478904
0.35510500675894485
0.3530350280050689
0.6075975377761302
0.13660453942970574
0.38729923391905174
-0.02227274693958803
0.4915026571847506
0.2385335742444239
0.5680852585300012
0.26135868294515974
0.2697714419920939
0.27995888884987274
0.14648501452400042
0.15387344258816615
0.34346496932504733
0.16760105612847465
0.7409715985253006
0.18229750692037427
0.23516615552427533
0.23931823600688917
0.7126603449311972
0.6751634974323675
0.7494670238107842
0.36370311051854975
0.18562855090607866
0.3769368866323415
0.4177038494070596
0.317048591559586
0.28094506815229003
0.2243066172617244
0.5137210617046166
0.4916250586808171
0.22466783290365566
0.14732098105494573
0.11740184111715601
0.35558258890371786
0.3477939214731882
0.2672306038111716
0.3581370063761278
0.44597530293532706
0.23228338086118483
0.13378734438698636
0.10609085408482055
0.27600170151332426
0.13358885871080428
0.14675199419498786
0.5436140353973109
0.26495036247939185
0.31000996072756015
0.21398309310348496
0.42800738423271234
0.5602462930519068
0.12690144411640103
0.31737043025004974
0.6795531958970573
0.22292836660862614
0.32994681051508556
0.11049963143018382
0.18833450466080226
0.2657841414531812
0.286105857569141
0.26893508070187333
0.581684476327002
0.2453655486805757
0.32584515687160087
0.4933152565296801
0.027321072713694328
0.3538397552882072
0.37314655963113563
0.23276813213410108
0.24516841004078893
0.2211912909681879
0.24488402590333558
0.25764087377395906
0.38489278467300325
0.3964689845418339
0.1312831851484757
-0.05970333115816673
0.3934787830420958
0.08765097414766632
0.24071886847195545
0.35809030912263373
0.7275225000302331
0.4696903976015786
0.17697134762228794
0.3332050047921664
0.24360149549520793
0.42655510649608375
0.7015379051363326
0.30751323124882446
0.6076209434076945
0.15846458294736654
-0.021207733537117912
0.3470008192777001
0.1283509266074141
0.25969143951927154
0.20728564796191606
0.19735021898212957
0.20053369040045743
0.2174738759810786
0.3869038190049765
0.3998047059020776
0.4683339904230259
0.1158970195409108
0.3618533000586788
0.31847297906162897
0.46955963797508393
0.40404027009719456
0.278435736193575
0.18919354650500886
0.5111814792636661
0.3718639220081126
0.14969656343709792
0.6788207519063543
0.4710730731928656
0.43483362241441725
0.3620574050057863
0.4080017845534252
0.2573544854162927
0.27060189911768995
0.37765313953550683
0.23817323246418765
0.063865052701219
0.4650152609964632
0.2908208750393606
0.4636178558161793
0.22703192978807407
0.28525277543440763
0.24915057653287542
0.24717604231690116
0.23440921150500083
0.27179032805352754
0.3442683129977493
0.38651224521683525
0.4764583050241207
0.3539564766700821
0.2858721963970996
0.38648967471413065
0.46720841279616077
0.10905165221393887
0.7195030003975436
0.3480391977118301
-0.05218673316984912
0.535645038832208
0.15249764747218597
0.21263690856546613
0.325824820658981
0.41409626142861766
0.21362232032020312
0.34688222170265104
0.4310471892477673
0.41219887821883927
0.23106508405399595
0.18516889198421693
0.422310731147712
0.5718361755369524
0.36614786934687027
0.3447676970179355
0.35432841217312716
0.24946764815762335
0.206661770368195
0.4440543512798605
0.7988651261237725
0.17125967634339523
-0.01551620565270695
0.19273962384172227
0.25753391172633655
0.2457899575049063
0.31590113760854355
0.2466202346473897
0.31478100552896937
0.162496656160958
0.1947137606803001
0.32692997327279505
0.362348051009596
0.29266798448428455
0.33523705470072507
0.20243502018486348
0.4156092077471416
0.30488890177376626
0.24124546494094845
0.23727615004019076
0.42181030235501304
0.2842589074705324
0.4648663739518386
0.5769136705722151
0.415254380648433
0.17962564126387515
0.35929925620793424
0.23342829434523504
0.3433511152593778
0.17342789944766945
0.36548735513787656
0.1792462057478439
0.4372951965011511
0.2385210965653457
0.3364820733659615
0.21394772460104572
0.6262782019985289
0.3506929023157902
0.351382371691803
0.43802743241240893
0.37873354581746765
0.26554003280050176
0.32463363885291174
0.45642451146566143
0.3642223986365667
0.27977947911417267
0.2036321926109843
0.23241601913399168
0.3458000121779319
0.39311826470250466
0.24907060471697007
0.3532890843045521
0.28740601927139053
0.1677850891149495
0.16330267134538368
0.2126483376190269
0.373283991634383
0.47101532400291934
0.345095954988173
0.21551444687119248
0.07738543592992264
0.2676751748469739
0.18243113131772026
0.40048395742006715
0.22421854296265553
0.27316661080500093
0.401267590534909
0.5193900329053805
0.28539888224273435
0.40465927824927883
0.3066555920932703
0.44276557479942424
0.3945978873616901
0.39777335030730154
0.17401027037848227
0.3871276981265306
0.13969978812154538
0.542887914949191
0.44267540067057776
-0.06979979033045103
0.10422355019958218
0.3657897256729279
0.24077657429624988
0.19352331984830906
-0.008310574031322071
0.5005229881983608
0.49388137521439957
0.3166294082168478
0.40017811026816874
0.3250847987163602
0.26061140442945807
0.3022036232126386
0.37919726427920797
0.2825194863096365
0.1907578362083019
0.13400982726160293
0.3856725945532613
0.21421988728794128
0.33596166771677405
0.21573629661737126
0.24536568347640175
0.30746580191175976
0.19025592590064422
0.3590331686868766
0.42143090733549704
0.636357810606599
0.37475593314371125
0.19007393360847802
0.19566597601513058
0.11711906822653928
0.4222642780915862
0.3525398801030084
0.19673740399961348
0.17858721674521005
0.775914938490167
0.2764426908532155
0.4719784639848049
0.2651971557842332
0.31394880985937457
0.17480066557353047
0.46274582243087514
0.4246607498267544
0.3539194121041793
0.42563500826874423
0.18762548752106323
0.12188089540138003
0.31680123288112727
0.46540470288020896
0.6385037635641645
0.35253429994151975
0.40581346429013565
0.287822046733595
0.2354505271561066
0.21711858393952443
0.08854729567178832
0.37813984681053114
0.14977126363793447
0.0879306300829712
0.29383721069145885
0.2626070233012674
0.31674527504711036
0.40529869222212644
0.3325470216210489
0.3597989883373587
0.37665370957323474
0.3932370852242084
0.3475541212712443
0.28570328793172906
0.4863002500241346
0.3184375863143414
0.2352220338976817
0.3533604618170991
0.2743441272232525
0.10368224372776957
0.17870423486146936
0.4108197613828165
0.21484803226015536
0.27812603351226506
0.23179709069370502
0.30128611104976755
0.31207595009474387
0.26409318984745556
0.3373801084202037
0.6804406601202029
0.3568178421614392
0.702336884603958
0.18268171787408594
0.22563800960550473
0.5597623226851731
0.42076519991166683
0.23032557044679902
0.40002041338699157
0.22893037673729566
0.21547330416754318
0.08029267918810012
0.24052775248363023
0.204001232397649
0.3733225706709129
0.3943479211179445
0.375392505216687
0.5685131747627943
0.3880542698310514
0.4598565506457082
0.6345044653880495
0.28720589506157146
0.20865481934199048
0.4133188921759625
0.42822415578091866
0.2967432245462176
0.5959067985045043
0.43581791672557957
0.2931793017194
0.38520628064751183
0.1085696857075864
0.6186723555620597
0.173302082614752
0.1502674281700166
0.28567966443393644
0.3393262672127151
0.5489194766211785
0.6511700240126431
0.4150001569665226
0.3881746637561825
0.3717156707222513
0.4573006169811191
0.34207553200713736
0.5340790660408303
0.41226323958444355
0.440051021753298
0.22328322893836527
0.30414658572722497
0.6845518579374741
0.6896986292301266
0.7793855840192123
0.35885655957121276
0.3710481935737645
0.35053167381062056
0.31474924455557696
0.3441798218957737
0.5443237533682714
0.3934968266666681
0.35486033104796977
0.45569488463580465
0.25608331743210155
0.3874660320508687
0.3499033122505274
0.4354849927099055
0.25589035376143066
0.2969728181232858
0.42825598150661226
0.38512761762395864
0.5619468819106075
0.5591050230358501
0.3591915469201796
0.30510425197786983
0.9741071358574577
0.44678182622566864
0.2103361385941247
0.1430056320220463
0.46510989924297075
0.28963572684659267
0.3724342903578266
0.5027358444905206
0.31937910216244325
0.4571583867589156
0.8011221144464679
0.8011221144464679
0.5748776416517237
0.5542881008959124
0.1774623219131839
0.5664135950144538
0.6390570624164682
0.43474529949475205
0.32021681697021465
0.7185204850465755
0.4818683993760795
0.4908569862936891
0.6475781172407601
0.4765665065310567
0.33279609168248514
0.23588394174216054
0.6844498098978651
0.5809705491484429
0.2618278790332944
0.2584342125672505
0.5534411134246552
0.15637979615451858
0.4169764371225857
0.11245655664070298
0.5061601941032942
0.4690376004029204
0.4120690470822824
0.5181619365981887
0.36277891747151003
0.4937935908203074
0.5592469102263617
0.16248507726533323
0.4112272485636792
0.4570699488670764
0.500718782256613
0.4021271061374365
0.33597445626300226
0.4405097822255343
0.4427659289172725
0.4930859723821336
0.4137066737412689
0.4736852823300939
0.42726172818570285
0.6313216386992245
0.7071306413152261
0.45356313559650074
0.4960977770037882
0.43436168772495676
0.38162201918707517
0.47916522454354105
0.2648932991659312
0.44509298379990403
0.37174827718032466
0.5237980950994489
0.2153236515107747
0.2139633857294232
0.2153236515107747
0.45113755991815674
0.3379558854256557
0.6180160619379507
0.24294818160199672
0.5995458871430056
0.5024979668687051
0.1841295277335554
0.9710191724209544
0.45003240869274197
0.43670310760110786
0.42735534523451113
0.4195554446614319
0.4970641830438354
0.9801000084158746
0.1737154391094463
0.1682663276980042
0.2123057296456916
0.2549408454256137
0.4698333936338517
0.5390251534642315
0.35004609102904505
0.21866759429318905
0.46167202813130337
0.5378361392504266
0.5192877873873742
0.39989476313958583
0.49948894490913587
0.5177987233161109
0.999999999999999
0.36910655302497375
0.6038605813117388
0.57708616018434
0.4077063097477692
0.330446044425311
0.5066063886340382
0.35363465281683637
0.4712607562663591
0.43446138863955086
0.5174718477198259
0.1867681137596413
0.3975657316538469
0.2476640546459108
0.4622443834099006
0.4648395883850791
0.348347457975301
0.44717276469868583
0.2557166365820971
0.24183854835242535
0.5265127663003775
0.4439854199220781
0.46801028570122827
0.5693329928588369
0.7455725110715512
0.35707807484603515
0.2711131304096359
0.37779567303452044
0.1047541353915834
0.9723880503124801
0.5120761312109072
0.8163636453724918
0.6711957093847496
0.5372457896684725
0.3034925311479424
0.27294913896611106
0.24216544354883474
0.3636520950911888
0.6964489614671828
0.5382433885784401
0.4878387278926182
0.388563077938882
0.4637886520578911
0.28921930008287755
0.24542550486560755
0.2517054095332899
0.6177434410967036
0.3143398172366467
0.18989891440504647
0.5361014477723153
0.2484898278820592
0.41046676748496336
0.35692485122833106
0.8026347943342237
0.23741592050834026
0.24253236526315836
0.38815570764385565
0.6515664928743587
0.44757072780584317
0.4931844609988699
0.1926335240800625
0.23470666772729198
0.44836865493495126
0.43707762994853594
0.31424975294242485
0.36755908002740767
0.3842981369342283
0.3590164841674347
0.5542589346198687
0.4642840899041598
0.3262506325547948
0.38219005751983315
0.3475937911078446
0.5191293303567222
0.3099326742683819
0.24315202733285224
0.416389996659169
0.32399626438828033
0.24426594551014436
0.2754442864436456
0.6420107350767569
0.5628422105740257
0.5078973892230764
0.4503995444859672
0.5813889165943716
0.5834717603094489
0.5074829458436547
0.539624069671284
0.5423410428043263
0.37896731115690285
0.20425814262767705
0.2960709113762099
0.37933404220526656
0.5735638159398151
0.5069677601036524
0.265923507168492
0.5537964318269013
0.3352036985197232
0.4416035809413762
0.3799730008019069
0.3240125708021866
0.4294786103841819
0.404875229103391
0.2515789628829832
0.2598573258414556
0.43497075591715983
0.612331045675826
0.35797475113598265
0.3745827397018555
0.3451692074906143
0.5512749503567147
0.5717008766569255
0.681760655444474
0.3556599944354377
0.43157931320912457
0.07696561150623993
0.329488832495072
0.3191249402509382
0.5042742585897271
0.9829314557510606
0.5645900791636093
0.5672580256282611
0.054021324646603586
0.4899851336604397
0.41674369648257836
0.4456837385519755
0.37814870547209567
0.20953386595793844
0.29979123628903426
0.2760758580624816
0.16489385918666055
0.3037398553596272
0.6214732892149595
0.1724594539996307
0.20239612816489783
0.3130680709905165
0.24389548542796058
0.37389437098294775
0.4063715760589617
0.6226763688971537
0.3848031777454295
0.410549160314833
0.1872091622244525
0.3751838775598073
0.21732756618807247
0.6025755150448092
0.6773233222791164
0.6418080814478032
0.74768377064946
0.6059395852329992
0.6315692885854635
0.5233978598205402
0.329026799356786
0.5038291245419737
0.5723476884306482
0.19586292111425763
0.5347121272719944
0.22800017752412305
0.20849860608369952
0.36887157191224884
0.2565790303607024
0.33168228958217405
0.32393894202834894
0.3982301196192486
0.13312844320326578
0.34896597772700777
0.14761685233105704
0.5921540016326732
0.40710188966416305
0.3186027827681792
0.46261656476338153
0.2568426131425151
0.27692606728722
0.257732234266685
0.3290764751085149
0.2756616748269539
0.45313138898916683
0.6172737933276133
0.19694248877140896
0.22659138454610295
0.6798564966252438
0.34701459501016163
0.5973066139440582
0.28187744886004795
0.23315229835687268
0.10208865410391255
0.3208977904438445
0.5361196101435597
0.3813735279164563
0.30330649420776634
0.32674707669648173
0.4136637922898174
0.5215754208846273
0.39752303090743246
0.466011507834201
0.959450344267519
0.12216284277963951
0.40509367318494593
0.5884441736915567
0.48396353739661224
0.7027891496462885
0.31239409479164104
0.5105315067449945
0.4464131880847583
0.39606456729395756
0.24203602594011953
0.40546374658744955
0.46560169899888204
0.39252574118126116
0.490513692743594
0.13680421786254005
0.5834025974220771
0.24027575274466495
-0.12217410845970589
0.7481890866834471
0.7749912780529626
0.36097012875488765
0.36605804741389114
0.19511714379741452
0.2791376570359938
0.39695951711390864
0.39732072013957875
0.07382647274367837
0.44409661140361223
0.46247174208958164
0.45793223271285666
0.5428483838992598
0.18744501542616532
0.26335428530388916
0.5712356673675083
0.4313765734205439
0.3741915176010808
0.715003897332261
0.26632333137144837
0.3865080989287887
0.44439087222482243
0.359961313309478
0.808801998987099
0.9729894966675033
0.7317548684963846
0.4566141949376983
0.2690318680361603
0.5427213984011511
0.7605968609031721
0.34797061553626296
0.30746099683454575
0.1982851009205926
0.29325481147174415
0.553720053053503
0.29705176205118167
0.6831501979106278
0.6320014423892426
0.36120762601677125
0.36264133439607393
0.4491408749080832
0.6754553011437128
0.5373190526427583
0.36217700620230076
0.5796237776343036
0.17288689253691458
0.6121960945230478
0.4480721548334584
0.3164447974220268
0.10411405662986017
0.319797090240971
0.31360636793429464
0.3401040197944345
0.16476892002638932
0.12812053197322704
0.5943564087243884
0.7572640929683639
0.2561976873485384
0.7652949709007637
0.3916019969100537
0.40597432983931636
0.5605954700361242
0.2961927094495701
0.25737784848065814
0.23184799820351742
0.5142593448479349
0.43744488093559464
0.6319720541650513
0.35774888440992025
0.8576593181765088
0.1195548201707839
0.4076671997698357
0.45889937132267655
0.3004436100537995
0.3891226846568415
0.6152214548807176
0.1242897918317385
0.4978147570570033
0.358530477755028
0.26970356303087706
0.3438717858804913
0.17139361336885772
0.18475288263842105
0.5199700989800484
0.32535830440689417
0.4591037907705531
0.36575085006247776
0.3466975061875015
0.36526341593195766
0.5429905715687702
0.23866171930655677
0.302820602733761
0.37162992211227086
0.6011532005785221
0.6219220358364341
0.34190328326055197
0.6614688129689249
0.46023734561944096
0.22994522918731652
0.3099735321939978
0.2585187690367723
0.807441022445221
0.3157341678661689
0.19265030477602663
0.43159012252949847
0.46865925722872304
0.47216909395955997
0.4003421732744099
0.4426813437551411
0.46442420437083853
0.3223949484039538
0.27345701987371296
0.20738611498106718
0.29422727666541193
0.37677712149010145
0.3914524795406724
0.326902146089854
0.20483842569664845
0.39529965383427645
0.21215607147592586
0.35732446909325266
0.19769700519168187
0.35736547833785803
0.32836724727954525
0.38302072084660677
0.10566113131788835
0.4326888139544851
0.5711703534062552
0.32868784756881186
0.42836099954817675
0.424553093294054
0.4210727744041409
0.21272555727595455
0.4155448733749585
0.9679006535338578
0.419018097710828
0.46823504980698283
0.22969810447079464
0.29654507540661434
0.46830285838080266
0.22800232552225064
0.1058106837738153
0.05617981076756373
0.09002134037817866
0.2917968104384101
0.9682449735612315
0.9705589424965564
0.47880503037963495
0.3312594924276586
0.37968509809044826
0.24766430014661522
0.5028007689865772
0.22421124452470775
0.5218921347658174
0.35924766419600895
0.3894176747816189
0.446332083161322
0.2967112754603598
0.4115354857597068
0.30226077612710944
0.47378429507839614
0.43783226528679364
0.4718624627984911
0.34464524927891715
0.6604703461441648
0.20000204246999287
0.4161869237898671
0.4750148131313833
0.30067092537291173
0.33143530183116277
0.11736414438219844
0.48849118518309476
0.5393330453190964
0.268662114950984
0.43988534262912315
0.480065512339084
0.7156042875990589
0.005454234912207534
0.9860237884930726
0.28296299013042836
0.4254906096876535
0.33640788856118853
0.6776187354067171
0.4620929963966729
0.37737702706258114
0.5558768729688213
0.6354428049703178
0.34672037103034015
0.30248223935260965
0.43219293145759496
0.3979133918974682
0.2178080234571802
0.388303192087354
0.45235282758511275
0.29427694019991457
0.3410706868715322
0.38139975920650604
0.3641257780178787
0.5295981211342513
0.4126597711632609
0.39178710502798586
0.44514917383798325
0.3212292040955803
0.35673585600773694
0.5935108218075175
0.31741712349385276
0.45738565518273133
0.5909893031174189
0.7932501331311349
0.6009949056469504
0.5483846737787126
0.2941521418444738
0.37745952276321204
0.28982878255530475
0.9826776132036966
0.3409532790446671
0.5102792120183007
0.975714529442931
0.8531772314708672
0.4026719521990103
0.11541775344435212
0.3447627852314691
0.43400658836479555
0.4555257951580485
0.5624733719995898
0.3845820871411616
0.3065637545927624
0.6074577035639921
0.43370899469880353
0.27971782466921824
0.343506985905198
0.3213881871667854
0.4098138813910517
0.5973908256375781
0.5973908256375781
0.3818346639479231
0.27943775718309993
0.3695664643198773
0.4146324023059683
0.4141910915991236
0.3647813815055134
0.46490923453748323
0.9830382727129611
0.5832069138237008
0.5431260307415894
0.2600956861135121
0.7037737779331045
0.2630588294217121
0.4828798714885918
0.4263435485362004
0.38141672673006877
0.6483764760269274
0.5437005511479674
0.3978758756316232
0.37726302501065745
0.19799370333907884
0.22292500184737507
0.3510636784392184
0.289687973212049
0.4078877991663914
0.23549043717457896
0.43179013759738905
0.3851452190607847
0.3887322838719709
0.34987541468064154
0.4676145944521177
0.3119689396993206
0.4431976103097677
0.056397336183268365
0.3627327849700309
0.12358717971319932
0.16580570514020554
0.2973242960912317
0.48570833905009114
0.47628184284005826
0.2997903280690297
0.5525539806152255
0.2803031590733238
0.22505067021217917
0.2508818755672788
0.36154156061576304
0.43185081562505556
0.27345140764968
0.27175016513988637
0.41883019325128634
0.27305547851275125
0.4155596913174704
0.5043080106842065
0.36306917460928334
0.24316349683936855
0.4907142545398019
0.05416046588283674
0.3582358303662925
0.49599233257870345
0.3979332823660743
0.2547136523681117
0.4008030532340018
0.7795594412406873
0.373288407808418
0.2849710069660969
0.38412921118080456
0.2592502488722812
0.17095368556363177
0.34503306700858705
0.32816412810313433
0.5012436788213215
0.24682595139442265
0.17376419759026718
0.42663084603676404
0.24734937282670688
0.2689237800354405
0.2407504583825416
0.47591802822260454
0.31861444532170813
0.5201356706450968
0.06794006108324624
0.2207107131205841
0.4490895763441827
0.421705830324429
0.2803958654080254
0.3250363577197187
0.4731546182442746
0.9981183824952533
0.7446359490976536
0.38725545150913887
0.4598412078441845
0.6793305861823635
0.3114735605551727
0.18284597083503562
0.21950067807134155
0.45746790900066014
0.17009518861154982
0.32890716762720384
0.5501462244588411
0.43896358619885134
0.3648469561821309
0.40961317419207544
0.10150487099844296
0.28903853609902597
0.32742854564489965
0.39713249096023273
0.5762366645736388
0.2680222021796961
0.38968791948041037
0.2561554561723234
0.1856520006378244
0.5158095696304349
0.12937565639074067
0.30125742003882894
0.3778895239831743
0.4098935699632612
0.35476651188224895
0.3675346542767144
0.40655655780677247
0.5039190623216736
0.46285606044996586
0.540003257777363
0.39637322526659535
0.4316142623575865
0.4873058807437033
0.579726090224752
0.5525836746460022
0.5467803983921584
0.3450922613964744
0.23342643059958745
0.310237965804679
0.6413444968474393
0.20765212459954285
0.25492687269584247
0.2689738400802052
0.48489140311218315
0.28639746938275434
0.34274222198256976
0.4154835013778061
0.42804481575043996
0.6054310443745117
0.40490980510342733
0.1253871155019447
0.26914853620798374
0.33641969155801765
0.5146816365025058
0.36589680291591087
0.47617000061283377
0.40731950334697353
0.4296904288187978
0.20965081098138272
0.5488854223677122
0.5492398578737827
0.48492724726413905
0.28346643612652755
0.2915318032547397
0.4342730790941074
0.5229022220859304
0.5180355418020328
0.5918221269918004
0.3093149901483756
0.39299480015751187
0.23363254506196995
0.28492893799668895
0.36708646798725997
0.3796280088921057
0.3224111509849803
0.27962370856330065
0.3537938459453225
0.40095767355834144
0.44495175183804647
0.5232207937828778
0.8155791819184159
0.45704097523296383
0.25901938868277463
0.6269205997332103
0.3055046709147313
0.33696523810414625
0.4382529746238818
0.5149466492957647
0.21857358343281685
0.5103070200245338
0.5083986478745177
0.17990064227450397
0.14353989603106676
0.6840033319401789
0.4129525631250469
0.543684651224601
0.28963903437826155
0.3482108951881647
0.243903709896806
0.21726256719504267
0.3850250431153399
0.10134207548760277
0.514659832218445
0.5181780193265944
0.29997725680166
0.7221208634840159
0.37699090908052235
0.3594126992448504
0.25437292935540423
0.17918629441531475
0.21813203971072503
0.25207845443582433
0.4604039999940671
0.3355888346357663
0.419368533230168
0.5269743755071855
0.4532171811085328
0.39383939401450097
0.33457234112773315
0.44893897458156873
0.5752152553414298
0.5495651227658652
0.37386657578914106
0.16184232763440487
0.30770117966461186
0.5498924674191356
0.21541007787851163
0.22330663824892927
0.24978931904278845
0.6495194256628907
0.43891576977378244
0.2886832896389935
0.6167820813532642
0.4531144879437452
0.4384443601251553
0.6150600190546863
0.4688651969494929
0.38564029116550425
0.09243902162225137
0.34075734826449366
0.3466134371968046
0.4204134720657494
0.4028003209380673
0.3042572741933369
0.023007344075481884
0.30086863896018046
0.4524635129655853
0.4642045692945054
0.5776826583413398
0.36612574190119473
0.30038624649618095
0.4751518761652842
0.508708591153471
0.4738351040099439
0.2863273179135224
0.41762056188585617
0.3502860853164196
0.4919959125404627
0.322409587303607
0.09968788832215791
0.25336455720326656
0.5474045850552618
0.42566283811985095
0.01807849380726423
0.08834591513519763
0.2566385092282283
0.6190662158383504
0.45007779692532335
0.5411993936832528
0.44590980872430075
0.584006096822131
0.23949628156499259
0.14951096597145896
0.33776818257618313
0.46458226340189335
0.44334773734273336
0.7143107270818536
0.39155853573721133
0.35164989026085425
0.47932897160742927
0.5317685003795454
0.19506434852275745
0.03932347977473594
0.328070451413097
0.2805360505255178
0.37537074910691204
0.525962324253142
0.37068892946663334
0.42995339670711374
0.1282492399628674
0.20017194706026475
0.31623232536918666
0.34504121315172787
0.49844110862798463
0.3929799632043741
0.5076656126812447
0.18153331347120094
0.21607699450442053
0.7278515702986382
0.32650792929548444
0.4465406197804688
0.2915472045223073
0.3456920244838865
0.23456894084557844
0.5129364209094929
0.6448214421479261
0.7504978136366373
0.41582334119707653
0.33265732802009784
0.41271038108877267
0.36267620452009586
0.32877560236183867
0.39208708183341745
0.5010454398342138
0.28000653687950505
0.39409452711946447
0.08895784483397273
0.20887321118764568
0.621049385116335
0.6290046626312178
0.27126834739490235
0.5059549056159791
0.432937142585783
0.6525488235703938
0.4142360354935579
0.32976117366589697
0.3287837988504476
0.2834502260440044
0.5340828582506177
0.43106067797025793
0.509976598577909
0.3180188603062415
0.2286599771417792
0.41980234133913574
0.2248535355080652
0.4786689390478427
0.4713496457504682
0.23452906378117833
0.3812517364170255
0.24259521912438597
0.12589777411546843
0.3522104753926678
0.5240745022151982
0.42411117709928026
0.44079103964414357
0.3455693771792854
0.2817397599390342
0.3771572548483071
0.17740501480902837
0.09051735437757824
0.3026703447196162
0.27432140923739023
0.3004137108748778
0.49879880481623373
0.49600753081513704
0.3862249861529652
0.48650316392781956
0.401450175244185
0.3169957895172921
0.42042722696783563
0.34978727277816124
0.26775240136053124
0.24417206980570583
0.32774233031537625
0.44778980132953117
0.13425058677224133
0.7081408090655557
0.5280546362905104
0.29875906295640053
0.3812962344619738
0.4377594926976168
0.22002490247012008
0.40082442856013
0.05989099351713889
0.2904211876439622
0.29898886569464234
0.09442685744595047
0.21742331010642602
0.1418207358066289
0.4977475334516007
0.12358378090035904
0.19975062121777032
0.30877319656228774
0.6277540106003754
0.9712871581221711
0.24807483836469157
0.4165767990848154
0.19981059473082508
0.25895950714407157
0.5524627010152139
0.30192329618636393
0.4322924380265518
0.28600668592346024
0.312278206974675
0.38024479487688
0.5310811783354293
0.20305874769319887
0.11759455957562404
0.21347473836195663
0.19475608458175975
0.19540785075493128
0.19677083560008135
0.6101029178234553
0.8178144911732852
0.4597125186383646
0.6311487230679504
0.25411198475209806
0.3722707718534858
0.3350711609038137
0.2288056081531522
0.4019585048324581
0.3623435038487859
0.6515269279700189
0.3709737083471134
0.04406565423867259
0.5891968569783428
0.23848942166326847
0.2837299840341918
0.43436739004205327
0.3775269956960865
0.6275882021889996
0.4019691264646388
0.9706042618036987
0.5585915504814621
0.3753854230055016
0.25755290973352063
0.3676288612607568
0.34886899603717625
0.29937426626553776
0.45872805378029047
0.5905539306260777
0.3796769746111778
0.3346827281491611
0.5407269792912558
0.35749407181660753
0.24256747451022254
0.40805477089094866
0.43714412109916745
0.22977146469190268
0.451946463972426
0.9744181260753462
0.26811190765134296
0.27119804832188965
0.3941941264145624
0.05335164561482619
0.3899366075481401
0.3199854787919323
0.2043668811832735
0.649209286519848
0.5532801885873982
0.2650138584797479
0.18409878750583797
0.2514799634327951
0.18782661212447205
0.6322759324470151
0.35266469492614116
0.3794295832979442
0.44391961093915877
0.30838957379377874
0.342374729764356
0.6360300169023531
0.30210256323681905
0.3973290283915576
0.37008756844945445
0.2804378417188418
0.1516995531356069
0.4505939683526967
0.6459266809460591
0.41694614942531893
0.18680722613516343
0.27510064272670487
0.25725835479862635
0.3109527768931958
0.3398927530401272
0.1551964119536442
0.23867007347032454
0.3044542295097026
0.40189326011169957
0.42944917967620067
0.40056037408559797
0.4860222694690227
0.2535016973549318
0.44662262754712256
0.4870036075782056
0.28226337643710053
0.4991740753477625
0.33478634372914906
0.3859699633848239
0.28760740890042313
0.4611726828607654
0.29787529271082125
0.5304764561243831
0.2380480486653953
0.3141471088964487
0.24072570334928123
0.3821900392426063
0.4741966010936749
0.3852761995370948
0.2926303857484214
0.262923658993923
0.44758597545357637
0.3397573517280488
0.36069260372887024
0.3455088596339624
0.3783208575698578
0.38841803156609744
0.669205884300298
0.43324416310069636
0.3872641397497587
0.33659800741285517
0.1687337638871449
0.4318803344827906
0.47639697178838447
0.13964844356461614
0.38258239595445154
0.360958529108681
0.2827476763946608
0.25604784224908717
0.2751277775002464
0.2872676307211459
0.31535290697132434
0.0008409060324003903
0.15547112077816783
0.11766426400483898
0.2542425146762981
0.12840896311568994
0.388520265318554
0.2597052547169787
0.15300780111600654
0.4337822436259624
0.2598779499202958
0.0649834368299248
0.17558815603400868
0.11187862509426871
0.06929227857426556
0.22027204868839245
0.27033517542066476
0.2648117935370573
0.12240868251781978
0.42669461505059814
0.08732211325991379
0.3279939177123764
0.10260446999870343
0.30814687378332706
0.24170469636603154
0.29549786938327793
0.26088501980785017
0.046013276979667284
0.1990187333699135
0.22253732971811524
0.2759851429197866
0.2735939177173692
0.12300768276316443
0.2677202713418827
0.5101015295696875
0.2315069146634865
0.2309841853634268
0.01965067443406232
0.2852749272233739
0.21313136527610466
0.108073458661061
0.3606764578451933
0.3066121991045758
0.3293621303005638
0.6544820247621624
0.6448998008940809
0.09596869654635587
0.3483690539104879
0.2037304045222288
0.3205540720087212
0.19114677784793077
0.41002579887255475
0.3622448973027341
0.5136492109721845
-0.08815741254963627
-0.060299032929289176
0.13895740290562264
0.11861310179852702
0.39479726746635846
0.055063260407364645
0.19057693260342456
0.24988468703746614
0.28873658557332116
0.33707779057203213
0.3674121156043172
0.3946270746191738
0.22549272654211272
0.41995386278982627
0.2749058658865775
0.7916363398058169
0.19731767949510448
0.5235919346985827
0.3754504912660638
0.3438800418717144
0.44412472579613915
0.3578037682799896
0.27407803458945734
0.23711012877623405
0.11619988026327233
0.13558701378839477
0.10605754742809304
0.2094111517049766
0.2692826144899829
0.019426956286494934
0.235237424840669
0.38898599481414364
0.10272167003175658
0.23316811068247223
0.09289279090849267
0.23086989674223046
0.09372164915306647
0.23839338102718655
0.42909825286928427
0.24937513737867134
0.35472705641165225
0.3003442596615078
0.4795677345015732
0.18605764630442834
0.14446734239963277
0.17107621898016734
0.26659873064685247
0.24289742411704474
0.2585331931198541
0.22714947706351862
0.4144581634515411
0.2097859980919461
0.3122318794198362
0.16830519391159493
0.18148283602548754
0.24837422856673408
0.5450915348520022
0.36407171076578726
0.2373006147301029
0.2543465742107771
0.14278894078763193
0.36906712561928023
0.3470185340387616
0.11507458707259133
0.22422878356011844
0.27592359658548715
0.11277407092269442
0.0339097434961213
0.47108527309902226
0.09770594438913704
0.19473812227639042
0.39465896116663235
0.12984430364687405
0.1633861370527856
0.23651455165988433
0.26496306540492365
0.04248778315496138
0.3295271076298518
0.045663969917783986
0.4722618669496219
0.23024488259230858
0.18414176698684193
0.15874872603083823
0.23318737712604798
0.1261413375276237
0.07500985807658889
0.07577815950352562
0.423067935368147
0.20117177636497874
0.3253021267569598
0.2236213189069255
0.26191881584249477
0.20262029082663446
0.41415073427328986
0.22675116968524267
-0.056359180060166825
0.29721261051243353
0.3857407228424907
0.189321224160649
0.42540760765414265
0.19317052467719287
0.4040604121822351
0.23981902940522337
0.26147084174607693
0.15006735099077084
0.14623026825950602
0.19752390412511933
0.3006521216663345
0.6084281450992142
0.37681925514031234
0.4556706729646024
0.3857794090148404
0.1660046513956447
0.27412395881819573
0.2981935649990066
0.3853137042783866
0.19142196084019403
0.2662204046750829
0.35437188374091155
0.5373698145825141
0.7607549618469447
0.3272821429144859
0.2682190711604916
0.15221171249248533
0.23932723871430062
0.5167738368506956
0.20223141715877058
0.1732109815915176
0.3405448096796836
0.29799810936975313
0.32936891393837464
0.35670475867070595
0.39958179900024726
0.3012000270200187
0.3472153121951773
0.28847861731064717
0.01665739222368723
0.4280100384280314
0.31885791764174787
0.26136975357351777
0.06477158888645129
0.29530078414049654
0.35485221126605015
0.3074799394105273
0.30752426314922154
0.22067273811343335
0.22478478845905647
0.17536375953481342
0.0029415124383581626
0.21720208726896595
0.19535916824419464
0.2684728405881962
0.16017028252592558
0.48276338245141004
0.20340076308212995
0.39874165072592593
0.07097850808180883
0.18645076715366293
0.31352418167544194
0.307504217413894
0.3130216998102746
0.13227155115821776
0.5583744231692418
0.3627562922757136
0.10576951724080819
0.13160724293829218
0.03524434237544605
0.09485193929461688
-0.13034990737662744
0.21033433993912398
0.3349590721474178
0.3486883750963632
0.20815952984117447
0.2188964524839715
0.14079173214666985
0.3081043237979225
-0.008183209840265881
0.35029604060468855
0.2466403318174395
0.3689069694308795
0.42848264287703963
0.18861371227413581
0.47350842797358106
0.13435824252357742
0.13140365587797587
0.4625657688885272
-0.058138407334847875
0.19342626338180402
0.2780145602525178
0.2020843507202954
0.39036632282026495
0.2090125361430274
0.35054616658297344
0.2822392556438287
0.22120688408558897
0.42295656274597804
0.09895849226008835
0.331856970777892
0.3404511163573537
0.4912889997411376
0.0642481738314662
0.15296452632919322
0.2507565113561533
0.13375592447772688
0.23951542145672922
0.19163371429054177
0.21868616312729694
0.18741383352868324
0.2255643271662655
0.5337946009359558
0.19709884281257772
0.1865299876702975
0.514906665071721
0.11434348783525983
0.21878348891362287
0.01919988366041525
0.20806712520159976
0.3090956978759358
0.4293376016988306
0.2856199344575332
0.3280436208293409
0.10402312222451893
0.14874102647414333
0.3044705507148495
0.3439762795381347
0.12466459805085017
0.23623313855243588
0.24328088217047106
0.3320949378424345
0.23188325028785184
0.1602785879371127
0.31442983152346327
0.2108426879350226
0.345564733911103
0.2340906040517392
0.5495068274899422
0.2548297709430577
0.41012085208290017
0.27233009340282055
0.3262898657771358
0.033561603728412104
0.21136889491378152
0.32646798658694287
0.1814795709243242
0.15085900847778144
0.3402447844598764
0.4280217988549986
0.39602335594992755
0.2789095065815268
0.3489258960063276
0.4135148628086156
0.08124125149902639
0.3196999713738644
0.10523714717772137
0.2680748855068973
0.1700527872293054
0.3985276677667876
0.16395213903942807
0.367653763654437
0.22800111745049667
0.23277028015764367
0.1909668040302822
0.24145649923051282
0.24694525658365551
0.34008734509253447
0.4060585904405757
0.3169192936909976
0.06029685085182557
0.1300463601798758
0.5574448611939671
0.00888031471815387
0.3596461604046324
0.17837466558349635
0.20781998879841623
-0.08740734264610284
0.42508559889125686
0.27247633363744594
0.23819027721410324
0.37600782149165646
0.4009042697927353
0.09475550474433925
0.32545452719577206
0.1135664434870457
0.2240507867953092
0.3278010916313958
0.015196300431675747
0.21982357788065932
0.18397061108643853
0.22227886023680943
0.37762192972603414
0.46641751219289296
0.3635762748925082
0.26463514205293026
0.3998011293743158
0.3909508586206957
0.23893505811221927
-0.015567010137742088
0.55408102815902
0.2704806211944233
0.2926067179376637
0.2723834632184037
0.26027088680283983
0.29192511380352104
0.20027051339685398
0.16691074670137784
0.19003080828920926
0.3734949467724493
0.1943779861455286
0.023506571297125856
0.99182018961817
0.2294267298663224
0.1294305070026487
0.4228704158463932
0.028338081558753947
0.1332965879628808
0.26623698318468814
0.5623919880323955
0.3823575459176951
0.1113990483363676
0.3700081691642615
0.6031196485586741
0.19091560957494036
0.21010335024522386
0.24124277966320362
0.26391996818242414
0.10269210609558077
0.5611128532536478
0.39288641949675607
0.028989030234262803
0.215824497396649
0.22236405224966127
0.3733111497930397
0.21642560101118613
0.12841322846596082
0.27874561497926065
0.4257489710248352
0.19502739842567918
0.44674054253296824
0.13611341955247602
0.24109866517343048
0.10414521563214474
0.3159347740735817
0.3238644110374409
0.28833840177103276
0.2591718964941303
0.16438769728674596
0.14874122958151803
-0.09407319296025118
0.24728338266111782
0.10288981119992902
0.3729710448770315
0.21829154648790305
0.3456947792332561
0.25853214294767246
0.35489685798868176
0.13068267891562035
0.23153033857854255
0.2284997845075537
0.04720200437200983
0.35356909783033663
0.16244972510185196
0.28422170994540363
0.22604894854080393
0.13609663878036415
0.28513203501355777
0.19858297260175228
0.18509582782805234
0.1746451890537586
0.34850615479925007
0.5228413368873008
0.1794467079233114
0.13439826865983595
0.26630790684682615
-0.1290776651791803
0.3105340160629667
0.21850035284316882
0.3270765108385354
0.10880462518847711
0.2097695005445317
0.2998132743757982
0.21749185075847377
0.15771420092078303
0.3245743574205421
0.4517736937863235
0.5051787011078148
0.3440918283486273
0.2953527727713937
0.26620017685508424
0.1385231125738291
0.09710322831885776
0.3042178039244443
0.3447391783669925
0.26743239674457275
0.22251064441320634
-0.008624756425773317
0.2540941225654295
0.11065187610355998
0.1457100437472565
0.1198705822309305
0.11254579968884637
0.17937533972142528
0.18354896347987082
-0.01589557921600049
0.014573104963510164
0.21236797228288862
0.251422793009463
0.0585516061607293
0.010981115739812086
0.11619409066447106
0.7603568687423874
0.2578823094230439
0.40093556820420606
0.008390756368335861
0.30039016211520597
0.16360926333724368
0.01144308355096968
0.2800492597655553
0.2156068173847362
0.3048903402203975
0.3525867288252147
0.50851744920385
0.40306228827322554
0.385896803463341
0.166885077545054
0.14736982240799845
0.4638103282500141
0.17710054232242967
0.15091648373370636
0.12584405905096285
0.1208965646801321
0.4210245694949104
0.20788127108016363
0.22166299020449265
0.4200817343983392
0.09731291892246596
0.5011909933988943
0.40844338762111754
0.2773527650163663
0.5100169976262021
0.07703331079491127
0.2807204447457228
0.1593868141292345
0.2301740500557472
0.30463663477233327
0.2474499499074403
0.2561906990035042
0.25680471371170976
0.16498211283025654
0.11218308637728447
0.29738929041482487
0.30193992472991393
0.07835670002817974
0.23588555690743318
0.08316639023634542
0.13178034724981924
0.30132510995402106
0.31431098484785447
0.2426479587908834
0.38123058026030554
0.44582050023538256
0.3275213484495101
0.20918971875040082
0.34516212551844005
0.1817533413893231
0.7928953980884094
0.2762392950518523
0.3623744383970613
0.24477763039392075
0.3839602214642641
0.21878393431623466
0.08650348252000462
0.2810650209160497
0.45328242139225683
0.18744938793685306
0.22239904725507786
0.17507858396481013
0.012536039420918188
0.05783632260688876
0.36536991831507337
0.18846879096903058
0.23950079686328274
0.22916242667640185
0.5901513892873224
0.318865541493459
0.5193099573076025
0.19815883046188576
0.44515255624782923
0.1525876079533871
0.30164504040380413
0.01735459988960053
0.42806020293306724
0.15545193453846418
0.37092642081482796
0.14214856552538113
0.19924268370499387
0.2783132659352484
0.38253871180836874
0.38268627621859663
0.23894390270430454
0.22032209234772404
0.17901047599763764
0.47877548775624956
0.31374314984644025