0.9448918700218201
0.9103747606277466
0.9157742261886597
0.940656304359436
0.9270982146263123
0.9196082949638367
0.9422013759613037
0.9366855621337891
0.9358530640602112
0.9329512119293213
0.9289899468421936
0.9204399585723877
0.9306788444519043
0.9178383946418762
0.9715653657913208
0.8855481147766113
0.9433247447013855
0.9659839868545532
0.8941338062286377
1.0115876197814941
0.9829444885253906
0.9746498465538025
0.9728839993476868
0.9427270889282227
0.970493733882904
0.9704191088676453
0.9589980840682983
1.008010983467102
0.9885272979736328
0.9636402726173401
0.967692494392395
0.9258265495300293
0.9467667937278748
0.9593724012374878
0.9547651410102844
0.9573752880096436
0.9896144866943359
0.9869093298912048
0.9377835988998413
0.9812708497047424
0.9901419281959534
0.9731485247612
0.9655707478523254
0.9992760419845581
0.9828959703445435
0.9670231342315674
0.9975374937057495
0.9414408802986145
0.9801660776138306
1.014279842376709
0.9874509572982788
0.9746899604797363
0.9146527051925659
0.9902846217155457
0.9967758059501648
0.9889538288116455
1.007068157196045
0.9982006549835205
0.9459372758865356
0.9422226548194885
0.9455804824829102
0.9581242203712463
0.9641019105911255
0.958550214767456
0.9469859004020691
0.9509498476982117
0.9464593529701233
0.9435622692108154
0.9743949174880981
0.9682942032814026
0.9233936667442322
0.9391987323760986
0.9445488452911377
0.9754340648651123
0.9595027565956116
0.9525866508483887
0.985471248626709
0.9540174007415771
0.9762302041053772
0.955560564994812
0.9659736156463623
0.9707379937171936
0.9727320671081543
0.9443246126174927
0.9538675546646118
0.9807567596435547
0.9689469337463379
0.9904603362083435
0.9681081771850586
0.9631848335266113
0.9707261323928833
0.9826215505599976
0.9510416388511658
0.9284967184066772
0.9364566206932068
0.9182165861129761
0.9026404619216919
0.892816424369812
0.8841956257820129
0.8887078166007996
0.9822832345962524
0.9363315105438232
0.8949687480926514
0.9115691781044006
0.9138361215591431
0.9215576648712158
0.9601914882659912
0.954197108745575
0.9427242875099182
0.9206098914146423
0.901853084564209
0.9207119941711426
0.9546995759010315
0.9324566125869751
0.9500679969787598
0.9625304341316223
0.922248363494873
0.9520091414451599
0.9465294480323792
0.8971964120864868
0.9375840425491333
0.9315836429595947
0.9504277110099792
0.9656170606613159
0.9250391721725464
0.9018110036849976
0.9209836721420288
0.9476906657218933
0.9695289134979248
0.912307620048523
0.9762455224990845
0.907231330871582
0.9444418549537659
0.9405429363250732
0.971558153629303
1.0007981061935425
0.9557867050170898
0.9811272025108337
0.9728400707244873
0.954673171043396
0.9829824566841125
0.9413528442382812
0.960104763507843
0.9719928503036499
0.9321799278259277
0.989220380783081
0.9503259658813477
0.9683195352554321
0.9721666574478149
0.9550662040710449
0.9772046804428101
0.987982451915741
0.9951536059379578
0.9628264904022217
0.9853839874267578
1.0067044496536255
0.9977673888206482
0.9947544932365417
0.9095013737678528
0.9442963600158691
0.9332554936408997
0.9032726287841797
0.9177486300468445
0.9522506594657898
0.9279189109802246
0.9416769742965698
0.9628810882568359
0.9223521947860718
0.9407232999801636
0.9411399960517883
0.9360355138778687
0.946405827999115
0.9482898116111755
0.9614357352256775
0.9277673959732056
0.9471233487129211
0.9230597019195557
0.9592489004135132
0.9481201767921448
0.9527853727340698
0.9302650094032288
0.9440847039222717
0.9336373805999756
0.952521800994873
0.9310716390609741
0.9539650678634644
0.924379289150238
0.9346392154693604
0.937775731086731
0.9498867988586426
0.9510420560836792
0.9373118877410889
0.968565046787262
0.9471628069877625
0.934490442276001
0.9471777677536011
0.974454402923584
0.9044792652130127
0.9381049871444702
0.9556758403778076
0.9668303728103638
0.9516391754150391
0.9326411485671997
0.9378442764282227
0.9225019216537476
0.9200260639190674
0.9680292010307312
0.9348572492599487
0.92339026927948
0.9383265972137451
0.9321838617324829
0.936316192150116
0.9499768018722534
0.9143365621566772
0.9495540261268616
0.9495424032211304
0.9585427045822144
0.9703487157821655
0.9344673752784729
0.9551958441734314
0.9170019626617432
0.9526574611663818
0.9896007180213928
0.9338521361351013
0.9275891184806824
0.929358720779419
0.9596296548843384
0.92994624376297
0.9277446269989014
0.9578683376312256
0.9249728322029114
0.9822208881378174
0.9200876951217651
0.9188475608825684
0.9525746703147888
0.9361367225646973
0.9810293912887573
0.9639977216720581
0.9502310752868652
0.9801263809204102
0.9733182787895203
0.9693399667739868
0.9624316692352295
0.9658811092376709
0.9535740613937378
0.9586198925971985
0.9622377753257751
0.9619008302688599
0.9504228830337524
0.975892186164856
0.945531964302063
0.9540523290634155
0.9444379806518555
0.941835880279541
0.9663996696472168
0.9335724115371704
0.9293422102928162
0.9357126951217651
0.9541110992431641
0.9187011122703552
0.9403208494186401
0.9598071575164795
0.9029146432876587
0.9485619068145752
0.9284425377845764
0.9057509899139404
0.9291325807571411
0.910054624080658
0.9121474027633667
0.901816189289093
0.9201514720916748
0.9176568984985352
0.9604480266571045
0.9506083726882935
1.011052131652832
0.9889207482337952
1.009145975112915
0.9876217246055603
0.989032506942749
0.9911496043205261
0.9993119239807129
1.0104960203170776
1.0119404792785645
0.918912947177887
0.9335313439369202
0.9624629616737366
0.998806357383728
0.9674558639526367
0.9690743088722229
0.9457405209541321
0.9422222375869751
0.9480613470077515
0.9688299894332886
0.9544011354446411
0.9564504623413086
0.9283854961395264
0.9436904191970825
0.9697315692901611
0.9433797001838684
1.006361961364746
0.960605800151825
0.9644960165023804
0.9591039419174194
0.9597318768501282
0.9806647300720215
0.9357967376708984
0.9468284845352173
0.9845077991485596
0.9734508395195007
0.9910286068916321
0.914304256439209
0.9819556474685669
0.8978739380836487
0.9315727353096008
0.9598442316055298
1.0027930736541748
0.9703695178031921
0.9672806262969971
0.9655246138572693
0.9610532522201538
0.987358033657074
0.9433425664901733
0.9579182863235474
0.9868468046188354
0.9645994901657104
0.9679924249649048
0.9435633420944214
0.901393711566925
0.9616596698760986
0.9141265153884888
0.9407583475112915
0.9305084943771362
0.9265241622924805
0.97149658203125
0.970901370048523
0.9303127527236938
0.9513692855834961
1.0006473064422607
0.9455205202102661
0.9493016600608826
0.9510459303855896
0.9356322884559631
0.9656113982200623
0.9918397665023804
0.9680402278900146
0.9513440132141113
0.992669403553009
0.9284883141517639
0.9096457362174988
0.9463851451873779
0.9715158343315125
0.9407995343208313
0.9593468308448792
0.9552559852600098
0.9615350961685181
0.9706176519393921
0.9873822927474976
0.9816964268684387
0.9644216299057007
0.9595181941986084
0.9557141065597534
0.9789007306098938
0.9524540901184082
0.961522102355957
0.9488961696624756
0.9280551671981812
0.9081686735153198
0.9229934215545654
0.9332726001739502
0.9518721103668213
0.993645191192627
0.981995701789856
0.9773902297019958
0.9456789493560791
0.9446167349815369
0.9818551540374756
0.9762577414512634
0.9769551753997803
0.9503823518753052
0.9652799367904663
0.9937658309936523
0.9806203842163086
0.9352942109107971
0.973219096660614
0.9866145253181458
0.9736965894699097
0.9779983758926392
0.9310647249221802
0.9670426845550537
0.984853208065033
0.9921754598617554
0.9369757175445557
0.946246862411499
0.9995856285095215
0.9989833831787109
0.9811222553253174
0.9614936709403992
0.9902697801589966
0.9991124868392944
0.9892551302909851
0.9719469547271729
0.967758297920227
0.961342453956604
0.9593967199325562
0.959877073764801
0.9685931205749512
0.9761632680892944
0.9375343322753906
0.9754429459571838
0.9734992980957031
0.9964054822921753
0.9747196435928345
0.9869749546051025
0.938517153263092
0.9788380861282349
0.9358331561088562
0.9297367930412292
0.9657093286514282
0.9714568853378296
0.9472725987434387
1.0011745691299438
0.914776623249054
0.9217503070831299
0.9452524185180664
0.9694324135780334
0.9466886520385742
0.9405813217163086
0.9273769855499268
0.9190258383750916
0.9272018671035767
0.929409384727478
0.9094289541244507
0.9464749097824097
0.9650598764419556
0.9290955066680908
0.9238768815994263
0.9407267570495605
0.9409953951835632
0.9306893944740295
0.9350712895393372
0.9010289907455444
0.9219540357589722
0.9148976802825928
0.9468669891357422
0.9342353343963623
0.9489682912826538
0.9243438243865967
0.9424360990524292
0.9234740138053894
0.9112920165061951
0.9483434557914734
0.9555710554122925
0.9560716152191162
0.9856357574462891
0.9560492038726807
0.996167778968811
0.9860967397689819
0.9656637907028198
0.9396088123321533
0.9033956527709961
0.9240932464599609
0.9066728949546814
0.9166713953018188
0.9266605377197266
0.8996583819389343
0.9345462322235107
0.9468325972557068
0.9507342576980591
0.9027107357978821
0.9249919056892395
0.91462242603302
0.9629644155502319
0.9452586770057678
0.9662216305732727
0.9708021879196167
0.9787795543670654
0.9984245300292969
0.9973368048667908
0.9753930568695068
1.0105229616165161
0.9670429229736328
0.9579041004180908
0.9871614575386047
0.9510641694068909
0.9488059878349304
0.9551616907119751
0.9584455490112305
1.012830376625061
1.0006858110427856
0.911562442779541
0.9870574474334717
0.9956120848655701
0.9792263507843018
0.9899918437004089
0.965206503868103
0.9684820175170898
0.9423857927322388
0.967337429523468
0.960704505443573
0.951892614364624
0.9906482696533203
0.9278079867362976
0.9661852121353149
0.9618341326713562
0.9656023979187012
0.9557369947433472
0.9693853855133057
0.9365693926811218
0.9775565266609192
0.9376809597015381
0.9711937308311462
0.9457356333732605
0.9566604495048523
0.9560129642486572
0.9533679485321045
0.9769672751426697
0.9768896102905273
0.9465216994285583
0.9944509267807007
0.9346166253089905
0.9647210836410522
0.9343453049659729
0.9600718021392822
0.9413495063781738
0.9601730108261108
0.9041205644607544
0.9788813591003418
0.9626359939575195
0.949898898601532
0.950222909450531
0.9939088225364685
0.9492789506912231
0.9135708808898926
0.980442464351654
0.9778780937194824
0.9959374666213989
0.9504401683807373
0.959282398223877
0.9040329456329346
0.9872661828994751
0.9402705430984497
0.8814701437950134
0.9517214298248291
0.906988263130188
0.9292803406715393
0.9362722039222717
0.9580466747283936
0.9434288740158081
0.9050489664077759
0.9223487973213196
0.9066095352172852
0.9405838251113892
0.9543792009353638
0.9679068326950073
0.9274701476097107
0.9212292432785034
0.9555997848510742
0.954526424407959
0.94771409034729
0.9833644032478333
0.954962432384491
0.9901065826416016
0.9659438729286194
0.9475033283233643
0.9526962041854858
0.9655296802520752
0.9783908128738403
0.932512104511261
0.9369885325431824
0.9196994304656982
0.9447710514068604
0.958578884601593
0.9854300022125244
0.9278185963630676
0.9193028211593628
1.0076916217803955
0.938417375087738
0.9256013035774231
0.9622700810432434
0.9295849204063416
0.9708093404769897
0.9309440851211548
0.9913376569747925
0.9721460938453674
0.9844499230384827
0.9404147267341614
0.9645078778266907
0.9856809377670288
0.9393703937530518
0.9897092580795288
0.9136356115341187
0.9748229384422302
0.9692929983139038
0.9462631940841675
0.9833469390869141
0.9807807207107544
0.9291707873344421
0.9614443182945251
0.9404024481773376
0.9479560852050781
0.978492259979248
0.9528394341468811
0.9511418342590332
0.977403998374939
0.9219136238098145
0.9692202806472778
0.9708340167999268
0.9774458408355713
0.8807920813560486
0.9319784045219421
0.9323118925094604
0.9039248824119568
0.9517292380332947
0.9512354135513306
0.9844531416893005
0.9401103258132935
0.9538785219192505
0.9414100646972656
0.9320123195648193
0.9177916049957275
0.9341970682144165
0.9670789241790771
0.9669523239135742
0.9623702764511108
0.9567042589187622
0.9464885592460632
0.9871197938919067
0.9925323128700256
0.9687995910644531
0.967418909072876
1.007053017616272
0.9959865212440491
0.9840972423553467
0.9551263451576233
0.9213125109672546
0.8956342339515686
0.944206953048706
0.9646602272987366
0.9458745121955872
0.9413696527481079
0.976536750793457
0.9524011611938477
0.9043758511543274
0.939069390296936
0.9214270710945129
0.9738110899925232
0.9299755096435547
0.9795913100242615
0.926685631275177
0.986221969127655
0.887980580329895
0.9133354425430298
0.9034416675567627
0.9097638130187988
0.9206061363220215
0.9183489084243774
0.8924674987792969
0.9407971501350403
0.9418227672576904
0.933018684387207
0.934894859790802
0.9362176656723022
0.9279284477233887
0.9076200723648071
0.9659952521324158
0.8941188454627991
0.9413702487945557
0.9728026390075684
0.8926188349723816
0.9904587864875793
0.9676419496536255
0.9718400835990906
0.9533125162124634
0.9285874366760254
0.9831289649009705
0.965227484703064
0.9705377221107483
0.9836277365684509
0.979643702507019
0.9567909240722656
0.9543527960777283
0.9433860778808594
0.9396514892578125
0.9593732953071594
0.9449637532234192
0.9573752880096436
0.9776071906089783
0.9683586955070496
0.9489028453826904
0.9747509956359863
1.0004137754440308
0.9919242858886719
0.9920201897621155
0.994448184967041
1.0011030435562134
0.9618603587150574
0.9975374937057495
0.9261707663536072
0.9669817686080933
1.0051599740982056
0.9919142723083496
0.9927644729614258
0.9389963746070862
1.0105297565460205
0.9940993785858154
1.007110595703125
1.007068157196045
0.9726380109786987
0.9569800496101379
0.9422226548194885
0.9645261764526367
0.9054338932037354
0.9431149959564209
0.9612210988998413
0.9480940699577332
0.9765521883964539
0.9538753032684326
0.9399425983428955
0.9609329700469971
0.9432516098022461
0.9414523839950562
0.9448845386505127
0.938388466835022
0.9531258940696716
0.9494244456291199
0.9397503733634949
0.9569023847579956
0.9682780504226685
0.9370764493942261
0.9377915859222412
0.9389688968658447
0.9733024835586548
0.9717147350311279
0.9443246126174927
0.9608659148216248
0.981724202632904
0.9511628150939941
0.9881443977355957
0.9759110808372498
0.9350868463516235
0.9707261323928833
0.9654505848884583
0.8932417035102844
0.9178751707077026
0.9265608191490173
0.9341155290603638
0.9333412647247314
0.8958248496055603
0.8801735639572144
0.8706066608428955
0.9824192523956299
0.9265896081924438
0.9071415662765503
0.9133627414703369
0.899150550365448
0.9249196648597717
0.9658083915710449
0.9607508182525635
0.9370885491371155
0.9098712205886841
0.9032506346702576
0.9117233157157898
0.9127638339996338
0.9275210499763489
0.929627537727356
0.933008074760437
0.9168646931648254
0.9159914255142212
0.9749557375907898
0.8971162438392639
0.9435781240463257
0.9337993860244751
0.9620649814605713
0.9570221304893494
0.9298175573348999
0.9105826616287231
0.9268449544906616
0.9336802959442139
0.9475144743919373
0.8880109786987305
0.9638820886611938
0.9290984272956848
0.9585773944854736
0.9565401673316956
0.9785128831863403
1.0061472654342651
0.9888694882392883
1.0152976512908936
0.995354175567627
0.9633399248123169
0.9817742109298706
0.9631737470626831
0.9683617353439331
0.9621206521987915
0.9691948294639587
0.9851208329200745
0.962013304233551
0.926703155040741
0.974320650100708
0.9633926153182983
0.9845424890518188
0.9763296842575073
0.9514700174331665
0.9475619196891785
0.9786425232887268
0.9830801486968994
0.9728533625602722
0.986584484577179
0.9313455820083618
0.9441686868667603
0.9187980890274048
0.9017915725708008
0.9187871217727661
0.9591546058654785
0.9285940527915955
0.9111101627349854
0.9833493232727051
0.9201169013977051
0.9307637214660645
0.9443798065185547
0.9331990480422974
0.8833476901054382
0.9276582598686218
0.9409565925598145
0.9388355612754822
0.9398310780525208
0.9330187439918518
0.9608585834503174
0.9693060517311096
0.9222963452339172
0.9368410706520081
0.9387078285217285
0.9405055046081543
0.9477941393852234
0.9265206456184387
0.9526567459106445
0.9242752194404602
0.9188799858093262
0.9431154131889343
0.9480202794075012
0.9493088722229004
0.935295581817627
0.9430713653564453
0.9382673501968384
0.934490442276001
0.9525455832481384
0.9313124418258667
0.8933296203613281
0.9327960014343262
0.9443996548652649
0.9398680329322815
0.9458593726158142
0.9324211478233337
0.915373682975769
0.9235393404960632
0.9098823070526123
0.9629906415939331
0.9400660991668701
0.919844925403595
0.9408890008926392
0.9337992668151855
0.9441191554069519
0.9376897811889648
0.8704178929328918
0.939624547958374
0.9398412704467773
0.9478104114532471
0.9767094254493713
0.9359743595123291
0.9299443364143372
0.9191407561302185
0.9487895965576172
0.9800876975059509
0.9288540482521057
0.9105349779129028
0.9064041376113892
0.9508431553840637
0.9295163154602051
0.9336236119270325
0.9687667489051819
0.9139447212219238
0.9746250510215759
0.9366102814674377
0.9215377569198608
0.9343775510787964
0.9224356412887573
0.9573763012886047
0.9757965207099915
0.9369556307792664
0.9851748943328857
0.9694042205810547
0.9893181324005127
0.9543737769126892
0.948119044303894
0.9558091759681702
0.9524651765823364
0.9614522457122803
0.9554312229156494
0.9726908206939697
0.9685497283935547
0.9539600610733032
0.9721794724464417
0.9534266591072083
0.9497230648994446
0.9700652360916138
0.9280006885528564
0.9292854070663452
0.9490646123886108
0.9606660008430481
0.9365198016166687
0.9583883285522461
0.945541501045227
0.9118695259094238
0.9525098204612732
0.9358405470848083
0.9013774394989014
0.9191485643386841
0.9153848886489868
0.9051347374916077
0.915576159954071
0.9214026927947998
0.9080280661582947
0.9636491537094116
0.935298502445221
0.9988738298416138
0.9848314523696899
1.009145975112915
0.946992039680481
0.9944549798965454
0.9816151261329651
0.9806541800498962
0.9988601207733154
0.9758373498916626
0.9488820433616638
0.9550629258155823
0.9823306798934937
0.9850317239761353
0.9639297723770142
0.9962974190711975
0.9508383274078369
0.9822843670845032
0.9587043523788452
0.9643877744674683
0.9795138835906982
0.9762483835220337
0.9540524482727051
0.9599201083183289
0.9711824059486389
0.9433797001838684
0.9963202476501465
0.9469279646873474
0.98853600025177
0.9459171295166016
0.9380947947502136
0.969456672668457
0.9432507157325745
0.9268125891685486
0.9816238284111023
0.9618037343025208
1.0014575719833374
0.9336920380592346
0.9850590825080872
0.9641746282577515
0.9620630145072937
0.9465914964675903
0.9671700596809387
0.9753934144973755
0.9760332107543945
0.9438865184783936
0.9428158402442932
0.987358033657074
0.9508433938026428
0.9809078574180603
0.9973251819610596
0.9850509166717529
0.9534362554550171
0.8704436421394348
0.924778401851654
0.9592804908752441
0.9445403814315796
0.9102215766906738
0.9487255215644836
0.9300848245620728
0.9878734946250916
0.9689634442329407
0.9485045671463013
0.9685176014900208
1.0064873695373535
0.9582388401031494
1.0040401220321655
0.9498307704925537
0.9558569192886353
0.9591413736343384
0.9784667491912842
0.9671289324760437
0.9508040547370911
0.9834058284759521
0.9245494604110718
0.9145789742469788
0.9489717483520508
0.9796357154846191
0.9309401512145996
0.9338985085487366
0.9682186841964722
0.9350528120994568
0.9433545470237732
0.9673112630844116
0.9808259606361389
0.947257399559021
0.9551011919975281
0.9460020661354065
0.9789007306098938
0.9446104764938354
0.9556397199630737
0.9555121660232544
0.8946566581726074
0.9243465662002563
0.9183551073074341
0.9029054045677185
0.9394721984863281
0.993645191192627
0.9849978089332581
0.9592208862304688
0.9529680013656616
0.9507994651794434
0.9690762758255005
0.974570631980896
0.9593305587768555
0.9485400915145874
0.9752962589263916
0.9743180274963379
0.9811679124832153
0.9774571061134338
0.9907640814781189
0.9771509170532227
0.9820164442062378
1.0118435621261597
0.9254831671714783
0.936381459236145
0.9831064343452454
0.9800987243652344
0.9272552728652954
0.9336297512054443
0.9918968677520752
0.9934202432632446
0.9705610871315002
0.943947970867157
0.9866568446159363
0.9772442579269409
0.9724912047386169
0.9836223125457764
0.9735467433929443
0.9606616497039795
0.9316519498825073
0.9419946670532227
0.963861346244812
0.9781840443611145
0.9229689836502075
0.9605777263641357
0.9447391629219055
0.9902592301368713
0.9635576605796814
0.9938883185386658
0.941006600856781
0.9512718319892883
0.9366292357444763
0.9383690357208252
0.9636509418487549
0.9533866047859192
0.9313462376594543
0.9350472092628479
0.9027150869369507
0.9167108535766602
0.9568188190460205
0.977398157119751
0.9383937120437622
0.9326398968696594
0.9280820488929749
0.9248180389404297
0.9028199911117554
0.9239658117294312
0.9480419754981995
0.9650892019271851
0.9831719398498535
0.9264100790023804
0.9140259027481079
0.9405310750007629
0.9427623748779297
0.9401798248291016
0.92207270860672
0.9090741276741028
0.9172866940498352
0.9107552766799927
0.9406827688217163
0.9369418621063232
0.939111053943634
0.924601674079895
0.933072030544281
0.9399441480636597
0.9182257056236267
0.9438665509223938
0.9743237495422363
0.9580837488174438
0.9739387035369873
0.973605751991272
1.0009560585021973
0.9855949878692627
0.9561656713485718
0.9489492177963257
0.8551759719848633
0.9075647592544556
0.9244892001152039
0.9014237523078918
0.9157251715660095
0.8866004943847656
0.9164291620254517
0.9478614926338196
0.9264662265777588
0.9348301887512207
0.9243381023406982
0.9214070439338684
0.9278517961502075
0.9437523484230042
0.9752210378646851
0.9748737215995789
0.961256206035614
1.0052803754806519
0.9863539338111877
0.9790627956390381
0.9958098530769348
0.9774338603019714
0.9666083455085754
0.9535214900970459
0.9726908206939697
0.9570992588996887
0.9412446618080139
0.9579071998596191
0.9742579460144043
0.9910091161727905
0.918164849281311
0.9899121522903442
0.9788542985916138
0.9705091714859009
0.9615684151649475
0.9584003686904907
0.9890388250350952
0.9500778317451477
0.968751847743988
0.9656161069869995
0.9352589845657349
0.9870404005050659
0.9120532870292664
0.9474740028381348
0.9670190811157227
0.9560748934745789
0.9417237043380737
0.962971568107605
0.9291041493415833
0.9524111747741699
0.9349684715270996
0.966169536113739
0.9460253119468689
0.9480069279670715
0.9519538879394531
0.962984561920166
0.9993191361427307
0.9938282370567322
0.9405785799026489
0.9884214997291565
0.9554352164268494
0.9530665874481201
0.9157297611236572
0.9477959275245667
0.9476269483566284
0.9589475989341736
0.9098544120788574
0.9666017293930054
0.9712254405021667
0.9618337154388428
0.9478076696395874
1.0045123100280762
0.9538780450820923
0.9610238671302795
0.9706356525421143
0.9692021608352661
0.9967631697654724
0.9589571952819824
0.9777194857597351
0.9007089138031006
0.9872661828994751
0.9023693799972534
0.8932356834411621
0.921044111251831
0.9113842248916626
0.9294968247413635
0.9456611275672913
0.9600849747657776
0.9374447464942932
0.8898664116859436
0.9010318517684937
0.9181506633758545
0.9422769546508789
0.9735920429229736
0.9307584166526794
0.9536237120628357
0.9348385334014893
0.9988484978675842
0.9473150372505188
0.973883867263794
0.9659557342529297
0.9929051399230957
0.9974279403686523
0.9849048256874084
0.9029716849327087
0.9451595544815063
0.9538558125495911
0.9814940690994263
0.9216406941413879
0.9349503517150879
0.9229070544242859
0.9421714544296265
0.9323133230209351
0.9546389579772949
0.9219305515289307
0.9009177684783936
0.9863677024841309
0.9267627596855164
0.8975538611412048
0.9622700810432434
0.9003157019615173
0.9826259613037109
0.9302769303321838
0.9776926040649414
0.9821309447288513
0.9819258451461792
0.9478346109390259
0.9795349836349487
0.9871072173118591
0.9464156627655029
0.9937334656715393
0.9315259456634521
0.9892224669456482
0.9810738563537598
0.9603909850120544
0.9092665910720825
0.9386358261108398
0.9018311500549316
0.956886887550354
0.9461896419525146
0.9378735423088074
0.9659824967384338
0.957198441028595
0.9478338956832886
0.9774652123451233
0.9223612546920776
0.9508602619171143
0.9479641914367676
0.9722509384155273
0.8880852460861206
0.9361919164657593
0.9467832446098328
0.9311093091964722
0.9445111751556396
0.9632939696311951
0.9812345504760742
0.9397026300430298
0.9310232400894165
0.9316209554672241
0.9228147864341736
0.9116164445877075
0.940037190914154
0.9670789241790771
0.9321128726005554
0.9465266466140747
0.944091796875
0.9972686767578125
0.9635257124900818
0.9592671990394592
0.9523651599884033
0.9552216529846191
1.007053017616272
0.9712490439414978
0.9660765528678894
0.9457772970199585
0.9231041073799133
0.917044997215271
0.9303128719329834
0.9631138443946838
0.9312816858291626
0.9695159196853638
0.9834326505661011
0.9751954078674316
0.9215729236602783
0.9358024597167969
0.9347018599510193
0.9509154558181763
0.9447141885757446
0.9727382063865662
0.937265932559967
0.9860270023345947
0.9400206804275513
0.9070433378219604
0.9039919376373291
0.9252169728279114
0.9162535667419434
0.9411961436271667
0.8949297070503235
0.9469473361968994
0.9400508403778076
0.9249520301818848
0.9332766532897949
0.9253802299499512
0.9488072991371155
0.9094963669776917
0.9665253758430481
0.9048610925674438
0.951716423034668
0.968623161315918
0.896172821521759
1.0000485181808472
0.9881677627563477
0.9806029200553894
0.9700145721435547
0.9295220375061035
0.9795684814453125
0.9750667214393616
0.962073564529419
1.0033633708953857
0.9882600903511047
0.9504488706588745
0.9604228734970093
0.9108402132987976
0.9432011842727661
0.9700523614883423
0.9613551497459412
0.9789934754371643
0.9895550012588501
0.9869093298912048
0.9488126635551453
0.9814943075180054
0.9774921536445618
0.9792345762252808
0.9857567548751831
1.003641963005066
0.9922128915786743
0.9664083123207092
0.9975374937057495
0.9021077156066895
0.9884945154190063
1.014279842376709
0.9813554883003235
0.995816171169281
0.9568168520927429
0.9902846217155457
1.012190580368042
0.9984086155891418
1.007068157196045
0.9726380109786987
0.9529606103897095
0.9422226548194885
0.950782299041748
0.9075287580490112
0.9468150734901428
0.9593631029129028
0.961779773235321
0.9509498476982117
0.9478245973587036
0.9503980875015259
0.9530525207519531
0.9516069293022156
0.9369182586669922
0.9392904043197632
0.9381862878799438
0.9550088047981262
0.9605804085731506
0.9426827430725098
0.984736442565918
0.9682215452194214
0.9843056797981262
0.959963321685791
0.9642159938812256
0.9642356038093567
0.962006688117981
0.9443246126174927
0.9608659148216248
0.9712793827056885
0.9490185379981995
0.9904603362083435
0.975919246673584
0.9338246583938599
0.9707261323928833
0.9899091720581055
0.9243724346160889
0.8927863240242004
0.9218619465827942
0.9109523892402649
0.9215067625045776
0.8900279998779297
0.8771332502365112
0.8771663904190063
0.9899870753288269
0.9318014979362488
0.8917418718338013
0.9178656339645386
0.9190450310707092
0.8988667726516724
0.9658083915710449
0.965535044670105
0.9359554648399353
0.9258200526237488
0.883965015411377
0.9132715463638306
0.9410771131515503
0.9181876182556152
0.9341228008270264
0.9417785406112671
0.9049983024597168
0.9378348588943481
0.9626319408416748
0.9016034603118896
0.9283589124679565
0.9592219591140747
0.9407014846801758
0.9607413411140442
0.9236066341400146
0.9214798212051392
0.9242541790008545
0.9473736882209778
0.9727447628974915
0.9092281460762024
0.9549142718315125
0.9295134544372559
0.9792141914367676
0.9544957280158997
0.9793986678123474
1.0034384727478027
0.9739052057266235
1.0152976512908936
0.9915956854820251
0.9654287099838257
0.9944332838058472
0.9329032301902771
0.9886620044708252
0.9544947147369385
0.9763153791427612
0.9902653694152832
0.9606541991233826
0.9701394438743591
0.973832905292511
0.9567204117774963
0.9823315739631653
0.987982451915741
0.9869478940963745
0.9499304890632629
0.9577322006225586
1.0028589963912964
0.9685510993003845
0.9905836582183838
0.909426748752594
0.9487865567207336
0.9275732636451721
0.9138105511665344
0.923922061920166
0.9563363790512085
0.9454307556152344
0.9140211343765259
0.9623608589172363
0.9247450232505798
0.933493435382843
0.9432805776596069
0.9259377717971802
0.9218576550483704
0.9404447078704834
0.9530907869338989
0.9379374384880066
0.9417377710342407
0.9566428661346436
0.9621750712394714
0.9481201767921448
0.9431390762329102
0.9366669654846191
0.9546560645103455
0.9289336800575256
0.9394757747650146
0.9259188771247864
0.9223756194114685
0.9227437376976013
0.9256303310394287
0.9448411464691162
0.9383411407470703
0.9541119933128357
0.9357593059539795
0.9585890769958496
0.940375566482544
0.9442048072814941
0.9415581226348877
0.9419417381286621
0.8986338973045349
0.9197251200675964
0.9386007785797119
0.9631883502006531
0.9552850723266602
0.9326411485671997
0.9299419522285461
0.9310871958732605
0.9148807525634766
0.9650013446807861
0.9342358708381653
0.919309139251709
0.9383265972137451
0.9196720123291016
0.9302705526351929
0.9499768018722534
0.9053590297698975
0.958572506904602
0.9397621154785156
0.9769648313522339
0.9690476059913635
0.93268883228302
0.9478937387466431
0.9195827841758728
0.9476109743118286
0.9916458129882812
0.9306004643440247
0.9105349779129028
0.9135555028915405
0.9539623856544495
0.9268262386322021
0.9329128265380859
0.9866268634796143
0.9438316226005554
0.9878312349319458
0.9294289350509644
0.9318181276321411
0.9379469156265259
0.9306262135505676
0.9610745310783386
0.9667375087738037
0.9695884585380554
0.9917886853218079
0.9753344058990479
0.9827325940132141
0.9716782569885254
0.9596603512763977
0.9424066543579102
0.9655542969703674
0.9638253450393677
0.9589437246322632
0.9644839763641357
0.972490131855011
0.9583190679550171
0.971570611000061
0.9436231851577759
0.9522826671600342
0.9674251675605774
0.9210115671157837
0.9296185970306396
0.9351553320884705
0.9540494084358215
0.9324163198471069
0.9548841118812561
0.9598071575164795
0.8977128267288208
0.9475926756858826
0.9340352416038513
0.9067325592041016
0.9230504035949707
0.91239994764328
0.9119923114776611
0.9178297519683838
0.9205915331840515
0.9200534224510193
0.9487163424491882
0.9470478892326355
0.9958280324935913
0.983139157295227
0.9966045618057251
0.9370477199554443
0.9906361103057861
0.9911496043205261
0.9943395853042603
1.0104960203170776
0.9902604818344116
0.9471908807754517
0.9619140028953552
0.9925947189331055
0.989324152469635
0.9834267497062683
0.9774500727653503
0.949411928653717
0.9762189388275146
0.9579759240150452
1.0019246339797974
0.9918549060821533
0.9758756756782532
0.9624119997024536
0.9556787610054016
0.9688565731048584
0.9433797001838684
1.006361961364746
0.9601233005523682
0.9828144907951355
0.9593089818954468
0.9805046319961548
0.9733239412307739
0.9674872159957886
0.9486412405967712
0.9766543507575989
0.9747951626777649
0.9929126501083374
0.9174633622169495
0.9801962375640869
0.9156158566474915
0.9458387494087219
0.946550726890564
0.995263934135437
0.9719903469085693
0.9829205870628357
0.9493070840835571
0.9428872466087341
0.987358033657074
0.9572039246559143
0.9693332314491272
1.0000343322753906
0.9852799773216248
0.9686020612716675
0.9435132741928101
0.9303075671195984
0.9641542434692383
0.9247486591339111
0.9787960052490234
0.9267898797988892
0.9326910376548767
0.988746166229248
0.9881981015205383
0.9453001022338867
0.9620210528373718
1.0002894401550293
0.9588752388954163
1.0040401220321655
0.9415347576141357
0.9453119039535522
0.9417404532432556
0.988746702671051
0.9731303453445435
0.9443919062614441
0.9930674433708191
0.9369857907295227
0.8980568647384644
0.947066068649292
0.9449107050895691
0.948932945728302
0.9297158122062683
0.9606253504753113
0.9606794714927673
0.9678542017936707
0.986365020275116
0.9857751131057739
0.967260479927063
0.9643993377685547
0.9547840356826782
0.9789007306098938
0.9452685117721558
0.962337851524353
0.9476358890533447
0.9214835166931152
0.9024803638458252
0.926189661026001
0.9142823219299316
0.9416534900665283
0.993645191192627
0.9883488416671753
0.978823721408844
0.946458637714386
0.9473183751106262
0.9821686744689941
0.9740409851074219
0.9863253831863403
0.9487546682357788
0.9869339466094971
0.9726191759109497
0.9811679124832153
0.9308880567550659
0.9721662402153015
1.0071507692337036
0.9629892706871033
0.9946855306625366
0.9240022897720337
0.9571185111999512
0.9733725190162659
0.9755474328994751
0.9253053069114685
0.9245123863220215
0.9844458699226379
0.9989833831787109
0.9602661728858948
0.9495649337768555
0.9866568446159363
0.9772442579269409
0.9661826491355896
0.9549954533576965
0.9678184390068054
0.951374351978302
0.9376237392425537
0.967069149017334
0.9516827464103699
0.964462161064148
0.9232888221740723
0.9604955911636353
0.9546347856521606
0.9834962487220764
0.9601666927337646
0.9646263718605042
0.938143789768219
0.9751273393630981
0.9314171075820923
0.9317594170570374
0.9552037715911865
0.9645155072212219
0.9350447058677673
0.9722198247909546
0.9035240411758423
0.9281164407730103
0.9399132132530212
0.977398157119751
0.9340640902519226
0.9405813217163086
0.9251036643981934
0.9190258383750916
0.8898857831954956
0.9286994934082031
0.90704745054245
0.9474451541900635
0.9706892371177673
0.926423192024231
0.9275648593902588
0.9371383190155029
0.946357250213623
0.9368466138839722
0.9309117794036865
0.9302552342414856
0.911518931388855
0.9095517992973328
0.9465306401252747
0.9396018981933594
0.947921872138977
0.922766923904419
0.9266220331192017
0.9300789833068848
0.9183281064033508
0.9431617259979248
0.9736379384994507
0.9667462110519409
0.9985505938529968
0.9729083776473999
1.004895806312561
0.9942674040794373
0.9795886278152466
0.9577167630195618
0.8801732659339905
0.9149142503738403
0.9144145250320435
0.901649534702301
0.9121763706207275
0.8830981254577637
0.9237605929374695
0.9468325972557068
0.9413087368011475
0.9289996027946472
0.9276480078697205
0.9054642915725708
0.9629644155502319
0.9429830312728882
0.9901823997497559
0.9742429256439209
0.9742289781570435
1.001596212387085
0.9911458492279053
0.9686876535415649
0.9917515516281128
0.9841433167457581
0.9776434898376465
0.9496145248413086
0.965126097202301
0.9584978222846985
0.9401518702507019
0.9504408836364746
0.9801176190376282
0.997475266456604
0.9380488395690918
0.9857620000839233
0.9943416118621826
0.9785802960395813
0.9773963689804077
0.9577659964561462
0.9684667587280273
0.9737544059753418
0.9717284440994263
0.9589559435844421
0.9653674960136414
0.9870404005050659
0.9223333597183228
0.9459302425384521
0.9567597508430481
0.9595474004745483
0.9634435772895813
0.9664953947067261
0.9350416660308838
0.9465018510818481
0.9349684715270996
0.9579976201057434
0.9601576328277588
0.9630637764930725
0.9542425870895386
0.9576672315597534
0.9935436844825745
0.9882799983024597
0.9482528567314148
0.9928256273269653
0.9346166253089905
0.9560036063194275
0.9262950420379639
0.9753172397613525
0.9436419606208801
0.959065318107605
0.900286078453064
0.9676192998886108
0.9674861431121826
0.9313748478889465
0.9523866176605225
0.9802268743515015
0.9445933103561401
0.94240802526474
0.9706356525421143
0.9742463827133179
1.001879096031189
0.9448875188827515
0.962659478187561
0.8755610585212708
0.9872661828994751
0.9175035953521729
0.8706881403923035
0.937565267086029
0.9131494760513306
0.9305600523948669
0.9337793588638306
0.9479718804359436
0.9388675689697266
0.8981577754020691
0.9000864624977112
0.9079614281654358
0.9291952848434448
0.9499706625938416
0.9705516695976257
0.9252060055732727
0.934909999370575
0.9507442712783813
0.9588199257850647
0.9642759561538696
0.9805104732513428
1.006330132484436
0.9892240762710571
0.9636462330818176
0.9130245447158813
0.9468766450881958
0.9626836180686951
0.9761161208152771
0.9332429766654968
0.9302617907524109
0.9209944605827332
0.9330182671546936
0.9295755624771118
0.9546389579772949
0.9184074401855469
0.9052408337593079
0.9863677024841309
0.927239179611206
0.9054230451583862
0.9622700810432434
0.9099153876304626
0.9693101048469543
0.9308322668075562
0.995100736618042
0.9819000959396362
0.983481764793396
0.9673355221748352
0.977988600730896
0.9781546592712402
0.9737330079078674
0.992748498916626
0.9131412506103516
0.9557411670684814
0.9882538914680481
0.9645881652832031
0.9600082635879517
0.9386358261108398
0.9322806596755981
0.9583317637443542
0.9499010443687439
0.9404657483100891
0.9794991612434387
0.9655691385269165
0.9484721422195435
0.9800041317939758
0.9271276593208313
0.9765734672546387
0.9531630277633667
0.9676266312599182
0.8936997652053833
0.972447395324707
0.9331474900245667
0.9129542708396912
0.9478803277015686
0.9368941783905029
0.9744471311569214
0.9317315816879272
0.9548676013946533
0.9366906881332397
0.9268274903297424
0.9206305146217346
0.9450339674949646
0.9700228571891785
0.9304615259170532
0.97075355052948
0.9726635217666626
0.9689019918441772
1.001906394958496
0.9598703980445862
0.9664152264595032
0.9587477445602417
1.007053017616272
0.9605620503425598
0.9689049124717712
0.956082820892334
0.9178043603897095
0.9082988500595093
0.9387719631195068
0.9493911862373352
0.9312645792961121
0.9588637351989746
0.9834326505661011
0.9554671049118042
0.9334025382995605
0.9535441398620605
0.9402360320091248
0.9542686343193054
0.9555296897888184
0.9779572486877441
0.9169161915779114
0.9827314019203186
0.8892442584037781
0.9139777421951294
0.9005357027053833
0.9308597445487976
0.9133543968200684
0.9076731204986572
0.9096134901046753
0.9431729316711426
0.941173791885376
0.9346725940704346
0.9396421909332275
0.908977210521698
0.9431789517402649
0.8983057141304016
0.96906578540802
0.8867757320404053
0.9535396695137024
0.9709042310714722
0.896172821521759
1.0034255981445312
0.9709012508392334
0.9784605503082275
0.9683820009231567
0.9336329102516174
0.9705078601837158
0.9585626721382141
0.9730671644210815
0.9865471124649048
0.9754269123077393
0.9554805755615234
0.9631446599960327
0.8971487283706665
0.9323294162750244
0.9516745805740356
0.9451358318328857
0.9781794548034668
0.9752067923545837
0.9881119728088379
0.955110490322113
0.9731308221817017
0.9855044484138489
0.9861786365509033
0.9857567548751831
1.0012263059616089
0.9922128915786743
0.969920814037323
0.9975374937057495
0.8979798555374146
0.9824092984199524
1.0051599740982056
0.9805824756622314
0.9923367500305176
0.939417839050293
0.9688475131988525
1.012190580368042
0.9744402766227722
0.9999434351921082
0.9726380109786987
0.946786642074585
0.9422226548194885
0.9510533213615417
0.9248645305633545
0.9519283175468445
0.9640857577323914
0.9538169503211975
0.9622211456298828
0.9477169513702393
0.9501563906669617
0.9590461254119873
0.9662065505981445
0.9351595044136047
0.9549439549446106
0.9401743412017822
0.9503589272499084
0.9587900638580322
0.9399934411048889
0.9355881214141846
0.9562596082687378
0.9593364000320435
0.9721188545227051
0.9662563800811768
0.9635352492332458
0.9620372653007507
0.9443246126174927
0.9608659148216248
0.9697065949440002
0.9521336555480957
0.9881346821784973
0.97509765625
0.9356492161750793
0.9707261323928833
0.9814646244049072
0.9074878692626953
0.9270088076591492
0.9218619465827942
0.9242379069328308
0.9292736053466797
0.8981162905693054
0.8734392523765564
0.8705254197120667
0.9770610332489014
0.9211767911911011
0.9079626202583313
0.9165287017822266
0.9114431142807007
0.890248715877533
0.9619931578636169
0.9595135450363159
0.9412353038787842
0.9153838157653809
0.8865291476249695
0.921468198299408
0.9453782439231873
0.9156379699707031
0.9239578247070312
0.9269686341285706
0.9342501759529114
0.9383121728897095
0.9747666120529175
0.9184920787811279
0.9355481863021851
0.9315836429595947
0.9516668319702148
0.9740839004516602
0.9386540651321411
0.9146722555160522
0.9225718379020691
0.9567235708236694
0.9616256356239319
0.9037272930145264
0.9772441983222961
0.921722948551178
0.9581522941589355
0.9605281949043274
0.9756588339805603
0.999478816986084
0.9848412871360779
1.0152976512908936
0.9963133335113525
0.960800290107727
0.9973393678665161
0.9575502276420593
0.9794926643371582
0.9619177579879761
0.9415167570114136
1.0029542446136475
0.9530264139175415
0.9305347800254822
0.9803599119186401
0.9469294548034668
0.9850414395332336
0.9769076704978943
0.9683806300163269
0.960543692111969
0.9685916900634766
0.9602804183959961
0.9674467444419861
1.0057557821273804
0.9103317260742188
0.9243166446685791
0.9037914276123047
0.897545576095581
0.9207069873809814
0.9576811194419861
0.9247596263885498
0.9150345325469971
0.9723991751670837
0.9222903251647949
0.9310401678085327
0.9383679032325745
0.9204403162002563
0.912110447883606
0.9349993467330933
0.950409471988678
0.9336820244789124
0.9495749473571777
0.9375320672988892
0.9655892848968506
0.9575220346450806
0.9374829530715942
0.9408397078514099
0.9399892687797546
0.9342786073684692
0.9811052083969116
0.9228626489639282
0.9317860007286072
0.9208593964576721
0.9192059636116028
0.9487593173980713
0.9362431168556213
0.9544824361801147
0.9333370923995972
0.9590402841567993
0.9423553347587585
0.9567478895187378
0.938292384147644
0.9546939134597778
0.8918135762214661
0.9491490125656128
0.9442334175109863
0.9414851665496826
0.9423961639404297
0.9540930986404419
0.9205154180526733
0.92564857006073
0.9099039435386658
0.9629906415939331
0.9424125552177429
0.9141316413879395
0.9409722685813904
0.9190277457237244
0.94562828540802
0.9499768018722534
0.894940972328186
0.9466973543167114
0.948525071144104
0.9557517766952515
0.9670816659927368
0.9244897961616516
0.9435747861862183
0.928187370300293
0.9487895965576172
0.9916458129882812
0.9310863018035889
0.9205495119094849
0.9105637073516846
0.9555166363716125
0.9265974164009094
0.9325286746025085
0.9759092330932617
0.936199426651001
0.9925856590270996
0.9406044483184814
0.9268091917037964
0.9479718804359436
0.9306735396385193
0.9810293912887573
0.9720405340194702
0.9695884585380554
0.9787641167640686
0.9728184938430786
0.9658830761909485
0.9693053960800171
0.9501304626464844
0.9558091759681702
0.9596209526062012
0.9668132066726685
0.9603216052055359
0.9700335264205933
0.9741297960281372
0.9504693746566772
0.9535068273544312
0.9499996900558472
0.9388982653617859
0.9698472619056702
0.9288660883903503
0.9252273440361023
0.9405372142791748
0.9578185081481934
0.9353280067443848
0.9687008857727051
0.9561774730682373
0.9009391069412231
0.9453418254852295
0.942069411277771
0.9075462818145752
0.9105210900306702
0.9078665375709534
0.9070102572441101
0.9100859761238098
0.9286002516746521
0.9168157577514648
0.9605969190597534
0.9410955905914307
0.9958280324935913
0.962539553642273
0.9966045618057251
0.946162223815918
0.9799799919128418
0.9784677624702454
0.9842783212661743
1.007809042930603
0.991235613822937
0.914315402507782
0.9484730958938599
0.9928216338157654
0.9829064607620239
0.9627894759178162
0.9906187057495117
0.9764145016670227
0.9772803783416748
0.9611541628837585
0.9759252071380615
0.9962272047996521
0.9806196689605713
0.961759090423584
0.9519534707069397
0.9711824059486389
0.9516317844390869
0.9963202476501465
0.9518259763717651
0.9754511117935181
0.9800202250480652
0.9592770338058472
0.9646267890930176
0.9746099710464478
0.9312382340431213
0.9766543507575989
0.9500250816345215
0.9967036247253418
0.9335423707962036
0.9809882640838623
0.8958470821380615
0.9401252865791321
0.944040060043335
1.0023396015167236
0.9595840573310852
0.9713932275772095
0.9492917060852051
0.9589110612869263
0.9823288917541504
0.9531022310256958
0.9823704361915588
0.997031033039093
0.9764435291290283
0.9654940366744995
0.9087836742401123
0.8949863910675049
0.9503650665283203
0.9290448427200317
0.9097437858581543
0.9162426590919495
0.9169095754623413
0.9400174021720886
0.9698666334152222
0.9127658009529114
0.9604144096374512
0.9768040180206299
0.9524361491203308
0.9709116220474243
0.946061909198761
0.9486739635467529
0.968031644821167
0.9827291965484619
0.9717341661453247
0.960889458656311
0.9884307980537415
0.923717737197876
0.9102476239204407
0.9450806379318237
0.9761306047439575
0.9377899169921875
0.932661235332489
0.9544097185134888
0.9481090307235718
0.935431718826294
0.9673112630844116
0.9860590100288391
0.9475565552711487
0.9551860094070435
0.9408684372901917
0.9789007306098938
0.955248236656189
0.9571235775947571
0.954113245010376
0.9376922845840454
0.9199749827384949
0.9219793081283569
0.9029054045677185
0.9449917078018188
0.993645191192627
0.9949524998664856
0.9863205552101135
0.9457745552062988
0.9473239183425903
0.9870469570159912
0.9600980877876282
0.9679186344146729
0.9485400915145874
0.9765195846557617
0.9727867841720581
0.9790699481964111
0.9842605590820312
0.9664833545684814
0.9866145253181458
0.970744252204895
1.0042130947113037
0.9365496635437012
0.9616504907608032
0.9761906266212463
0.9660680294036865
0.9261492490768433
0.9403743743896484
0.9979074597358704
0.9989833831787109
0.972673773765564
0.9480726718902588
0.9866568446159363
0.9387387633323669
0.9725028872489929
0.9824519157409668
0.9763193726539612
0.951374351978302
0.9177033305168152
0.9519147872924805
0.9739341735839844
0.9700176119804382
0.9445250630378723
0.9713826775550842
0.9483683109283447
0.9902562499046326
0.9697350263595581
0.9938883185386658
0.9389989376068115
0.9613550901412964
0.9227815866470337
0.9322922229766846
0.9595358371734619
0.9522688388824463
0.9182462692260742
0.9621513485908508
0.8673303127288818
0.9174633622169495
0.9552307724952698
0.9479759931564331
0.9303640723228455
0.9694287776947021
0.9280663132667542
0.9043029546737671
0.889816403388977
0.9298220276832581
0.9242543578147888
0.9618686437606812
0.9638761878013611
0.9264100790023804
0.9182940125465393
0.9380553364753723
0.9443345665931702
0.9351337552070618
0.9231103658676147
0.9208742380142212
0.9089254140853882
0.9210652112960815
0.946075439453125
0.9243223071098328
0.9466924071311951
0.9245337843894958
0.9262089729309082
0.9283758401870728
0.9208835959434509
0.9451925754547119
0.9344024062156677
0.9551594257354736
0.9760522842407227
0.9476838111877441
0.9870603084564209
0.9844054579734802
0.9546810388565063
0.9491837024688721
0.8848388195037842
0.9198247790336609
0.9246705174446106
0.9089663624763489
0.8928219079971313
0.87904953956604
0.9234066009521484
0.9481848478317261
0.9264662265777588
0.9263533353805542
0.9219964742660522
0.9058536887168884
0.9629644155502319
0.9508070349693298
0.9693530797958374
0.9734238386154175
0.9578778743743896
1.0037081241607666
0.9859570264816284
0.9810752868652344
0.9933304786682129
0.9859343767166138
0.9618067145347595
0.9393532276153564
0.9700335264205933
0.9510490894317627
0.9518706798553467
0.9534274935722351
0.9846579432487488
1.0048285722732544
0.9372473955154419
1.0060933828353882
1.006394624710083
0.9709622859954834
0.9813451766967773
0.9572416543960571
0.991211473941803
0.9638931155204773
0.9723366498947144
0.9656668305397034
0.9683794975280762
0.9870404005050659
0.905291736125946
0.9661852121353149
0.957894504070282
0.9600266218185425
0.9392585158348083
0.9609240889549255
0.9294934272766113
0.964078962802887
0.9349684715270996
0.967961847782135
0.9834838509559631
0.9539059996604919
0.9509378671646118
0.9567320942878723
1.00155508518219
0.9929229617118835
0.9510338306427002
0.9889269471168518
0.95013427734375
0.9517771601676941
0.9214401841163635
0.9714401960372925
0.9497137665748596
0.9576593041419983
0.9037653803825378
0.965548574924469
0.9502155184745789
0.9446320533752441
0.9524289965629578
0.9832248687744141
0.9693478345870972
0.9604288339614868
0.9771214127540588
1.0084705352783203
0.9969750046730042
0.9707034826278687
0.986990213394165
0.8875663876533508
0.9872661828994751
0.9380607604980469
0.8836162090301514
0.9298927187919617
0.9191615581512451
0.9266617894172668
0.9315509796142578
0.940432071685791
0.9275588989257812
0.9012896418571472
0.9053534865379333
0.9081617593765259
0.9546469449996948
0.9556909799575806
0.9571630358695984
0.9226921200752258
0.930202305316925
0.926293134689331
0.9439491629600525
0.9470516443252563
0.9822811484336853
1.009596586227417
0.9643768072128296
0.9708824157714844
0.9241742491722107
0.9444844722747803
0.9688021540641785
0.9761161208152771
0.9235738515853882
0.9375520944595337
0.9195888042449951
0.9431376457214355
0.9326983094215393
0.9495676755905151
0.9177309274673462
0.9041787981987
0.980636715888977
0.9325846433639526
0.9029021263122559
0.9622700810432434
0.9118834733963013
0.9683881402015686
0.9350681900978088
0.9943363666534424
0.9742344617843628
0.9822736978530884
0.9596176147460938
0.9772099852561951
0.9605947732925415
0.9464156627655029
0.997444748878479
0.9163118600845337
0.9853647351264954
0.9753878116607666
0.9553251266479492
0.9714518785476685
0.9517018795013428
0.9021440744400024
0.9535418748855591
0.9464656114578247
0.9406678080558777
0.9796301126480103
0.950982928276062
0.9475594758987427
0.975182056427002
0.9232342839241028
0.9729779362678528
0.9507889747619629
0.9699541330337524
0.8744692802429199
0.9371233582496643
0.9364076852798462
0.9137930870056152
0.9440997838973999
0.9537526369094849
0.9844531416893005
0.9355301856994629
0.9297375679016113
0.934634804725647
0.9266812205314636
0.9109619855880737
0.9437609910964966
0.9895831942558289
0.9502861499786377
0.9448380470275879
0.9379234910011292
0.9534109830856323
0.9872943162918091
0.9670324325561523
0.9395018815994263
0.9693983793258667
1.007053017616272
0.9557756781578064
0.976254940032959
0.9588357210159302
0.9143111705780029
0.9168294072151184
0.9344266653060913
0.9703010320663452
0.9317231774330139
0.9518035054206848
0.9834326505661011
0.9658015370368958
0.9278362989425659
0.9355944395065308
0.944198489189148
0.9419287443161011
0.9487223625183105
0.9755668640136719
0.9253565669059753
0.9727144241333008
0.9049303531646729
0.9062224626541138
0.9002817273139954
0.9105799198150635
0.9156386256217957
0.9141993522644043
0.9044936895370483
0.939497172832489
0.9385988712310791
0.9286898970603943
0.9333789348602295
0.9274750351905823
0.9488072991371155
0.8965221047401428
0.9664202332496643
0.88612300157547
0.9439336061477661
0.9711413383483887
0.8926188349723816
1.0000485181808472
0.9872179627418518
0.9782204031944275
0.9537547826766968
0.9425861835479736
0.9819453358650208
0.965227484703064
0.963627815246582
0.9998300671577454
0.9818960428237915
0.9547855257987976
0.9651626348495483
0.9050846099853516
0.9448318481445312
0.9625760316848755
0.9422503113746643
0.9789934754371643
0.9896144866943359
0.9869093298912048
0.9543087482452393
0.9808801412582397
0.9774921536445618
0.9803177118301392
0.9902525544166565
1.004370927810669
0.998719334602356
0.9857870936393738
0.9975374937057495
0.9106778502464294
0.9884945154190063
1.014279842376709
0.9800083041191101
0.9949157238006592
0.9633574485778809
0.9902846217155457
1.012190580368042
0.9958595037460327
1.012627363204956
0.9726380109786987
0.9454129934310913
0.9422226548194885
0.9479758739471436
0.9060620665550232
0.9313669204711914
0.9627484083175659
0.9559956789016724
0.9632757902145386
0.9471129179000854
0.9450269341468811
0.9499379992485046
0.9496002197265625
0.9369182586669922
0.9380785822868347
0.9390166997909546
0.9444084763526917
0.9632371068000793
0.9394820928573608
0.9388178586959839
0.9576785564422607
0.9751803874969482
0.9565683603286743
0.9757167100906372
0.9600781202316284
0.9664580821990967
0.9443246126174927
0.9608659148216248
0.9645506143569946
0.9490185379981995
0.9904603362083435
0.9876779317855835
0.9430397748947144
0.9671576023101807
0.9899091720581055
0.9243724346160889
0.9233691692352295
0.9186628460884094
0.9286625981330872
0.920585036277771
0.8959282636642456
0.8818736672401428
0.876196563243866
0.9844950437545776
0.9235040545463562
0.899914026260376
0.9065266847610474
0.9072721004486084
0.9091559648513794
0.974215567111969
0.9595135450363159
0.9412987232208252
0.9157956838607788
0.8894082903862
0.909235954284668
0.9477689862251282
0.917147159576416
0.9295966625213623
0.9532865881919861
0.923011302947998
0.9418880939483643
0.9626895189285278
0.9054583311080933
0.93271404504776
0.9337993860244751
0.9407014846801758
0.9597054719924927
0.9326037168502808
0.9227551221847534
0.9248471856117249
0.9457934498786926
0.9610246419906616
0.9065439701080322
0.9545965790748596
0.9266090989112854
0.9835054278373718
0.9605838060379028
0.9807533025741577
1.0034576654434204
0.959488034248352
1.0093684196472168
0.9963133335113525
0.954673171043396
0.9920329451560974
0.9554179310798645
0.9858859181404114
0.9696833491325378
0.9737297892570496
0.9968597292900085
0.9490716457366943
0.9618251323699951
0.973832905292511
0.9519082903862
0.9843498468399048
0.9816633462905884
0.9769340753555298
0.9495559930801392
0.9608774185180664
1.0028589963912964
0.9663363695144653
0.9962533712387085
0.9087861776351929
0.9382328987121582
0.908781886100769
0.9119120240211487
0.9092479944229126
0.9564222097396851
0.9284848570823669
0.900782585144043
0.9658743143081665
0.9229990243911743
0.9317312240600586
0.9388691186904907
0.9366066455841064
0.9000599384307861
0.9370447397232056
0.9459226131439209
0.9340225458145142
0.9373714923858643
0.9373934268951416
0.9605200290679932
0.9768446087837219
0.9337058663368225
0.9371042847633362
0.936071515083313
0.936357855796814
0.952521800994873
0.9324023127555847
0.9086375832557678
0.9320446848869324
0.9141383171081543
0.9398370981216431
0.9248095750808716
0.9498134851455688
0.9358011484146118
0.9585890769958496
0.9428978562355042
0.946938157081604
0.9370809197425842
0.9274949431419373
0.9016013145446777
0.9324167966842651
0.9386905431747437
0.9448738694190979
0.9559997320175171
0.9326411485671997
0.9254542589187622
0.929425835609436
0.9163452386856079
0.968183696269989
0.9317294955253601
0.9169168472290039
0.9383265972137451
0.9127622246742249
0.9422270059585571
0.9499768018722534
0.9097617864608765
0.9548707008361816
0.9469045400619507
0.9556489586830139
0.9690476059913635
0.9231491684913635
0.9294203519821167
0.921497106552124
0.9469165205955505
0.9916458129882812
0.9288540482521057
0.9105349779129028
0.9064981937408447
0.9549777507781982
0.9254797101020813
0.9397152662277222
0.9785606861114502
0.9310033321380615
0.9878312349319458
0.9318401217460632
0.9302255511283875
0.9453726410865784
0.9367318153381348
0.97560715675354
0.9667375087738037
0.9695884585380554
0.9851748943328857
0.9718630909919739
0.9876327514648438
0.9737637639045715
0.9615535140037537
0.9665928483009338
0.9655542969703674
0.9632081985473633
0.9589437246322632
0.9644839763641357
0.9765059947967529
0.9505840539932251
0.9675194621086121
0.9484655261039734
0.9420431852340698
0.9730660915374756
0.937961995601654
0.9349722862243652
0.9431973695755005
0.9569880962371826
0.9381031394004822
0.9633724093437195
0.9598071575164795
0.9216328859329224
0.9452342987060547
0.9282171726226807
0.9078317880630493
0.9179849624633789
0.9094616174697876
0.9118370413780212
0.9213838577270508
0.920881450176239
0.9158586859703064
0.9605969190597534
0.936932384967804
1.007920265197754
0.9755294919013977
1.009145975112915
0.9442784190177917
0.9818599820137024
0.9784677624702454
0.9842783212661743
1.0104960203170776
0.9902604818344116
0.9363881349563599
0.9509844779968262
0.9882793426513672
0.9954084157943726
0.9885690808296204
0.9906187057495117
0.9510595798492432
0.9854775667190552
0.9641876220703125
0.9839597940444946
0.9918549060821533
0.9730973839759827
0.963377058506012
0.9597054719924927
0.9756368398666382
0.9200477600097656
0.9799330234527588
0.9617427587509155
0.9757910966873169
0.9390310049057007
0.975671648979187
0.9733239412307739
0.9587773084640503
0.9436360597610474
0.9816238284111023
0.97808438539505
0.9973001480102539
0.9203922748565674
0.9807157516479492
0.9142423272132874
0.9470970630645752
0.9471084475517273
1.0106643438339233
0.962640106678009
0.9851349592208862
0.9479711055755615
0.9614847898483276
0.9916543960571289
0.9570461511611938
0.972795307636261
0.9988760948181152
0.9730536937713623
0.968193531036377
0.8818942308425903
0.8956164121627808
0.9718133211135864
0.943517804145813
0.9390044808387756
0.9192132353782654
0.9469475746154785
0.9770599007606506
0.9644860625267029
0.910387396812439
0.9614565968513489
0.9762483239173889
0.9674828052520752
0.9675158262252808
0.9458045959472656
0.9508432745933533
0.9484527111053467
0.9721355438232422
0.9641531109809875
0.9239932298660278
0.9884307980537415
0.9279032349586487
0.9086727499961853
0.9403937458992004
0.9551972150802612
0.9383481740951538
0.9563670754432678
0.9533841013908386
0.9453953504562378
0.9656440019607544
0.9698122143745422
0.9857751131057739
0.9448548555374146
0.9497934579849243
0.9538238048553467
0.9789007306098938
0.9465148448944092
0.954160213470459
0.9514257907867432
0.9226276874542236
0.9155420064926147
0.9187610149383545
0.9142823219299316
0.9389899969100952
0.993645191192627
0.9843542575836182
0.9877225756645203
0.9401751756668091
0.9500964879989624
0.9880466461181641
0.9668982625007629
0.9863253831863403
0.9487546682357788
0.9801529049873352
0.9717475175857544
0.9806203842163086
0.945181131362915
0.9905681014060974
0.9956957101821899
0.9727606773376465
0.9946855306625366
0.9286250472068787
0.9619894027709961
0.9803252816200256
0.9800987243652344
0.9217770099639893
0.9338791966438293
0.9918968677520752
0.9989833831787109
0.972673773765564
0.9495666027069092
0.9866568446159363
0.9772442579269409
0.9774129390716553
0.9551345109939575
0.9684929847717285
0.951374351978302
0.9312282800674438
0.9566503763198853
0.9601115584373474
0.962162435054779
0.9265139102935791
0.9601472616195679
0.9379647970199585
0.9777863025665283
0.953797459602356
0.9701812267303467
0.9426966905593872
0.9731243252754211
0.9090064764022827
0.931588888168335
0.9559246301651001
0.9645155072212219
0.9301261305809021
0.9722198247909546
0.9108284115791321
0.9384396076202393
0.9527040719985962
0.9626991152763367
0.9418931007385254
0.9455615282058716
0.9202037453651428
0.9274994730949402
0.9016751050949097
0.9340280294418335
0.9208557605743408
0.9533498883247375
0.9713712930679321
0.9264100790023804
0.9429537653923035
0.9369434118270874
0.9463849067687988
0.9368466138839722
0.9253407716751099
0.93287593126297
0.9244067668914795
0.9124011397361755
0.9398689270019531
0.931912899017334
0.9377813339233398
0.925447404384613
0.9376537799835205
0.9291093945503235
0.9184067249298096
0.9325932860374451
0.9634701013565063
0.9583224058151245
0.9908176064491272
0.9415752291679382
0.9882673621177673
0.9858699440956116
0.9527990818023682
0.9533556699752808
0.877540647983551
0.9085767269134521
0.9252185821533203
0.9066187143325806
0.9154918789863586
0.8789603114128113
0.9212696552276611
0.9468325972557068
0.9289669394493103
0.9299941658973694
0.9233676791191101
0.9234609603881836
0.9629644155502319
0.9461104869842529
0.9882218837738037
0.9678699970245361
0.9676814079284668
1.001596212387085
0.9911458492279053
0.9818308353424072
0.9980290532112122
0.9854433536529541
0.9493098258972168
0.9837514162063599
0.965126097202301
0.9580326080322266
0.9331684708595276
0.9737715125083923
0.9801176190376282
1.0048285722732544
0.9365426898002625
1.0060933828353882
0.9884016513824463
0.9811638593673706
0.9840933084487915
0.9562039971351624
0.9908742308616638
0.9650304317474365
0.9543036222457886
0.9650840163230896
0.9709879159927368
0.9870404005050659
0.9209610223770142
0.9459302425384521
0.9684514999389648
0.9595474004745483
0.96054607629776
0.9668519496917725
0.9277898073196411
0.9685776829719543
0.9349684715270996
0.9550991058349609
0.9744535684585571
0.9541550278663635
0.9581894278526306
0.9563913941383362
0.9797693490982056
0.9723290205001831
0.9489732980728149
0.9885945320129395
0.9554352164268494
0.9474478960037231
0.9265544414520264
0.9600718021392822
0.9394763708114624
0.959065318107605
0.900286078453064
0.9680850505828857
0.9700796604156494
0.9306928515434265
0.9458223581314087
0.9832248687744141
0.9563404321670532
0.9396498799324036
0.9706356525421143
0.9658657908439636
1.0019335746765137
0.9620979428291321
0.9728860259056091
0.8742259740829468
0.9707924127578735
0.9077311158180237
0.8978102207183838
0.9174909591674805
0.9039500951766968
0.9279224872589111
0.9395058751106262
0.9542723894119263
0.9378159046173096
0.9037833213806152
0.9005135893821716
0.9112576246261597
0.9668706655502319
0.9757915735244751
0.9679068326950073
0.9282936453819275
0.9367477893829346
0.9609290361404419
0.9549177885055542
0.9692543745040894
0.9805104732513428
0.9778324365615845
0.9986519813537598
0.9625385999679565
0.9437990188598633
0.9523467421531677
0.9597350358963013
0.9761161208152771
0.9280823469161987
0.9345121383666992
0.9182051420211792
0.9372543692588806
0.9295755624771118
0.9546389579772949
0.9173388481140137
0.9041021466255188
0.9814178943634033
0.9267627596855164
0.9136728048324585
0.9622700810432434
0.8983789086341858
0.9587321877479553
0.9517636299133301
0.995100736618042
0.9715166091918945
0.983481764793396
0.9534631967544556
0.9698666930198669
0.9795551896095276
0.9737330079078674
0.9878159761428833
0.927017092704773
0.9811986088752747
0.9770631194114685
0.9590587019920349
0.9600082635879517
0.9386358261108398
0.9291707873344421
0.9666641354560852
0.9507779479026794
0.944537878036499
0.9794991612434387
0.963884711265564
0.9574639797210693
0.9777581691741943
0.9256439208984375
0.9812763333320618
0.9531630277633667
0.9708466529846191
0.8741010427474976
0.9501933455467224
0.9350699782371521
0.9134026765823364
0.9440997838973999
0.942107617855072
0.9812707304954529
0.943018913269043
0.9506261348724365
0.9454161524772644
0.9266812205314636
0.9124598503112793
0.9528369903564453
0.9895831942558289
0.9770368933677673
0.963465690612793
0.970172643661499
0.9609663486480713
1.001906394958496
0.9887250661849976
0.9574360251426697
0.9934694170951843
1.007053017616272
0.9885753393173218
0.9660765528678894
0.956082820892334
0.9178043603897095
0.8864790201187134
0.94135981798172
0.9538494944572449
0.9364944696426392
0.958443284034729
0.990639865398407
0.9544792175292969
0.9328610897064209
0.9442369937896729
0.9498293399810791
0.9566130638122559
0.9542614221572876
0.977741003036499
0.9507101774215698
0.9865562915802002