0.863308846950531
0.7672393321990967
0.8166602253913879
0.8456251621246338
0.8339673280715942
0.7470535039901733
0.8870983123779297
0.8865833878517151
0.7990447282791138
0.796748161315918
0.7940362095832825
0.7860140800476074
0.8046002388000488
0.8261908292770386
0.8692852854728699
0.7429815530776978
0.8615332841873169
0.900781512260437
0.6799676418304443
0.9815225601196289
0.9712820053100586
0.9441127181053162
0.8900771141052246
0.8919589519500732
0.9050400853157043
0.9720711708068848
0.8946382999420166
1.0138294696807861
0.9691494703292847
0.9074282050132751
0.9104936122894287
0.8464221954345703
0.8860844373703003
0.8748893737792969
0.9150174856185913
0.9140280485153198
0.9760284423828125
0.9244877099990845
0.8466730117797852
0.9479213356971741
0.9784163236618042
0.9027870893478394
0.9298171997070312
0.9646516442298889
0.9341769218444824
0.910920262336731
0.9442528486251831
0.8782801628112793
0.9651331901550293
0.992024838924408
0.9244371652603149
0.9535355567932129
0.793532133102417
0.9838453531265259
0.9771211743354797
0.9545457363128662
1.005624532699585
0.9298591613769531
0.8694519996643066
0.869067370891571
0.857067883014679
0.8505196571350098
0.8520638346672058
0.906602144241333
0.8853064775466919
0.905207633972168
0.8857296705245972
0.8621864318847656
0.9202688932418823
0.9243775010108948
0.8503912687301636
0.8490620851516724
0.8788866996765137
0.9217151403427124
0.8951383233070374
0.8567323088645935
0.9465568661689758
0.8658434152603149
0.9085562825202942
0.8394266963005066
0.8914922475814819
0.8752685189247131
0.9178851842880249
0.848446249961853
0.8455928564071655
0.9139082431793213
0.9188920259475708
0.9223105907440186
0.8973177671432495
0.8475538492202759
0.9239124059677124
0.869461178779602
0.8652980327606201
0.8353168964385986
0.8628567457199097
0.8393181562423706
0.7439041137695312
0.7423378229141235
0.7191957235336304
0.6810788512229919
0.9296221733093262
0.7896538972854614
0.7483731508255005
0.7085585594177246
0.8267496228218079
0.880054235458374
0.8739767074584961
0.9426521062850952
0.8297286629676819
0.8179678916931152
0.7116658091545105
0.7801661491394043
0.8654296398162842
0.8339487314224243
0.9018162488937378
0.9188659191131592
0.7800686955451965
0.9092150330543518
0.8490440845489502
0.6858746409416199
0.7993643283843994
0.8479163646697998
0.8669255375862122
0.9157865047454834
0.8577033281326294
0.7711489200592041
0.7931655049324036
0.8730611801147461
0.9055988788604736
0.7889442443847656
0.9617884159088135
0.7915204763412476
0.8711577653884888
0.8607630729675293
0.9215917587280273
0.9538149833679199
0.8977348804473877
0.9430944919586182
0.931878387928009
0.8730767965316772
0.9440579414367676
0.8436920642852783
0.8974250555038452
0.9450926780700684
0.7950051426887512
0.964734673500061
0.8906182050704956
0.9409130215644836
0.943779706954956
0.9046445488929749
0.9207804203033447
0.9392647743225098
0.9591847658157349
0.8971185684204102
0.9541382789611816
0.9915580749511719
0.9634085297584534
0.964423418045044
0.7715938091278076
0.8785703182220459
0.7910925149917603
0.7328087687492371
0.8116798400878906
0.8520450592041016
0.8114962577819824
0.8847206830978394
0.9107775688171387
0.8700793981552124
0.8546470403671265
0.8690428733825684
0.8193983435630798
0.9282744526863098
0.9005969762802124
0.9076740741729736
0.7908740639686584
0.8679121732711792
0.8681714534759521
0.9009405374526978
0.8718686699867249
0.8904297351837158
0.8636068105697632
0.8673064112663269
0.830156683921814
0.900884747505188
0.8232555985450745
0.846933126449585
0.802153468132019
0.8826267719268799
0.8315556645393372
0.8624484539031982
0.8901252746582031
0.8843764066696167
0.9036448001861572
0.8571062088012695
0.8405018448829651
0.9088625311851501
0.9105938673019409
0.8044046759605408
0.8103256225585938
0.9088190793991089
0.9523472189903259
0.9180082678794861
0.8270535469055176
0.8603817224502563
0.8486567735671997
0.8491981029510498
0.9338817000389099
0.868890643119812
0.8310277462005615
0.8812926411628723
0.8193374276161194
0.8559461832046509
0.8542773723602295
0.825317919254303
0.9043123722076416
0.8636802434921265
0.8997586965560913
0.8784580230712891
0.8603187799453735
0.873333215713501
0.786657452583313
0.9179431200027466
0.9690074920654297
0.8081077337265015
0.7882436513900757
0.8756396770477295
0.9254782199859619
0.8389056921005249
0.8636468052864075
0.9246765971183777
0.85061115026474
0.9472805261611938
0.8381086587905884
0.8523862361907959
0.8953040838241577
0.854484498500824
0.9621483087539673
0.8500404953956604
0.889699399471283
0.9404493570327759
0.9280701875686646
0.9606654644012451
0.8995444774627686
0.9334744811058044
0.9334874153137207
0.895291805267334
0.9131144285202026
0.8955600261688232
0.9101724624633789
0.9291244745254517
0.8688086271286011
0.8668811321258545
0.8669519424438477
0.8862226009368896
0.8868874311447144
0.8344434499740601
0.8016219139099121
0.8067481517791748
0.8816715478897095
0.7796447277069092
0.8344988822937012
0.8931988477706909
0.7759700417518616
0.8957102298736572
0.8843918442726135
0.7294394373893738
0.8374555110931396
0.8132903575897217
0.8153418302536011
0.7409230470657349
0.7691967487335205
0.7961583137512207
0.9170180559158325
0.8684022426605225
0.9737273454666138
0.9431078433990479
0.9740296602249146
0.9588122367858887
0.9468673467636108
0.946645975112915
0.9571104049682617
0.967570424079895
0.9957675933837891
0.807314395904541
0.8658595681190491
0.9262371063232422
0.9696986675262451
0.9386395215988159
0.9359350204467773
0.8823035955429077
0.8613146543502808
0.8924664258956909
0.8797224164009094
0.8726819753646851
0.8448283672332764
0.805644154548645
0.8545197248458862
0.9145321249961853
0.8831213116645813
0.9764617085456848
0.9028244018554688
0.937309741973877
0.8309770822525024
0.8690725564956665
0.8975732326507568
0.8282083868980408
0.8623515963554382
0.9375494718551636
0.9072376489639282
0.9598851799964905
0.811292827129364
0.9167712330818176
0.7507380247116089
0.8767039775848389
0.9052549004554749
0.9496020078659058
0.9335876107215881
0.8894305229187012
0.9009592533111572
0.9187169075012207
0.973712146282196
0.8834890723228455
0.8923470973968506
0.9610788822174072
0.8897455930709839
0.8874281644821167
0.897188663482666
0.7113041877746582
0.9203400611877441
0.8003414869308472
0.8672477006912231
0.8031282424926758
0.8369418382644653
0.92707359790802
0.8868654370307922
0.8280173540115356
0.9056388139724731
0.958232045173645
0.8609814047813416
0.9114998579025269
0.8590983152389526
0.865791380405426
0.9130251407623291
0.9558169841766357
0.9427133798599243
0.8541964292526245
0.9686331152915955
0.7958017587661743
0.7644204497337341
0.9067316651344299
0.9302442669868469
0.9013776183128357
0.9346188306808472
0.8787301778793335
0.9233618974685669
0.9345777630805969
0.9620988368988037
0.9675620794296265
0.8755698204040527
0.9081535339355469
0.8996022939682007
0.9263098239898682
0.8471647500991821
0.9119487404823303
0.880998432636261
0.8384230136871338
0.7907357215881348
0.7752389907836914
0.8715488910675049
0.9151066541671753
0.9829577207565308
0.9556392431259155
0.9289125204086304
0.8712624311447144
0.8761188387870789
0.939395546913147
0.9456697106361389
0.9226782321929932
0.8955416083335876
0.9352441430091858
0.9761043787002563
0.937105655670166
0.876106858253479
0.9522722959518433
0.9277384281158447
0.9386915564537048
0.9518113136291504
0.8516393303871155
0.9116097688674927
0.9433815479278564
0.9153122305870056
0.8507784605026245
0.9003381729125977
0.9895867705345154
0.9876446723937988
0.9801842570304871
0.9051427841186523
0.9611685872077942
0.9871169328689575
0.9431568384170532
0.9395545721054077
0.9387210607528687
0.8311829566955566
0.9015591144561768
0.8952628374099731
0.9065214991569519
0.9442628622055054
0.7660629153251648
0.975281834602356
0.9429134130477905
0.9775662422180176
0.9303467273712158
0.972443699836731
0.8246396780014038
0.9516489505767822
0.8680299520492554
0.8258386254310608
0.9193205237388611
0.885735034942627
0.8660740852355957
0.949268102645874
0.7736048698425293
0.8533552885055542
0.8995785713195801
0.9360045194625854
0.8592457175254822
0.8356317281723022
0.8377150297164917
0.8421546220779419
0.8789019584655762
0.8753464221954346
0.773037850856781
0.9061921834945679
0.9253538250923157
0.7790634036064148
0.8879384994506836
0.8925542831420898
0.8764158487319946
0.853039026260376
0.8611196875572205
0.7357954978942871
0.7474448680877686
0.7999844551086426
0.9021871089935303
0.8440614342689514
0.8799625635147095
0.793925940990448
0.8477372527122498
0.835171103477478
0.8119570016860962
0.8955591917037964
0.8911621570587158
0.9035437107086182
0.9446237087249756
0.9048814177513123
0.9470040202140808
0.9383649230003357
0.9249107837677002
0.8885617256164551
0.7847332954406738
0.8273338079452515
0.8031637668609619
0.7813091278076172
0.8756341934204102
0.738182783126831
0.8309058547019958
0.9025695323944092
0.8514505624771118
0.7536500692367554
0.8301505446434021
0.7654133439064026
0.8636728525161743
0.8877489566802979
0.936737060546875
0.9308093786239624
0.9323245882987976
0.9556639194488525
0.9537441730499268
0.9407278299331665
0.9718080759048462
0.9335106611251831
0.9308675527572632
0.9653686285018921
0.9159772992134094
0.8897614479064941
0.9049047827720642
0.889054000377655
0.9836393594741821
1.002396821975708
0.7601879835128784
0.9410521984100342
0.9623698592185974
0.9456485509872437
0.9504337310791016
0.9282779693603516
0.9275156855583191
0.8206903338432312
0.919996976852417
0.9157594442367554
0.9174477458000183
0.930165708065033
0.8973959684371948
0.9378017783164978
0.8914669156074524
0.9048665165901184
0.8875406384468079
0.8949549794197083
0.828228771686554
0.9306532144546509
0.8784815073013306
0.9518619179725647
0.857009768486023
0.8975304365158081
0.9107778072357178
0.8425421714782715
0.9294512867927551
0.9438453912734985
0.8501015901565552
0.9256900548934937
0.8573918342590332
0.8873540759086609
0.8242073059082031
0.9144741296768188
0.8766201734542847
0.9036877751350403
0.6874887943267822
0.9499001502990723
0.9103549122810364
0.8967452049255371
0.8426547050476074
0.9862704277038574
0.8513821363449097
0.796147346496582
0.9729804396629333
0.9233729839324951
0.9704903364181519
0.8740537166595459
0.8882579803466797
0.813643217086792
0.9514638185501099
0.9042413234710693
0.6546821594238281
0.896191418170929
0.7569918632507324
0.8295559883117676
0.8778623938560486
0.868949294090271
0.8498988151550293
0.7687737941741943
0.8061572313308716
0.8114229440689087
0.8616961240768433
0.8976986408233643
0.9421601295471191
0.7893582582473755
0.8102409243583679
0.8883607387542725
0.8987619280815125
0.8659663200378418
0.9519540071487427
0.9035502672195435
0.9455833435058594
0.8622215986251831
0.8962684869766235
0.9011640548706055
0.9402900338172913
0.9467349052429199
0.8819935321807861
0.8528066873550415
0.8581851720809937
0.8794761300086975
0.9104480743408203
0.9774782657623291
0.8723009824752808
0.8198626637458801
0.9556639790534973
0.8388708829879761
0.8371959924697876
0.8914781212806702
0.8834719657897949
0.9577043056488037
0.8978708982467651
0.963398814201355
0.9247006773948669
0.9388971328735352
0.872185230255127
0.9342588782310486
0.9500467777252197
0.8150233030319214
0.9612410068511963
0.8010097146034241
0.9167105555534363
0.9346128106117249
0.8805747032165527
0.9407825469970703
0.9310928583145142
0.8167833089828491
0.9217314720153809
0.8538020849227905
0.8850860595703125
0.9321002960205078
0.8714828491210938
0.8895168304443359
0.9344737529754639
0.8292344808578491
0.9366810917854309
0.9213118553161621
0.9293031692504883
0.7365502119064331
0.8158166408538818
0.8613109588623047
0.8162245750427246
0.8704485893249512
0.8673254251480103
0.9412003755569458
0.8305426836013794
0.8713322877883911
0.9058119654655457
0.8325326442718506
0.788926362991333
0.8338738679885864
0.9036494493484497
0.9566880464553833
0.9399255514144897
0.9043394327163696
0.8446561098098755
0.9967342615127563
0.9791994094848633
0.9335136413574219
0.9465481042861938
1.001186490058899
0.9821681976318359
0.9293951392173767
0.8646115660667419
0.8014417886734009
0.7836041450500488
0.9215894341468811
0.901012659072876
0.9142793416976929
0.8572575449943542
0.8745562434196472
0.8986213207244873
0.7970845699310303
0.8756732940673828
0.852429986000061
0.9459624290466309
0.8051906824111938
0.9418409466743469
0.8383063077926636
0.9519706964492798
0.7683415412902832
0.8124459981918335
0.7620649337768555
0.7117863893508911
0.7940535545349121
0.7603174448013306
0.7362257242202759
0.8862979412078857
0.8016841411590576
0.7991383075714111
0.8563698530197144
0.7861018776893616
0.7551620006561279
0.7372738122940063
0.871590793132782
0.7879127264022827
0.8796590566635132
0.9277514219284058
0.6908850073814392
0.9231414794921875
0.9163631200790405
0.910813570022583
0.846663236618042
0.8346604108810425
0.9240643978118896
0.9378765821456909
0.9252976179122925
0.9303251504898071
0.9595763683319092
0.8991374969482422
0.8904050588607788
0.8779568672180176
0.8552800416946411
0.8949251174926758
0.8903713822364807
0.9140280485153198
0.9421755075454712
0.9224573373794556
0.865343451499939
0.9361440539360046
0.9889190196990967
0.9306782484054565
0.9708330035209656
0.9549509286880493
0.9648334383964539
0.8792991638183594
0.9442528486251831
0.8192776441574097
0.9344444870948792
0.9881060123443604
0.9616676568984985
0.971464991569519
0.857312023639679
1.0096803903579712
0.9806886315345764
0.9801452159881592
1.005624532699585
0.8833807706832886
0.8890516757965088
0.869067370891571
0.905706524848938
0.7095701694488525
0.8062183856964111
0.9204057455062866
0.8812424540519714
0.9490667581558228
0.893480658531189
0.8569083213806152
0.9053226709365845
0.8848555088043213
0.8608118295669556
0.8578912019729614
0.8364384174346924
0.8703563809394836
0.8922420740127563
0.8432005643844604
0.8553959131240845
0.8949635028839111
0.7990309596061707
0.8156334161758423
0.8776307106018066
0.8864489793777466
0.9123988151550293
0.848446249961853
0.8509770631790161
0.9201886653900146
0.8818508386611938
0.9225460886955261
0.8726111054420471
0.7789491415023804
0.9239124059677124
0.8734455704689026
0.7265183925628662
0.7977960705757141
0.8228471279144287
0.8444029688835144
0.7874375581741333
0.7853910326957703
0.6953097581863403
0.6569496393203735
0.9022846221923828
0.7605820894241333
0.794933557510376
0.7396019697189331
0.790033221244812
0.8538227081298828
0.8785934448242188
0.9585399031639099
0.8075779676437378
0.789021372795105
0.709318220615387
0.7204993367195129
0.7777584791183472
0.7728433609008789
0.8418816328048706
0.8391584157943726
0.7353506088256836
0.8369874954223633
0.919558048248291
0.7202958464622498
0.8408387899398804
0.8395140171051025
0.9038089513778687
0.8704733848571777
0.8555597066879272
0.7937033176422119
0.8321605920791626
0.8207176923751831
0.8716181516647339
0.7091984748840332
0.9083424806594849
0.8579840660095215
0.8998678922653198
0.9019174575805664
0.9347726106643677
0.9564476013183594
0.9610795378684998
1.0019432306289673
0.9520341157913208
0.879725456237793
0.9243631958961487
0.8800414800643921
0.9105956554412842
0.9326645135879517
0.8783385157585144
0.966242253780365
0.9100551605224609
0.8710159063339233
0.9350135326385498
0.9225907325744629
0.9501649141311646
0.9116251468658447
0.8500253558158875
0.876270592212677
0.9284430742263794
0.9507458209991455
0.9270162582397461
0.9547050595283508
0.8326040506362915
0.8666337728500366
0.7798774242401123
0.7310926914215088
0.8025796413421631
0.8496333360671997
0.7611968517303467
0.735177755355835
0.9351706504821777
0.8644380569458008
0.8318464756011963
0.8984639048576355
0.7918732166290283
0.8215850591659546
0.8813267350196838
0.8827333450317383
0.8157491087913513
0.8286895751953125
0.8869667053222656
0.8703892230987549
0.9259044528007507
0.837076723575592
0.8742698431015015
0.861272931098938
0.8329552412033081
0.8828368186950684
0.8183421492576599
0.8716272115707397
0.8257318735122681
0.8322806358337402
0.8797964453697205
0.8803116083145142
0.8810070753097534
0.8789308071136475
0.8437839150428772
0.8245754837989807
0.8405018448829651
0.900422215461731
0.7822751402854919
0.7704897522926331
0.8358193635940552
0.8565982580184937
0.8921616077423096
0.8973970413208008
0.8262097835540771
0.8105134963989258
0.838153600692749
0.7965352535247803
0.9277672171592712
0.8870012164115906
0.7915249466896057
0.9093257188796997
0.7680351734161377
0.8188833594322205
0.8241719007492065
0.7271513938903809
0.8847743272781372
0.8520323038101196
0.8809247016906738
0.9246730804443359
0.8176310062408447
0.8483328819274902
0.7923089265823364
0.9010982513427734
0.9519451856613159
0.7896136045455933
0.7268497943878174
0.8067357540130615
0.9096465110778809
0.8445839881896973
0.8728585243225098
0.9545412063598633
0.7952086925506592
0.9386779069900513
0.880495548248291
0.8607770204544067
0.8422893285751343
0.8194386959075928
0.9280862808227539
0.8836305141448975
0.8677505850791931
0.9463341236114502
0.9141661524772644
0.9733748435974121
0.8628053665161133
0.8993880748748779
0.9391788244247437
0.8716244697570801
0.916921079158783
0.8786437511444092
0.945092499256134
0.9200544357299805
0.907372236251831
0.9115109443664551
0.8915354013442993
0.889687180519104
0.8749198913574219
0.8067870140075684
0.8048979043960571
0.8510929346084595
0.8861587047576904
0.8274500370025635
0.909397542476654
0.855530858039856
0.799667477607727
0.9008454084396362
0.8836060762405396
0.721276044845581
0.8147892355918884
0.8066534996032715
0.8043012619018555
0.778793454170227
0.7826076745986938
0.7835597991943359
0.9354374408721924
0.8264819383621216
0.9492403864860535
0.9411399364471436
0.9740296602249146
0.8703043460845947
0.9589751958847046
0.9124042987823486
0.9361644983291626
0.9488071203231812
0.9317617416381836
0.8883986473083496
0.918747067451477
0.9453294277191162
0.9495552778244019
0.9304497241973877
0.9730165004730225
0.8744640350341797
0.9356649518013
0.9006503820419312
0.9317911267280579
0.9196115136146545
0.9077610373497009
0.9034672379493713
0.8951922059059143
0.9137891530990601
0.8831213116645813
0.9658689498901367
0.8426400423049927
0.9554949998855591
0.8050686120986938
0.7875350117683411
0.8653274774551392
0.8596848249435425
0.8110515475273132
0.9471563100814819
0.8707377910614014
0.9580421447753906
0.8732157349586487
0.9253770112991333
0.9360813498497009
0.9087761044502258
0.8536100387573242
0.8941353559494019
0.9360518455505371
0.9456718564033508
0.8536226749420166
0.874329686164856
0.973712146282196
0.8825730681419373
0.9374786615371704
0.9623798727989197
0.9468907117843628
0.8423690795898438
0.6598942279815674
0.7970151305198669
0.9235501289367676
0.8538336157798767
0.8160693645477295
0.8519765734672546
0.8375162482261658
0.9505649209022522
0.887462854385376
0.8774696588516235
0.9459651708602905
0.9655764698982239
0.8972293138504028
0.9980985522270203
0.8557321429252625
0.9209684133529663
0.8851215839385986
0.9321364164352417
0.9395827054977417
0.8542842864990234
0.9636248350143433
0.8038521409034729
0.801611065864563
0.89415442943573
0.9419107437133789
0.8511906862258911
0.847923994064331
0.916549563407898
0.8405182361602783
0.888285219669342
0.9243849515914917
0.9679880142211914
0.8551227450370789
0.8719779253005981
0.8745193481445312
0.9263098239898682
0.8257638812065125
0.8977083563804626
0.9082855582237244
0.7820004224777222
0.837153434753418
0.7680119872093201
0.7400727272033691
0.8864428997039795
0.9829577207565308
0.9772131443023682
0.9234447479248047
0.882245659828186
0.8833346962928772
0.9270550608634949
0.9455397725105286
0.8946360349655151
0.9009373188018799
0.9320820569992065
0.9562848806381226
0.9418845772743225
0.9433633089065552
0.9698257446289062
0.9295868873596191
0.9448695182800293
0.9987747669219971
0.778904914855957
0.8296256065368652
0.9029783010482788
0.8384333848953247
0.8218913078308105
0.8003329038619995
0.9551951885223389
0.9762485027313232
0.956242561340332
0.8643574714660645
0.9400427341461182
0.9185654520988464
0.9106547832489014
0.9525367021560669
0.9348020553588867
0.8541508316993713
0.8639065027236938
0.8374060392379761
0.8914318680763245
0.9492895007133484
0.7660291790962219
0.8910372257232666
0.8886814713478088
0.9634371995925903
0.8647090196609497
0.9865440130233765
0.836268424987793
0.9213385581970215
0.8573803901672363
0.8760485649108887
0.9024370908737183
0.8319653272628784
0.8197540044784546
0.727401852607727
0.7549334168434143
0.8646162748336792
0.924893856048584
0.945464015007019
0.8370497226715088
0.8138269186019897
0.8601235151290894
0.8407179117202759
0.782757580280304
0.8569185137748718
0.8740079998970032
0.9352643489837646
0.937080979347229
0.7691264152526855
0.8060991168022156
0.8834032416343689
0.8958619832992554
0.843557596206665
0.800449013710022
0.7488659024238586
0.7591571807861328
0.8448491096496582
0.8595461845397949
0.8483812808990479
0.858142077922821
0.7877988219261169
0.8345584869384766
0.8481372594833374
0.8149803876876831
0.8942009806632996
0.924506425857544
0.9108952879905701
0.9374353289604187
0.9352151155471802
0.9553287029266357
0.9346311092376709
0.9142419695854187
0.8846123218536377
0.6235449314117432
0.7853174209594727
0.8460257053375244
0.7488260269165039
0.835798978805542
0.6875003576278687
0.7756693363189697
0.9136313199996948
0.8170272707939148
0.8557699918746948
0.8515994548797607
0.8072237968444824
0.7726043462753296
0.8759143352508545
0.9378595352172852
0.9377931356430054
0.8898112177848816
0.9696069359779358
0.934180498123169
0.942552924156189
0.9565551280975342
0.9411718845367432
0.9238335490226746
0.8815169334411621
0.945092499256134
0.9034140110015869
0.8852717280387878
0.9236212968826294
0.9118024110794067
0.9778650999069214
0.7703233957290649
0.9451601505279541
0.9408271312713623
0.9164034724235535
0.8736965656280518
0.900780439376831
0.9494253396987915
0.8346978425979614
0.898091197013855
0.9159249067306519
0.8789687752723694
0.9121279716491699
0.8450267314910889
0.9124246835708618
0.933154821395874
0.8829790949821472
0.8195557594299316
0.8841936588287354
0.8057205677032471
0.8871389627456665
0.8362969160079956
0.9459012150764465
0.8983315229415894
0.8743175268173218
0.8840391635894775
0.8541857004165649
0.9752576351165771
0.9650852680206299
0.8342242240905762
0.9070665836334229
0.8917655944824219
0.8860725164413452
0.7858542799949646
0.8624004125595093
0.8848387002944946
0.9004613161087036
0.7118229866027832
0.9240947961807251
0.9151566028594971
0.922782301902771
0.8215581178665161
0.9982117414474487
0.868140697479248
0.8828808069229126
0.9150060415267944
0.9073812365531921
0.9575372934341431
0.9123343229293823
0.9319239854812622
0.7558794617652893
0.9514638185501099
0.7858459949493408
0.7115113735198975
0.7920476198196411
0.811933159828186
0.8343431353569031
0.8903635740280151
0.8744109869003296
0.8392225503921509
0.7223560810089111
0.6940722465515137
0.8299164772033691
0.8601245284080505
0.9413540363311768
0.830547571182251
0.8643542528152466
0.8435540795326233
0.9594742655754089
0.8946617841720581
0.9435352087020874
0.891939640045166
0.9910088777542114
0.9605592489242554
0.918726921081543
0.7665120363235474
0.8808950185775757
0.9103952646255493
0.9473936557769775
0.8346385955810547
0.8522604703903198
0.8585004806518555
0.8632962703704834
0.7914149761199951
0.8466466069221497
0.8483383059501648
0.7594345808029175
0.913345217704773
0.7755739688873291
0.7932623624801636
0.8914781212806702
0.8018646836280823
0.9666903018951416
0.8853920102119446
0.9563415050506592
0.9445188641548157
0.937136709690094
0.908686637878418
0.9522643089294434
0.9711492657661438
0.8526444435119629
0.9658530950546265
0.8809199333190918
0.9396419525146484
0.9448612928390503
0.9290182590484619
0.778194010257721
0.8278549909591675
0.7552583813667297
0.8989129662513733
0.8756741285324097
0.8570847511291504
0.9140493869781494
0.8830804824829102
0.8477720022201538
0.9596219658851624
0.8406160473823547
0.9094922542572021
0.8466328382492065
0.9171776175498962
0.7069673538208008
0.8416591882705688
0.8905805349349976
0.8624868392944336
0.846587061882019
0.9242711067199707
0.9326050281524658
0.8698776960372925
0.8016247749328613
0.8738034963607788
0.7769433259963989
0.795433521270752
0.8511252403259277
0.9036494493484497
0.816453218460083
0.8495042324066162
0.8385843634605408
0.9544142484664917
0.936385989189148
0.8957022428512573
0.890739381313324
0.9210994243621826
1.001186490058899
0.9086178541183472
0.865923285484314
0.8201245665550232
0.8670951128005981
0.8475812673568726
0.8955075740814209
0.9312446117401123
0.8776099681854248
0.8984412550926208
0.9114761352539062
0.922433614730835
0.8370476961135864
0.8777947425842285
0.8867679834365845
0.8944413661956787
0.8470455408096313
0.9286107420921326
0.8626116514205933
0.9474480152130127
0.867939293384552
0.7713830471038818
0.7540532350540161
0.7351495623588562
0.7858635783195496
0.8195379376411438
0.7410787343978882
0.8808178901672363
0.811589777469635
0.7792662978172302
0.825015664100647
0.7743731737136841
0.8484588265419006
0.7343956232070923
0.8639835119247437
0.7938941717147827
0.9093577861785889
0.9134662747383118
0.6926159858703613
0.9537221193313599
0.9904563426971436
0.932497501373291
0.8760958909988403
0.8543964624404907
0.9192467927932739
0.9604693651199341
0.8926915526390076
1.010850429534912
0.9554533362388611
0.8985899686813354
0.8847119808197021
0.7808755040168762
0.8633154630661011
0.9008182287216187
0.9153693318367004
0.9723182916641235
0.9348323345184326
0.9244877099990845
0.8837185502052307
0.9398899078369141
0.9544776082038879
0.9117218255996704
0.9654104709625244
0.9656618237495422
0.9547736644744873
0.9222224950790405
0.9442528486251831
0.7621394991874695
0.9724035263061523
0.992024838924408
0.923770010471344
0.9714925289154053
0.8990229368209839
0.9838453531265259
0.9911884665489197
0.9630857706069946
1.005624532699585
0.8833807706832886
0.881118893623352
0.869067370891571
0.8592435717582703
0.7081122398376465
0.8083152770996094
0.9103010296821594
0.9157499074935913
0.905207633972168
0.8908421993255615
0.8874214887619019
0.8925212025642395
0.8796510100364685
0.8638648986816406
0.8685469627380371
0.8425660133361816
0.8630983829498291
0.8937687873840332
0.8317895531654358
0.9494519829750061
0.8815790414810181
0.9396449327468872
0.8464292287826538
0.8703787326812744
0.8679338097572327
0.8794686794281006
0.848446249961853
0.8509770631790161
0.9019050598144531
0.877768874168396
0.9223105907440186
0.8984229564666748
0.7474160194396973
0.9239124059677124
0.8645201325416565
0.8081313371658325
0.780097484588623
0.8209066390991211
0.8345596790313721
0.7694055438041687
0.7367302179336548
0.6697189807891846
0.630813479423523
0.9389106035232544
0.7937514781951904
0.7511110305786133
0.7170541286468506
0.8261504173278809
0.8125481605529785
0.8785934448242188
0.961483359336853
0.8130216598510742
0.8257438540458679
0.6699574589729309
0.7167688608169556
0.8576610088348389
0.7403000593185425
0.8553502559661865
0.8457197546958923
0.724452018737793
0.8774154186248779
0.8951146006584167
0.6875892877578735
0.8025648593902588
0.8897252082824707
0.8341400027275085
0.8947327136993408
0.8394166827201843
0.8147069215774536
0.799393892288208
0.8832522630691528
0.9239289164543152
0.7684253454208374
0.8858271837234497
0.8621809482574463
0.9205645322799683
0.8912250995635986
0.9338211417198181
0.9522485733032227
0.9375296235084534
1.0019432306289673
0.947665810585022
0.884902834892273
0.946886420249939
0.8213340044021606
0.9468238353729248
0.9338194131851196
0.9005451798439026
0.965790867805481
0.9172364473342896
0.9217840433120728
0.9454267621040344
0.9078288674354553
0.9430124759674072
0.9392647743225098
0.9473564624786377
0.8671046495437622
0.8667961359024048
0.9820468425750732
0.9190996885299683
0.957632303237915
0.7614716291427612
0.8760386109352112
0.7667102813720703
0.7571414709091187
0.8053544759750366
0.8646296262741089
0.8365801572799683
0.7254607677459717
0.9014745950698853
0.8740534782409668
0.8330167531967163
0.8910778760910034
0.8018474578857422
0.8345547914505005
0.885640561580658
0.8959527015686035
0.8109093904495239
0.8509185314178467
0.9222922325134277
0.8822115659713745
0.8718686699867249
0.8745782375335693
0.8790960907936096
0.8826792240142822
0.8202910423278809
0.8676151037216187
0.8240339159965515
0.7838214635848999
0.8214998245239258
0.8342620730400085
0.8134491443634033
0.8280274868011475
0.8888499736785889
0.8909103870391846
0.8686527609825134
0.8303724527359009
0.8742771148681641
0.8893719911575317
0.8040608167648315
0.7865080833435059
0.8111636638641357
0.8333096504211426
0.9455137848854065
0.9167819023132324
0.8270535469055176
0.8113200664520264
0.8673504590988159
0.805953323841095
0.9268970489501953
0.8852537870407104
0.8114229440689087
0.8812926411628723
0.7715325951576233
0.8040279150009155
0.8542773723602295
0.802029550075531
0.9324277639389038
0.8413934707641602
0.9313060641288757
0.9018648862838745
0.8434939384460449
0.859603762626648
0.8102778196334839
0.8940826654434204
0.9677051305770874
0.82173752784729
0.7268497943878174
0.8267360925674438
0.9141338467597961
0.8413868546485901
0.8728762865066528
0.9604177474975586
0.8711308836936951
0.961315393447876
0.8643594980239868
0.8738219738006592
0.8633511066436768
0.8387624025344849
0.9343736171722412
0.8665273785591125
0.9339234828948975
0.9562147855758667
0.9387562274932861
0.9701329469680786
0.9084873199462891
0.9250529408454895
0.9145596027374268
0.9014260768890381
0.9054437875747681
0.891414999961853
0.9384664297103882
0.9237488508224487
0.8970316648483276
0.9026023745536804
0.8544383645057678
0.8872228264808655
0.9043940901756287
0.7856507301330566
0.7993215322494507
0.8095207810401917
0.8661004304885864
0.8123579025268555
0.8978569507598877
0.8931988477706909
0.7626153230667114
0.8995890617370605
0.8882966637611389
0.7269003987312317
0.8450733423233032
0.8153964877128601
0.8056847453117371
0.7793579697608948
0.7745832204818726
0.8077723979949951
0.886369526386261
0.8522258996963501
0.9516856074333191
0.9362541437149048
0.9578700065612793
0.8456754684448242
0.9534821510314941
0.946645975112915
0.9585150480270386
0.967570424079895
0.9825888872146606
0.8899556398391724
0.9226351976394653
0.9518151879310608
0.9543059468269348
0.9590704441070557
0.9583273530006409
0.8654978275299072
0.9337286949157715
0.9163368940353394
0.9769591093063354
0.9494147300720215
0.9165632724761963
0.9213476181030273
0.9032896757125854
0.9160757660865784
0.8831213116645813
0.9764617085456848
0.8955298066139221
0.9649924039840698
0.8468015193939209
0.9089653491973877
0.8784902095794678
0.9142519235610962
0.8612599968910217
0.9312789440155029
0.9275872707366943
0.9631020426750183
0.8356762528419495
0.9089791178703308
0.7940564155578613
0.8917224407196045
0.8591993451118469
0.9495891332626343
0.9373621940612793
0.9427902698516846
0.859648585319519
0.8781403303146362
0.973712146282196
0.8969744443893433
0.9253283739089966
0.968307375907898
0.9460217952728271
0.8937684297561646
0.8386293649673462
0.7929677963256836
0.9316949248313904
0.8063962459564209
0.9474120140075684
0.7919625043869019
0.8523460626602173
0.9571735858917236
0.9497754573822021
0.8952410221099854
0.9385183453559875
0.9594903588294983
0.8985844850540161
0.9980985522270203
0.8412574529647827
0.8776016235351562
0.8811576962471008
0.9503762722015381
0.9316838383674622
0.8608343601226807
0.9653733968734741
0.83269202709198
0.7446423768997192
0.9131143093109131
0.8652178645133972
0.9054992198944092
0.8437653183937073
0.8975504636764526
0.9160578846931458
0.9331602454185486
0.9331933856010437
0.972044825553894
0.8709688782691956
0.90717613697052
0.8967030048370361
0.9263098239898682
0.8525300025939941
0.9159975051879883
0.8821526765823364
0.8296907544136047
0.78306645154953
0.7901101112365723
0.8187034130096436
0.8893051147460938
0.9829577207565308
0.9746254682540894
0.9308052062988281
0.8712741136550903
0.874703049659729
0.921470046043396
0.9408254623413086
0.9266325235366821
0.8850710391998291
0.9461722373962402
0.9472177624702454
0.9418845772743225
0.882223904132843
0.9532382488250732
0.9795567989349365
0.9264839887619019
0.9873666763305664
0.8317607045173645
0.8701014518737793
0.9217727184295654
0.8299667835235596
0.8183625340461731
0.7962204217910767
0.9473463296890259
0.9876446723937988
0.9540894031524658
0.8757818341255188
0.9400427341461182
0.9185654520988464
0.8621004819869995
0.8801970481872559
0.9218786954879761
0.8013737797737122
0.8643951416015625
0.9016693830490112
0.8329989314079285
0.9139857292175293
0.7565324306488037
0.884057879447937
0.8874132633209229
0.9490044116973877
0.8725065588951111
0.8930617570877075
0.8170654773712158
0.9437909126281738
0.8560358881950378
0.8620210289955139
0.8990433216094971
0.8730221390724182
0.8500250577926636
0.89263916015625
0.7667785882949829
0.8799669742584229
0.8897745609283447
0.945464015007019
0.8170733451843262
0.8356317281723022
0.8471348881721497
0.8421546220779419
0.7383872270584106
0.8804752826690674
0.7834141254425049
0.9014155864715576
0.9431105852127075
0.7686034440994263
0.8634417653083801
0.8710678219795227
0.8888576626777649
0.8498225212097168
0.8192968368530273
0.7855749130249023
0.7286531925201416
0.8124580979347229
0.8962917327880859
0.8708642721176147
0.8717815279960632
0.7989137172698975
0.839235782623291
0.847501814365387
0.8278401494026184
0.9035518169403076
0.9302768111228943
0.9221063852310181
0.9606547951698303
0.951766848564148
0.972625732421875
0.9470895528793335
0.935399055480957
0.9070873856544495
0.7091962099075317
0.7931177616119385
0.8336527347564697
0.7294818162918091
0.8375285863876343
0.6872035264968872
0.8091660737991333
0.9025695323944092
0.834918200969696
0.8342986702919006
0.8429597616195679
0.7447476387023926
0.8636728525161743
0.8750975131988525
0.966517984867096
0.9371989369392395
0.9204297661781311
0.969717264175415
0.9383755326271057
0.9405393600463867
0.948830783367157
0.9495056867599487
0.9487307667732239
0.8590279817581177
0.9410166144371033
0.9091700315475464
0.8721022605895996
0.8855159282684326
0.9238153696060181
0.9744852781295776
0.8377813100814819
0.9234802722930908
0.9622321724891663
0.9421578645706177
0.9105373620986938
0.9056733846664429
0.9069600105285645
0.8600838780403137
0.9053682088851929
0.9097417593002319
0.9057171940803528
0.9121279716491699
0.8828086256980896
0.9117754101753235
0.8952200412750244
0.8954789638519287
0.8983383178710938
0.8977004289627075
0.8177284002304077
0.8118500113487244
0.8362969160079956
0.9389913082122803
0.8621654510498047
0.9054173231124878
0.8898022174835205
0.8803327083587646
0.9571666717529297
0.9651919007301331
0.8658655881881714
0.9113622307777405
0.8573918342590332
0.8944940567016602
0.7992566823959351
0.9268996119499207
0.8820849657058716
0.9084311723709106
0.6863836050033569
0.9132534265518188
0.9044591188430786
0.8588257431983948
0.8263639211654663
0.9361132383346558
0.8481810092926025
0.8790600299835205
0.9150060415267944
0.9227914810180664
0.9710931181907654
0.8730486631393433
0.8931921720504761
0.7226436138153076
0.9514638185501099
0.8254743814468384
0.6662672758102417
0.807809054851532
0.77764892578125
0.8459170460700989
0.8509680032730103
0.8548826575279236
0.8363940119743347
0.7241255044937134
0.6953516602516174
0.8034259676933289
0.8255175352096558
0.8724873065948486
0.9431212544441223
0.7716670036315918
0.8533443212509155
0.8751031160354614
0.9042548537254333
0.9003254175186157
0.9385938048362732
1.0045822858810425
0.9317151308059692
0.8420075178146362
0.7998460531234741
0.8896321058273315
0.9273576736450195
0.9417910575866699
0.853580117225647
0.8583230972290039
0.8414615392684937
0.8470473289489746
0.7942243218421936
0.8466466069221497
0.8463460206985474
0.7671682834625244
0.913345217704773
0.7787342071533203
0.8098126649856567
0.8914781212806702
0.8292505741119385
0.9681990146636963
0.8956494331359863
0.9758835434913635
0.9545124173164368
0.9416769742965698
0.9344712495803833
0.9441033005714417
0.8914486765861511
0.9252077341079712
0.965397298336029
0.8180899620056152
0.8640474081039429
0.9610147476196289
0.9341363310813904
0.8679219484329224
0.8278549909591675
0.8090629577636719
0.900066614151001
0.887487530708313
0.8639242649078369
0.9354424476623535
0.8971033096313477
0.8640563488006592
0.9364079236984253
0.8496531248092651
0.9543731212615967
0.8760814666748047
0.9097994565963745
0.7733334302902222
0.9106539487838745
0.8541746735572815
0.8391891717910767
0.8785054683685303
0.883983314037323
0.929341197013855
0.8426674604415894
0.8647863864898682
0.8958998918533325
0.8155806064605713
0.7868455648422241
0.8601158857345581
0.9131577014923096
0.824150562286377
0.9599862694740295
0.9380831122398376
0.9513110518455505
1.0093293190002441
0.8758997917175293
0.9232029914855957
0.9161257743835449
1.001186490058899
0.883093535900116
0.8880791664123535
0.8573522567749023
0.8223092555999756
0.8395124673843384
0.9095875024795532
0.8731601238250732
0.8829036951065063
0.8754048347473145
0.9114761352539062
0.9108574390411377
0.8500525951385498
0.9224796295166016
0.8764216899871826
0.8939067125320435
0.8851444125175476
0.9417030811309814
0.7924521565437317
0.9509559869766235
0.7552832365036011
0.81473308801651
0.7582120299339294
0.7454588413238525
0.7763524055480957
0.7286388874053955
0.7687798738479614
0.8721849322319031
0.7854863405227661
0.7891715168952942
0.8750438690185547
0.7187997102737427
0.8176195621490479
0.7318652868270874
0.8628295660018921
0.7350946664810181
0.9073853492736816
0.920278787612915
0.6926159858703613
0.9572694301605225
0.9229898452758789
0.921729564666748
0.8922300338745117
0.8281049728393555
0.8955444693565369
0.9144244194030762
0.9212963581085205
0.9670318961143494
0.9221365451812744
0.8994983434677124
0.8977961540222168
0.731013834476471
0.8070502877235413
0.861181378364563
0.865919828414917
0.9590734243392944
0.8992296457290649
0.9279654026031494
0.9247772097587585
0.9420959949493408
0.9639428853988647
0.9269531965255737
0.9654104709625244
0.9649113416671753
0.9547736644744873
0.9167248010635376
0.9442528486251831
0.7809280157089233
0.9694210290908813
0.9881060123443604
0.9261515140533447
0.9771976470947266
0.8570835590362549
0.8731696605682373
0.9911884665489197
0.8651754856109619
0.9996978640556335
0.8833807706832886
0.8632005453109741
0.869067370891571
0.8721109628677368
0.7470899820327759
0.8247610330581665
0.9257593750953674
0.902354896068573
0.9226998090744019
0.8766639232635498
0.8628543615341187
0.8905649781227112
0.9101136922836304
0.8686070442199707
0.9004575610160828
0.847420334815979
0.8716051578521729
0.9059091806411743
0.8478625416755676
0.8169295191764832
0.8607662916183472
0.8209389448165894
0.8831005096435547
0.8905372023582458
0.8639705181121826
0.8891153335571289
0.848446249961853
0.8509770631790161
0.9049651622772217
0.8871026039123535
0.9195848107337952
0.9210031032562256
0.7590988874435425
0.9239124059677124
0.8981145620346069
0.7629109621047974
0.8517481088638306
0.8209066390991211
0.8362759351730347
0.7718925476074219
0.7812204957008362
0.6702242493629456
0.6168262958526611
0.8907933235168457
0.7711493968963623
0.7991300821304321
0.7230767011642456
0.8188414573669434
0.795906662940979
0.8443220853805542
0.9563970565795898
0.8246931433677673
0.7986117005348206
0.6781995296478271
0.7518606185913086
0.84697425365448
0.7402172088623047
0.8340302109718323
0.8219971656799316
0.8268454074859619
0.868558406829834
0.9214680790901184
0.7787453532218933
0.8184925317764282
0.8479163646697998
0.877041220664978
0.9197630286216736
0.8580118417739868
0.7803646326065063
0.7909294366836548
0.8711048364639282
0.8923375606536865
0.7567440271377563
0.9429135322570801
0.8382861018180847
0.9048557281494141
0.8610169887542725
0.9257702231407166
0.9474573135375977
0.9544856548309326
1.0019432306289673
0.9523345232009888
0.875521183013916
0.9430322647094727
0.8880149126052856
0.9363605380058289
0.9341590404510498
0.849258303642273
0.9812403917312622
0.8904553651809692
0.8896721601486206
0.9428430795669556
0.913192868232727
0.954669713973999
0.9269500970840454
0.9101183414459229
0.9248591661453247
0.8852532505989075
0.9080578088760376
0.9109715223312378
0.9717245697975159
0.7746725082397461
0.846226155757904
0.7446624040603638
0.7344139814376831
0.780422568321228
0.8571528196334839
0.7767051458358765
0.7217721939086914
0.9163039922714233
0.8654175996780396
0.8279240131378174
0.8874626159667969
0.7998902797698975
0.8472673892974854
0.8800745606422424
0.886858344078064
0.8030867576599121
0.8637491464614868
0.8983538150787354
0.9003938436508179
0.8836566209793091
0.8631894588470459
0.887883186340332
0.8659490346908569
0.8402669429779053
0.9632279872894287
0.8422812223434448
0.8172945976257324
0.8146089315414429
0.8257972002029419
0.8586735725402832
0.8275314569473267
0.8858683109283447
0.8701181411743164
0.8881300091743469
0.8343561291694641
0.9152964949607849
0.889362633228302
0.868833065032959
0.7413533926010132
0.8812708854675293
0.8366606831550598
0.9025120735168457
0.8804161548614502
0.9484577178955078
0.8112796545028687
0.8259711265563965
0.7977056503295898
0.9277672171592712
0.878459095954895
0.8159443140029907
0.8871037364006042
0.7686304450035095
0.864532470703125
0.8542773723602295
0.7752799987792969
0.9053975343704224
0.8619040846824646
0.8968445062637329
0.9035422801971436
0.8220211863517761
0.8521421551704407
0.8419740200042725
0.9010982513427734
0.9677051305770874
0.79183030128479
0.7598357200622559
0.8291519284248352
0.9222910404205322
0.826890230178833
0.8773837089538574
0.96244877576828
0.8652229309082031
0.9653009176254272
0.8866151571273804
0.8560541868209839
0.8767645359039307
0.8489583134651184
0.9621483087539673
0.8650014400482178
0.9339234828948975
0.9405807256698608
0.9245446920394897
0.9550541639328003
0.9101943969726562
0.9027838706970215
0.9391788244247437
0.8910039663314819
0.9042654037475586
0.8976989984512329
0.9169871807098389
0.9212874174118042
0.8726520538330078
0.8734459280967712
0.8730665445327759
0.8595483303070068
0.8974448442459106
0.8146090507507324
0.7825300693511963
0.8307163715362549
0.8898486495018005
0.8275713920593262
0.9208980798721313
0.8940591812133789
0.7669515013694763
0.8907036781311035
0.9087213277816772
0.7323839664459229
0.8082572221755981
0.7771944999694824
0.8184958696365356
0.7662087082862854
0.7922989726066589
0.7925969958305359
0.9171836376190186
0.8611716628074646
0.9516856074333191
0.9048654437065125
0.9578700065612793
0.8615891337394714
0.9187906384468079
0.9200022220611572
0.9313837289810181
0.9613972902297974
0.9830338358879089
0.8066716194152832
0.9082009792327881
0.9548059701919556
0.9416923522949219
0.9204889535903931
0.9634257555007935
0.91229248046875
0.9302361607551575
0.9150336980819702
0.9586548209190369
0.9608315229415894
0.9537606239318848
0.9207061529159546
0.8951740264892578
0.9137891530990601
0.8911426067352295
0.9658689498901367
0.8648707866668701
0.9430826902389526
0.9178647994995117
0.8467957973480225
0.8426881432533264
0.9142513275146484
0.816169261932373
0.9312789440155029
0.8444551229476929
0.9568532705307007
0.8711990118026733
0.9175951480865479
0.7532119154930115
0.889025092124939
0.8654478788375854
0.9496691226959229
0.914649248123169
0.9120639562606812
0.8725006580352783
0.8866819739341736
0.9559793472290039
0.8824740648269653
0.9411511421203613
0.969345211982727
0.9393613934516907
0.8893194198608398
0.75359046459198
0.6606372594833374
0.9168479442596436
0.8140922784805298
0.7759017944335938
0.777054488658905
0.8045317530632019
0.8388387560844421
0.8918594121932983
0.7571647763252258
0.928554892539978
0.9113824367523193
0.8851787447929382
0.9388855695724487
0.8284540176391602
0.891029953956604
0.9109088182449341
0.9363387823104858
0.925808310508728
0.8839261531829834
0.9648109078407288
0.8154336214065552
0.7676901817321777
0.8705242276191711
0.9270716905593872
0.8930718302726746
0.8478798866271973
0.9031230211257935
0.8670072555541992
0.8723248243331909
0.9243849515914917
0.9726005792617798
0.8446007966995239
0.8797692060470581
0.8677598834037781
0.9263098239898682
0.8703925013542175
0.9089710116386414
0.9124151468276978
0.855850100517273
0.8300049901008606
0.7678207755088806
0.7400727272033691
0.9048720002174377
0.9829577207565308
0.9775332808494568
0.9623622298240662
0.8724602460861206
0.8761980533599854
0.9447982311248779
0.9230252504348755
0.922775149345398
0.9009373188018799
0.9454848766326904
0.9585807919502258
0.9215782880783081
0.9595739841461182
0.9382507801055908
0.9277384281158447
0.9370732307434082
0.9856195449829102
0.8485215902328491
0.8896809816360474
0.8974635004997253
0.7831673622131348
0.8240736722946167
0.8123310804367065
0.9693773984909058
0.9876446723937988
0.9807838201522827
0.8645778894424438
0.9400427341461182
0.8594311475753784
0.8972264528274536
0.9172247648239136
0.9365230202674866
0.8013737797737122
0.7842288017272949
0.8444128632545471
0.9214941263198853
0.9302470684051514
0.789382815361023
0.9148614406585693
0.8994102478027344
0.9610055685043335
0.911585807800293
0.9865440130233765
0.8298335075378418
0.9268486499786377
0.8480672240257263
0.8620544672012329
0.8992607593536377
0.8341084718704224
0.7943568825721741
0.8644071817398071
0.7228853106498718
0.8401625156402588
0.9034298658370972
0.924071192741394
0.8236165046691895
0.9070777297019958
0.8763787746429443
0.8116141557693481
0.7577616572380066
0.8674309253692627
0.832303524017334
0.9246608018875122
0.8825324177742004
0.7691264152526855
0.8517311811447144
0.8731147050857544
0.886711597442627
0.8133844137191772
0.7965396642684937
0.7912150025367737
0.7280696034431458
0.8421775102615356
0.8787356019020081
0.8306952118873596
0.8667743802070618
0.7648903131484985
0.7925465106964111
0.8342113494873047
0.818975567817688
0.909379780292511
0.8500369191169739
0.8959834575653076
0.9389288425445557
0.8853679895401001
0.935002863407135
0.9346523880958557
0.9008457660675049
0.8917809724807739
0.7471174001693726
0.8199952840805054
0.87498939037323
0.7515578866004944
0.786711573600769
0.6538364887237549
0.8152251243591309
0.9038741588592529
0.8170272707939148
0.8370751738548279
0.836614727973938
0.7544468641281128
0.8636728525161743
0.8778876066207886
0.9276318550109863
0.9364339113235474
0.8755015134811401
0.9644216299057007
0.9253315925598145
0.9471769332885742
0.9357278347015381
0.9489597678184509
0.919249415397644
0.8518591523170471
0.9169871807098389
0.886006772518158
0.9039837121963501
0.8764889240264893
0.9234979152679443
0.9843966960906982
0.8632892370223999
0.9678611159324646
0.9641473293304443
0.9137955904006958
0.9432497024536133
0.8988392353057861
0.9377627968788147
0.8456944227218628
0.9093204736709595
0.9140110015869141
0.9281693696975708
0.9121279716491699
0.8245181441307068
0.9378017783164978
0.9147932529449463
0.894694447517395
0.8225041627883911
0.8813800811767578
0.8021072745323181
0.8977336287498474
0.8362969160079956
0.9478685855865479
0.9295831918716431
0.9019980430603027
0.8899394273757935
0.838783860206604
0.9745664596557617
0.9641251564025879
0.8897495269775391
0.8969382047653198
0.8817880153656006
0.8954361081123352
0.7672773003578186
0.912121057510376
0.8844303488731384
0.909210205078125
0.7327927350997925
0.9123257398605347
0.8613324165344238
0.8757309913635254
0.900313138961792
0.9370902180671692
0.883116602897644
0.8841509222984314
0.9174511432647705
0.9776560068130493
0.9645129442214966
0.9224305152893066
0.9403806924819946
0.7397143840789795
0.9514638185501099
0.8524619340896606
0.6864792704582214
0.7973414659500122
0.8321959376335144
0.839871883392334
0.8587907552719116
0.8497154712677002
0.8202413320541382
0.7551432251930237
0.6985441446304321
0.8098114132881165
0.8836374878883362
0.9223059415817261
0.90250563621521
0.7872952222824097
0.8401410579681396
0.834966778755188
0.8902789950370789
0.886620819568634
0.9392992854118347
1.0074877738952637
0.8529906868934631
0.8698294162750244
0.8408436179161072
0.8888238072395325
0.9065889120101929
0.9417910575866699
0.858528733253479
0.8711194396018982
0.8406142592430115
0.8661125898361206
0.7932705879211426
0.8328927755355835
0.8340251445770264
0.7660571336746216
0.9042260646820068
0.7989790439605713
0.7875491976737976
0.8914781212806702
0.8197628259658813
0.9686398506164551
0.9034355878829956
0.9770405292510986
0.9577478766441345
0.9433916807174683
0.9231960773468018
0.9455811381340027
0.9157705307006836
0.8526444435119629
0.9676505327224731
0.8319094777107239
0.941573977470398
0.9397225379943848
0.9307715892791748
0.8668128252029419
0.8317120671272278
0.7536379098892212
0.8930650353431702
0.8661091327667236
0.8577941656112671
0.9382418394088745
0.8713208436965942
0.8655283451080322
0.9250530004501343
0.8352327942848206
0.9343091249465942
0.8622430562973022
0.9101845026016235
0.6795032024383545
0.8576329350471497
0.8837602138519287
0.8397443294525146
0.8635393381118774
0.8987218141555786
0.9412003755569458
0.8470381498336792
0.7921198010444641
0.8930903673171997
0.80701744556427
0.802262544631958
0.8661524653434753
0.964479923248291
0.8826174736022949
0.8376706838607788
0.8326811194419861
0.8376489281654358
1.0090912580490112
0.898307204246521
0.8460969924926758
0.9374800324440002
1.001186490058899
0.8747990131378174
0.8790952563285828
0.8541953563690186
0.8289113640785217
0.836022675037384
0.9069135189056396
0.9410463571548462
0.869976282119751
0.8694643974304199
0.9114761352539062
0.9115729331970215
0.8327889442443848
0.8812865018844604
0.8989988565444946
0.862524151802063
0.8477050065994263
0.9316980242729187
0.8290706872940063
0.922379732131958
0.8004698753356934
0.7737016677856445
0.7389076948165894
0.7037754058837891
0.7835382223129272
0.7278035283088684
0.7466061115264893
0.8780547976493835
0.8110544681549072
0.7766480445861816
0.8426095843315125
0.7832773923873901
0.8484588265419006
0.6995753049850464
0.862102210521698
0.7362512350082397
0.8800057172775269
0.9210901260375977
0.6908850073814392
0.9537221193313599
0.9652616381645203
0.9230741262435913
0.8514389991760254
0.8718987703323364
0.9287234544754028
0.9378765821456909
0.904326319694519
0.9890841841697693
0.9371241331100464
0.9021435976028442
0.9040972590446472
0.7737209796905518
0.8656494617462158
0.8696356415748596
0.8677677512168884
0.9723182916641235
0.9760284423828125
0.9244877099990845
0.9060136079788208
0.9460122585296631
0.9544776082038879
0.9236940145492554
0.9772021174430847
0.9662270545959473
0.9593411684036255
0.9373770952224731
0.9442528486251831
0.8171374797821045
0.9724035263061523
0.992024838924408
0.9264699220657349
0.9705309867858887
0.9089084267616272
0.9838453531265259
0.9911884665489197
0.9228650331497192
1.0052165985107422
0.8833807706832886
0.8552341461181641
0.869067370891571
0.8476338386535645
0.7261147499084473
0.7930939197540283
0.9202919006347656
0.9117042422294617
0.9264736175537109
0.8895013928413391
0.8629631996154785
0.8716208934783936
0.8891552686691284
0.8638648986816406
0.8544211387634277
0.8475761413574219
0.8685306310653687
0.9063857197761536
0.8433982133865356
0.8452898263931274
0.8675282001495361
0.9062715768814087
0.8346105217933655
0.888575553894043
0.8565459847450256
0.9009090662002563
0.848446249961853
0.8509770631790161
0.8886061906814575
0.877768874168396
0.9223105907440186
0.9347453117370605
0.7834866046905518
0.9186434745788574
0.8645201325416565
0.8081313371658325
0.8520816564559937
0.8204805850982666
0.8418827056884766
0.7627947330474854
0.7608835697174072
0.7028809785842896
0.6571792960166931
0.9368414878845215
0.7703549861907959
0.7790616750717163
0.7184025049209595
0.8140006065368652
0.8368630409240723
0.8939000368118286
0.9563970565795898
0.823088526725769
0.8014428615570068
0.685082197189331
0.7163773775100708
0.8561363220214844
0.7407022714614868
0.8358819484710693
0.8749285936355591
0.7773609757423401
0.8805022239685059
0.8946799039840698
0.7287660241127014
0.8087440729141235
0.8395140171051025
0.8341400027275085
0.8964979648590088
0.862067461013794
0.816288411617279
0.7879205942153931
0.8698890805244446
0.8962357044219971
0.7593898773193359
0.8733155727386475
0.8500542640686035
0.932890772819519
0.9070132374763489
0.9396175146102905
0.9522196054458618
0.9127583503723145
1.000917673110962
0.9523345232009888
0.8730767965316772
0.9424128532409668
0.8817243576049805
0.9467611312866211
0.936680793762207
0.8950566053390503
0.9692788124084473
0.8701695203781128
0.9302009344100952
0.9454267621040344
0.9044011235237122
0.9460179805755615
0.9289150238037109
0.9173263311386108
0.8656028509140015
0.873432457447052
0.9820468425750732
0.9146804809570312
0.9616519808769226
0.7728615403175354
0.8600677847862244
0.7473281025886536
0.7705322504043579
0.7696153521537781
0.8456137180328369
0.7925658226013184
0.7256947159767151
0.9074130058288574
0.8653421401977539
0.8310717344284058
0.8849263787269592
0.8257020711898804
0.8619074821472168
0.879679799079895
0.8803379535675049
0.7925378084182739
0.8291046023368835
0.8920782804489136
0.8848900198936462
0.951245903968811
0.8624536991119385
0.8835276365280151
0.8386861085891724
0.8415668606758118
0.900884747505188
0.8286287784576416
0.7432781457901001
0.8209969997406006
0.8066325187683105
0.8255505561828613
0.8163695931434631
0.8899987936019897
0.8877432346343994
0.8686527609825134
0.8563210368156433
0.8758487701416016
0.8826088905334473
0.8122457265853882
0.8036701679229736
0.818463921546936
0.8315898180007935
0.8975649476051331
0.9131193161010742
0.8270535469055176
0.828698456287384
0.8602055907249451
0.810543417930603
0.939882755279541
0.8732316493988037
0.7996718883514404
0.8812926411628723
0.7230995297431946
0.8539363145828247
0.8542773723602295
0.8227159976959229
0.921532154083252
0.8641921877861023
0.8956872224807739
0.9018648862838745
0.8221451640129089
0.8208655714988708
0.8159997463226318
0.8932051658630371
0.9677051305770874
0.7896136045455933
0.7268497943878174
0.8015657663345337
0.9177712202072144
0.8440220355987549
0.8808712959289551
0.9525735378265381
0.8563597202301025
0.961315393447876
0.871559739112854
0.8705093860626221
0.8742926716804504
0.8424533605575562
0.9517735838890076
0.8665273785591125
0.9339234828948975
0.9463341236114502
0.9191489219665527
0.9720624685287476
0.9478586912155151
0.9234893321990967
0.9605857133865356
0.9014260768890381
0.9011151790618896
0.891414999961853
0.9384664297103882
0.9340991973876953
0.8872385025024414
0.9026718139648438
0.8559955358505249
0.8575689792633057
0.8961107134819031
0.8422460556030273
0.83695387840271
0.8265625238418579
0.8878774642944336
0.7955477833747864
0.9149684906005859
0.8931988477706909
0.8073263168334961
0.8959859013557434
0.886091947555542
0.7301129102706909
0.8365094065666199
0.7983993291854858
0.8183498382568359
0.774669885635376
0.7784378528594971
0.7904160618782043
0.9171836376190186
0.8299514055252075
0.968908429145813
0.927250862121582
0.9740296602249146
0.8576611280441284
0.9371320009231567
0.9200022220611572
0.9313837289810181
0.967570424079895
0.9825888872146606
0.8758977651596069
0.8970397114753723
0.9515353441238403
0.9615846872329712
0.9540761709213257
0.9634257555007935
0.8861837983131409
0.938491940498352
0.9236825704574585
0.9606459140777588
0.9494147300720215
0.936261773109436
0.9160436391830444
0.8981248140335083
0.9201828241348267
0.8223839998245239
0.9408403635025024
0.9027846455574036
0.9573525190353394
0.7815336585044861
0.9018222689628601
0.8784902095794678
0.8896084427833557
0.8621469736099243
0.9471563100814819
0.9318848848342896
0.9602165222167969
0.8338238000869751
0.9113670587539673
0.7810691595077515
0.9034438133239746
0.8613014221191406
0.9691038131713867
0.9299901723861694
0.9552119374275208
0.8645100593566895
0.9151472449302673
0.9772722721099854
0.8991343975067139
0.931797444820404
0.9668145179748535
0.921968936920166
0.9029712677001953
0.7047239542007446
0.6822384595870972
0.9363576173782349
0.8449016809463501
0.8539775013923645
0.7753287553787231
0.8904291391372681
0.9392006993293762
0.8928834199905396
0.779632568359375
0.9247329831123352
0.922791600227356
0.8997756242752075
0.9395334720611572
0.8482993841171265
0.9069509506225586
0.8875387907028198
0.9247277975082397
0.906247615814209
0.7996882200241089
0.9648109078407288
0.8176664710044861
0.7799701690673828
0.888940691947937
0.8986276984214783
0.8926160335540771
0.8896291255950928
0.8852443695068359
0.8797554969787598
0.9206468462944031
0.9206323027610779
0.972044825553894
0.8439066410064697
0.8729926347732544
0.8887496590614319
0.9263098239898682
0.8524435758590698
0.900726318359375
0.8897495269775391
0.8337630033493042
0.809292197227478
0.7740004062652588
0.8187034130096436
0.8783942461013794
0.9829577207565308
0.9857276678085327
0.9587031602859497
0.8480029106140137
0.8867584466934204
0.9443962574005127
0.9397675395011902
0.9266325235366821
0.8850710391998291
0.9394712448120117
0.9540998935699463
0.937105655670166
0.8850014209747314
0.9690008163452148
0.9578503370285034
0.9406741857528687
0.9873666763305664
0.8483760356903076
0.8919514417648315
0.9464128017425537
0.8384333848953247
0.8090306520462036
0.7969608306884766
0.9551951885223389
0.9876446723937988
0.9807838201522827
0.8673319816589355
0.9400427341461182
0.9185654520988464
0.8976889848709106
0.9048585295677185
0.919768214225769
0.8013737797737122
0.8284666538238525
0.8738300800323486
0.8845478296279907
0.9153317809104919
0.7405771017074585
0.9023723602294922
0.8730227947235107
0.9327042102813721
0.8411156535148621
0.9076353907585144
0.8311941623687744
0.9431794285774231
0.824243426322937
0.8705378174781799
0.8775678873062134
0.8730221390724182
0.8379334211349487
0.89263916015625
0.8201539516448975
0.9055501222610474
0.919213593006134
0.9311251640319824
0.8508055210113525
0.8516721725463867
0.8609159588813782
0.8598924875259399
0.821566104888916
0.8780983686447144
0.8097220659255981
0.9115177989006042
0.9288511276245117
0.7691264152526855
0.9103031158447266
0.8803712129592896
0.905712902545929
0.8498225212097168
0.810904860496521
0.7858731746673584
0.7785602807998657
0.8159278631210327
0.8729580044746399
0.8393764495849609
0.8521527051925659
0.7962102890014648
0.8359919786453247
0.8657368421554565
0.8210951089859009
0.8904263973236084
0.9024887681007385
0.9025290012359619
0.9517821073532104
0.8812566995620728
0.9392168521881104
0.936861515045166
0.8843360543251038
0.8963357210159302
0.7415494322776794
0.7866712808609009
0.8716710805892944
0.7621364593505859
0.8464354276657104
0.6695597767829895
0.8086806535720825
0.9025695323944092
0.7956100702285767
0.8467463254928589
0.8352829217910767
0.8034713268280029
0.8636728525161743
0.8739866018295288
0.9646318554878235
0.935046911239624
0.8983607292175293
0.969717264175415
0.9383755326271057
0.9403698444366455
0.9570339322090149
0.9500014185905457
0.8978589773178101
0.9613053798675537
0.9410166144371033
0.908118486404419
0.8645883798599243
0.9165544509887695
0.9238153696060181
0.9843966960906982
0.8505032062530518
0.9678611159324646
0.9557719826698303
0.945996880531311
0.945256233215332
0.8966429829597473
0.9551819562911987
0.8692731261253357
0.8550769686698914
0.9124333262443542
0.9240128993988037
0.9121279716491699
0.888248085975647
0.9117754101753235
0.9318506717681885
0.8954789638519287
0.8917546272277832
0.8864406943321228
0.7919397354125977
0.9016315937042236
0.8362969160079956
0.933458685874939
0.8956882953643799
0.8979988098144531
0.8900318145751953
0.8696471452713013
0.9433546662330627
0.9283413290977478
0.8775638341903687
0.8983915448188782
0.8917655944824219
0.8496037721633911
0.7852510213851929
0.9144741296768188
0.8679126501083374
0.9084311723709106
0.6863836050033569
0.920591413974762
0.904808759689331
0.8777016401290894
0.8220126032829285
0.9370902180671692
0.8605285882949829
0.8448163270950317
0.9150060415267944
0.8967852592468262
0.9658816456794739
0.9056615829467773
0.9128384590148926
0.7039023041725159
0.9053214192390442
0.7861957550048828
0.7070388793945312
0.7454103827476501
0.7595522403717041
0.846318244934082
0.863303542137146
0.8626046180725098
0.8369922637939453
0.7635235786437988
0.6980675458908081
0.8128337860107422
0.9329254627227783
0.9427899122238159
0.9421601295471191
0.7895871996879578
0.8466141223907471
0.8768348097801208
0.9007441997528076
0.9297449588775635
0.9385938048362732
0.9295749664306641
0.9717631340026855
0.8480590581893921
0.866122305393219
0.9035688042640686
0.9217113852500916
0.9417910575866699
0.8664582967758179
0.8480947017669678
0.8472435474395752
0.8528061509132385
0.7942243218421936
0.8466466069221497
0.8418110609054565
0.751417338848114
0.8982033729553223
0.7755739688873291
0.8240892887115479
0.8914781212806702
0.7876888513565063
0.9557472467422485
0.9182251691818237
0.9758835434913635
0.9546215534210205
0.9416769742965698
0.9154319167137146
0.9449265003204346
0.934301495552063
0.9252077341079712
0.9598854184150696
0.8688671588897705
0.9358600378036499
0.9418222904205322
0.9306796789169312
0.8679219484329224
0.8278549909591675
0.8167833089828491
0.9166259765625
0.8866283893585205
0.8878541588783264
0.9354424476623535
0.9040372371673584
0.867950439453125
0.9375342130661011
0.8321794271469116
0.956868052482605
0.8760814666748047
0.914859414100647
0.7111831903457642
0.8749262094497681
0.8633431196212769
0.8282626867294312
0.8635393381118774
0.8910669684410095
0.9287949800491333
0.8799309730529785
0.859127938747406
0.9001994132995605
0.80701744556427
0.7810215950012207
0.8697354793548584
0.964479923248291
0.9597846269607544
0.9351908564567566
0.9367390871047974
0.9284038543701172
1.0093293190002441
0.9844973683357239
0.9275484085083008
0.9877406358718872
1.001186490058899
0.966583788394928
0.865923285484314
0.8573522567749023
0.8223092555999756
0.7826216220855713
0.912433385848999
0.9079952239990234
0.8937561511993408
0.8877478837966919
0.9152748584747314
0.8963162899017334
0.8717715740203857
0.8997650146484375
0.9040038585662842
0.9235146045684814
0.8861685991287231
0.9334745407104492
0.873767614364624
0.9513418674468994