0.8460705280303955
0.8154203295707703
0.7817175388336182
0.8562356233596802
0.9097797274589539
0.8622416257858276
0.8692004084587097
0.776614785194397
0.8338555097579956
0.7574558854103088
0.894821286201477
0.9064583778381348
0.8292279243469238
0.7538405656814575
0.8376048803329468
0.8255230784416199
0.6858460903167725
0.7929215431213379
0.6935110092163086
0.7938551306724548
0.8314590454101562
0.8858320713043213
0.8474355936050415
0.8049919605255127
0.8281855583190918
0.9151791334152222
0.8939294219017029
0.9099209904670715
0.8238636255264282
0.7428656816482544
0.9926431775093079
0.8513977527618408
0.9191469550132751
0.804935097694397
0.8908084034919739
0.8886324167251587
0.8216298222541809
0.584990382194519
0.8492319583892822
0.9100707769393921
0.9405686259269714
0.9016168713569641
0.8083248734474182
0.9504761099815369
0.8585761189460754
0.8859748840332031
0.736977756023407
0.8549988865852356
0.9175094366073608
0.8880670070648193
0.8024125099182129
0.8411042094230652
0.7125513553619385
0.8645133376121521
0.8889738917350769
0.7812480926513672
0.7909718155860901
0.7645857930183411
0.8722067475318909
0.7420821785926819
0.8214878439903259
0.9210808873176575
0.7723702192306519
0.7816953063011169
0.7853530049324036
0.8810891509056091
0.8578916192054749
0.8080132007598877
0.803987979888916
0.8406562805175781
0.8155122399330139
0.802701473236084
0.9567690491676331
0.8933702111244202
0.8567444086074829
0.913494884967804
0.7639930248260498
0.8113373517990112
0.8481993675231934
0.9221053719520569
0.9202702641487122
0.8920659422874451
0.7516553401947021
0.8830732703208923
0.8398380279541016
0.9081671237945557
1.0030690431594849
0.8293468952178955
0.7956058382987976
0.7706844806671143
0.7492527961730957
0.7139686942100525
0.8314249515533447
0.7549024820327759
0.7634904384613037
0.9059551358222961
0.9930200576782227
0.8067063689231873
0.8963715434074402
0.9357849955558777
0.8440055847167969
0.782739520072937
0.8537365794181824
0.8224383592605591
0.8919588327407837
0.8180562853813171
0.8032875061035156
0.9010617136955261
0.8859519958496094
0.6999343633651733
0.8142603635787964
0.8142603635787964
0.7293487787246704
0.9003418684005737
0.8960995078086853
0.8912799954414368
0.9420949220657349
0.9487889409065247
0.9487889409065247
0.8145171403884888
0.6794047355651855
0.8718057870864868
0.7947986125946045
0.7895113229751587
0.7683813571929932
0.9114908576011658
0.7581436634063721
0.8588962554931641
0.7844371199607849
0.7760244607925415
0.8392841219902039
0.8710572719573975
0.8955255150794983
0.7588287591934204
0.7835932970046997
0.8196921348571777
0.8607730865478516
0.8042734861373901
0.7960463762283325
0.9757470488548279
0.8722402453422546
0.8418407440185547
0.8331472873687744
0.8889672160148621
0.8435693383216858
0.8038119673728943
0.9054568409919739
0.7571941614151001
0.9106992483139038
0.7539215087890625
0.8373754024505615
0.9030095934867859
0.7745553255081177
0.9442134499549866
0.8265119791030884
0.9378593564033508
0.8192896246910095
0.8446604013442993
0.8746017217636108
0.8432720899581909
0.9343741536140442
0.8372495174407959
0.8451008796691895
0.7252487540245056
0.845942497253418
0.8255182504653931
0.83514404296875
0.6828502416610718
0.8314029574394226
0.8645853400230408
0.7629616260528564
0.786032497882843
0.8521146774291992
0.842265248298645
0.9067862033843994
0.7654252052307129
0.6543271541595459
0.7770950794219971
0.8280220627784729
0.7397395372390747
0.8022632002830505
0.8503829836845398
0.8515022993087769
0.8905253410339355
0.7793371081352234
0.7708379626274109
0.696107029914856
0.9288385510444641
1.0085430145263672
0.8509289622306824
0.671241283416748
0.7406216859817505
0.8620331287384033
0.7790347337722778
0.8915585875511169
0.863044023513794
0.8730188012123108
0.8914039134979248
0.8912034034729004
0.7244765758514404
0.8396837115287781
0.6669531464576721
0.7794459462165833
0.9205344915390015
0.8273526430130005
0.8412744402885437
1.0064342021942139
0.8257575035095215
0.8443009853363037
0.7694220542907715
0.8434172868728638
0.9988465905189514
0.7386333346366882
0.8339278697967529
0.9451947808265686
0.8103232383728027
0.8805963397026062
0.9709767699241638
0.7532839775085449
0.7606184482574463
0.9337335228919983
0.774474024772644
0.7671661972999573
0.7468826174736023
0.7510100603103638
0.706179141998291
0.8363988995552063
0.7249895334243774
0.8265067934989929
0.9121374487876892
0.7590397596359253
0.7766953110694885
0.8207198977470398
0.7678109407424927
0.8442140817642212
0.9059944152832031
0.7353686094284058
0.8394047617912292
0.8776039481163025
0.8616220951080322
0.8102504014968872
0.8621784448623657
0.843147873878479
0.8904451727867126
1.0012643337249756
1.0012643337249756
0.6917016506195068
0.8116743564605713
0.9923498034477234
0.8326550722122192
0.8491271734237671
0.6953219175338745
0.9211363196372986
0.8864614367485046
0.7439382076263428
0.7968520522117615
0.956449568271637
0.7757636904716492
0.8069168925285339
0.7608512043952942
0.8012828826904297
0.9211804866790771
0.8195806741714478
0.8790343403816223
0.865742564201355
0.9983933568000793
0.7297590970993042
0.705760657787323
0.7590851783752441
0.7147045731544495
0.7754212021827698
0.907741129398346
0.8583241105079651
0.6580222845077515
0.8953423500061035
0.8958442211151123
0.6576871871948242
1.0043559074401855
0.7641343474388123
0.8003858327865601
0.7950060367584229
0.8583365678787231
0.76180499792099
0.8992651700973511
0.8758713603019714
0.9776968359947205
0.7841179966926575
0.7851688265800476
0.7011735439300537
0.9219197034835815
0.8072277903556824
0.7024307250976562
0.9260548949241638
0.7473088502883911
0.8522984385490417
0.829319179058075
0.8608087301254272
0.8323032259941101
0.8502813577651978
0.729657769203186
0.8831429481506348
0.6501156091690063
0.8338321447372437
0.9098302721977234
0.8932240605354309
0.8559354543685913
0.719287633895874
0.8753688931465149
0.8934975862503052
0.8042182922363281
0.9060385823249817
0.7777522802352905
0.8389993906021118
0.8665992021560669
0.8876973986625671
0.7618916034698486
0.8594160079956055
0.6982601881027222
0.9078918099403381
0.7926779389381409
0.8401448130607605
0.8506986498832703
0.8724959492683411
0.7571638226509094
0.7999670505523682
0.6887675523757935
0.7925808429718018
0.7909538745880127
0.9449991583824158
0.8072771430015564
0.8544343709945679
0.7412804365158081
0.9095390439033508
0.8484504222869873
0.8829797506332397
0.9712995886802673
0.7491525411605835
0.8018859624862671
0.8137584924697876
0.8738111257553101
0.8248093128204346
0.7615842223167419
0.7200215458869934
0.6682175397872925
0.8038007020950317
0.7471637725830078
0.6444932222366333
0.844255268573761
0.781885027885437
0.8637192249298096
0.7865445017814636
0.8279200792312622
0.9248788952827454
0.8887454271316528
0.8460476994514465
0.7562139630317688
0.8163455724716187
0.8116203546524048
0.8241533637046814
0.8139070868492126
0.7305025458335876
0.6936217546463013
0.9153785109519958
0.9357427954673767
0.8662256598472595
0.984759509563446
0.9014475345611572
0.8716184496879578
0.6608521342277527
0.964167058467865
0.8806248903274536
0.8504555821418762
0.7917853593826294
0.9539005160331726
0.9730965495109558
0.8514257669448853
0.8528208136558533
0.779695987701416
0.8913028836250305
0.8480857610702515
0.9107051491737366
0.7574166059494019
0.8519177436828613
0.8000895977020264
0.8864476680755615
0.8055395483970642
0.8912187814712524
0.9163841605186462
0.8966014981269836
0.721481204032898
0.8650458455085754
0.9242863059043884
0.8579349517822266
0.8228451013565063
0.8134798407554626
0.9332090020179749
0.8211718201637268
0.9010700583457947
0.8491110801696777
0.8692854642868042
0.8896858096122742
0.877273678779602
0.9255383610725403
0.7979178428649902
0.8273636102676392
0.901272177696228
0.9219774603843689
0.8810530304908752
0.8489055633544922
0.8469014763832092
0.9663793444633484
0.8077300786972046
0.902498185634613
0.754845380783081
0.7815337181091309
0.6862388849258423
0.679885745048523
0.8909822106361389
0.9268911480903625
0.7457314729690552
0.9446845650672913
0.8846644759178162
0.8245953321456909
0.8369366526603699
0.8702570796012878
0.8736764788627625
0.6286655068397522
0.8784643411636353
0.9093528389930725
0.8668633699417114
0.7826429009437561
0.8233951330184937
0.8474147915840149
0.8428723216056824
0.9153926968574524
0.8105390071868896
0.6942262053489685
0.8608589172363281
0.9284878373146057
0.770315945148468
0.8253678679466248
0.7579475045204163
0.9010136723518372
0.9059540629386902
0.8532876968383789
0.898205041885376
0.8078159093856812
0.771287739276886
0.9517126679420471
0.8861632347106934
0.8048353791236877
0.8061118721961975
0.8000893592834473
0.9067516922950745
0.8534746766090393
0.7379184365272522
0.8518404364585876
0.7751314640045166
0.7661857604980469
0.7219915390014648
0.8343250751495361
0.7475622892379761
0.7116672992706299
0.6793065071105957
0.8650712966918945
0.8948251008987427
0.7620590925216675
0.8141012787818909
0.8435258269309998
0.6683551073074341
0.8793799877166748
0.8931331038475037
0.6650905609130859
0.6603833436965942
0.7219550013542175
0.6938450336456299
0.9166877269744873
0.6660813689231873
0.8289171457290649
0.6765655875205994
0.8495398163795471
0.8662014603614807
0.8123062252998352
0.8806056976318359
0.6348485350608826
0.6838018298149109
0.9120720028877258
0.9143975377082825
0.8756672739982605
0.7543413043022156
0.6657348871231079
0.737459659576416
0.7560436725616455
0.7588403224945068
0.9346035122871399
0.8629871606826782
0.8150701522827148
0.8453316688537598
0.7748883962631226
0.8470932245254517
0.8374409675598145
0.6563361883163452
0.8926650881767273
0.704407811164856
0.8931138515472412
0.8743393421173096
0.825862467288971
0.6461032629013062
0.881188690662384
0.8368416428565979
0.8350786566734314
0.6840738654136658
0.9784983992576599
0.6948885917663574
0.9523874521255493
0.8405910730361938
0.8842287659645081
0.8459177017211914
0.7867436408996582
0.80388343334198
0.8213014602661133
0.8388817310333252
0.8066605925559998
0.7304897904396057
1.004719853401184
0.7658032774925232
0.914247989654541
0.9866451621055603
0.7541913390159607
0.7982050180435181
0.8466091752052307
0.9399734735488892
0.7336475849151611
0.42739373445510864
0.38977891206741333
0.7353525757789612
0.8105839490890503
0.8769247531890869
0.9101016521453857
0.6599969863891602
0.8926993608474731
0.8520193696022034
0.903561532497406
0.845177948474884
0.802784264087677
0.7604875564575195
0.6858161687850952
0.7765794396400452
0.7723944783210754
0.8485941290855408
0.6023023128509521
0.7898770570755005
0.9191547632217407
0.8040674328804016
0.7098047137260437
0.7756026387214661
0.9108646512031555
0.9057590365409851
0.8995681405067444
0.9241705536842346
0.6132882833480835
0.815582811832428
0.8599571585655212
0.8406400084495544
0.8522337675094604
0.8476220965385437
0.682824969291687
0.7008164525032043
0.7586861252784729
0.7875070571899414
0.8373377919197083
0.7877271175384521
0.8089278936386108
0.7018000483512878
0.7734889388084412
0.9309913516044617
0.7404365539550781
0.6568114161491394
0.7365837097167969
0.9132595658302307
0.8225409388542175
0.8067542910575867
0.7380729913711548
0.7631050944328308
0.7010245323181152
0.8833028078079224
0.7424762845039368
0.7392253279685974
0.8174327611923218
0.8088141679763794
0.8924872279167175
0.6718884706497192
0.9880042672157288
0.4269426167011261
0.8042283058166504
0.6267827749252319
0.6930956840515137
0.8140588998794556
0.7867742776870728
0.7824503183364868
0.7552189230918884
0.7648603320121765
0.9070653319358826
0.7648929953575134
0.8761562705039978
0.8562517166137695
0.8705383539199829
0.6835507750511169
0.9030360579490662
0.8589411973953247
0.895296573638916
0.6185762286186218
0.7976009249687195
0.8437460660934448
0.9070966839790344
0.7653723359107971
0.5674033164978027
0.9988358616828918
0.6863909363746643
0.8018419742584229
0.800273597240448
0.6893820762634277
0.868529200553894
0.6860202550888062
0.6853424310684204
0.7937088012695312
0.6121106147766113
0.6668763160705566
0.6866931915283203
0.8690767288208008
0.880387544631958
0.9412802457809448
0.8522424697875977
0.7729030847549438
0.8200202584266663
0.7313722968101501
0.7116625308990479
0.8380935192108154
0.6366955041885376
0.6291070580482483
0.6925911903381348
0.6360019445419312
0.9966306090354919
0.805323600769043
0.7338890433311462
0.7614991664886475
0.8559283018112183
0.8250046372413635
0.9752662777900696
0.7795299887657166
0.8797071576118469
0.8805720806121826
0.8239356279373169
0.8108634352684021
0.8337196707725525
0.8954609036445618
0.8287817239761353
0.720111608505249
0.7394489645957947
0.9914587140083313
0.8036270141601562
0.6336579322814941
0.8807387351989746
0.8038169741630554
0.9191103577613831
0.636016845703125
0.7612012028694153
0.7520397901535034
0.8265178799629211
0.8731290102005005
0.7572851181030273
0.6194531321525574
0.5350675582885742
0.7083175182342529
0.7787253260612488
0.8874457478523254
0.7554660439491272
0.8662499189376831
0.7652472257614136
0.7892382740974426
0.9987439513206482
0.8386075496673584
0.8914372324943542
0.732166051864624
0.6819609999656677
0.774213433265686
0.7717678546905518
0.8274244070053101
0.8751721382141113
0.9004124402999878
0.8739754557609558
0.9568679928779602
0.6105175614356995
0.7695369720458984
0.8581241369247437
0.8512044548988342
0.7604877948760986
0.8448281288146973
0.7798718214035034
0.7322220206260681
0.9461954832077026
0.8744819164276123
0.9072005152702332
0.7754572629928589
0.7823793292045593
0.743392825126648
0.7082589864730835
0.6478386521339417
0.8588284254074097
0.7988446354866028
0.8980206847190857
0.785788357257843
0.578156590461731
0.8866405487060547
0.8763326406478882
0.8286410570144653
0.8288286328315735
0.47587850689888
0.779344379901886
0.8673202991485596
0.9131171703338623
0.8383849859237671
0.6780556440353394
0.741043210029602
0.8430863618850708
1.0006773471832275
0.7581223249435425
0.8215366005897522
0.8789452314376831
0.7735799551010132
0.808899998664856
0.8658474087715149
0.8473840355873108
0.8995595574378967
0.8828663229942322
0.9159922003746033
0.82630455493927
0.8349601626396179
0.6531285047531128
0.7270107865333557
1.0000066757202148
0.7922648787498474
0.6900373101234436
0.8362619280815125
0.8503877520561218
0.762402355670929
0.8245210647583008
0.7979602813720703
0.5593640804290771
0.799503743648529
0.6989745497703552
0.8072686195373535
0.726413905620575
0.7615011930465698
0.5843023061752319
0.6217968463897705
0.5918903350830078
0.7207984924316406
0.9207934737205505
0.6785730719566345
0.898970901966095
0.898970901966095
0.8860942125320435
0.9330765604972839
0.6890535950660706
0.7128816843032837
0.9332360029220581
0.7436789870262146
0.7727562189102173
0.8660250306129456
0.7021412253379822
0.8349188566207886
0.7593814134597778
0.7388384938240051
0.7230758666992188
0.7449752688407898
0.7562539577484131
0.9038134217262268
0.8576465249061584
0.6410858631134033
0.9965229630470276
0.6277223825454712
0.7558382749557495
0.6906325817108154
0.8422216176986694
0.8509979248046875
0.8022142648696899
0.8050912618637085
0.7792215943336487
0.5680397748947144
0.8249894380569458
0.8348115086555481
0.7910659313201904
0.7478718161582947
0.8650801777839661
0.7309963703155518
0.8267098665237427
1.0005578994750977
0.5195029973983765
0.8778594732284546
0.8626426458358765
0.7579431533813477
0.7723486423492432
0.8805403709411621
0.6916574835777283
0.7757313847541809
0.7437306046485901
0.6454037427902222
0.6228289604187012
0.8598645925521851
0.6805656552314758
0.7301939129829407
0.829776406288147
0.8103437423706055
0.8726191520690918
0.7962779998779297
0.7731816172599792
0.7295176982879639
0.7167133092880249
0.9250938892364502
0.8786780834197998
0.9983054995536804
0.9647204875946045
0.781887412071228
0.7729923725128174
0.618313193321228
0.6471221446990967
0.7960495352745056
0.5036891102790833
0.7637153267860413
0.8646854162216187
0.8662992715835571
0.7673275470733643
0.8252888917922974
0.8770664930343628
0.7257359027862549
0.8088420629501343
0.8699458241462708
0.8822826147079468
0.7446255683898926
0.9338646531105042
0.7010129690170288
0.7552005648612976
0.7451791763305664
0.776494026184082
0.611409068107605
0.624160885810852
0.8575922846794128
0.8798279762268066
0.9294779300689697
0.8297661542892456
0.8727584481239319
0.7544946670532227
0.7971518635749817
0.8627938628196716
0.8323749899864197
0.7984285354614258
0.6574299335479736
0.9413570761680603
0.7337632179260254
0.7542011737823486
0.7590566873550415
0.8569537997245789
0.8066635131835938
0.6551352739334106
0.7885221838951111
0.8248170614242554
0.7412561178207397
0.8499821424484253
0.7760540246963501
0.9575456976890564
0.8626730442047119
0.742820680141449
0.8092687726020813
0.7941529750823975
0.8005304336547852
0.7454338073730469
0.9149248600006104
0.6293514966964722
0.7885147333145142
0.8939924836158752
0.8017939329147339
0.8253360390663147
0.8677667379379272
0.7236112356185913
0.9008579850196838
0.8662807941436768
0.8748729228973389
0.8120904564857483
0.8562213182449341
0.8192159533500671
0.6729602813720703
0.8618808388710022
0.8865554332733154
0.9287431836128235
0.9284241795539856
0.7335549592971802
0.8344155550003052
0.8683726787567139
0.7621506452560425
0.7580769062042236
0.783338189125061
0.645618200302124
0.7893374562263489
0.8591018915176392
0.8463036417961121
0.8330409526824951
0.7825753688812256
0.8175570368766785
0.7773142457008362
0.8235751390457153
0.8369084596633911
0.9432461857795715
0.7121556401252747
0.7469353675842285
0.651151180267334
0.6734557747840881
0.7600581049919128
0.8999585509300232
0.6558811664581299
0.71233069896698
0.8247937560081482
0.8546165823936462
0.6690714955329895
0.8091099262237549
0.731523871421814
0.7936816215515137
0.8631206750869751
0.7053688764572144
0.688765287399292
0.7500455379486084
0.9820489287376404
0.7611981630325317
0.7869507074356079
0.7830041646957397
0.7174654006958008
0.8128436207771301
0.864391565322876
0.8396633267402649
0.8692794442176819
0.8676401376724243
0.6845451593399048
0.7236234545707703
0.826537013053894
0.838324785232544
0.727864146232605
0.6795475482940674
0.9555566906929016
0.800767183303833
0.8006264567375183
0.7895849347114563
0.8582847118377686
0.678564727306366
0.766999363899231
0.9218026995658875
0.8690973520278931
0.7734904885292053
0.8243557214736938
0.8577167987823486
0.8026636838912964
0.748503565788269
0.9640020728111267
0.8648741245269775
0.7938612699508667
0.8330643177032471
0.725795567035675
0.7889740467071533
0.8969688415527344
0.9181339144706726
0.8332856297492981
0.760428786277771
0.7865918278694153
0.7159007787704468
0.6702069044113159
0.6293858289718628
0.7735759615898132
0.8026778697967529
0.8352099061012268
0.7531081438064575
0.8096145987510681
0.7959766387939453
0.8230018615722656
0.8560523390769958
0.6627085208892822
0.8016302585601807
0.7590464353561401
0.728239893913269
0.744536280632019
0.7122808694839478
0.7139478325843811
0.7375421524047852
0.8712326288223267
0.8505436182022095
0.8937568664550781
0.687950611114502
0.6980575323104858
0.7520318031311035
0.8359836935997009
0.6938756108283997
0.7822912335395813
0.8922183513641357
0.5619375705718994
0.7535038590431213
0.8960199952125549
0.7874109148979187
0.9494647979736328
0.5275484323501587
0.8411457538604736
0.9063021540641785
0.8213579654693604
0.6673114895820618
0.8987292647361755
0.4511970579624176
0.7830052375793457
0.835577130317688
0.8004239797592163
0.6798952221870422
0.6818758249282837
0.7427394390106201
0.8895211815834045
0.8537205457687378
0.7742077708244324
0.907173216342926
0.759409487247467
0.8221189975738525
0.7118798494338989
0.676975667476654
0.48905253410339355
0.812390148639679
0.9354961514472961
0.8569960594177246
0.63777756690979
0.7440413236618042
0.7751545906066895
0.8920069932937622
0.8394709229469299
0.8288216590881348
0.792020320892334
0.7982128858566284
0.864417552947998
0.8908472657203674
0.915882408618927
0.7630718946456909
0.7431788444519043
0.8541214466094971
0.757951021194458
0.654131293296814
0.6804172396659851
0.8395400643348694
0.817172646522522
0.7544612884521484
0.7870159149169922
0.7840311527252197
0.8941359519958496
0.6728499531745911
0.8161138296127319
0.8877422213554382
0.8490142822265625
0.9076461791992188
0.7100790739059448
0.6661044359207153
0.7977379560470581
0.8306120038032532
0.9127452373504639
0.8682587742805481
0.8306571245193481
0.7390403747558594
0.8909900784492493
0.8603562712669373
0.8222535848617554
0.7817904353141785
0.9253602623939514
0.8240698575973511
0.8344155550003052
0.8395832777023315
0.7353999018669128
0.6196922063827515
0.9352450966835022
0.9275289177894592
0.5812232494354248
0.9388462901115417
0.8823139667510986
0.7036581635475159
0.8549714088439941
0.8445029258728027
0.6184364557266235
0.8326171040534973
0.8470773100852966
0.7514495253562927
0.8366421461105347
0.7848304510116577
0.6290435791015625
0.5708202123641968
0.8843849301338196
0.9854094386100769
0.6247217059135437
0.7072712779045105
0.8644469976425171
0.632199764251709
0.8669636249542236
0.8593226671218872
0.7994179725646973
0.8836478590965271
0.7582800388336182
0.4451009929180145
0.7108701467514038
1.00067138671875
0.7315199375152588
0.8986048102378845
0.8956642746925354
0.7387802600860596
0.8530521392822266
0.7275083661079407
0.9165359139442444
0.7878290414810181
0.6964637041091919
0.7041810154914856
0.7298638224601746
0.855568528175354
0.8600432872772217
0.6826286315917969
0.8279491066932678
0.9474250674247742
0.6680302619934082
0.7840860486030579
0.7377861738204956
0.8263403177261353
0.3919636607170105
0.8573923110961914
0.7430576086044312
0.7598835229873657
0.867428183555603
0.7926575541496277
0.7999544143676758
0.8438233137130737
0.7820323705673218
0.6906173825263977
0.7479773163795471
0.6425479054450989
0.7735128402709961
0.8268494009971619
0.6606707572937012
0.8321563005447388
0.7336134910583496
0.745150089263916
0.7075043320655823
0.6721174716949463
0.8595805168151855
0.5235670804977417
0.8656131029129028
0.8209350109100342
0.7314167618751526
0.813644289970398
0.8706235885620117
0.8175462484359741
0.803348183631897
0.7441962361335754
0.6839630007743835
0.9453151822090149
0.8334394097328186
0.7504373788833618
0.5937961339950562
0.5827965140342712
0.7063336372375488
0.7423394918441772
0.7343266010284424
0.6946660876274109
0.8462921380996704
0.6706970930099487
0.790636420249939
0.7311139702796936
0.8511045575141907
0.7714133262634277
0.7111091017723083
0.7535633444786072
0.7597178220748901
0.7306054830551147
0.8230938911437988
0.8059849739074707
0.8550751209259033
0.7472761869430542
0.7488372325897217
0.8238483667373657
1.0008504390716553
0.8012990951538086
0.8254613876342773
0.8199197053909302
0.7294989824295044
0.7575240731239319
0.5873866081237793
0.646740198135376
0.8687520623207092
0.8768894672393799
0.8463670015335083
0.8637893199920654
0.8706737160682678
0.9083527326583862
0.8069913983345032
0.7742406129837036
0.6877981424331665
0.8532628417015076
0.748995304107666
0.6575411558151245
0.8180376291275024
0.8186489939689636
0.8186675906181335
0.7210363149642944
0.7214149236679077
0.9849019646644592
0.7880628108978271
0.7290902137756348
0.8064737915992737
0.7890303134918213
0.7032555937767029
0.6958550214767456
0.8034164905548096
0.7117936015129089
0.8043474555015564
0.5703930854797363
0.8403120636940002
0.7466760873794556
0.8652111291885376
0.765007495880127
0.6918504238128662
0.725799024105072
0.8906281590461731
0.8820306658744812
0.9078181385993958
0.9699640274047852
0.9409361481666565
0.7569354176521301
0.7624207735061646
0.7711367011070251
0.8102918267250061
0.8588894605636597
0.8298487663269043
0.8076650500297546
0.9157789349555969
0.8965851664543152
0.7355169653892517
0.903188169002533
0.7162570953369141
0.7310196757316589
0.8632597923278809
0.4441622197628021
0.7453083992004395
0.8925070762634277
0.8039625287055969
0.8435088992118835
0.8643080592155457
0.5346429347991943
0.8333714008331299
0.4343119263648987
0.5095434784889221
0.9476773142814636
0.7381011247634888
0.6294717788696289
0.8610484600067139
0.7709372043609619
0.6626075506210327
0.7179551124572754
0.8898712992668152
0.8411463499069214
0.7869105935096741
0.7724440097808838
0.7127660512924194
0.9459963440895081
0.7909136414527893
0.7899542450904846
0.8560304045677185
0.8130069971084595
0.6608695387840271
0.760146975517273
0.7570300698280334
0.8527454733848572
0.7654971480369568
0.7425010800361633
0.7873879075050354
0.7335569858551025
0.7953009605407715
0.6380643844604492
0.6414957642555237
0.8186579942703247
0.7701279520988464
0.6409463882446289
0.8119271993637085
0.7593533396720886
0.8263499140739441
0.8713535070419312
0.7603317499160767
0.826798141002655
0.7128775715827942
0.8948577046394348
0.6933540105819702
0.5754514336585999
0.8052109479904175
0.7981688976287842
0.822756826877594
0.8155585527420044
0.6891023516654968
0.9064418077468872
0.7698324918746948
0.6145405769348145
0.8121122121810913
0.8760242462158203
0.7062404155731201
0.578610360622406
0.7333122491836548
0.8454028367996216
0.7288863658905029
0.8055084943771362
0.8914583325386047
0.7933300137519836
0.9149485230445862
0.6984647512435913
0.9927627444267273
0.8132654428482056
0.70450359582901
0.8108963370323181
0.9494805335998535
0.816621720790863
0.8626397252082825
0.8238644003868103
0.8680725693702698
0.6309196352958679
0.7248852252960205
0.7448753118515015
0.7440169453620911
0.7375965714454651
0.8609176278114319
0.8591597080230713
0.7452822327613831
0.8686365485191345
0.6761990189552307
0.6334271430969238
0.730122983455658
0.6761994957923889
0.626939058303833
0.8054947257041931
0.7442132234573364
0.6798970699310303
0.7275094389915466
0.854560375213623
0.5925741791725159
0.8593841195106506
0.6489357948303223
0.7959544062614441
0.9024916887283325
0.7547553777694702
0.8714381456375122
0.7039526104927063
0.8277587294578552
0.9271212220191956
0.6333072185516357
0.8862727284431458
0.42418232560157776
0.8383252024650574
0.7472489476203918
0.9045485258102417
0.704404354095459
0.7400610446929932
0.7909513711929321
0.5563420057296753
0.5776767134666443
0.7950692772865295
0.6404350399971008
0.9307116866111755
0.7129774689674377
0.7405418157577515
0.739716649055481
0.8939117193222046
0.7308773994445801
0.9317451119422913
0.8427087664604187
0.6605719327926636
0.8412846922874451
0.8192652463912964
0.8195668458938599
0.8408781290054321
0.7458029985427856
0.8434314727783203
0.789151668548584
0.6120110750198364
0.6077462434768677
0.62598717212677
0.8422613739967346
0.7653294801712036
0.7000854015350342
0.7762906551361084
0.8324037790298462
0.7701257467269897
0.6376596093177795
0.7595813274383545
0.6607514023780823
0.6424795389175415
0.6778714656829834
0.8516916036605835
0.6814379692077637
0.7572869658470154
0.6478063464164734
0.7759202122688293
0.884064257144928
0.674351692199707
0.7769341468811035
0.9299284219741821
0.7483388781547546
0.7541205286979675
0.5767139196395874
0.6804964542388916
0.6602608561515808
0.7552320957183838
0.7684436440467834
0.8642609119415283
0.6404193639755249
0.7531177401542664
0.902996838092804
0.5191863775253296
0.8212374448776245
0.7868980169296265
0.6928651332855225
0.7574819326400757
0.6444915533065796
0.7302228212356567
0.7641382217407227
0.7903205752372742
0.8069925308227539
0.7539992332458496
0.45060694217681885
0.8923931121826172
0.6633480787277222
0.6582348346710205
0.8086661696434021
0.9566493630409241
0.8600965142250061
0.7220914363861084
0.780089795589447
0.6766451597213745
0.7615817189216614
0.8638826608657837
0.7824366092681885
0.8685809373855591
0.741574764251709
0.6164695620536804
0.7754638195037842
0.6544255018234253
0.6947433948516846
0.681969165802002
0.6829845309257507
0.754849374294281
0.6736115217208862
0.8228421807289124
0.8807427883148193
0.921301543712616
0.5987883806228638
0.8046749830245972
0.7949291467666626
0.806858241558075
0.8536703586578369
0.7855026721954346
0.6548904180526733
0.9218921065330505
0.8047347068786621
0.6138560771942139
0.8912184834480286
0.7722926735877991
0.7789685726165771
0.7193467020988464
0.8250712156295776
0.701113224029541
0.6899677515029907
0.8240581750869751
0.7196987867355347
0.5524901151657104
0.8895606398582458
0.6876529455184937
0.7885156869888306
0.7312360405921936
0.738231360912323
0.7158845663070679
0.6854501366615295
0.7818785905838013
0.7754892706871033
0.7218374013900757
0.8244162201881409
0.8202769756317139
0.7979532480239868
0.7505863904953003
0.7153722643852234
0.8944016098976135
0.6146027445793152
0.872282862663269
0.8340988159179688
0.5862754583358765
0.8972439169883728
0.5975358486175537
0.6175728440284729
0.8021646738052368
0.7574417591094971
0.6725907325744629
0.8148437738418579
0.8453203439712524
0.8584422469139099
0.7522942423820496
0.7467644214630127
0.8453526496887207
0.8218785524368286
0.8111190795898438
0.7578556537628174
0.8326849937438965
0.7251181602478027
0.7388160228729248
0.8544102311134338
0.9586396217346191
0.6445099711418152
0.5568896532058716
0.6590422987937927
0.6749277114868164
0.6463764905929565
0.7945289015769958
0.6960384845733643
0.7102699279785156
0.6006616950035095
0.7884423732757568
0.8230577111244202
0.8192185759544373
0.8167593479156494
0.7075792551040649
0.7013834118843079
0.8268461227416992
0.7632707953453064
0.6541039943695068
0.7161718606948853
0.8425862789154053
0.7655280232429504
0.9265477657318115
0.682966947555542
0.7868605852127075
0.7613220810890198
0.8191553950309753
0.7683533430099487
0.6786679625511169
0.6712889671325684
0.7836562991142273
0.6874098181724548
0.8235878348350525
0.7084060907363892
0.7590177059173584
0.6835792660713196
0.9496477842330933
0.8126207590103149
0.7515191435813904
0.8821524381637573
0.8279441595077515
0.7090352773666382
0.8295130133628845
0.906457245349884
0.7666068077087402
0.7997312545776367
0.6924734115600586
0.7483708262443542
0.7978525161743164
0.8457843661308289
0.7407712340354919
0.7705532312393188
0.7478519678115845
0.6718866229057312
0.6618146300315857
0.754231333732605
0.8263535499572754
0.8394087553024292
0.8512227535247803
0.740993857383728
0.6950746178627014
0.7631547451019287
0.7449040412902832
0.8234697580337524
0.6697449088096619
0.7527768611907959
0.8576022386550903
0.9332405924797058
0.8524092435836792
0.8418154716491699
0.7660577297210693
0.7860413789749146
0.8440583348274231
0.8688557147979736
0.7572396993637085
0.8309057354927063
0.5560295581817627
0.9023368954658508
0.8339260816574097
0.417136013507843
0.5958752632141113
0.8208070993423462
0.7392619252204895
0.7005740404129028
0.48955047130584717
0.8576950430870056
0.8311480283737183
0.7823644876480103
0.8130226135253906
0.7413340210914612
0.6912773847579956
0.7461403012275696
0.7992340922355652
0.764805018901825
0.7503515481948853
0.7697758674621582
0.7914178371429443
0.7477831840515137
0.8276322484016418
0.8144510984420776
0.692371129989624
0.7973406314849854
0.6767815947532654
0.7467199563980103
0.7903589606285095
0.915412962436676
0.8440476059913635
0.6623486280441284
0.6003469824790955
0.6443701982498169
0.7163000106811523
0.8228144645690918
0.731252133846283
0.7534056901931763
0.9385058283805847
0.7385088801383972
0.8611013889312744
0.7347170114517212
0.6769015789031982
0.7025983929634094
0.8764929175376892
0.852925717830658
0.7981175184249878
0.8346893787384033
0.627315878868103
0.7041976451873779
0.7623775005340576
0.8320183157920837
0.9018726944923401
0.6393618583679199
0.7851098775863647
0.7126065492630005
0.6992044448852539
0.7052879333496094
0.5250852108001709
0.8418502807617188
0.6915152668952942
0.6104006767272949
0.7922016382217407
0.7930091619491577
0.7649068832397461
0.6862519979476929
0.8177129030227661
0.7908211946487427
0.7861886024475098
0.8155835270881653
0.7943541407585144
0.7536298632621765
0.8336681127548218
0.760394275188446
0.61876380443573
0.844120979309082
0.7776737809181213
0.6398568153381348
0.6981557607650757
0.828750491142273
0.6579641103744507
0.6688312292098999
0.7834132313728333
0.7684662938117981
0.8055089712142944
0.8560832738876343
0.790128231048584
0.8695000410079956
0.8213258981704712
0.9353376030921936
0.6539459824562073
0.7380486726760864
0.9377739429473877
0.8799120187759399
0.69865882396698
0.839411199092865
0.7593570947647095
0.7529209852218628
0.6332881450653076
0.7702715992927551
0.7156710624694824
0.8029808402061462
0.8065666556358337
0.8494632244110107
0.8887872099876404
0.8070467114448547
0.8136950731277466
0.8679545521736145
0.762281060218811
0.6683568358421326
0.7604273557662964
0.7870084047317505
0.8120982050895691
0.8730324506759644
0.8574594259262085
0.7576701641082764
0.8061556220054626
0.6590328812599182
0.8892648816108704
0.6687155365943909
0.5893040895462036
0.7611356377601624
0.810325026512146
0.9434522986412048
0.9237882494926453
0.8301726579666138
0.7595965266227722
0.8542614579200745
0.7638141512870789
0.9142964482307434
0.9111605286598206
0.8786620497703552
0.8203908801078796
0.6440845131874084
0.6965780854225159
0.9244499802589417
0.9024552702903748
0.9894558787345886
0.8354491591453552
0.8100113272666931
0.8488108515739441
0.8241835832595825
0.7193053960800171
0.8863094449043274
0.7716282606124878
0.7836076617240906
0.848798930644989
0.7201958298683167
0.8009164333343506
0.7421847581863403
0.8501332402229309
0.7507137656211853
0.8279416561126709
0.8605928421020508
0.8433961868286133
0.8801742196083069
0.8683528900146484
0.8397747874259949
0.7611821293830872
1.001030445098877
0.9281275272369385
0.6623157262802124
0.7046530246734619
0.8220514059066772
0.6455942988395691
0.6859534978866577
0.8640466332435608
0.7013123035430908
0.8515229821205139
0.9480326175689697
0.9480326175689697
0.8960762619972229
0.8772505521774292
0.7005965113639832
0.9178961515426636
0.9077864289283752
0.8662818670272827
0.86309415102005
0.9542198777198792
0.8627297878265381
0.8578627705574036
0.8363152742385864
0.8424373865127563
0.7541192770004272
0.7916355133056641
0.9220691323280334
0.9886558651924133
0.7129518389701843
0.7168126702308655
0.9493281245231628
0.79752117395401
0.768868088722229
0.6300281286239624
0.8315697908401489
0.8313896059989929
0.8461652398109436
0.8926370143890381
0.8157516121864319
0.8219666481018066
0.8543096780776978
0.7394120097160339
0.7875049710273743
0.8624497056007385
0.8681541681289673
0.8517016768455505
0.7604366540908813
0.8090348243713379
0.7856062650680542
0.815513551235199
0.8344064950942993
0.7820077538490295
0.8799390196800232
0.8926324844360352
0.9062432050704956
0.9000138640403748
0.9049710631370544
0.8532838821411133
0.7921277284622192
0.8613311052322388
0.7715060710906982
0.8474282026290894
0.7052785158157349
0.9073373675346375
0.6671087741851807
0.6236699819564819
0.6671087741851807
0.8246901035308838
0.7543448209762573
0.9150863289833069
0.7718207836151123
0.9441917538642883
0.9310883283615112
0.6925594210624695
1.0042295455932617
0.8308788537979126
0.8522878885269165
0.8445020914077759
0.8562597036361694
0.85204017162323
0.9997413158416748
0.6953046321868896
0.5778107643127441
0.7447782158851624
0.6718906164169312
0.7582946419715881
0.8717790842056274
0.76349937915802
0.7145977020263672
0.8258379697799683
0.8753174543380737
0.8960941433906555
0.8012697696685791
0.8229576945304871
0.9257105588912964
0.9758438467979431
0.7502764463424683
0.9252220988273621
0.886717677116394
0.8917795419692993
0.7937400341033936
0.8805668354034424
0.8275965452194214
0.8511447310447693
0.9030606150627136
0.8985878229141235
0.7067221999168396
0.8607681393623352
0.7172221541404724
0.765939474105835
0.8571826219558716
0.7576697468757629
0.802696704864502
0.6898279190063477
0.6592230796813965
0.834200918674469
0.8049945831298828
0.8386290669441223
0.8617420196533203
0.9797447323799133
0.8267964124679565
0.7775791883468628
0.8193246722221375
0.6604422330856323
1.004176378250122
0.8682981729507446
0.974793553352356
0.9898901581764221
0.8952123522758484
0.8446576595306396
0.7949727177619934
0.7500208020210266
0.8251549601554871
0.934486448764801
0.8720791339874268
0.8516431450843811
0.8456032872200012
0.8326601386070251
0.7190637588500977
0.7828555703163147
0.6096832752227783
0.8840777277946472
0.7317331433296204
0.764882504940033
0.8939715027809143
0.6917694807052612
0.8416186571121216
0.8473851680755615
0.9997358918190002
0.6651203036308289
0.7609242796897888
0.8253698348999023
0.8707717657089233
0.826828122138977
0.8523136377334595
0.5799856185913086
0.7131915092468262
0.863587498664856
0.8579545617103577
0.8359335660934448
0.8199825286865234
0.8588172793388367
0.8454996943473816
0.9636777639389038
0.8931830525398254
0.7948561906814575
0.8292633295059204
0.7916679978370667
0.9244348406791687
0.7841162085533142
0.7466710209846497
0.8817188739776611
0.7740179300308228
0.7109997868537903
0.6980060338973999
0.9126495718955994
0.8925934433937073
0.8136216402053833
0.8237234950065613
0.9213951230049133
0.883054256439209
0.8599773645401001
0.8077586889266968
0.8407038450241089
0.8025392293930054
0.7264508605003357
0.8232010006904602
0.8104004859924316
0.8615087270736694
0.8777617812156677
0.6421557068824768
0.9198824763298035
0.6907631754875183
0.8245421051979065
0.8832617998123169
0.7089422345161438
0.8313540816307068
0.8104509115219116
0.7847812175750732
0.6911334991455078
0.8868316411972046
0.9041841626167297
0.8264232873916626
0.8228409886360168
0.8111021518707275
0.8801926374435425
0.9041239619255066
0.9071691036224365
0.89393150806427
0.8784342408180237
0.6052412390708923
0.7962480783462524
0.8028693199157715
0.8491047620773315
0.9951404929161072
0.8585140705108643
0.9033613801002502
0.7563781142234802
0.8735449910163879
0.8473397493362427
0.8174858093261719
0.8118419647216797
0.693429708480835
0.8833634257316589
0.7887551784515381
0.6558821201324463
0.6910961866378784
0.8939040899276733
0.5912397503852844
0.6923905611038208
0.6931664943695068
0.810653567314148
0.8539074063301086
0.6424450874328613
0.9107950329780579
0.8225629925727844
0.8290133476257324
0.7017478346824646
0.7966017127037048
0.7062892913818359
0.8785277605056763
0.9612131714820862
0.9453375935554504
0.9863739013671875
0.9342681765556335
0.9228916168212891
0.8904957175254822
0.7861937284469604
0.8804740905761719
0.8852521777153015
0.728722870349884
0.8421214818954468
0.7233459949493408
0.6838465332984924
0.8085753917694092
0.7092377543449402
0.6670076251029968
0.7803652286529541
0.7842220067977905
0.6969388723373413
0.7888109087944031
0.756904125213623
0.8716303706169128
0.8636513352394104
0.7795377969741821
0.8233200311660767
0.731322169303894
0.7265691757202148
0.7269650101661682
0.7898660898208618
0.743983805179596
0.822204053401947
0.9197645783424377
0.6363472938537598
0.7116552591323853
0.8670931458473206
0.779341995716095
0.9101774096488953
0.7604114413261414
0.7214032411575317
0.5701126456260681
0.7785886526107788
0.8540527820587158
0.8434771299362183
0.7629003524780273
0.7865254282951355
0.813585638999939
0.8601946234703064
0.8698026537895203
0.8654307723045349
0.9958800673484802
0.7018777132034302
0.8230865001678467
0.90786212682724
0.8561989068984985
0.89305180311203
0.8118031024932861
0.8896891474723816
0.7766973376274109
0.8227225542068481
0.6786360144615173
0.851668119430542
0.8604885935783386
0.8098410964012146
0.8576664328575134
0.4633142054080963
0.8859809041023254
0.8309416174888611
0.4084365665912628
0.9392824769020081
0.939474880695343
0.736733078956604
0.7736550569534302
0.8314177989959717
0.7775745987892151
0.8183423280715942
0.8786081075668335
0.6217990517616272
0.8536170125007629
0.8409325480461121
0.8219633102416992
0.8872615694999695
0.6251645088195801
0.7539457082748413
0.8873445987701416
0.8817937970161438
0.8273089528083801
0.9927495718002319
0.7853995561599731
0.7813926339149475
0.7792330980300903
0.7547648549079895
0.9325121641159058
1.004858136177063
0.8971158266067505
0.8089162707328796
0.6944130659103394
0.901120662689209
0.9090947508811951
0.7446755170822144
0.73609858751297
0.7371944189071655
0.738114595413208
0.8648930788040161
0.6968019008636475
0.928040087223053
0.8952615261077881
0.8189623355865479
0.7910370826721191
0.8495162129402161
0.9768958687782288
0.9085167050361633
0.769345223903656
0.9567954540252686
0.7494743466377258
0.8957264423370361
0.8872891664505005
0.7817267775535583
0.6410772800445557
0.8034831881523132
0.8014793992042542
0.7583940029144287
0.7146978974342346
0.6549139618873596
0.9122122526168823
0.9818599820137024
0.7304320335388184
0.9471388459205627
0.8185591101646423
0.7963247895240784
0.9325081706047058
0.8122432827949524
0.802177906036377
0.6841634511947632
0.8527863025665283
0.8245542645454407
0.9540738463401794
0.8299002647399902
0.9760138392448425
0.6743206977844238
0.8612465858459473
0.8461670875549316
0.7964811325073242
0.756144642829895
0.9196930527687073
0.7146196961402893
0.7936373353004456
0.7634990215301514
0.78898024559021
0.8429375886917114
0.7241432666778564
0.6228084564208984
0.8766650557518005
0.7848888635635376
0.845638632774353
0.8321008682250977
0.7747740745544434
0.8012126684188843
0.9068008661270142
0.733116865158081
0.751246452331543
0.8698545098304749
0.8863244652748108
0.9111155867576599
0.7809885144233704
0.9507771134376526
0.8584443926811218
0.8911872506141663
0.6952937245368958
0.8043132424354553
0.9499247670173645
0.7003719806671143
0.6955687403678894
0.793932318687439
0.851216197013855
0.8653662204742432
0.8426038026809692
0.5975842475891113
0.8578649759292603
0.8657507300376892
0.713917076587677
0.6885355114936829
0.8322603106498718
0.8057501912117004
0.7736680507659912
0.7509150505065918
0.7318995594978333
0.8750519752502441
0.6906226277351379
0.8450160026550293
0.7557590007781982
0.8497937321662903
0.7457010746002197
0.826985239982605
0.5885138511657715
0.8116682767868042
0.995688259601593
0.774258553981781
0.9036874175071716
0.8797475099563599
0.871356189250946
0.8342815637588501
0.7556073069572449
0.9962437152862549
0.7619273066520691
0.9237471222877502
0.6769927740097046
0.7297433614730835
0.9103643894195557
0.6844324469566345
0.630403995513916
0.5513322353363037
0.5820852518081665
0.7334022521972656
1.000722050666809
1.0006206035614014
0.824166476726532
0.8072521090507507
0.7927296161651611
0.8614511489868164
0.7915427684783936
0.6965948343276978
0.9209427237510681
0.7806925177574158
0.8347564339637756
0.8351452350616455
0.7755793929100037
0.8533042669296265
0.7935103178024292
0.8218449354171753
0.8379814028739929
0.8371400833129883
0.7662549614906311
0.8825053572654724
0.7397534251213074
0.7882729172706604
0.8497505187988281
0.8489714860916138
0.8159648776054382
0.6796000003814697
0.8525856137275696
0.860023021697998
0.6736781597137451
0.8274306058883667
0.8686525821685791
0.937623143196106
0.5409274101257324
1.0040037631988525
0.8087950348854065
0.8379634022712708
0.8321306705474854
0.9118223786354065
0.9033746123313904
0.7679075598716736
0.8620273470878601
0.9413654208183289
0.8074871897697449
0.8071433901786804
0.8392624855041504
0.8360983729362488
0.8093826174736023
0.7845368385314941
0.8664772510528564
0.7719611525535583
0.8210408687591553
0.7961349487304688
0.7951857447624207
0.9298068881034851
0.88204425573349
0.8000137805938721
0.8295484781265259
0.7979849576950073
0.7930644154548645
0.9171510338783264
0.7602338790893555
0.8490387797355652
0.8005266189575195
0.9197357296943665
0.9391322135925293
0.8424482941627502
0.7944934368133545
0.9170486330986023
0.7403054237365723
0.9955225586891174
0.7684327363967896
0.8508322834968567
0.9903404116630554
0.9752892851829529
0.7936006784439087
0.5762925148010254
0.8198816776275635
0.8244168758392334
0.8612990379333496
0.9253668189048767
0.7551002502441406
0.7320801615715027
0.9270867705345154
0.8320791721343994
0.763087809085846
0.8134878277778625
0.7502121925354004
0.8128568530082703
0.9216381907463074
0.9216381907463074
0.8010890483856201
0.7458922863006592
0.8320318460464478
0.8286501169204712
0.724383533000946
0.7130237817764282
0.8321440815925598
0.9979978203773499
0.8961151242256165
0.843302845954895
0.7785853147506714
0.9189638495445251
0.7238254547119141
0.8422765135765076
0.8680554628372192
0.7738208174705505
0.918908953666687
0.835889458656311
0.807630717754364
0.8209686279296875
0.7209262251853943
0.7989437580108643
0.8993141055107117
0.7134683132171631
0.8385089635848999
0.732404887676239
0.8114176392555237
0.8558861017227173
0.8177653551101685
0.7495726943016052
0.8091723322868347
0.8193538188934326
0.8256450295448303
0.6674351096153259
0.7579108476638794
0.6263781785964966
0.7666015625
0.7997050881385803
0.8306916952133179
0.8008487224578857
0.8726078867912292
0.8704288005828857
0.7376773357391357
0.7494713068008423
0.7920945882797241
0.8237430453300476
0.8313324451446533
0.74048912525177
0.7068594694137573
0.7978749871253967
0.6963406801223755
0.8061060905456543
0.864865779876709
0.766503095626831
0.7539677619934082
0.8215546607971191
0.6357770562171936
0.7353081703186035
0.9039419889450073
0.8859809637069702
0.7349839210510254
0.8141930103302002
0.9289968013763428
0.7719188928604126
0.7678574919700623
0.7820686101913452
0.6387051343917847
0.6884087324142456
0.7202819585800171
0.740181565284729
0.8604890704154968
0.7206946015357971
0.6599233150482178
0.8566431999206543
0.6895383596420288
0.7311171293258667
0.6739745736122131
0.8687920570373535
0.8009771704673767
0.8415309190750122
0.6243263483047485
0.7558904886245728
0.8361067771911621
0.8220596313476562
0.7626259922981262
0.7479162812232971
0.8076574802398682
0.9990132451057434
0.9098089337348938
0.7508249878883362
0.8496086001396179
0.8982049226760864
0.8058589696884155
0.6945999264717102
0.7709447145462036
0.8482711911201477
0.7010979056358337
0.7813788652420044
0.8248273134231567
0.8353021144866943
0.810728907585144
0.8534460663795471
0.5972253680229187
0.7758674025535583
0.7596197128295898
0.779144823551178
0.8703371286392212
0.7343378067016602
0.7823736071586609
0.7886923551559448
0.7561282515525818
0.9071276783943176
0.6395527124404907
0.7419012784957886
0.8120176792144775
0.8680897951126099
0.7723613381385803
0.8359349966049194
0.8068841099739075
0.8476910591125488
0.8248283267021179
0.8701821565628052
0.7676510214805603
0.8720642924308777
0.8092581033706665
0.8931183218955994
0.9046939015388489
0.8350896835327148
0.8073944449424744
0.6827622652053833
0.707273006439209
0.900898277759552
0.6988822817802429
0.7267837524414062
0.736183762550354
0.8955461382865906
0.7689652442932129
0.7810847759246826
0.7954620122909546
0.8454613089561462
0.9289652705192566
0.7657519578933716
0.64122474193573
0.7943179607391357
0.67911696434021
0.8349074125289917
0.7604363560676575
0.8315855264663696
0.7590572834014893
0.7978252172470093
0.6518301963806152
0.8310670256614685
0.8646701574325562
0.8541871309280396
0.6805105209350586
0.8389248251914978
0.8590607047080994
0.8343908190727234
0.8608420491218567
0.9628501534461975
0.8163973093032837
0.8373658657073975
0.7095097303390503
0.7573380470275879
0.8249526023864746
0.8850666284561157
0.743383526802063
0.7197138667106628
0.8478103876113892
0.8099795579910278
0.8717908263206482
0.8665263056755066
0.9594356417655945
0.8245519399642944
0.7158348560333252
0.8668646812438965
0.7963426113128662
0.8191806077957153
0.8612525463104248
0.7740620970726013
0.8595516681671143
0.8197233080863953
0.8951428532600403
0.6486413478851318
0.6421205401420593
0.961590588092804
0.8594237565994263
0.915213406085968
0.7783365249633789
0.7751789093017578
0.7176380753517151
0.7462509870529175
0.8156576752662659
0.6686096787452698
0.8983362913131714
0.8847560882568359
0.7406491637229919
0.8455087542533875
0.7755363583564758
0.8133511543273926
0.6542114019393921
0.7042197585105896
0.7285476326942444
0.8080551624298096
0.7703931927680969
0.771204948425293
0.7978721857070923
0.8131749629974365
0.8354899883270264
0.8089854121208191
0.8320320844650269
0.8721826076507568
0.9740607142448425
0.8950866460800171
0.7872167825698853
0.6532303690910339
0.7997446060180664
0.8889069557189941
0.5531087517738342
0.6978882551193237
0.7772786617279053
0.8925101161003113
0.8791965246200562
0.7629597783088684
0.8426053524017334
0.8570688962936401
0.8616305589675903
0.9003992080688477
0.7680736780166626
0.8360686302185059
0.6255883574485779
0.7765473127365112
0.7936928272247314
0.8519667387008667
0.8011547327041626
0.7887297868728638
0.5243134498596191
0.6576903462409973
0.8669437170028687
0.8510946035385132
0.8891474008560181
0.7612504959106445
0.7945965528488159
0.7690650224685669
0.88692307472229
0.850768506526947
0.7907056212425232
0.838684618473053
0.8002503514289856
0.8316854238510132
0.699556291103363
0.6652820706367493
0.7380473017692566
0.9178345799446106
0.8092786073684692
0.5785820484161377
0.5142465829849243
0.6627059578895569
0.9015783667564392
0.8057843446731567
0.8207597136497498
0.811943769454956
0.9017560482025146
0.7134737968444824
0.5703108310699463
0.7857093811035156
0.825677216053009
0.8542401790618896
0.9336614012718201
0.7450966835021973
0.8038429021835327
0.8694281578063965
0.8411287665367126
0.6717171669006348
0.5296813249588013
0.7537280917167664
0.6752917170524597
0.7828892469406128
0.9327914118766785
0.8412219882011414
0.7757729291915894
0.6555837988853455
0.7212456464767456
0.7264223098754883
0.7284926772117615
0.866193413734436
0.862689733505249
0.8878166675567627
0.6393966674804688
0.7785899639129639
0.9404305219650269
0.7876762747764587
0.8744867444038391
0.728816032409668
0.772559404373169
0.6760929822921753
0.9277453422546387
0.9095975756645203
0.945659339427948
0.784903883934021
0.8437323570251465
0.7657685279846191
0.8197420239448547
0.7804166078567505
0.9161780476570129
0.8555970788002014
0.6630412340164185
0.7673815488815308
0.6671366691589355
0.5783097743988037
0.8656644821166992
0.907637894153595
0.7537550926208496
0.8313512206077576
0.8190788626670837
0.8995304703712463
0.902947187423706
0.792203426361084
0.811942458152771
0.763757586479187
0.8714767694473267
0.8413865566253662
0.8074615001678467
0.8246145248413086
0.7559452056884766
0.8405677080154419
0.7364845871925354
0.8818186521530151
0.8246646523475647
0.6634455919265747
0.8445428609848022
0.7915157079696655
0.6514674425125122
0.7723036408424377
0.9236802458763123
0.8892365097999573
0.8364868760108948
0.8208600282669067
0.738064169883728
0.8187564015388489
0.6313914060592651
0.5945277214050293
0.8060462474822998
0.7617664337158203
0.6980416178703308
0.8674482107162476
0.8586375713348389
0.8302476406097412
0.8765647411346436
0.786644697189331
0.7236114740371704
0.7724660634994507
0.8187267780303955
0.7553041577339172
0.7126327157020569
0.8205690383911133
0.8492798805236816
0.6736491322517395
0.9735313653945923
0.8392083048820496
0.7557249069213867
0.7810431718826294
0.8947775959968567
0.7001705169677734
0.798378586769104
0.6013367772102356
0.6718099117279053
0.8003500699996948
0.656417727470398
0.6176525950431824
0.6740314960479736
0.8820594549179077
0.5644936561584473
0.6312837600708008
0.689851701259613
0.907332181930542
0.9991975426673889
0.7011841535568237
0.7375272512435913
0.6857590079307556
0.7512465119361877
0.821930468082428
0.8035154342651367
0.8904425501823425
0.7076302170753479
0.7849220037460327
0.7769986391067505
0.9064930081367493
0.739128053188324
0.6044762134552002
0.8018689751625061
0.7625582814216614
0.6811584234237671
0.6894913911819458
0.8844349980354309
0.9945163726806641
0.8054342269897461
0.9245062470436096
0.723258912563324
0.8065012097358704
0.7708108425140381
0.8080950379371643
0.6977898478507996
0.8483180403709412
0.9224933981895447
0.7607678174972534
0.6024450659751892
0.8852352499961853
0.8038818836212158
0.6793625354766846
0.8379613161087036
0.8046072125434875
0.8682494163513184
0.8558152318000793
0.9895461201667786
0.7413309216499329
0.7514530420303345
0.7589362859725952
0.694586455821991
0.7757392525672913
0.7814640998840332
0.907529890537262
0.9566392302513123
0.8387062549591064
0.8486478924751282
0.9381348490715027
0.7959081530570984
0.7659634947776794
0.8176679015159607
0.7949472069740295
0.6739060282707214
0.845241129398346
0.9965832829475403
0.7805388569831848
0.6834322810173035
0.7789327502250671
0.5888158082962036
0.7969695925712585
0.7666234970092773
0.7047691345214844
0.9199037551879883
0.8908752799034119
0.7434765696525574
0.7605547904968262
0.7166162133216858
0.7291938662528992
0.9038916230201721
0.8028488159179688
0.8095259666442871
0.8703024387359619
0.7466074228286743
0.71400386095047
0.915562093257904
0.7865003347396851
0.8390514254570007
0.7572476267814636
0.753200113773346
0.6453915238380432
0.7439568042755127
0.8600777983665466
0.8010032176971436
0.7243689298629761
0.773510217666626
0.7100460529327393
0.70098876953125
0.7668365240097046
0.6868623495101929
0.7048817873001099
0.7812957763671875
0.8146418333053589
0.8114203810691833
0.7851406931877136
0.859624981880188
0.6343133449554443
0.8238210678100586
0.8787729144096375
0.7267352342605591
0.8684519529342651
0.7952590584754944
0.7439743280410767
0.818800151348114
0.8311300277709961
0.772832989692688
0.9569383263587952
0.7041435837745667
0.8367213010787964
0.7549962401390076
0.8303405046463013
0.9121166467666626
0.8840259313583374
0.7213958501815796
0.787658154964447
0.8673698306083679
0.7421674728393555
0.823911190032959
0.79929518699646
0.7791911363601685
0.803714394569397
0.9316039681434631
0.7746629118919373
0.8258097171783447
0.8475320339202881
0.729595959186554
0.8260374069213867
0.8502251505851746
0.7406986355781555
0.841122567653656
0.8045608997344971
0.773017942905426
0.7456139326095581
0.8185820579528809
0.8227220773696899
0.7567005157470703
0.5372862815856934
0.6458892226219177
0.6058600544929504
0.7789947390556335
0.7082602977752686
0.7611634731292725
0.7384865283966064
0.8345668315887451
0.8675875663757324
0.8032288551330566
0.6339747905731201
0.6678115725517273
0.695340633392334
0.48715370893478394
0.7513784170150757
0.8001322746276855
0.8037348985671997
0.6691797971725464
0.9013370871543884
0.5987998247146606
0.798383355140686
0.5979036092758179
0.8200527429580688
0.7408000826835632
0.7614156603813171
0.7621114253997803
0.5008127689361572
0.5879955291748047
0.7588896751403809
0.7667498588562012
0.6149111390113831
0.6147297024726868
0.7172456383705139
0.9168112277984619
0.6689441800117493
0.7419384717941284
0.5309004187583923
0.7626109719276428
0.8093252182006836
0.5048430562019348
0.8308786749839783
0.7147812843322754
0.6951366066932678
0.9226821064949036
0.9694679379463196
0.6402616500854492
0.8293678760528564
0.7010490298271179
0.8566827774047852
0.6825413703918457
0.7880266904830933
0.8031785488128662
0.9074236154556274
0.4659879505634308
0.4601144790649414
0.7568814158439636
0.6619921922683716
0.8201857805252075
0.5762880444526672
0.7450092434883118
0.718444287776947
0.8316152691841125
0.7949212789535522
0.8125050663948059
0.8387445211410522
0.7001824975013733
0.8174692392349243
0.7544618248939514
0.9649837017059326
0.7699531316757202
0.8966882824897766
0.8850720524787903
0.8449724912643433
0.875160276889801
0.8724678754806519
0.7487524747848511
0.750583291053772
0.6481848359107971
0.6583847403526306
0.6710245013237
0.7815268635749817
0.6048188805580139
0.6051031947135925
0.7490777969360352
0.830073356628418
0.5357239246368408
0.7114065289497375
0.6111728549003601
0.7941790819168091
0.5887813568115234
0.7425746917724609
0.8559656143188477
0.8112592101097107
0.8093733787536621
0.8228573799133301
0.8817062973976135
0.708889365196228
0.6777466535568237
0.7189605832099915
0.7428106665611267
0.7836506962776184
0.7330148220062256
0.7266960144042969
0.7824069261550903
0.7945960760116577
0.8225847482681274
0.7825134992599487
0.7191444039344788
0.7747014760971069
0.8570592999458313
0.787375271320343
0.8185684680938721
0.7786762714385986
0.6177123785018921
0.7833532094955444
0.740376353263855
0.6393591165542603
0.7628310918807983
0.7774168252944946
0.630817174911499
0.5594624280929565
0.8523557186126709
0.6657708883285522
0.663933277130127
0.7934775352478027
0.5388424396514893
0.6428899765014648
0.7166364192962646
0.8594256639480591
0.515749454498291
0.7966899871826172
0.7157604694366455
0.7482283115386963
0.7287121415138245
0.6044092178344727
0.6105327010154724
0.7452763319015503
0.6800249218940735
0.6192386746406555
0.6437571048736572
0.849464476108551
0.6620389223098755
0.8598325848579407
0.7104131579399109
0.805244505405426
0.7325615286827087
0.7576407790184021
0.8057384490966797
0.43245697021484375
0.7935401201248169
0.7980571985244751
0.7056962251663208
0.8163915276527405
0.7114062309265137
0.8397510647773743
0.7268145680427551
0.739323616027832
0.6966304779052734
0.7324120998382568
0.7367373704910278
0.7511218786239624
0.8535504937171936
0.8351887464523315
0.8757849931716919
0.790562093257904
0.6706122756004333
0.743485689163208
0.7527255415916443
0.695148229598999
0.6908683776855469
0.8444666862487793
0.8370887041091919
0.8553367853164673
0.8712207674980164
0.795548677444458
0.7997550964355469
0.6882679462432861
0.7364827394485474
0.8189743161201477
0.646160900592804
0.7159398794174194
0.7650502920150757
0.77676922082901
0.8195168972015381
0.8016484975814819
0.8606923222541809
0.7743790745735168
0.7746877670288086
0.8405195474624634
0.5218808650970459
0.7778729796409607
0.7402700185775757
0.8278770446777344
0.5698055028915405
0.8202555775642395
0.8275206685066223
0.814094066619873
0.7713387608528137
0.7839170694351196
0.5980942845344543
0.6668962836265564
0.5127427577972412
0.7589767575263977
0.7234662771224976
0.8275979161262512
0.7321404218673706
0.8956460356712341
0.8015544414520264
0.7589925527572632
0.5942860841751099
0.6022677421569824
0.8458725810050964
0.7754178643226624
0.801011323928833
0.7249724864959717
0.9188887476921082
0.8342462778091431
0.5872989296913147
0.7347413897514343
0.6211203336715698
0.5975431203842163
0.44251322746276855
0.7823092937469482
0.8634220361709595
0.7271072864532471
0.7452272772789001
0.6626721620559692
0.6714251041412354
0.6849929094314575
0.3578212559223175
0.7459814548492432
0.7193583250045776
0.8721117973327637
0.8924501538276672
0.6522632837295532
0.8479269742965698
0.6716172695159912
0.7286158204078674
0.9033565521240234
0.5021686553955078
0.7968895435333252
0.8025009036064148
0.7247179746627808
0.8503098487854004
0.6620280742645264
0.8195066452026367
0.8273248076438904
0.7967190146446228
0.8142248392105103
0.6413562297821045
0.8410065770149231
0.7538268566131592
0.8975570797920227
0.6616843938827515
0.7152242660522461
0.7598291039466858
0.5310230851173401
0.744091808795929
0.6722720861434937
0.7948161363601685
0.5173053741455078
0.6877445578575134
0.9035587906837463
0.6314774751663208
0.7552508115768433
0.879382312297821
0.5678019523620605
0.6997120380401611
0.6620995998382568
0.6575820446014404
0.8056084513664246
0.8969147205352783
0.7364545464515686
0.7541087865829468
0.6819345355033875
0.6490839123725891
0.784909725189209
0.8245439529418945
0.5780925750732422
0.7247760891914368
0.7208197116851807
0.8232752680778503
0.7153581976890564
0.7358595132827759
0.8128482103347778
0.5443344116210938
0.7850520014762878
0.7728732228279114
0.926891028881073
0.6506876945495605
0.7421325445175171
0.6945850849151611
0.8908541798591614
0.5533902645111084
0.6883332133293152
0.7892171740531921
0.676257312297821
0.7852643728256226
0.8069791197776794
0.8716140985488892
0.8611243963241577
0.8252983689308167
0.806921660900116
0.9146449565887451
0.5312921404838562
0.7509813904762268
0.5969908237457275
0.7665528059005737
0.6915643811225891
0.9133102297782898
0.7337799072265625
0.8378640413284302
0.7770519256591797
0.7872843146324158
0.6234617233276367
0.6948091387748718
0.746147871017456
0.8292176723480225
0.8439061045646667
0.8501757383346558
0.5745811462402344
0.5349788665771484
0.9293778538703918
0.49548256397247314
0.825027585029602
0.7617754936218262
0.6865583062171936
0.4551701545715332
0.7787472605705261
0.7415080666542053
0.7333970069885254
0.7339849472045898
0.7999206781387329
0.5598620176315308
0.8290298581123352
0.6028522253036499
0.7236685156822205
0.7150149345397949
0.5429750084877014
0.8090722560882568
0.7864910364151001
0.6991323232650757
0.7550945281982422
0.8737826347351074
0.8136764168739319
0.7212231159210205
0.8687315583229065
0.8075758218765259
0.7975084185600281
0.5181620717048645
0.842677116394043
0.81952965259552
0.7875368595123291
0.7568800449371338
0.7970735430717468
0.8069839477539062
0.7078299522399902
0.8210756778717041
0.6435685753822327
0.8074437379837036
0.7031738758087158
0.5146908164024353
0.9893141388893127
0.756751298904419
0.6855791211128235
0.8211077451705933
0.6835035681724548
0.6622875928878784
0.7639109492301941
0.9362462759017944
0.8873927593231201
0.68921959400177
0.8965117931365967
0.9099292159080505
0.6788627505302429
0.80046147108078
0.7769961953163147
0.7036479115486145
0.6455305814743042
0.8829141855239868
0.8646681904792786
0.5213153958320618
0.8215124011039734
0.7507274746894836
0.7766596078872681
0.7524629831314087
0.6633081436157227
0.7187182903289795
0.7887929677963257
0.7552082538604736
0.8740276098251343
0.6416680812835693
0.6984419226646423
0.6679545640945435
0.7507197856903076
0.8544898629188538
0.7820438742637634
0.8196943998336792
0.704501748085022
0.6452828645706177
0.39907288551330566
0.7559567093849182
0.6212586164474487
0.8529859185218811
0.7141948342323303
0.6475353240966797
0.722032368183136
0.8415554761886597
0.7082648277282715
0.7457874417304993
0.791678786277771
0.722183108329773
0.8001117706298828
0.7169179916381836
0.7691441178321838
0.7199341654777527
0.5520576238632202
0.5834299325942993
0.782677173614502
0.6486397981643677
0.6958869695663452
0.7539618015289307
0.8730189204216003
0.6379690170288086
0.7474784255027771
0.7611021399497986
0.3552834391593933
0.857110857963562
0.7004565000534058
0.838654637336731
0.7136054039001465
0.7401368618011475
0.7720630168914795
0.7593837976455688
0.6800279021263123
0.7615444660186768
0.8149164319038391
0.8266621232032776
0.813748300075531
0.7655556797981262
0.6782336235046387
0.6690987944602966
0.6989673376083374
0.6933102607727051
0.8108517527580261
0.7788596153259277
0.6970579624176025
0.5405627489089966
0.7473690509796143
0.5981079339981079
0.6263012886047363
0.5991244912147522
0.644061803817749
0.8058699369430542
0.6709455847740173
0.4518989324569702
0.6573690176010132
0.6291341781616211
0.8334671258926392
0.549451470375061
0.5697294473648071
0.6041384339332581
0.8864731192588806
0.7202027440071106
0.5111088156700134
0.48330390453338623
0.7937345504760742
0.7071917057037354
0.5579550862312317
0.8030329942703247
0.733524739742279
0.8189069032669067
0.8655223846435547
0.7571426033973694
0.8699219822883606
0.6750979423522949
0.7789973616600037
0.6283290386199951
0.928068220615387
0.7366841435432434
0.7176588177680969
0.5320895910263062
0.7041021585464478
0.8646814823150635
0.7443501949310303
0.7022444009780884
0.8777072429656982
0.48946666717529297
0.9364421367645264
0.8468513488769531
0.737412691116333
0.7748724222183228
0.6634058356285095
0.7135183811187744
0.6441268920898438
0.7758268713951111
0.732789158821106
0.7640441060066223
0.7585055828094482
0.7797960638999939
0.6517060995101929
0.7060974836349487
0.7922462821006775
0.7905102372169495
0.6368134021759033
0.7776612639427185
0.6275340914726257
0.6128588914871216
0.747825562953949
0.7374337315559387
0.7427375316619873
0.8429356217384338
0.8169479966163635
0.8325289487838745
0.7395722270011902
0.7622392773628235
0.6447535753250122
0.9696210026741028
0.7626410722732544
0.7578516602516174
0.7730550169944763
0.8470070958137512
0.706673264503479
0.6107454299926758
0.7661017179489136
0.9264499545097351
0.7266139984130859
0.846885085105896
0.7150352001190186
0.5591063499450684
0.585864782333374
0.8236905932426453
0.7390873432159424
0.7677260637283325
0.6812913417816162
0.9323883652687073
0.7680761218070984
0.8833461403846741
0.7192614078521729
0.8847675919532776
0.6886955499649048
0.8276755213737488
0.6311813592910767
0.851457417011261
0.7444347739219666
0.7717912197113037
0.6430238485336304
0.7757510542869568
0.7216825485229492
0.8858144879341125
0.8839833736419678
0.7092977166175842
0.6948318481445312
0.6919889450073242
0.9060977697372437
0.7930561304092407