-9.334619522094727
-10.674654006958008
-4.76517391204834
-10.39902400970459
-14.201286315917969
-9.469361305236816
-13.853068351745605
-10.292322158813477
-11.478801727294922
-8.286372184753418
-7.315401077270508
-8.453813552856445
-9.52200698852539
-10.02547836303711
-7.610975742340088
-10.049818992614746
-8.520378112792969
-6.059000015258789
-8.553184509277344
-8.701974868774414
-8.68737506866455
-10.242772102355957
-10.03126049041748
-7.721424579620361
-5.603117942810059
-14.05849838256836
-7.278817176818848
-8.386985778808594
-6.628339767456055
-7.539079189300537
-11.589005470275879
-8.73273754119873
-7.678083419799805
-11.080375671386719
-6.752133846282959
-10.842155456542969
-8.478117942810059
-9.265091896057129
-13.047250747680664
-10.21816349029541
-9.972945213317871
-10.492561340332031
-8.912405967712402
-8.149130821228027
-10.419388771057129
-11.0272216796875
-9.117398262023926
-8.439412117004395
-7.019866943359375
-7.558498382568359
-4.489431381225586
-8.564573287963867
-8.324292182922363
-5.698801517486572
-7.782100200653076
-8.125019073486328
-9.879735946655273
-6.660367965698242
-9.980497360229492
-13.055475234985352
-11.09675121307373
-6.15787410736084
-13.331387519836426
-8.592284202575684
-10.688920021057129
-7.800025939941406
-6.434030532836914
-5.498116493225098
-9.461166381835938
-5.080433368682861
-5.0309062004089355
-10.6448974609375
-11.42516040802002
-7.719662189483643
-10.660158157348633
-8.919037818908691
-12.361273765563965
-8.710344314575195
-10.142909049987793
-8.815122604370117
-12.095599174499512
-7.429819583892822
-7.910167694091797
-8.220206260681152
-10.945334434509277
-6.732090473175049
-14.94428539276123
-9.887350082397461
-7.558864116668701
-9.753783226013184
-9.700922012329102
-10.767851829528809
-7.358844757080078
-13.207996368408203
-11.05645751953125
-15.532329559326172
-8.068225860595703
-9.395472526550293
-7.948795795440674
-6.672658920288086