4.635688626680519
4.256678987601988
4.078291264414894
4.106807298356603
4.061571930878246
4.490586491999029
3.7622081698613377
4.723972066229438
4.196292755315456
4.98647438643534
3.533243314355202
4.655123059181221
4.520632279002001
4.371194247540749
4.182508530021325
4.265784730949041
4.149934385317907
4.43571062040664
4.004671913214327
4.3071821419930565
4.5324052322072355
4.416742974635639
4.41102438675522
4.13231193616912
4.152671310713911
3.8262428727641726
3.9746711211301657
4.450728574970444
4.035375089322008
4.288519561510575
4.669505178422554
4.312019646570534
4.713125641947318
4.252155161784727
4.340881906503354
4.354848636977915
4.551222135231903
4.186226684817462
3.8985898384067896
4.258232679079729
4.295543546312218
4.3150858432848676
4.3356936957105
4.617794641841585
4.087895167735571
3.4229356022127253
4.86232235560591
4.454826278933565
4.873471416466581
4.198287634189693
4.358598824815873
4.486232773168838
4.488994783284464
4.458575251801147
4.045342051532339
4.3428979787129345
3.9766552502867776
3.9462762697884646
4.355916130604488
4.539197278051816
4.242340610496942
3.6007665133589324
4.653159605680304
4.12364311678704
4.28123156907926
3.891228036219844
3.9417453352073313
4.503234214205863
4.1173336481761265
4.3619798957577895
4.158848543428682
4.54836575286092
4.526695622954001
4.651577600259092
4.2728754883821525
3.993157866723899
4.158416421217356
2.9375545697033565
4.128344947264697
2.942772978763398
4.17950362584375
4.454445559744331
4.416770469236344
4.419465195467788
4.561401638706522
4.346924300044886
2.6107380949682724
4.480680808959081
4.200197138542629
3.6555625529261935
4.254439922060288
4.279051072119503
4.382500938072647
4.514032724557755
3.885776837157078
4.259051275334219
3.7039790035011313
4.626301094380114
4.344207884709072
3.7665938462745183
4.950898979165084
4.038554389540311
4.011520471810493
4.035172590514685
3.751624578751172
4.183223355172871
4.242864231828444
3.2589144812017468
4.4294464034153185
4.45753462745033
4.60933194290981
4.549433214532426
4.130969785630363
3.9192197570390346
4.45210094955539
4.346322225295276
4.223317720891552
4.637988581757009
3.9462237743037107
4.462959502443804
4.060731012503215
3.883051306859738
4.547374192102673
4.104817491051966
4.257785088736636
4.483159881289071
4.3875364063862285
4.003574302355389
4.331506835257087
4.382789896208099
4.135598112433588
3.927667654992855
4.221159435631776
4.171385531527732
3.7385481197337924
4.492940768377614
4.149829058373191
4.375745087568559
4.47954686574605
3.7110425090243657
3.9397720590558425
4.251233302960699
4.3828599163591715
4.2268248175554675
4.254552579371224
3.946277555205698
4.699067303137292
3.725792110299647
3.931144166830101
3.9074013281664177
4.250080470140404
3.8926038387187214
4.345089422379864
4.24917956079281
4.374027722575772
4.386300179114965
4.504115056874745
4.350271561597892
4.616172938174074
4.405335524480864
3.1750455913604485
4.413726025585838
4.3662204778078175
3.983349516127305
4.357699392715485
4.045226561030876
4.387905940253328
4.530757094497588
4.298351025072662
3.4795635949646435
4.127362374948168
4.260473084042319
4.534090096345454
3.8431409503967107
3.994811809523466
4.334968042706571
4.404218163921745
5.0784613685168924
4.534850695662203
4.271445472381288
4.225230372540855
3.9453966274692753
3.7515150215361417
4.681825518016154
4.549497610594701
4.2765584805411585
3.804415575696712
4.168482120617489
3.21007363911591
3.5558766998480484
3.905309898868431
4.203598308066388
3.571495778175177
3.986787101660919
3.535971813689706
4.40971964958993
4.411374495660366
4.4001506575612
4.18730057982393
4.104019443439811
4.4346660505800815
3.507563781919753
4.447163989181831
3.5885887189727383
4.294582821642929
4.450229049081756
4.247109540761776
4.383722072426491
3.947349283491981
3.783478442313525
4.366776036891623
4.483729675128124
4.908466887056576
4.3356431891769365
4.710758530178575
4.115244569257374
3.6183561633171415
4.081782085455087
4.280434493603307
4.544974745974518
3.870194793788128
4.716313871824103
4.312314079989203
3.7530965307413595
4.352320619958135
4.524510941603442
4.477979314943336
4.298316266235833
4.314130877565521
4.392430556088154
3.277186154734225
3.710336101163146
3.8188056445751104
4.63072948404201
3.679116829265988
4.257285289690101
3.840590247561704
4.123279584515561
4.495043286326269
4.294251918188822
4.330721630748072
3.632381973821845
4.560432127306367
3.7782798369822337
4.1246384815040305
4.513201991082867
4.394617708976044
4.18123003477799
4.006220157707023
4.5163711001718525
4.202400655380048
3.8343194974190147
4.51633982259582
4.290717943499425
4.452463884195748
4.336832994499183
4.317818330421382
4.16418887580455
4.245928407208176
4.632392485961374
4.406144353142668
4.082469895024518
4.0053745678115265
4.071063460701317
4.288571743015419
4.031980403416133
3.4127999444548083
3.5319652622452127
3.5302440355917906
3.796635676240114
4.088084137935109
4.140023694003428
4.355130400239699
4.462959502443804
3.7614744140203586
4.334123720390703
4.3241081569200315
4.198138851184919
4.431455441062848
4.194300802461575
4.0994726764649
4.072302151514975
4.33851436678131
4.395499572522793
3.385746977602561
3.4615302448422365
4.487137945099148
4.259399534131224
4.3808795175208095
4.182220772339377
4.153383507648989
3.903143873670155
3.759540879815984
4.148121572119324
4.16016404849031
3.652872874097768
4.243321922988901
4.545319447041884
4.709464080164826
4.278636448024926
4.094078624702932
4.232503720396444
4.299241207470695
4.303631762777187
4.539176297216855
3.914051676572559
4.424935362092674
4.470901941445217
4.316735834113693
4.4135480040935615
4.078162973408155
4.118526307480851
3.843631642274456
4.298418674456054
3.8623337880693756
4.512088869372821
3.7845095573254035
4.04759704003216
4.189363635332549
4.620621433862794
4.3419091315657745
4.11477448505127
3.7706209092631173
3.679600639823576
4.464007458539773
4.270343955670283
4.342731356989373
4.1571382896838305
3.856801858383574
4.26077832113444
4.077441157046959
4.333832879940386
4.279208100182169
4.426525492601699
3.808677252250984
3.965330159118214
4.196478612525128
3.9483913964631254
4.349892804479352
4.287492642801617
3.7060657870599334
4.335625906489778
4.43185565650147
4.396007056147321
4.262092183453136
3.4545335142389004
4.350145242523201
3.8800206055964876
4.058015329675458
3.9295701087040182
4.462922154655695
4.54462409948661
3.796652361399868
3.612203264878588
4.2503513062256815
4.621368109064002
3.9655816254548544
4.4868030351075046
3.677977244778451
4.021846305277566
4.653257927618592
4.231271867757491
4.190624408765377
4.222585120406892
4.1655724120104285
4.214965364824522
4.0402337030658
4.061823996042822
4.400291327872738
4.743415067239214
3.8467266291014077
4.297373284687602
4.095099367126102
3.3373227690246683
4.426459296490066
4.134164609045128
3.6280197677401107
4.325788151497024
4.250465928611677
4.8080980899389285
4.052291388426443
4.401521821463639
3.918876879600844
4.2577779441992
4.424264791073868
3.4229356022127253
4.070747240330349
3.8944873979388213
4.011848544458421
4.3195092858571495
3.8077438694685304
3.9328401470870125
4.184015051986584
4.249839975291287
4.142360941321309
3.933604089788691
4.558941385554619
4.212733356148446
4.271496243654397
4.079101841105303
4.271533763734542
4.330540115137628
4.2114606761058955
4.1546738257387235
3.521333624240791
3.9164019746588714
4.2263398620842985
3.71283202906573
4.258448205726852
4.29573875430414
4.479707011272375
4.211330444002537
3.9580155824711154
4.303372293291023
3.933275911191502
4.24344832326054
4.100097676085125
4.155284059366239
4.277789586520382
3.5952235910928954
3.6472622233123047
4.184360479038856
4.218160281508687
3.8858517126835546
4.4199649726650865
4.2176959880305045
4.150485933624134
4.237710840372404
4.323190523990729
3.5268585337955436
4.483354595084853
4.401995955145761
4.429418977751014
4.276678694091704
4.426411163198345
4.2495588093520364
3.9705508230807633
4.309381390226676
4.313639649293613
4.189776695961823
3.9332452519898964
4.438049737174938
3.9088382671844792
4.2155484221344155
4.329145093919986
4.340803570312346
4.4778440235910155
3.9013461315851394
3.569535462237864
4.50082455789739
4.191476772028673
4.771518922507893
4.510455485455199
4.560689447452122
4.609970642125894
3.8011563746747252
3.811087564410502
4.143170884934753
4.346086064264979
4.411313177549571
4.062887796609957
4.657214816679504
4.31645802478186
4.396470393544693
4.174397627626849
4.119635889485289
4.085222490729649
4.863774212686015
4.681090387883837
4.713647851147306
4.296566127009223
4.337233418410799
3.952519077301704
4.408779037565354
3.753148777580322
3.9101149318819743
4.044312063086196
4.206202714559881
4.465808671264836
4.112377428076261
4.777490593528319
4.1936589986116495
4.300347353210395
3.8873236626366383
4.191571486515812
4.293232201343547
4.1255943362226395
4.373109583611209
4.215999071516001
4.597469855961031
4.4046983675416405
4.162115984284625
4.785697539846096
4.386809834419521
3.8645138092572076
4.3988366728649915
4.254085771196968
4.035709751557021
4.47232239116005
5.030083103139129
3.8975815377714182
4.030557122738191
3.772613235632825
3.9976613950355
4.224377887240734
3.6612746119251467
3.945406316203158
4.7843238371726375
4.0606168089833306
3.50325970209729
3.5846537390166686
4.0321102505638775
4.0707165853551155
3.953366010247988
4.075166763668534
3.838193486053779
4.181382902020102
3.3063288001805433
4.184181031071676
3.779559881639262
3.9215168558780036
3.9758586484816085
3.49904673277054
3.9714599766381484
3.8685255539215913
3.5382936922546913
3.79688733519886
3.8940347825818504
3.193408067174741
4.1652942723489925
4.182785213557288
3.9149249134189814
3.741344325640311
3.796223998219519
4.193536864247425
3.265503645451882
4.089795018143139
3.468639613499477
3.6882732281171084
4.200160031858586
4.135574288611925
3.710606792279324
4.03923813499674
4.512162700295756
3.8354549320997235
3.9798340643440064
3.8449922630442592
4.107861863696897
4.340514097562654
4.034346662664181
3.7412212026980587
4.122210679114097
3.721560566922955
3.364292556161449
3.5676935036778783
3.9938085543442474
4.426521054543583
4.166869648464439
4.105595798729341
4.405892034804852
4.384224899165066
4.204797555629949
4.143650937785194
4.297464032377373
3.8568033987883723
4.145691013276167
3.7720025348076693
4.202297521723594
3.337823994444912
3.826373285118205
4.110962387746619
4.130937464464645
3.860569900325098
4.098432203285228
4.136178531771803
3.6364552368982643
3.9185681742998932
4.346941043032409
4.030436519913839
3.583397100939862
4.213707383257062
3.784014073512737
4.056316347343977
3.560495988272896
4.27518308742077
4.012250438895792
3.3673044340144784
3.676755335785522
3.410457070440902
4.1074561796117015
4.107244226313859
4.062216823944516
3.882855335779324
3.984554831483682
4.382378736953112
3.801002465120509
3.5228656672366023
3.651064311760915
3.7695416211038544
3.663084575951914
4.817176252279232
4.336573852786376
4.129361922560525
3.811563293270485
3.8592166908322296
3.5655649488228613
4.1119320324497295
3.570210338925056
4.082725122120621
3.878517600429214
4.416961084055108
4.049883164214479
3.3795123434838468
3.821884420153611
3.6095722066671527
4.10249830723877
3.954587250629536
4.045622435996945
4.089471793205415
4.2692565799515085
3.6461367839992755
3.924627765533587
4.683306168289379
4.03803687844764
4.216498536177663
3.986942636508399
4.095225899875024
4.005525401552017
3.7327479251608073
4.04802172013705
4.291029090979971
4.0605429910947315
3.884985014607386
4.506483492297571
3.245260741271935
3.7879729496078642
4.108877073328472
3.384403238578087
4.410094254135823
3.25082057371362
4.1374602450707085
4.450895995070643
4.222150153356992
4.157255340447847
3.993594380143751
4.139288936480069
3.8173910874932107
4.3527941847753535
4.246479704769434
2.784135648173952
4.2464129956228875
3.2308299114717682
3.6344274705517767
3.896233960384174
3.063739199855184
3.4674232698962033
3.5746057143377836
4.3472589669411565
3.765394041855468
3.9810043063294382
3.906919598742587
3.6544502666508007
4.5096286551367335
3.8643057848682965
4.521653231674584
4.161010484742452
3.8437622597901093
3.3464291924364105
3.3747042820100095
3.94150245571291
3.6229301920390444
3.950578794442036
3.4618134635142717
3.8522905518246056
3.252674856489694
3.8069170538759627
3.6514356056943917
3.8645548080281964
4.156670088728652
4.119074057020268
4.181079497541597
4.384025383320741
4.035276961169924
4.1443490993952725
2.8986971394230956
4.05190493888717
3.58334248031278
4.259802674619808
4.158375295650963
4.200900714848894
3.722954722383328
4.0747618778140104
3.7591274803630035
3.612816718097453
3.681053027369898
3.8806108117757887
3.8508425788865974
3.9732953242917737
4.11790575648072
4.177510009702099
4.1651036436653115
4.072259443093682
3.653568665705423
3.893534266332283
4.430136320318581
3.728471896691053
4.146412788383994
4.048937955603875
4.468897169323635
3.754912955367347
3.639346158429796
4.127112771674041
4.0671769856115185
2.668671848740636
4.042456189270612
3.8125853944340586
4.3116550117539845
3.7646902761308882
4.141392692438003
3.8185010762644795
4.2560526885407555
4.014962384407098
3.9421959150734995
4.372559758141643
4.062407172941439
4.103471198079727
3.714968011574878
3.938467302327908
3.8599036721565256
4.619784153699603
2.975754043933672
3.6548486733639907
4.336109931067954
3.6706116796557886
4.057669704401368
3.9169343481488177
3.9814318717063655
3.897689800525378
3.798529528843323
3.6570912803230495
3.5944531061746265
4.2836024219506115
3.9105935991969134
4.02614258149222
4.247538096124103
3.8571870235385335
3.9588323190536965
4.289845889315528
3.7529960772782167
4.271347828888371
4.022303370704128
3.9754569717410564
3.605563030603336
4.037871612000754
4.230069167285585
3.562934575745472
4.21654780207134
3.681439274051947
3.762764675222483
4.411837472304614
3.1919637727802335
4.4766847646926555
4.289527412225333
4.246367808135609
3.7016501575418106
2.2978664020779194
3.933084509713116
4.024165738499869
3.62392598379651
3.934959982501985
3.978820152918235
3.54799799838134
4.436228242148274
3.4992176457986415
4.2519691951976295
4.229921398478773
3.5659016001352013
4.208898606906253
4.180443170747098
3.8030921588066113
4.549045999661351
3.700405604169117
3.3353765873387475
3.458027563692651
3.984885214924753
3.8383135858847046
3.848530698308175
4.174465235634367
3.9866381377776103
4.20850549128178
4.131760489494533
4.281555505804792
3.557648749346759
4.248553978275363
4.211198298134482
4.472297172211415
4.228085463446421
3.6942425642515264
3.83374232871905
4.169639453557473
4.038567003171645
3.9892313371590915
3.6770730099781366
4.101950442450146
3.9099931954529326
3.929182962515587
3.449346365296075
4.014848489210979
4.108857882646969
3.328726240037506
4.2685733363388145
4.014031464036192
4.278578496904651
3.6516602769169477
4.211962703125981
3.936911799492102
4.27436979282453
4.262453539429506
3.6962026492618123
3.5526287429238046
3.8777571047139037
4.291303458758217
4.066424585484137
3.746238417448322
3.7812171416146922
3.80919709788901
3.591505191354927
4.007681735050987
4.06902764495542
4.090532210907858
4.344759365471782
3.516852081314952
3.3400737581959787
3.6260549622404916
4.044690977777246
4.44912839893864
3.5155290695880392
3.896132473122014
3.926642810547392
3.549878496991605
3.6162303892217054
4.08772508723373
3.1495448543222286
3.389358044583412
4.079588963657917
3.9257166098342413
3.63377051190305
3.8105774047170575
4.019594440780695
4.174177308068765
3.7224368618861847
3.634665791710799
3.7916606245743227
4.118742978285766
4.048408553597178
3.0646521368347477
3.985738243042083
3.9318709874057785
3.8916189463608593
4.1847064917309895
4.08675915921353
3.4002734413658144
4.517156705157613
4.195979207685676
4.080495381966687
4.110514904958311
4.042528159133489
4.3128210254863815
4.166433613450256
3.4637940940813143
4.365751937157468
3.9311469471260443
4.123579628135536
3.628867246094357
4.475798408943189
3.602010142631353
4.259639509450455
3.659901640660428
4.164732943500755
3.484072483516999
4.0006241713544775
4.1456720062208685
4.238024031039291
4.180970820972375
4.264348457615277
3.953519189564453
3.805865240410795
4.189119086362876
3.9947674705956544
3.5168260188077265
3.826216293060369
3.7456602539714794
3.763360049306919
3.9435080009318497
3.8580630553550868
3.4603320498492884
3.563440551050708
3.9343371037122674
3.799029292655934
3.8238455638852624
4.323340990272192
4.360134748371264
4.0206762325500875
3.6909244844854303
3.9930940720196606
4.389661126729287
4.2580579049265594
3.9269532801944136
4.178777547889902
3.5852848916715834
4.250498114576252
4.196796441377266
3.9074912433511475
3.8579233401976207
4.436349164418759
4.520618904309471
4.112981893985457
3.847701738183729
3.6919793432019077
4.214574687803555
3.542363389959574
4.384485112193479
3.629493846158544
3.851199481673213
4.045707563844411
4.346133963476438
3.9206454481179467
3.657183505757849
4.624299292372971
4.25843684660534
4.203754062542308
3.756482169707181
3.745544441934708
4.319662126936119
3.998083240369203
4.1432528668967725
4.015564895591455
4.614264072780229
3.236478436055751
3.6713699220201352
3.8782633649596674
4.023814045988955
3.571698471939283
4.201140030915739
3.4077936240070237
4.286868459188351
3.834549354149175
3.9676400587053395
3.7518412299452253
4.471346147502989
4.198069075251117
3.5450232976022154
4.112615449484223
4.014110926064335
4.274239215096453
3.9674700741422524
4.207400741072293
3.8463823813490987
4.356876935868883
4.063209909770729
3.7869794098871736
3.3471643337443258
3.9197801886699573
4.08771998147307
3.724402873400349
3.8452516796822893
4.334213369136997
3.8143183102713873
4.405891319549115
4.182818445607079
4.301361449728195
3.864616205888924
4.022552491520359
3.7661870318591237
3.143655214734766
4.299531125377161
4.45128837149607
3.905430301723256
3.6221787842652176
4.17228609713612
4.229854788555014
3.879407359030258
4.168091991924084
4.424389535421676
3.967937315061163
4.131144276955351
3.973547034253241
4.077352607373779
5.436563574369689
3.845422709951383
3.59349174014195
3.778883395627042
3.809049167899536
3.349752510940606
4.333297128056648
4.427652758583121
4.075046229085548
4.074724776740762
4.294259140941219
3.915499429647646
4.233727379709676
3.580504205200601
3.921181385917853
3.8529582444517367
3.8751359911588183
2.6030989271064464
4.345714598160634
4.042736183089023
4.221447345671885
3.508068181142655
3.6419949087376744
3.4589201933381633
2.7500330099649526
4.467741583850838
3.5841740363542804
3.708136611123098
4.00141979901963
2.654632174966478
4.288396328080454
4.367751160703463
4.41207201224052
4.026860075806363
3.6898039680580212
3.986617475273678
3.9055385947870924
3.8823775209417177
3.4112825317896673
3.4041562376783574
3.8428285204107824
4.143476818727718
2.8454207035155847
3.822918137303855
3.9562486953114027
3.944977408587255
4.497091324984487
3.964619194852853
3.73929294942851
4.106805451404817
3.6594864495342927
3.9737814215853957
3.7123305013430006
3.998206853027447
3.6317179049679043
3.8244768270237555
4.072436322527064
3.0508379023696532
3.6885126283024805
3.4824025990194736
3.8805209574260586
3.71599809102077
3.9565559211991594
3.8366067263137387
3.411514721608861
3.8946795254807647
3.4793037157023097
3.7438197061029457
2.9168416502590544
3.713257051960175
4.262505935957112
3.65158633062332
3.413294892830406
3.4923032463532575
4.461525962722103
3.278302784902179
2.5017037995118674
4.130727316219295
4.02602112634578
4.033080096781383
3.343827356660339
4.184713134045246
3.7320042122815003
3.660610272920989
3.744168923356046
2.7304853183551803
4.130854956115077
3.707666204516234
4.506883720747815
4.467741583850838
3.9344723987156107
3.7808596315083447
3.8359930948758763
3.6238979237250692
4.059318058174542
3.902687118789298
3.893068244276667
3.3479762583601085
2.975626705026202
3.6524492018951964
4.19405003493951
3.705930416772673
4.291019347203235
3.579581936607112
3.100677909833543
3.812488119154679
3.4017075334281746
3.890461532382183
3.932660133330477
3.9806084787236085
3.9658433606870624
4.26678113200092
3.3517579296674063
3.1284898081577612
4.48328016806348
4.142971306306453
3.962422414443993
3.6108221318438503
4.045700109781636
3.5695941948162364
4.2308427636353025
3.766884370713351
3.9625855043084828
3.781468916426085
3.8490568462006864
3.656809671771588
3.391885448574576
4.312734254748403
4.155487985837296
3.9666986082914732
3.821909778207992
3.4975778049895085
4.0594928378438055
3.752369583092973
3.1545523762059604
3.8171464453920145
4.1887212110341645
3.0493953568869703
3.692376170709476
3.7892093305245886
3.2895652207535138
3.4088088385644273
3.9695129558528714
3.6252427080972476
3.9906031666491053
3.4834059944725784
3.0413597127185676
3.966281111753294
4.025346462653104
3.201949592925604
3.7319839076334094
3.053513970741367
4.169869929257192
3.281397580063981
3.5916788704761737
3.936968224881218
3.8759656884661653
3.0508379023696532
3.773931953019609
3.44918643866421
3.130573062844962
3.8849831020676975
2.9842042505272204
3.699157628957715
3.0661013734974683
4.675910052573803
3.707433933149891
3.8571572382103723
3.7278781351069643
4.152407946884213
3.7835601492482933
3.98819274088584
4.11739111075387
3.1321941246188794
4.153445423324546
3.8283849555783034
3.333195354814314
3.9326316190992165
4.126255807025229
4.2478411638049
3.7786661461231192
4.077698568879789
4.012545531587613
3.134329008157275
4.259074558279092
3.7384746493498584
3.780918325557804
3.6901290213914626
3.7475023916390153
3.965149114712469
4.046050008274556
3.9965302677069334
3.9653872841995867
4.091249732503433
4.366840785076036
3.9207927459738725
3.6590641561991393
2.767271711136645
3.1450024976512054
3.2652834485422657
4.152618938713781
4.06521214465991
3.913371843344433
3.9345148877069143
3.8356733715353046
3.694504961988783
3.4233131139360973
4.142240238028476
3.9410838961603956
3.479119372683566
4.385079330205511
3.925108542047364
3.557738890711716
3.264637658580704
3.9745763712306124
2.855763981691675
3.530509675821513
3.790954646982547
4.338898190402819
3.8481895988617962
3.640135872862156
3.7018657600755382
4.154401324279779
3.6019631964520147
4.196535698959835
3.2403002996419845
3.6492082652637015
2.594373061296305
4.005696798155604
4.058873463082301
3.915700112839619
4.0178449559558445
3.5692078560847813
3.8885664952201715
4.141186412361257
3.8824673293189846
3.937203012919367
3.638629947696234
4.034789857231274
2.7834691122389
3.8898291454846383
3.371859970801231
4.51825191624218
3.3576418990600514
4.077830100467978
3.7732923255944595
3.45938974453575
3.147576170510497
3.918001667812386
3.8329439161679586
4.030155784289311
4.3717563215458615
3.5444641957269036
3.706989417906226
3.4383400285930072
4.21849290991295
3.2395013225498275
4.186845479000471
4.336950025451498
3.608678592690233
3.8466675877980867
3.7419815868560313
4.48328016806348
4.185890820854441
3.6958170025586963
4.417575733944694
4.02978623437886
4.1663504905188935
3.8595005403192353
3.291654795115126
2.8118328190960016
3.700468733445529
3.9411768108432934
3.4729411122917293
3.820622871383241
3.854936191630438
3.9630710581936928
4.40462319455411
4.22651317461505
4.316328838829088
4.206042460194301
3.6799340492928287
3.3518310976142986
4.313053816159607
4.40952538114928
3.4946634345224847
3.718614624813025
4.237258854267746
3.708422844077936
3.711129665634574
3.976701271349231
4.5711736569345955
4.1037195138906375
3.334672894629769
4.001344207793002
4.2926292922054765
4.475374817087718
3.378965791686449
4.012291979486284
4.022718304369839
4.048714328035352
4.303028489142777
3.6943867296918755
3.900947832851986
3.292582159123443
4.211214056771537
3.9524699747196737
3.583343543775014
4.0542514526896145
3.382891715522449
3.619655389173092
2.9332666840264094
3.8456172119751066
3.3824532715340743
3.898510807233115
4.03376392696812
4.0332164883499795
3.698707303422744
4.2971590813399265
3.884014179103117
3.871686952172594
3.812553729209678
4.006819152197639
4.405340203504329
3.5145818287980797
3.7757015905712628
3.038401331240654
3.872389375207269
3.626216205530156
3.744288221286837
4.42381035773427
3.448080939158409
3.849814343349623
2.7501620251701
4.098743245623028
4.064454658838244
3.7850028490274976
3.5800094988238937
3.5507389064699817
3.8529959153432607
4.208651427132806
3.5291655534058624
3.6041155902003164
3.7108336306219885
3.2305519740568247
3.0053300186622534
3.8776690123289823
3.7356350344316662
3.817688903102636
4.095816293132619
3.9876451516484104
3.809593709120302
3.695781782084028
3.9282257445338566
3.84218693088865
4.22747228210186
4.093419495002382
3.6486009592227635
3.2609239013267457
3.8769901629501096
3.2086106943443924
4.196946755660333
3.651952989375424
4.028106563419449
3.7366452023050427
3.7677686070058964
3.776378670934749
3.9042855008238084
3.632973538712056
3.8149276662181344
3.7196958872711283
3.995815845754473
4.439282937307276
4.5924300698096925
4.214352839430464
3.8706784069088416
3.8781420411219454
3.293339048602136
3.9509111120852283
3.818877463273968
3.761921468736
4.01317383761975
3.743652050869139
3.141702882742913
2.987921033402116
3.8215851880406797
3.248066704859964
3.8533451398176215
3.013889242632807
3.1897625562067145
4.004705425166223
3.999757937182957
3.8031691354220456
3.57587689392425
3.707243008199308
3.2867693197032564
4.116789663617785
4.023506342234353
3.1691209447125326
3.968180809746886
4.021311658106839
4.091044000187196
3.5927357919782477
3.5676796101721395
3.572053334648314
3.3919208273139536
3.799470909120761
3.904340713604161
3.5485980633227925
3.9293390042764322
3.6785400643566133
3.660018857897732
3.625781090186614
3.784206557212009
3.9943039281470734
3.8542953643066844
3.5909054547814545
4.10324278451155
3.7701971424592307
3.989407814014677
3.8045215194444864
3.748339812701704
3.834104459622755
4.090294050157154
3.783148686258288
4.20480980778496
4.093825946284104
3.9451514103667398
3.9718117390495182
3.5647067805666293
3.5212351132206363
4.2159255872407435
3.397090417033894
4.078854506283919
3.696404001730095
3.484733566015832
4.30892070258079
4.052131462451596
3.6846552441152483
3.4291511719250445
3.53441991071608
3.6320740096958737
3.241478237277807
4.33311020828201
3.3883959388020735
3.9051633295883326
3.4372440684103296
3.9434121267096645
3.3761998091725864
4.418388784761758
3.727611000449283
3.867923227608798
4.346906070709579
3.956539544159448
2.524923241779725
4.1766320752413675
2.80077161259417
3.9038726433700726
4.233385147996731
3.8946795254807647
4.294590985731581
3.8541201850360673
3.9970988016431988
4.050346439744759
3.6374016657730017
3.5927357919782477
3.441372935852999
3.12180808229019
3.9697925846957576
3.9939487456718084
4.010358889023811
4.052017645713039
4.230908203729473
3.641618900087896
3.8545033641622313
4.180777124569876
4.150254787105046
3.465832997621794
3.5120610562018744
5.4364133075131775
4.071967587036607
3.9745160783101903
3.4946540174084735
2.634781239649917
3.4944712697670193
4.203578545897406
3.934128740380835
3.981744343277642
4.246659654041643
3.5660309293999046
4.041036361372866
3.9931248086748754
4.108672064801547
4.526320684452731
3.7870193251555913
4.559731098056691
4.15703248245003
3.8363405510400708
3.4240864188517115
3.4221582605274907
3.887686549222977
2.8717020757631553
2.2030985355377197
4.039111377351501
3.92836501211317
3.6352681233062993
3.950914202188235
4.127480779076452
3.6813804014060736
4.117241554895115
3.4539725590340535
3.451159594155092
4.310298283100724
3.8995678296557763
4.08284258266788
3.7855584891966667
3.7404640381506353
3.938731325253527
3.8409444168334606
3.408801784160814
4.274696681646031
3.74621599635495
4.210739374474089
3.83719678613597
3.700086368713351
2.715014287739642
4.2610888002981095
4.460554416834048
4.249443121062783
4.333736289035555
4.284981102831539
4.046652097532149
4.13108425701128
4.520943956290473
4.364285708631499
4.166884751892232
3.8080528875778663
4.2349303614689076
4.556466451413304
3.7600676169451557
4.443121206321534
3.738839379729616
4.131068105068946
4.3929720299932695
4.154375848930575
3.14952078879415
3.889744588316173
4.3394586143106
3.946999543953037
3.991528255723728
4.293642850897447
3.849745288430525
3.8771203814960877
4.090094636050562
3.1750973993164138
3.94190698510623
4.072391720272523
3.649337806106865
4.123867413684127
3.9208788227498217
4.235150839858519
4.049032890575523
4.529797564249321
4.275647072364546
4.424648834218299
3.917596444664019
4.309897268993644
4.0414057934222125
4.308666028546165
4.456934573494189
3.9839244419789828
4.310230959875341
4.057065825306783
3.999429778723095
4.543969053194671
3.9477745305479033
4.139444414940158
4.078681328838205
3.970304143523935
4.321678361951817
4.257540696578512
3.8432014893977917
3.738858091927397
4.062928456487942
3.6891812557584194
4.041359467055624
3.894754036015468
3.707073256413912
4.116518697892852
4.223569992473454
4.185777922223054
3.9162318319805336
4.497042382223131
4.028202279018618
4.269730901139804
4.0301052574421465
3.820661811329155
4.164219150779484
3.8151521958479133
3.9335741584932915
4.064820879730333
4.311492634569684
3.4890097348135347
4.13799655354145
3.6251710529372003
4.329290073693019
3.967265865958942
3.853224555842332
4.362422399670877
4.4630144118008905
4.036447364780457
3.5387128336605764
3.8725907291931323
3.9152925463313997
4.530899179270455
4.545381933235566
4.177380639701529
3.29047804930968
3.8974992419615866
3.0581450420765153
3.9736021234656125
3.8569507379895165
4.159105873942389
4.382281876869321
4.167526276051716
4.098378881627716
3.627036933986859
3.952921107047257
4.1753317586901115
4.0267578050054595
3.3316584931836344
3.43770876145686
4.010669972635117
4.280049227209101
4.456693550423369
3.869055449313361
4.084117600078926
4.363710799628295
4.0871648289837985
4.856016163547951
3.53123051270343
3.9133666578332944
4.092218013610585
4.118119002436828
3.6493337911541586
3.72065781005783
3.9314326471322927
3.749888025540473
4.202179213667575
4.316324795979285
4.465341007477795
3.89046221256719
3.8346549869156203
3.8877577021669434
3.9547979497857284
3.8602097691039887
4.57040499406235
4.543400037198731
4.42477555953824
3.940628174283315
3.862003211765487
4.269537860693727
3.977617023573983
3.8536601687833416
3.692593570146717
4.169960049593056
4.0607042184892865
3.695852844069063
4.192827865889524
4.187826005532289
4.353750646697902
3.9100872955148125
3.7828070276411356
3.853238716966689
4.421515787258079
4.041196020820788
4.227080486777546
4.278395015062202
3.6648306248478626
4.447579130055926
3.856027654273895
4.039954571199463
4.75122854885287
3.4373662691969047
4.016681400768898
4.225044693901523
3.767735048744794
4.197962670758174
4.136908055682721
4.50727836774066
3.8855311589311077
4.407446365136396
3.7619717509024007
3.8514331879191097
4.254795622176549
3.964754320031533
4.024962256607215
3.837795727810109
4.022433036835371
4.012301733537388
3.5918975852314405
4.210127117260154
4.226618067245465
4.186185736476116
4.2020764862097
4.204770314624025
4.080985266949701
4.257679916273346
4.145619758404676
4.251544233292923
4.122816922222986
3.7038168597715426
4.152106616089647
3.6951635271367214
3.471523837772145
4.144046852964668
3.9813405174371086
4.316930086401516
4.025441464185656
3.5768900218695983
4.2339432154696155
3.29853170627225
4.298771367247869
4.1027663275945
4.232471221692125
4.661089016853285
3.9527957776978977
4.516168358607631
4.45598505312906
3.959590139090099
4.159667527228567
4.370233989920338
4.009449501347307
3.9861707300485443
3.865504942625509
3.871473745615052
3.632357433950085
4.51762446098994
4.30047259171058
3.867568166512604
4.069963218817043
4.282893598886786
4.317407818140579
4.212774954623354
3.78959418266336
3.9056539453759918
4.054004937034963
4.004722081835477
4.321444102622244
4.049210608730993
4.389127476263431
4.188261456786395
4.208962564583816
3.7739126700720727
3.849512622864453
4.317834636814055
4.347199560884022
4.428161290786466
3.999482559811918
4.251999954244128
4.202006385112551
4.093683868554608
3.8612130480489
3.832487764417161
4.359378426940499
4.333635703091321
4.161389433628389
3.7552012792431713
3.501264561068027
4.0265690292255645
3.4480104186736016
3.7956048752364393
3.577424622534913
3.535716165251851
4.114771314213488
4.65226691537443
4.576341857162861
3.531774984447222
3.7913483533927046
4.141400564316556
3.566351602253862
3.6002399615331333
4.210573045818522
4.034456695010243
3.5346068546364005
4.296895718763595
4.092297488132539
3.9969326031234926
4.331136281147421
4.018398721646677
4.315128888180349
4.034221968143387
3.33959425568026
4.09722224486983
3.7597143317161352
3.9630456811923276
4.008767529496122
4.110372821527596
4.2305905916375135
4.101373868196012
4.345856538104574
4.124816629519584
3.5395394927268296
4.414823328717051
4.056327985529894
4.085476742222279
4.3163447110501565
4.22558258722686
4.1931058314008816
4.143431356637208
4.373727010633626
3.8105176714988778
4.124723803251495
4.101720118188075
4.20742966966655
4.020297118028173
3.8956344177606876
4.123167960191729
3.931725860792791
3.9558365208425847
3.785184352251434
4.244088349906691
4.053599103163754
4.284890564453795
4.410121781467614
4.0371693948369725
3.6770453942675188
3.9355901545761607
4.127018678179102
3.6395845655291006
4.306390299129381
4.294746769657259
4.082988329566102
4.286779479895044
4.304863354855273
4.216739609117562
3.561949017136613
4.148676486818197
4.304360505046228
4.226387715214775
4.127186503486971
3.9591266611292495
4.003511766079954
3.816410192500049
4.157451355397191
4.303985956099408
3.989135425884265
4.029115993051513
4.089932951464113
3.6355852171224585
4.082583955891792
4.068709186292441
3.9843994551391333
3.499195300307732
4.229650283035894
3.666732568172388
4.120982102337202
4.211300757971385
4.3102110573312
4.388920492646235
4.103648291878837
4.104565768638073
3.874796554556829
3.519501771936079
4.112415565325115
4.339622950168884
4.373733320512388
3.9349371380104703
2.815386477846138
4.372533888838303
4.208476846760109
3.958218628679629
4.052510914119368
4.063982208626413
3.545369226939885
3.848809681310516
3.988121359361045
4.13484216289681
4.143413882045682
4.21070180720701
4.153270203931029
4.293368366310217
4.04384946111335
3.9899873547319418
4.071388392121332
3.9990819919942773
3.9471518605849596
3.815173346009497
3.6675760354276092
3.895694157611204
3.1846383704720242
4.234307733222833
3.79345257237431
4.110150725874468
2.772669389646965
3.9764881389580413
3.837752388072217
3.7268303474750297
3.8527217018255437
3.620622304901097
4.432471980143787
4.094486252954761
4.2635479397608655
4.150877244678711
3.8964153843009335
4.191519470275738
4.0854470123102
2.3413051375330167
4.11185970032318
4.342326660241459
4.0115768906802005
3.7556919770625297
4.223852996237996
4.35155804485595
3.857888873902129
4.257155760812984
3.903057113412905
4.206787555659839
4.15271713400711
4.275252088818595
4.370026704109582
4.140460123260361
4.127501908338629
3.6125977624033014
4.358815579931964
4.000802584219123
3.845676303154817
3.8552612054222797
4.270849585567219
3.9861507161456906
3.860982402267312
4.337312589143246
3.4581843322367987
4.124197874353477
3.762770208878922
3.626462484375815
4.076172679766762
3.8111049494480405
3.8630517254016845
4.035936242018457
3.510127434077864
4.227331341053777
4.61127844386639
4.063376165002461
3.943468947917116
4.499462491925368
4.324247611405247
4.0302445246898655
3.694930095453289
3.758335635920816
3.3365803444045357
4.11865397567961
4.471250501732884
4.122771600809809
4.125126966418623
4.15101985598368
4.1998249919944515
3.5066079151039604
4.511747694072048
4.288234364687778
4.272851532510342
4.44403931023408
3.498385308320151
3.6441612784714605
4.2467645009654085
3.677229562406798
4.045096142864591
4.012950727201378
4.126802690273621
3.1915813139634395
4.132102659004361
4.361342894233309
4.206149166321963
4.011899354267018
4.290342716211705
3.737030310566791
4.0194676545655526
4.0704696381065855
3.968829790684985
4.062441823985315
3.914966933712565
3.7770965994842065
3.1672094220136673
3.93298992867308
4.02969601530944
3.4741558962426273
3.896194357248552
4.01483712562448
4.390114384938248
3.66394103824595
3.842057478054133
4.335551403291944
4.367898318912099
4.034898074764139
4.153521779142339
3.8291056758900712
3.9847224666326877
3.198235828851991
4.228359527580503
4.117595302079833
4.234379258393178
3.9038640932019653
4.449524732719549
3.941642398134076
4.1814765444311215
3.9644884445285165
4.222622552089732
3.9169783659464406
4.266019127032508
4.415226196419478
4.179891974128461
4.128446763499939