3.631353163820067
3.9025588398434836
4.25815949912956
3.6709672620868448
4.195168790170507
4.0928452531020065
4.102453577831745
4.271497240733519
3.8286312923200643
3.618245115426636
4.2602408272447425
4.081036985846595
4.016878088716305
4.0110510546673
3.841005014249629
3.821443047203258
4.1272046604536445
4.175269493178767
4.377891748413833
4.3444335870169954
4.4205530972485425
4.281365941096207
4.311454167318564
4.423941030014319
4.3567031880142775
4.367918874480073
4.240654407209039
4.311260942825239
4.403265216804043
3.988300169164668
4.300824200521219
4.175547850425501
3.961706856594914
3.550503274553142
4.103767025107976
4.056295597834657
3.7930154946429977
3.6149050865981573
3.9020243215652313
4.269314580044653
4.467075023402451
4.406250065186203
4.48894855573862
4.368937375747975
4.440761418305661
4.575179317112436
4.339559426228611
4.4082277473858245
4.350556317699193
4.235079594628813
4.3618370675377065
4.1211573013524045
4.70013608232296
4.602057655609983
4.369062610024628
4.606829725086553
4.3806326079939035
3.814953076609076
4.439691084563937
4.514132599485459
4.658916208434127
4.521216065093447
4.740648209806286
4.35941785670617
4.387614459720503
4.306889796099893
4.501786624782285
4.463105981634935
4.001350430122163
4.4960525579082695
3.999919075721114
4.453725956428098
4.348222664566002
4.402068268678223
4.392901262829657
3.9898823372372947
3.7220091370395076
4.261625227802861
4.1863735232279
4.63664556624104
4.109953011076548
4.752244097221033
4.159521709923243
4.160962818832792
4.76801787642402
4.130588993855137
4.496788598276607
4.766447235247592
4.2965590148306205
4.406308218564034
4.072146524557729
4.211075939995352
4.066272637356448
3.4789288151705797
4.776144204868
4.567221176271877
3.8711467255598198
4.18598288314507
4.437433442136156
4.31073641154804
4.118120145558287
4.445009527932301
4.644641447915694
4.324834301421667
4.1906572708752154
3.224781461343426
3.0017470412845384
3.460293889618108
4.028049577991007
3.9461196579768667
3.894682816522622
4.219754957116815
4.256177531800534
4.196845017217987
4.402613418047961
4.255323873568756
2.992099051779474
3.859547153435124
4.223379623051666
2.7493715125516696
3.8572993549628003
3.7603700693985838
4.524858790229134
3.6146204156922344
4.07979268890821
3.819490856283932
3.9270102161378535
4.01298343745707
4.025913920151812
4.090153394517096
4.310616941461654
4.050446771579507
4.892413128281893
4.214707935984392
4.230778839112995
4.372520826478659
4.397490002401986
4.580289314001492
4.151446438130965
4.322579726202704
3.961510749335788
4.1428180275169835
4.6462057407158
4.558890493234262
4.322922122597014
4.505498107765074
4.673965859949671
3.708083277972812
3.998714351549755
4.465012601427471
4.537283767897803
4.353351210064322
4.099100353119761
4.267156765091761
3.9652057290929
4.292737889386951
4.045472514371344
4.096521507953458
3.3058301121870386
4.510419578431479
3.897737295907504
4.2070369823788685
4.329809234592657
3.94230671012941
3.799642714116513
4.208454227100067
4.1188957640308885
4.354061283916302
3.9752029258869745
4.369010906135549
4.340829576309767
3.436356085257879
3.908881455698944
4.472477674445363
4.13552342633752
3.9955135459777726
3.901237139062328
4.118235581287593
3.8474526317309383
4.457733832809222
4.213667383320999
3.9048455828663915
3.956678013726819
4.479240250611262
3.9531085730460473
4.186101269281789
4.655797946400902
3.994690478605926
4.812499921070037
4.276499375436542
4.042875678795494
4.332986808461856
3.81768405350753
4.576755269996275
4.366652995734542
4.691595516751092
4.596235734317959
4.230223068098634
3.272707607746889
4.163153970267012
4.176339618166056
4.276351495335103
4.106939659228778
4.046669825329612
3.8714923370974357
4.745496403775219
4.417265495612822
4.438583336488201
3.99330592516669
4.055848587347634
4.099932376360223
4.488041082983823
4.886956244711373
3.670277607976986
4.42951322226354
3.771931229237001
3.6133927197782727
4.215118490456021
4.298517683708541
4.3149137838039655
4.1237076296239685
4.36205782667345
4.647928930306576
4.643408700094912
4.60871404976288
3.5885398044171777
4.543871757486857
3.858278741668979
4.3319829871699245
4.165276360861117
4.5258856322827175
4.310625208239932
3.704923665280681
4.25416780527149
4.317715472751178
4.24280871293093
3.151369298807572
4.380247924961386
4.20749140361407
4.467606472560316
3.961807937786116
4.8748677072973
4.398853193591484
4.677445947748385
3.9221408137955933
3.8503555925816446
4.300358748472456
4.6960712992416385
4.724734043033475
4.4665276182137665
4.402208970844353
4.254414237492445
4.202351580548519
3.9188504309957004
4.659729423694921
4.057449221644985
4.12213349194964
4.156208758871189
4.191203509119095
4.381986217943175
4.384684681079971
4.601392709971044
3.7329367012593075
4.406939931153969
3.808239088104028
4.2711795038526175
4.351972976143662
3.942594307186863
3.9075656079259513
4.0804294491196575
4.658382889733406
4.1183722785573185
4.489791367177093
4.4695097955544405
4.285629863568671
4.455480748852054
4.3314960104761155
4.056885792890404
4.091538792282227
4.250035922435045
4.381245584395547
4.078190020229831
4.532092831643055
4.051235848368053
4.243812181341117
4.479627148644207
4.277249659052304
4.197070455976755
4.466356888422425
4.288866447596098
3.914882804655057
4.444622268745825
3.9579168569575334
4.174065494852298
3.587471774808276
4.246433979642228
3.8852423613251768
4.197959926731176
4.487335056443948
4.503597950291352
3.97293122565138
4.302309464326237
4.227463648365357
4.3447077722226375
4.53474452720594
3.830834615946478
4.395125317132873
4.607814922281199
4.127923194972405
4.043726087876619
4.146131475108543
4.327453792324615
3.709508230092638
4.25778750234385
4.081047456566015
3.987805842023299
4.051885751560475
4.131870925397643
4.067527504621121
4.389212524493216
4.290967427348269
4.1386333693283595
4.419047469440099
3.801509420694923
4.034028695028228
4.218860741588884
4.240259251333608
4.249860758791046
4.04058353557635
4.341255394931261
4.025110612030983
4.330510990981352
4.5723952321138785
4.428849414211127
4.750599849082695
4.17635368247675
4.410517707758366
4.094460059900151
4.062327828845505
4.673522196386491
4.3093600564553505
4.255968884044254
3.9025626058323457
4.423749529774623
4.200142158767422
4.307328290423056
4.624227267861791
4.446173878773477
4.043287555034867
4.542057390917401
4.206541495191622
4.674417657659859
4.232377084909178
4.34154640176882
4.4112965196368865
4.185012868259
4.601829115263541
4.366234162778623
4.217002761307672
4.317056855947483
4.195397081754993
3.794097822012607
4.141851767896865
4.131773893396439
4.5772151082774375
3.6670808754144315
4.5599937479197905
4.131214494676806
4.213943651522422
4.157358066346203
4.259260461435767
4.567114591177512
4.9114607227351526
4.05027785737847
4.312910114793676
4.309250752521715
4.663345804569214
4.53474489038362
4.144595165015953
4.854714574826208
4.118231260986485
4.3548119573130215
4.5757230028753435
4.704107001808525
4.400590740815835
4.694588456624119
3.9371695089611514
4.901822145778934
4.469977476086736
4.3496099110026325
4.77197194643098
4.3249659733045185
4.094363745598134
4.399403636581383
4.800413092247114
4.2410737715667395
3.8765107169369974
4.4298999035400435
4.492040185769574
4.400859349533863
4.854970793359211
3.9328657158562166
4.721710417174563
4.662628275151124
4.510954157561862
4.067488218968878
4.322663543595823
4.317510548108956
4.382499154193656
4.398791732511001
4.209290303118427
4.3384884558027625
4.98544073784547
4.208854442954735
4.4368970439885285
3.553797782680217
4.254227971962422
4.442614396390633
4.116939414434581
3.4994624591085364
4.793423972130517
3.367039212539246
4.116870865636221
3.9089438588399945
4.396323553050753
4.5212967627541225
4.309794128941553
3.6195056422287566
4.308451307708813
4.621549465373112
3.583098833218461
3.9242704844805143
4.4323566979574345
3.954529766571256
4.575642743913418
3.0840469080723008
3.3676354104979698
4.554596787200826
4.030871283899766
3.844653911815759
4.190461160254241
3.5241381809495183
4.097300925398741
3.863610451883122
4.3088712794828385
4.179123983680922
3.844960481691267
3.862861908620326
3.8056955788046696
3.8749214196900867
3.6330628966629566
4.273458821752265
4.241828816241183
4.29913104178664
3.76979572476852
3.5115257577509595
4.158702287426471
3.4844785158842884
3.964201246346005
3.867518516505841
3.987221243677631
4.103050349531666
3.6401729954197513
3.9678269057168745
3.9318473814762775
4.104954441007287
4.278603756419277
4.336440043714544
3.7594653756899863
4.2416365394227995
3.9018537805520204
4.261671720465543
4.464823513231311
4.407697532515332
4.308233350654337
4.119850481298139
4.169178919977647
4.335326727954259
4.226654418412203
4.056663804673939
4.281517060618112
4.006352423690273
4.124545349675659
4.787588214658987
4.585555776827944
4.408801588656754
4.07701005062258
4.503995353880395
4.82808635458804
4.4211409169249585
4.676733064080705
4.290086938390013
4.429529308708398
4.798134758752436
4.519172188877491
4.6551689822188065
4.846546734838366
4.778033802326469
4.425636458136307
4.544993759646294
4.4805360090293425
4.126735635905986
3.9636060248304656
4.380576003669402
3.9655949317753256
4.06579895913397
4.251927117180516
4.0219880599089795
3.98811611182018
4.49318325161361
4.38623488491525
4.409068324623357
3.9867710371973177
4.236926870176614
4.486167080605833
4.429465126157266
4.096245983981941
3.8219807175759586
4.186090823302887
4.298325981887286
4.37164357856518
3.780023547000354
4.376786117976839
3.936121349079343
4.067411911001658
3.829547143164909
3.9620556887516196
4.060929297164884
3.8270348464653696
4.484601513267994
4.538112062736011
4.545249748801879
4.188853302320247
4.38517632868515
4.183697719040775
4.169544419820814
4.791499760596137
4.3720381172640765
3.81860242126676
4.535167901027727
3.4734370009575017
4.227129453590005
4.263538940240402
4.0885721703688205
4.420630181294607
3.670590078211915
4.340719885429158
3.968413049916399
3.983428105250864
4.487997027573824
4.277368934805642
4.695014334189439
4.555378537101587
4.321057745660148
4.909513870158863
4.907726470309046
4.637819334214895
4.902321618360766
4.915914568712189
4.625844189743486
4.589905143979605
4.371627113547813
4.176893628883032
3.522574369004715
4.32910993141671
4.546244474290475
4.274501331740743
3.9685025655133064
3.893246506332982
4.510016795376696
4.050095611883583
4.054970815949317
4.814808593807021
4.0649053702093685
4.309588830652152
4.385479637348717
4.038149985026376
4.220164788880926
4.598335959744549
3.691655038833176
3.678579745542366
4.413755700213255
4.110425183983933
4.188370158648735
4.287764031183901
3.6630274257849886
3.7198795933174873
4.709823884956181
3.794220776368525
4.557376872730036
4.291015512231479
4.269771969634382
4.057716107532919
4.051032411403282
3.3713580775199805
4.265241458913646
4.416278795169651
4.168489564709064
4.60908846380814
4.353361658759922
4.460301419395455
4.390360729422986
4.477780266129733
4.23223057962618
4.331524974923287
4.347635707146807
4.5818150269149776
4.333491352856726
3.7833092419595236
4.7948741712610055
3.8153697977112593
4.200870742126208
4.651876816290773
4.0983136496730115
4.28456032596288
4.059576776915641
4.072163485286709
3.9120868505033055
4.443719934022593
3.6928734273479717
4.054392549093559
4.073945091104833
3.827271287439677
4.694924045586104
4.259649921630283
4.619226525794374
4.622913196348151
4.088054486186883
4.666981639951773
3.903120664026737
4.311289447011834
4.239312175114695
4.414597933800142
4.10175030239951
4.1882135626204455
3.152848890695106
3.8345496264012677
3.662277488600954
4.039011514329299
4.242243496040269
4.3234056501451725
3.5042959819977844
4.118414475720515
4.238128870148006
3.7976992505123595
3.5593296095624023
4.593906667837981
4.794813727855484
4.037661576265133
3.9123599583093744
3.364714173361094
3.8441283158253707
4.175154542488043
4.143122015830357
4.222067596586787
3.9487543807767014
4.254224001149927
4.326497109657214
4.000380295499922
3.5605535413665033
4.137876956316298
4.1539272178278885
3.9721776854064252
4.19653723103222
3.8058831810180207
3.598686388573741
3.890221224587278
4.16705351365057
4.444106751655941
4.23707542328377
4.4676845418098186
4.2725927400970045
4.288213196416659
4.351774267440607
4.477006731437694
4.337983098625406
4.338629307426622
4.523657185068006
4.346945452916148
3.9024415946445314
4.23016304756932
4.150363661813162
3.989925484331791
3.747065733058075
4.042154480112592
4.056295597834657
3.7575108774316592
3.922927084444445
3.679189721750223
4.246959529489201
4.325834530308358
4.505020862306208
4.649509665801292
4.270629758660808
4.4992973692571745
4.551828598418904
4.339559426228611
3.9767382075737965
4.269574957849219
4.172540545983558
4.340393569540967
4.071785456763002
4.400804584278218
4.538224812915589
4.3067472074342
4.5415280712270665
4.3806326079939035
3.8408126477051923
4.459108743433302
4.514132599485459
4.5057359366053955
4.389628584889851
4.864117597870788
4.275613520280408
4.300715586263522
4.108068887598675
4.56498869689714
4.526609079287385
4.113393318910151
4.438352248059248
3.908604443190019
4.384522802989825
4.21082477942627
4.406221682707742
4.54277159105545
3.9976657747880617
3.907688584151747
4.262588956153491
4.0420651085705215
4.4883600840746185
4.242170914858877
4.635219311893964
4.288227215092244
4.160962818832792
4.756653212679891
4.2602228858842315
4.523258166537243
4.772543423933644
4.355808280050564
4.330410384676147
4.072146524557729
4.1633654735474295
4.3995111814100945
3.4613558073414583
4.736446543117603
4.363455963554542
3.9651879250213686
3.943879322271642
4.399578551419783
4.430294547358484
4.18320695672312
4.324641461613002
4.619051059309447
4.345580672443686
4.147754291940675
3.114897944414123
3.454311528751031
3.4972756602633255
4.062073361388695
4.12103729331392
4.2113575065228925
4.225379160436969
4.241723049877589
4.255956546840444
4.5351451069582955
4.198167983754268
2.877887257950529
4.000430633090854
4.305422861673315
3.29370706583187
4.064757859681414
3.7995724854198376
4.5406808826863525
3.6123119823672045
3.966528467130663
3.987330415686301
3.899474568791053
4.1228161543875
4.0187202472572565
4.060548688246963
4.216048983542796
4.048405776904677
4.334196722194552
4.384812446550829
4.435504920645564
4.247980577993066
4.3507499715017985
4.462636390138106
4.078276187941655
4.194949968837421
4.289379548221602
4.161510499981972
4.644387046526237
4.293500548740685
4.15664678791501
4.536632612832573
4.573271043656647
4.346207005530021
3.917506468922499
4.415309598327851
4.6335535085288875
4.375025847232539
4.088095518871634
4.236782951640888
3.7964572593507984
4.226096614115703
4.136420019696537
4.0859888726145925
3.2753639729934996
4.437936473560002
4.006120070005233
4.2883379106000135
4.289815611391377
3.9025879417206504
3.6841881256305653
4.391367827200553
4.095007431964792
4.2890491925077345
4.010941595044413
4.37899818232769
4.294006193655154
3.376773009643088
3.931596412614023
4.284451734302201
3.709897852485345
3.883776818035311
3.9860517084336546
4.098701422090286
3.890188792108021
4.535960868903672
4.277422090552127
3.950529375422189
4.1529203596683715
4.496257955611613
4.063624144697769
4.272127608678572
4.52241979985817
4.5095029924716465
4.822334726170354
4.2288748483503245
4.079959971607777
4.449089816703346
3.760221652019324
4.573249082275892
4.366652995734542
4.5784397219414315
4.494421547097752
4.29450439981894
3.158382490057769
4.057850507088089
4.252925583058752
3.9532251904600724
4.100738092999876
3.9846115779220472
3.948235861373653
4.748598037764247
4.552365870204135
4.296463271160831
4.18741562580608
4.035683373268122
4.043152757980208
4.438432276668218
4.711004239697279
3.744564211402023
4.451171668429291
3.442011251744623
4.158445632089042
4.185999055998426
4.349220984838118
4.271074402138246
4.094111429960647
4.466659830125455
4.607007296562505
4.647199113567501
4.557578258796101
3.463417326646693
4.577430801560546
4.326015454258715
4.393348788949816
4.176501495529033
4.408372863476185
4.247288393783874
4.015184797607498
4.216519161735589
4.321604334719345
4.101945811027237
3.069914983249433
4.354296696102748
4.48449675570677
4.447020432614284
4.0097041731169005
4.655853957671258
4.213025385009409
4.590689960879896
3.931194223906842
4.054607505962763
4.165240518356409
4.697779103004713
4.761416644129241
4.462070687181848
4.623439803722002
4.213401113050728
4.332042578726964
4.0606099760094665
4.51590797306045
4.2907909205073995
4.118841003333494
4.254488084479923
4.245454583725607
4.390846508387215
4.511906906155337
4.691384911249791
3.8457673360715625
4.446053247406656
4.024495644101327
4.260492542211093
4.579551620290275
4.130320536248892
3.9545358691399364
4.19311444284819
4.6570861053185375
4.213375434630072
4.2130185341661495
4.546113868848792
4.2704521743183035
4.449784079637048
4.3314960104761155
4.040184440803885
4.107439697913231
4.188760039312243
4.533871516219871
4.064131940366158
4.636568709120798
4.201336542786751
4.190146293197307
4.458156669202333
4.3228840237402
4.340231251112712
4.4149745931704505
4.423563411243643
4.110823054993726
4.363843759971772
4.197501821531941
4.457432968976099
3.9156534804164806
4.34451198213128
3.9695727899840074
4.220524544577474
4.487335056443948
4.490814247421374
4.1343545673936655
4.041334266787417
4.253379919476231
4.379959947416956
4.54056785510506
3.957131937589068
4.505566877922901
4.644654912264034
4.179391154885531
3.9752068515913512
4.229267187057788
4.317673054903422
3.8966499001440584
4.213713700992825
4.24269280563409
4.076648744380634
4.024746951474255
4.15716934436223
4.002690673430708
4.260343307125659
4.290967427348269
4.191600264296591
4.547683807953669
3.876820133579079
3.942275031470598
4.2813910147494045
4.672572207673811
4.227961282290856
4.120707385525856
4.310502996140618
3.9913798922523074
4.372419499162777
4.404112287149152
4.412728211138397
4.431971180816389
3.88792876645549
4.403321005596595
4.120656042261835
4.285704660922775
4.603801590806703
4.245794158319754
4.273783825071287
3.8812466453495125
4.507967272868909
4.488905819565697
4.288881470945183
4.607923497622087
4.553898592940786
4.0956007511929595
4.629962053181677
4.257627997771095
4.544605764032176
4.460044956048484
4.265784384270502
4.176748991647981
4.1828025615810365
4.394748028181355
4.340099809455847
4.275676033054493
4.22255018341051
4.163795210534319
3.7941329530895898
4.172961162928423
4.135685361567976
4.6084534137617075
3.5851820671853574
4.346638608790345
4.054723788709738
4.309010509340073
4.136182010440809
4.259260461435767
4.437626862934275
4.847110465309955
4.084186756453837
4.32061124092232
4.171704435670765
4.6355795826290205
4.635945251526183
4.2058764044546555
4.897244653302916
3.904284248526443
4.384479040645109
3.910917527174196
4.6291603735643525
4.498175918779873
4.714788221245717
3.831678579285312
4.811445276566495
4.439656443814848
4.372152219045181
4.912225480811072
4.277570261647375
4.155850163119716
4.300062738843193
4.702498824526602
3.9909712599912037
3.8296565263303
4.427678328781627
4.549285355319693
4.412938952455573
4.8793008181789705
4.3495988730639805
4.807446080195023
4.739437221738923
4.69018730422674
4.373857320143704
4.335468868281547
4.468069469155842
4.45971817962095
4.544698471441309
4.222721917373878
4.37362939086402
4.979136234029459
4.216311363593451
4.526466925104764
3.682594545166228
3.8910372759102394
4.4236252143995864
4.1508271746021315
3.521284127232699
4.640297022797924
3.40986712953842
3.876425206816629
4.055172846738573
4.319783613926594
4.483317178046989
4.294800505503778
3.7966902799125792
4.264068373120976
4.0513593475263505
4.1598078612659
4.17501155428485
4.555628626090163
3.8678268971419314
4.6116960507972475
2.8933055330552238
3.434250751045342
4.46906176952792
4.256112828646213
3.925263335711175
4.505649965740112
3.5656226461356235
4.12594029180735
4.2814272971161
4.401946323884305
4.220236195694209
4.056972700269019
3.808350700838616
3.9236400959612183
3.902400238441299
3.6410482139946496
4.1941362142281635
4.131920982779253
4.3442829206554325
3.671876863932772
3.531944825170341
4.364383342557597
3.287688605202734
3.565523048600697
3.9930198395406915
3.9522881917943202
4.096967102745122
3.6706936551304343
3.6982360323039227
4.043192548648417
4.321810142796188
4.200318301346432
4.197055576970203
4.085856777958348
4.243700508849641
4.062436386568104
4.066009264553564
4.363229308110707
4.331100924685621
4.338542881257704
4.136589141294687
4.2053288340552735
4.322786279291967
4.268436987519008
4.097020470224614
4.430024287908696
4.179515208493909
4.075880047104365
4.814995064550391
4.603646240894083
4.385821933579299
4.215643228743589
4.577670180828001
4.774246521747698
4.359018736960509
4.728795125452686
4.296452428956481
4.373628546888237
4.691579792950598
4.644120036809911
4.665269680000081
4.74743758123506
4.6436330731477575
4.501004367066487
4.659913775067981
4.482092706880784
4.1746904012573625
4.332963469129448
4.271675190275308
4.070973574342229
4.272515250522005
4.1640472589706725
4.088791937421628
3.9510253392859482
4.467093281633025
4.397474054633561
4.39638490571858
4.013103085223623
4.302297392840344
4.347710568419789
4.443215511572324
4.129981112262668
3.6115197341922216
4.243552986029721
4.309268705204598
4.36422340579615
3.980074048521723
4.394675229906078
3.767798760892502
4.170083266461755
3.7809121111078605
4.2320550737041644
4.083687166106563
3.8482238600595147
4.52455597046526
4.496402772114215
4.6076310389924595
3.5291384307231395
4.38909056164607
4.4048743567161255
4.279922478149801
4.749018716199998
4.221498735404204
3.752609080222071
4.535195557582902
4.227845940557967
4.185493984519859
4.116100009470464
4.090505156601608
4.5162576925596625
3.617277251150413
4.299215091006962
4.06313081660588
4.234828724142022
4.435509684074119
4.588296436774426
4.720321394715589
4.567119933670739
4.5307705908147495
4.799514794500304
4.8414539173974696
4.604898789234415
4.898585957004045
4.907495486454406
4.5842920965771645
4.577594856585029
4.403220135634699
4.337891260765161
3.387099877904975
4.230205641008089
4.625185603961631
4.331545102707097
4.160425971067908
4.3082490062900956
4.662257589480438
4.085856508592007
4.437917025254618
4.8140289905757445
4.379344199488148
3.9757054691659586
4.410101618056279
3.9755047343194088
3.901073473081952
4.598335959744549
3.5422571698283023
3.587385876538886
4.437095704018418
4.096820499162378
4.117273851485686
4.345391507730104
3.8522540850371696
3.8116184472428527
4.533140899130366
3.8104231425250035
4.422820201854979
4.2043934267166385
4.227374564306374
4.107085528104583
3.977243200227673
3.20123087880465
4.30414063252683
4.328606887319534
4.154357224711515
4.53137306405622
4.5482378665067
4.49751516122905
4.393133790695875
4.4535853907075875
4.4178554211311685
4.312843797791891
4.228153013114347
4.584422238316764
4.219473773484386
3.574680639769642
4.906665992620322
3.7622329906591965
3.720324185088905
4.724642103755945
4.115866168311613
4.316360531592222
3.8190632180284894
4.045184578735105
3.8683274958521956
4.889802176633841
3.735708537191474
4.117872822956437
4.073541448450414
3.5788656476467855
4.660933284268809
4.176576652933347
4.627296391235905
4.556509739911164
4.5142064983340076
4.680982486628151
4.171052805181116
4.31128253287304
4.333282757536132
4.222123505740543
4.115488984729986
3.7965816679148
3.243929918570471
3.747384931778254
3.560067737248538
4.054286003113702
4.268075630081508
4.274548056958975
3.2769203820996333
4.305015333280857
4.41915333294478
3.808841030467169
3.4697650033367626
4.560193841368017
4.895337554086611
4.266605747564817
3.949045789798407
3.668931040033221
3.8706337146044447
4.2069396174360545
3.7338573106963686
4.1653399222120076
3.683882588141349
4.265450129020912
4.29084620210385
4.028374543698416
3.555424997122497
4.249780873426498
4.1487466574278695
4.054049425400459
4.3145023479025415
3.8020430350530283
3.4332510468090387
3.9074610775075973
4.055469401682443
4.46613580461464
4.304444244774052
4.4140854403007275
4.218877275690998
4.165282440461322
4.297646737611817
4.451501735621843
4.33779589129322
4.283233390958619
4.42662137455845
4.367592275293866
3.9697985416505492
4.308076863232055
4.356024844983752
4.020725618066429
3.8709406542081464
4.161730062440286
4.061994503532922
3.8020022253891854
3.6149050865981573
3.7998492034237974
4.272569105058818
4.487459483701812
4.429918497117607
4.623435784199721
4.4197482343764385
4.398267206178695
4.571806310496402
4.339559426228611
4.472373127809474
4.32672906240364
4.235084363000395
4.415951001712379
3.936730973877479
4.684282330078677
4.602057655609983
4.298248991076393
4.585415349775975
4.3806326079939035
3.8408126477051923
4.455591982293523
4.514132599485459
4.621097052894822
4.545502411220152
4.931645758676138
4.339893238705323
4.307172982877647
4.307000183902017
4.670790320091424
4.510540636840259
4.124671029381926
4.495869125488451
3.9352179526789617
4.414137419029532
4.1960229702813105
4.326388165175563
4.4196193885620465
4.064848417597426
3.761250675087804
4.269262233748579
4.170754188766978
4.458800272157619
4.160266537106813
4.662752222754227
4.018276921449477
4.160962818832792
4.756586455477742
4.192291135832125
4.508084114973103
4.766447235247592
4.354082163925738
4.384982072993215
4.072158683905263
4.272567621004379
3.9284260659629893
3.516117549625717
4.75218430504675
4.4513883367658735
4.2784656221842035
4.183955353941482
4.442772772694351
4.428980529196339
4.180655922950256
4.538525347066134
4.68860817127225
4.477029570163799
4.240709948377534
3.1141264379186957
3.454311528751031
3.5940886779881875
4.034802926339773
4.160135800173554
4.192304678183421
4.182189270663032
4.166470199890956
4.114339412610962
4.324345315500526
4.2565864760686045
3.3416154033861747
3.9560532257384313
4.330441632433141
2.77222413473822
3.990069143147316
3.7939032847011216
4.550787238700818
4.019335688122064
4.069150105764868
4.041013847460165
4.039527335222065
4.064865273126394
4.056507684811477
4.139933774960211
4.1029060696502215
4.039833844747664
4.430905959064416
4.342304808941729
4.346901833579427
4.275284399662355
4.266877175833126
4.462636390138106
4.0103047608906275
4.284644019926939
4.181065598299149
4.106603839622477
4.655898898275574
4.297407005972866
4.207449608774782
4.4857694547743625
4.49663213386608
3.986864224432714
3.998519127271918
4.393641593913538
4.509478908463741
4.353351210064322
3.9133851632210304
4.3473286329859375
4.024514350449284
4.29700903044619
4.113219632355926
4.069752499703171
3.2732908014069233
4.307969504861609
3.8894047326744294
4.290385976407874
4.4207679529982284
3.8981331611596097
3.5819438134982313
4.191208655854521
4.161554426930486
4.282696490178827
3.9376852261987048
4.407170383504298
4.378386753638004
3.49883692869718
3.9837300041142436
4.391054549894116
4.136263795669462
4.066597218846211
3.926451632494613
4.07976679149506
3.847452515800474
4.3199812940837665
4.307179433717684
3.8736645715562963
4.157671210638174
4.241847277817998
4.00372479065104
4.325091095235224
4.416059440394747
4.381083001804311
4.785763396015353
4.368644085499001
4.026015344285783
4.199039501901469
3.79530230860357
4.635832113869566
4.366932112998549
4.596927679712
4.5563357854309166
4.198747995639328
3.3688696062855863
4.138225523717818
4.238209121828335
3.9404438091528586
4.106953487506366
4.0707685990635225
3.8988169029683206
4.745327714548084
4.34055752764775
3.812290031683546
4.059433044217756
4.055848587347634
3.8460324767627756
4.445320267680607
4.886956244711373
3.616213726237889
4.49989929758916
4.019814716504269
3.7122234587617116
4.228445338703229
4.364042459861533
4.351298295787179
4.068963883881847
4.460916577995201
4.655125000727233
4.575297930679075
4.557578139809888
3.53978894865197
4.635061013969876
4.255199618500488
4.327260961703738
4.418207783574463
4.224617451475306
4.318094174947323
3.6721366118603194
3.9811718845888593
4.393096954269575
4.1419730400176045
3.164337151788377
4.348405421938918
4.236079470351252
4.476036434579648
4.203710880815487
4.805937085822096
4.2605498358551515
4.527493546820993
3.7057656549558446
4.044336057641016
4.3404620550992234
4.738582903086467
4.749546482649335
4.466090732107286
4.480576351093186
4.373199661269528
4.306356611466354
3.973783798524321
4.63757093166714
3.94741263643989
4.112769474088499
4.265099607872552
4.486905784166934
4.243205774768295
4.434887947253344
4.601392709971044
3.8460255461556727
4.4263709772858
4.072323894850838
4.286233581956269
4.596613372030966
3.9062364776353955
3.9216736037071254
3.960787055493981
4.680481931986639
4.090517442408634
4.728675590982861
4.630444194057684
4.314785466713401
4.464162305807944
4.327470999196478
4.169589066773968
4.088150620486933
4.250035922435045
4.410872472134963
4.078190020229831
4.501624228976899
4.18506570341404
4.218698024806893
4.417209305011649
4.265427953642311
4.3071002387803246
4.453746505613024
4.332025300783939
4.042490261252594
4.038331467484661
4.227761536765026
4.44577831447027
3.8530505064852876
4.428252843526501
3.9484904001975836
4.148766956087255
4.487335056443948
4.503597950291352
4.13197773952931
4.096184203754747
4.2345179011571
4.384856239568343
4.518521839409504
3.835126066701651
4.408864704827316
4.616422278770289
4.193487636519031
4.0549538814905555
4.244589983679518
4.302428704646923
3.7338943254950743
4.3040651123236575
4.239471554048411
3.9966366091455674
4.0631942547205995
4.186219429012854
3.9867878687252536
4.446780429172782
4.290959797953738
4.173053820672166
4.462350432592482
3.810326973517338
3.9743179330445972
4.306462671716149
4.290037888234206
4.293923562374024
4.094645939263327
4.207472508981983
3.824431918157699
4.403430978533677
4.588105592014728
4.4124104582155965
4.63416476207234
3.736466670285684
4.479241281041162
4.139044775975487
4.247953486310678
4.603801590806703
4.1846159454586145
4.30967144031023
4.073661721676766
4.434925327402661
4.505958533715942
4.363297048664099
4.664224190436524
4.48814134011825
4.291140572084277
4.719193309353312
4.279532967701124
4.365157271470157
4.510204270808066
4.393171849951292
4.3953811996392655
4.258612405232796
4.602984620782291
4.3465542517959115
4.299966674110225
4.255793914183588
4.181929339037418
3.7941329113166615
4.215348837252282
4.1481301139710975
4.562477331120872
3.717945089344465
4.5915311564690615
4.175807694092076
4.18706719992601
4.219306680450784
4.259322688684913
4.506804510501538
4.9517035747391835
4.136719656455472
4.297793394421851
4.070307637824768
4.625426066614286
4.5510044167805
4.0191806528424205
4.763503854696272
4.391027252316865
4.384396786235319
4.577929776633836
4.650321361588132
4.41001813523235
4.625483699199707
3.8778935852639176
4.969849218572497
4.475861804396768
4.390448956274954
4.9428960049787385
4.320945968520597
4.258518965216059
4.128199946795593
4.800413092247114
4.1394158533309335
3.889924308136573
4.427678328781627
4.549285355319693
4.3705084489876365
4.91752631002634
4.390103223019412
4.699983670609193
4.776989000444429
4.542942880158876
4.095339589767379
4.15830876717497
4.3433953451514995
4.408991807441214
4.2958518849715235
4.162667941719
4.311329452023304
4.885754798938603
4.199085585330288
4.373541039135848
3.660403512584109
3.9425783520814974
4.419661213767491
4.083465298616835
4.188766002408819
4.872985561981175
3.467730785791888
3.9868099530855634
3.893036947870197
4.319783613926594
4.3607881946265685
4.309794025160909
3.739250826219544
4.308451307708813
4.3252884162602445
3.8525298805299366
4.086542294211845
4.394023129187751
4.016836285075556
4.548745762342211
3.1858618097077427
3.376105897907734
4.5528117411003315
4.0673574351065085
3.8702793507875115
4.3687197851876824
3.578201086277135
3.9046229675454667
4.25043770681641
4.359413703697054
4.261906029397478
3.88924320991522
3.9554738172682375
3.76451613069415
3.7554668177890904
3.649602172061454
4.113448304466024
4.338694868704085
4.334559518376392
3.6750104773986108
3.394315163380402
4.314105362846121
3.2393570574212394
3.7544595563605507
3.859399417413429
4.111051856794621
4.084527480484861
3.775597813509118
3.7981722831658966
3.967824074971932
4.333303134632713
4.278603641201837
4.215063482555292
4.2221842795013735
4.185300912258093
3.9522425092813505
4.261671720465543
4.386673871527574
4.444585408022791
4.3082797958194226
4.038934457260368
4.177218893500981
4.298874114989516
4.281113728931162
4.069721328022399
4.378161297649287
4.144705766145869
4.1079689934505055
4.7814716172014515
4.606341583241051
4.327435013451818
4.106851304188455
4.565337364489965
4.8204963955175995
4.400599969935101
4.693838930585899
4.250407564156198
4.211556347600972
4.6419102342209815
4.593970215576239
4.836514270208831
4.686497166179316
4.513352573312883
4.382272681296369
4.657531083428379
4.482092706880784
4.019750421489367
4.2838667267880055
4.326873482437888
3.9963316976345453
4.196752260711179
4.227224600873369
4.061768865090887
4.473973157552784
4.467093281633025
4.417943040648411
4.750131437373795
4.105886986493396
4.176145178276153
4.604283294264629
4.478802792724384
4.061112957649996
3.631073428977901
4.198331861338286
4.298325981887286
4.403477858574845
3.926877865431101
4.404689561662089
3.8251531088954493
4.218076763620266
3.7721938178533376
4.24780842845138
4.153441941148023
3.857389054707882
4.435335536234252
4.602656145818497
4.562527391764948
4.12993614457033
4.38909067481909
4.181335281033748
4.1218668010808655
4.7472709390702255
4.172452611184246
3.765910494900568
4.535195557582902
4.271938596453024
4.035622511055948
4.167977119294857
3.593661689418636
4.44747033407994
3.690439924784031
4.337851561042203
4.036939307216627
3.937965528995967
4.431244633171428
4.390126861390453
4.577479833926233
4.80573627896988
4.342743029113833
4.897338909174891
4.883283896161156
4.529308037182645
4.97814567087798
4.956021020742897
4.494606857718286
4.467220925052202
4.353676347072157
4.308735324819397
3.514490887044696
4.339851934434666
4.572164022309332
4.30248467778433
3.9508486840706425
4.221641718499294
4.529167718034806
3.9796729366702905
4.397224152822558
4.8140289905757445
4.341772114358794
4.085075563702321
4.410101618056279
4.048381935178408
4.187998593235955
4.598335959744549
3.4551587342468917
3.641726553254051
4.5555380575353634
4.114093935694504
4.058819177285102
4.312014528203431
3.948251682580483
3.986871859184678
4.503465347506928
3.860844457637553
4.392787678914624
4.164959523486554
4.389270735529619
4.092588721961008
4.0180402466245155
3.3506873809070004
4.30414063252683
4.359323003701777
4.184332946330928
4.523506420809396
4.367732128027733
4.468730809237723
4.394278435802417
4.608758200846131
4.401550069580628
4.325741700320963
4.382423985789017
4.437646625495673
4.244960617823977
3.59696446860954
4.8514094128908525
3.6894618177684713
4.250104571683845
4.330508059474062
4.076693085355668
4.278565858842829
4.0003960706894635
4.096468009765876
3.571942283516649
4.472230002064737
3.7146003977788995
4.172689547905351
4.0622668152922135
3.7395768522555937
4.737351946818415
4.334908124175203
4.5400330173201215
4.702101070259847
4.521200592204561
4.46245782216863
4.110723472468834
4.31128253287304
4.229540055106355
4.38230201523106
4.097091988902079
4.114492208086174
3.1930015163834833
3.7333429487351335
3.7585283566284056
4.079174873549151
4.370787602543684
4.274548056958975
3.395410556496426
4.043571938225089
4.259373986993622
3.8254873344303313
3.5634786607494653
4.596199562530957
4.856344672629991
4.145095676787549
3.934671151607133
3.5013604445382307
3.8615315548382183
4.202394266138907
4.183517489710004
4.239228084368252
4.237294271807427
4.3374105469545
4.299556262328342
4.069837282832115
3.467529156901979
4.098565280696141
4.03965461061642
3.9575365029951284
4.153222610944457
3.8177780014075244
3.602098166269575
4.074703246118313
4.093624011436154
4.46613580461464
4.297051762840897
4.456854140532856
4.28338787908925
4.282463630122166
4.245492077426966
4.4300546171816695
4.380393354171328
4.093073990516547
4.26553243356604
4.400335800088948
3.984765548901395
4.343222194853297
4.0602054307313065
3.9712512394620374
3.877206543933444
4.126404426782491
4.049239635963511
3.7856171808848833
3.943586377068437
3.803146705399847
4.287093429851546
4.41129833190049
4.489006572588957
4.623435784199721
4.3978441470242835
4.396813254124447
4.617382452306969
4.339559426228611
4.397800806696898
4.3280641619965134
4.15790736727262
4.437339174671543
4.1721407394992385
4.2914791913519945
4.326104284810059
4.298248991076393
4.615795596789306
4.16521597731655
3.8408126477051923
4.601179546716529
4.514132599485459
4.520003588907695
4.559327698214267
4.825479200715854
4.356829760409109
4.233871918027186
4.032598718591052
4.555164952165734
4.517205800507954
4.134116734480777
4.494288333556152
3.8396817551246496
4.439709471180428
4.262646237985437
4.490097563441992
4.38807153809379
3.972049989694624
3.836005905753183
4.392340885610668
4.336053266839947
4.409577457325499
4.1123433867691945
4.67577648174788
4.376020895513651
4.160962818832792
4.753886126650838
4.230369421078343
4.528248561316922
4.767881315246649
4.33130676837023
4.348166831174912
4.072158683905263
4.047088184097106
4.330796229232826
3.4560754005311436
4.75218430504675
4.486382151906097
4.237307479956905
4.052932896188098
4.711853649958677
4.447586091570283
4.308835320468791
4.3408776103655375
4.523964707734565
4.415441825612382
4.365005863278888
3.3075828298334065
3.8635772606018954
3.4929075441530846
4.178027303468581
4.242413837394787
4.295057745684537
4.225216053185575
4.160537145327426
4.017480203649181
4.538719899050108
4.365894986078851
3.282808895535644
4.141681849766437
4.320060497734508
2.7956540608185336
4.114498915269458
3.754817272449278
4.550331974790611
3.6026006033647153
3.9328160209450576
4.014415751711698
3.995119000736511
4.106573228781184
4.043043646162189
3.8598917656744316
4.194506027030558
4.152541087133199
4.464763403863641
4.369525709755193
4.36988143384839
4.34097908771999
4.350516559713107
4.462636390138106
4.050919813334282
4.149965098096506
4.190641509887203
4.116875437125321
4.643804116148138
4.359736875696363
4.377484456450743
4.500593794564271
4.621900717376219
4.3398177951919354
3.8834057018299464
4.407575913167529
4.499314024103507
4.389847387123309
3.991433535487885
4.162470429853203
3.962136673964499
4.308172385733096
4.155549897054867
4.043411191172773
3.2478308516548084
4.294341143225988
4.035466697570028
4.1589798256812776
4.2962882509405915
4.002129286462809
4.101027871000723
4.179249294396644
4.078250990454454
4.252522078607509
4.0490478667381895
4.351980836648465
4.334860240332286
3.476225710310522
4.03864615446345
4.284741413314844
4.008600561826975
3.8036475528800135
4.018246913588455
4.019364373854119
3.8529882764156413
4.584041058179111
4.115374795031543
3.6781819586391333
4.0997372781173445
4.41383582848092
4.1070831622516115
4.246641967408772
4.559220771939034
4.585961656688797
4.910812797620367
4.374312548391153
4.107004611730458
4.603301746681533
3.83566265171617
4.597563217023251
4.316014220429791
4.624482343422262
4.500060832492235
4.30364585418898
3.3380936148230687
4.1017650949162405
4.236603412841362
4.342359191559886
3.7800724886563692
4.366127719465933
4.269067363057898
4.73346068340752
4.552365870204135
4.6112622307078
4.319850481298158
4.102998246282912
4.146670008679651
4.448711916385024
4.886956244711373
3.5084571320122215
4.446270779618628
3.8500617704337765
3.837230237734845
4.223149167571682
4.346273996584619
4.347150812460622
4.132528751654546
4.466659600641533
4.655125000727233
4.5839468086072
4.566305788850515
3.5797147516810175
4.578234152155494
4.303841804071681
4.385494905270102
4.3472821807573645
4.411647077495218
4.271094258747466
4.073003589792528
4.391600696277555
4.268645794927324
4.176128802659335
3.160210829304253
4.354259326119462
4.236079470351252
4.536772030862309
4.205213791795144
4.865115596487367
4.3020416715840035
4.515207687654861
3.931194223906842
4.016790728161624
4.222355659114643
4.730781261147534
4.468349681780418
4.446741192587615
4.628614447753698
4.373679207387971
4.334353316469302
3.8965015014533515
4.542377629702253
4.2766551753034125
4.1177734869389235
4.243352724169501
4.53566162395205
4.414485963027498
4.442187536024206
4.417288351524608
3.945565655697501
4.550825991321645
4.050316206609467
4.279521297104787
4.309371289553205
4.065798273444561
4.019067523937342
4.116869695854344
4.662664485214784
4.139857266293756
4.540039645553898
4.814199548392701
4.314785466713401
4.435610740961348
4.327470999196478
4.176013098615334
4.076925152601485
4.272276130853065
4.338777179459131
4.083812138293567
4.4533529469024025
3.763237588792619
4.105893779542446
4.3859214689288635
4.2356586725132255
4.307031179870945
4.38342983234877
4.097751982722521
4.034991685529392
4.079636038140142
4.1845851864808745
4.465199073563452
3.88312532496313
4.262812923413846
3.905838769596045
4.213212844502385
4.499202916403625
4.490814122807002
4.088520817931171
4.148125224010054
4.219006131212038
4.365515915792777
4.588011499530612
4.03783934610864
4.499844083104689
4.616422278770289
4.403089571524482
4.115878088327576
4.332808069756815
4.291335890766424
3.962022114813492
4.159953017490594
4.129005807812618
4.03777428674459
4.2892744188515906
4.204780047253423
3.919022946249833
4.5041441512212845
4.361500867742501
4.270886991187092
4.512456211213773
3.9656468547324724
4.027903788985216
4.28602469508068
3.8347851237699735
4.146977907204029
3.9477761893675756
4.232379422163797
3.968388812171715
4.356082040373016
4.4209437595810375
4.4009450182866585
4.665523244022551
3.807744460711639
4.474317353567463
4.092817532053298
4.2376907785582
4.72183252197954
4.190473287689937
4.240590728181909
3.949478112859232
4.492612327107581
4.58246647178637
4.224322994094845
4.67403658560709
4.42505293929737
4.184147130629768
4.6523339029032185
4.276672865613069
4.691201866044191
4.49100214743408
4.2881344082215165
4.398334863037055
4.3864095013842945
4.394748028181355
4.381271670628318
4.2384979617276946
4.171880126855662
4.147034166991979
3.794097905558462
4.216838226751041
4.12232526296825
4.5105481661733355
3.6738311372141386
4.33989840139653
4.050651593020367
4.309010365412682
4.199764723984359
4.259260461435767
4.453589408577867
4.860530946384212
4.14101892309199
4.353462271503718
4.237873987785005
4.553942949246761
4.525658960841738
4.205995494534917
4.715646719404777
4.047228668745591
4.318831649720535
3.88027807734463
4.648244137429027
4.400590740815835
4.633331814904594
3.8599938757374668
4.8147413201938125
4.611116635665695
4.441208701030986
4.863851574236264
4.296899017720399
4.129918163583756
4.3298929595118345
4.800413092247114
4.317620691265525
3.6524380900010547
4.427678328781627
4.5683710986645885
4.433230473612273
4.950192764496249
4.402933896896362
4.699983670609193
4.612635019743159
4.635493475901994
4.072220443106145
4.270422740629472
4.566792509031771
4.430132777251616
4.516825514117915
4.317837605725881
4.297383264410396
4.979136234029459
4.217160125346956
4.4820131478621805
3.753791472616572
4.51587189458093
4.390211458268811
4.186039688106929
4.182693460569312
4.695464796324254
3.7243274782119777
4.229561477245865
4.064082112642102
4.377525530289658
4.4866111191489475
4.084826168980904
4.0556546732339065
4.305557300420838
3.967452521881827
4.156463669223286
4.147993878153396
4.549521855461067
4.024891455798349
4.6116960507972475
2.9717310754443025
3.4187492582042847
4.444285962620801
4.091889554040133
3.8739196721509677
4.227080094696413
3.5670789604600532
4.076956356669651
4.319119162296239
4.502948762013176
4.244844003020211
3.9948604934290377
3.860362283964354
4.1915550627170255
3.825408764255399
4.050079274141069
4.222569716740932
4.486214397696584
4.31300835347872
3.9946584068993123
3.8452609262932502
4.62597715288029
4.21619201886322
4.511567882742552
4.039072040701747
4.205808906335674
4.0849350380416105
3.895767157551573
4.1098298073635515
4.075630750812885
4.330685476138697
4.296331675347111
4.196128866983448
4.197614556972851
4.231255864002398
3.8859996993856973
4.261671720465543
4.396158359650423
4.378347719119181
4.309950352832689
4.080054240418543
4.2044042522072615
4.272985258755604
4.250985840165458
3.8754849261638618
4.388644700080311
4.131811861980345
4.073972083011267
4.493225678642802
4.683687843225104
4.471274707760545
4.036309517880753
4.622036734135854
4.828315082519615
4.327062441502852
4.69459580876239
4.205651342814204
4.327368474622592
4.808569157027733
4.561316686411016
4.816823627459253
4.718715945254001
4.6441267242955035
4.421147997177492
4.626852195810793
4.482092706880784
4.147404274196943
3.9636570464063934
4.453762297405399
4.089938594069858
4.248165121356806
4.188267359481813
4.0663187680795305
3.932875634032235
4.467093281633025
4.414535576145768
4.52830969553704
4.047566242892829
4.2151046464521755
4.392235924438608
4.448266094832649
4.079001046356621
3.928212287216274
4.201110953441152
4.416339034657014
4.400811352483798
3.9705341907565015
4.369439745732903
3.9946405772798954
4.24288945006375
3.730632320567847
4.235753658338715
4.083967292072467
3.9375730249190477
4.6683559195254904
4.573706401811103
4.047842117605906
3.715597381653146
3.996945778702485
4.225742460802492
4.1665003858997585
4.532544412575932
4.1762015542783555
3.808536274176989
4.535195557582902
4.145767443363846
4.573014544719808
4.24925094237277
3.9093095167747207
4.542847577752637
4.223135937374444
4.22055667406661
4.11683129569676
4.082040741996237
4.453823172041193
4.130402161725563
4.605440026948594
4.780263256042364
4.481297797851578
4.907905641433901
4.843134233931092
4.408642329848318
4.810006594717539
4.872023993658846
4.506151216687871
4.611019415262022
4.398801352766273
4.25227761037772
3.5303316372763827
4.291981678053258
4.5737441919510395
4.3024845751375285
4.104049789071933
4.372463344850013
4.564439220048106
4.121126864315008
4.37289148843412
4.64735914032008
4.282903425283713
4.351146895612645
4.410582481916705
4.077017926020923
4.6448436507570765
4.598335959744549
3.4115121071000614
3.6273402072714216
4.347129010262199
4.209906539762256
3.982229016916028
4.307902039781822
3.9451860391315403
3.9783781404907126
4.472814561575817
3.8104367323840123
4.521432931270759
4.285156462517927
4.179170725426294
4.1494686743870846
3.9222070156936217
3.4952897737516264
4.482051967779017
4.328266339387909
4.169725567416874
4.534345531873866
4.565611066479054
4.459706846837363
4.4328580411494976
4.599209711745956
4.3642159716712285
4.31577309565405
4.294785128344696
4.50629000806684
4.220313029827947
3.672201447037176
4.554717982751473
4.447545250319061
4.164734111300816
4.26626806116838
4.080000405155696
4.2845293315475965
4.125740776379852
4.076919011517484
3.919698562193944
4.474729086441057
4.0789714954805785
4.333983539670086
4.007295772612752
3.751953797766319
4.515925883296195
4.178807465330706
4.635717863102851
4.6977600347939195
4.530912958203516
4.5126886505085375
4.207277068182824
4.311289447011834
4.319816730224819
4.2468389067979135
4.031932421351545
4.090936688355399
3.363418155425702
3.8320998409785756
3.7610584049451634
3.972094174107412
4.1097475810412885
4.274548056958975
3.397653887546814
4.31598300273806
4.359535174155294
3.702535796411672
3.7882843919498623
4.650435228946034
4.822131331734853
4.4154348569306805
3.931236111991855
3.2025463363489797
3.9853736573107237
4.263668514918437
3.759167334529101
4.135726782443004
4.265006996704929
4.197618863380337
4.241407105203422
4.06840241144651
3.5770125867164175
4.159593737693491
4.17791916757008
4.054049425400459
4.394699883055269
3.7869291941699306
3.7155848781573817
3.9821714523726333
4.104827873654747
4.444106751655941
4.304444244774052
4.397528070990216
4.275295947327831
4.284238582196934
4.328113212671956
4.437726948757389
4.3379585415117585
4.2411560493673734
4.172705067872207
4.3728173358496
3.908487036195754
4.276954795858733
4.5635839921724966
4.005204899521125
3.8736532886856856
4.094686934745994
4.067914987676075
3.7930702117069015
3.6148886357161993
3.8338348202504666
4.264631181901682
4.438332809357644
4.395136117230976
4.606294107514964
4.384464681045809
4.553863440853733
4.560173380953783
4.339559426228611
4.417304069011592
4.32672906240364
4.235079594628813
4.378764536517297
3.9531768412381068
4.604933395590819
4.602057655609983
4.298248991076393
4.629443934680696
4.346258657665469
3.8408126477051923
4.566500944654124
4.514132599485459
4.493145801851298
4.4899687551045915
4.731128623579652
4.372015984049822
4.324190559137571
4.198486396695199
4.545500023212167
4.414397628631037
4.099556301038052
4.404903364057368
3.9352179526789617
4.326013319622632
4.249343587311295
4.354827520084209
4.434354350807982
4.156659882302173
3.9887307558596445
4.387235314015854
4.171727242179406
4.353227823360773
4.21130514211044
4.671108836201998
4.313031448164267
4.160962818832792
4.756586455477742
4.0867293064334005
4.507270679907762
4.766447235247592
4.345231872103467
4.322760234265406
4.105169914063035
4.272567621004379
3.9284260659629893
3.476207111081688
4.76270169096151
4.510965133573855
4.286265137663705
4.090075398588894
3.9265596780227083
4.465805600453299
4.173973456466481
4.494708609678483
4.634427276145791
4.432457058226384
4.153694138657016
3.220339539105634
3.396221668292523
3.494335860396521
4.178089660543074
4.188247997461071
4.314507382524324
4.1961923088964355
4.262134421626158
3.98291679882856
4.43560582211334
4.145467593992402
3.191501720098346
4.107739253825688
4.278704703987993
2.9872913806410537
3.967949893236114
3.8013522801128308
4.550787238700818
3.5500592503551665
4.132595837452957
4.025098397390952
3.8792900447997587
4.080813220809865
4.059182673218677
4.034496212150319
4.238010479748223
4.052031290044745
4.505670638561274
4.225934117466679
4.365047120836059
4.281068703335188
4.357852380728841
4.453445452570791
4.050919813334282
4.322579610811799
4.197274266142118
4.294368267136781
4.640094384403277
4.371015352483706
4.239804762494412
4.265162270770035
4.560482643719882
4.3093977249192665
3.9985187952458388
4.46181587089891
4.5381683613302455
4.335014590776112
3.961212569315814
4.314347476777505
4.034881071406078
4.282197863033076
4.204136371146453
4.069944718509433
3.3092035462702647
4.427784751531167
3.897551935991701
4.239643374642873
4.31591382418474
3.9733691887922222
3.719239220563707
4.190079481622843
4.146860372935755
4.304744884993514
4.01931631105354
4.329781764211448
4.321343134857653
3.4425911550039
4.061660855712992
4.282645299679297
4.111352943117328
4.175463983725276
3.9757300762618724
4.056524676833246
3.9604251146146905
4.472896827768915
4.309311871587079
3.8481814413768305
4.124224135305891
4.479240250611262
3.855167695127845
4.530752125931076
4.578588337145902
4.46774973689117
4.766504998909353
4.3983201450284675
4.0916439706886845
4.227684808279299
3.79530230860357
4.577430718201395
4.356859768961153
4.618635846731429
4.6662683545352595
4.299338177838767
3.431948344729484
4.094544077974611
4.248398231805897
3.9488726197904853
4.106953487506366
4.030068377328978
3.922627598733553
4.821977270638719
4.401124240645624
3.9321023253305247
4.133397374723628
4.055848544843416
3.7331721425794906
4.508737808426098
4.886956244711373
3.6991963337447165
4.394531489625294
3.5979490403159033
3.612672443164411
4.228517579532697
4.322538823908207
4.35467493332979
4.084795769974773
4.486214188359702
4.655125000727233
4.647198991811235
4.558003240136426
3.5377482614167755
4.566153609492716
4.162788967181572
4.312486078708952
4.261331108540491
4.0890366669836045
4.3032896824513545
3.9830118498987384
3.8434264971904457
4.3038965572118295
4.114775314735754
3.154704153221638
4.348366798129104
4.236079470351252
4.447079083584743
4.108354140829791
4.697199338300018
4.428263376400569
4.563436255788993
3.9404008476942365
4.042603708245264
4.241238614086107
4.738582903086467
4.749546482649335
4.487009118989487
4.550749005854287
4.337263040488467
4.325084865574098
3.888300567960183
4.680436306374121
4.356826250530067
4.113931886069086
4.148351749165537
4.338956030832874
4.28323782897097
4.566911881853818
4.601392709971044
3.6125386321750947
4.461633611983292
4.079220620739283
4.281495556884691
4.434733501175941
3.8845416254377225
3.8135493039493102
4.057699555406679
4.660654870161048
4.074463079180698
4.535195456863712
4.585865649172256
4.31816581224877
4.481138045626829
4.3314960104761155
4.169265607176515
4.038783639395394
4.272276130853065
4.343592757919825
4.078190020229831
4.501624228976899
4.225001751594164
3.958544354189725
4.4077636992047555
4.230705979841939
4.366793801711567
4.378710574994034
4.3976406230907035
4.091658458520955
4.055492799237863
4.089037908335582
4.44577831447027
3.7819565846426846
4.36771735101295
3.960357505017144
4.151367156358355
4.511916628364009
4.2866539303542
3.947818229776234
4.17164650055932
4.007582713077555
4.402523836521457
4.518511587410603
3.9253982483670042
4.3617908724837084
4.648954314500973
4.0844068596420975
3.9776637613179613
4.234389824448305
4.299720502727287
3.744721341875553
4.308478800821901
4.2681242382653135
3.959879014583065
4.0541483467740385
4.173408731051633
3.9597537438328754
4.253355909129372
4.277133503722153
4.192324125545869
4.483619807492674
3.82810743446662
4.041924856484517
4.080746429607993
4.305838576219104
4.244711563439337
4.0082468508746425
4.205376581227475
3.9543838367221986
4.321607994202399
4.462376850126276
4.310524663397422
4.667304998098549
3.6307796750299146
4.462314848982784
4.141656149924968
4.187946643518208
4.704091522147712
4.247925756123283
4.269788246271701
4.171728205831404
4.434539088975338
4.57116571580097
4.3803773859179245
4.665162534769578
4.411923349095391
4.3433264731227625
4.723840797828719
4.471627145747144
4.488290058018254
4.432183426347532
4.405026656578459
4.406535237692836
4.234379669675047
4.317551847614602
4.3465542517959115
4.279638337932344
4.150544572827381
4.183561646287258
3.794132869543735
4.03107585653155
4.144094573250794
4.588277062828465
3.67533611596444
4.568762296206954
4.037309574159451
4.187083531598678
4.23118439118444
4.259322688684913
4.586139859516759
4.953361659315727
4.075916042165471
4.3307577097732715
4.334815001089113
4.521219948508799
4.551004530728707
4.066277663784563
4.8043653724569495
4.085092050489119
4.354812067505033
4.276221880298323
4.598740642943202
4.392702304673562
4.694333040977213
3.8778935852639176
4.965814910560885
4.465774431044325
4.332296529676254
4.912225618206408
4.294136782066243
4.154275288363754
4.3000625279234175
4.800413092247114
4.317620691265525
3.622795096599044
4.427678328781627
4.54469482331416
4.248711552247889
4.871642742829206
4.36583305442443
4.699983670609193
4.612562710511959
4.376148282972534
4.155985059568081
4.147023438676422
4.354475891971232
4.374311866810687
4.381650774843348
4.157620568268827
4.26642019898157
4.8930844103973445
4.253524665091151
4.524866267474363
3.757235329211585
3.8924341907146114
4.374211339861693
4.083421906435438
3.513087961269562
4.873051127090428
3.4832773203026486
4.0321540609503135
4.05388862406169
4.491503551599935
4.523414530617218
4.298701995636753
4.043560574671648
4.335808708171958
4.519033738022757
3.8700738636274545
4.1032162708072955
4.571565836439975
4.056810741264399
4.6116960507972475
3.0105405227433826
3.3898200186097283
4.517457608431571
4.071647979559498
3.8049692591186917
4.437731297872646
3.33040185302831
4.169703592875196
3.716785718864937
4.289893261837799
4.327499163913896
3.99498658702933
3.6216330064744966
3.964971427067575
3.7188593105590972
4.0582040516962365
4.453880043219256
4.4881799269066445
4.294780168385269
3.897866273230673
3.8088844842526433
4.5187325502416495
3.6390056552029524
4.102587001668635
3.948812641704213
3.9893693208135286
4.102076853360018
3.8497668028796292
3.765324005723394
4.022307693998697
4.313978325688687
4.278578007212734
4.390495138512977
4.2313909464683235
4.230370910051107
4.043065216663722
4.261671720465543
4.344148373034773
4.421372947219413
4.36431828418563
4.066497193184258
4.177218893500981
4.298913692473647
4.2223282207310255
4.05908764937117
4.40163551605184
4.158120640969413
4.115491428507484
4.7814716172014515
4.60610305156427
4.3171940297249565
4.115680058514112
4.565337364489965
4.82831536528194
4.401474039142007
4.694640266147921
4.294479541724395
4.285445647205557
4.69618178176176
4.6621720905420165
4.66133713532907
4.72237937447704
4.472720407574357
4.4381468346863056
4.674493293887151
4.482092706880784
4.141991839958191
4.283930622967205
4.44638302262116
3.9963316976345453
4.296960506723189
4.243314152277806
4.05647608850394
3.9018542709528816
4.467093281633025
4.330621261676869
4.579863561925079
4.11604948798543
4.177726953741643
4.604335704715955
4.481512910544505
4.0619911547373
3.62215178441844
4.232164212299919
4.309257261112801
4.393918284395503
3.9139148048296297
4.376786117976839
3.546147108078003
4.218065796365627
3.7721938178533376
4.309664599037337
4.120755892511944
4.035131930846443
4.547871980313239
4.572905110447709
4.468008843728728
3.7743776096289485
4.38909067481909
4.125284998465371
4.110934092169737
4.683492085125786
4.235312174583251
3.6713338389351384
4.564811160858877
4.263983861080792
4.697469584303397
4.120010179059079
3.671713428288335
4.592306610004732
3.7749311882339582
4.2787602678641266
4.011299141028852
4.171650247839953
4.426309525315333
4.234240760854754
4.651554565305913
4.581646892193829
4.321057745660148
4.851844768747917
4.835723592490074
4.489096214990762
4.882947222201177
4.902192108750004
4.494606857718286
4.533543400191727
4.407360525133862
4.285609568224183
3.3790712683245427
4.270965795402035
4.639128977773337
4.30248467778433
3.968345090377824
4.221290369339242
4.495622621339093
3.9799355682228086
4.395385128561951
4.810023008565416
4.1247215055223005
4.090993365674002
4.47647984608892
3.9749578020989498
4.356541935456441
4.598335959744549
3.5538245469906142
3.60122816881063
4.400013303144575
4.114141619410324
4.009346018656787
4.311860271382752
4.009573084292717
3.839123821317934
4.565925431809697
3.860844457637553
4.409162989435345
4.1492707844957994
4.309871095793529
4.143371916844288
4.020159348123132
3.3573497462799113
4.286212922220704
4.416278795169651
4.2187816935774185
4.626670431647552
4.4800267424499305
4.468730809237723
4.12406329715825
4.59957105142236
4.4798032069783496
4.363150382870105
4.361605965846602
4.435743051150982
4.222936444128346
3.7545633599804726
4.565281093843334
3.7024336026687443
4.254270576921158
4.26626806116838
4.295044829628355
4.218794403290103
4.012909171137435
4.283259311745293
4.003755086375473
4.476311947387712
3.7567906606081984
4.290020441823785
4.0112745018607985
3.84806346959155
4.712845577202766
4.34952094055579
4.484306035333329
4.702101070259847
4.09197285897657
4.536202307018075
3.8909520326800404
4.311289447011834
4.21736214602376
4.232606055407901
4.097091988902079
4.114492208086174
3.260219404189044
3.7389512876150865
3.6172225032036183
4.0663675100905605
4.359450843788839
4.3086853648799925
3.4522281115598874
4.246348926313109
4.263306108346392
3.7563706022012555
3.517302200768992
4.679338074353509
4.826230513531362
4.108424058218393
3.9981868800674656