4.594540715650361
4.214838021315409
4.033048824110816
4.152006182047582
4.002079885250759
4.797387029382733
3.940420708617195
4.443155023242352
4.467983343744961
4.99767532595501
3.4770783455384553
4.627304592361452
4.378259162683013
4.369370202942501
4.039628553912611
4.075889259716923
4.378786230426738
4.3001149877641796
3.9278432592706825
4.319553242319364
4.617228319835912
4.304938502102976
4.552018607522039
4.090460095495781
4.143869881333222
3.79207501662916
4.176970153195008
4.298633470950598
4.062653075309437
4.279106669309677
4.599843019295131
4.1916862615953026
4.724437705298504
4.162225949564759
4.2481517016480845
4.265403165089671
4.1316834062578796
4.119701445926111
3.8762019082903043
4.46339460934706
4.319342663342702
4.2554714486853555
4.144182110886077
4.460960419533441
4.106550862108281
3.50337135568748
4.779925240384443
4.534109163865734
4.689440990132091
4.376327469692274
4.214916812655996
4.395542077368265
4.36074140116331
4.32131975944168
4.096502312383869
4.311896640715241
4.093376573617953
3.8339271933986536
4.548061428424781
4.458701056718795
4.042852055676693
3.347146781987308
4.458309492751725
3.8589949718097705
4.316642209219538
3.8811213074532693
3.810901084048525
4.483766446891319
4.355888935010035
4.358189372569049
4.108152663189334
4.285698551450572
3.9718152833276306
4.503992806158372
4.29623909161981
3.948843041435781
4.005452769020936
2.9120824732198787
4.394577691226118
2.680177997656222
3.9618084709236916
4.833615628803538
4.2901474833791635
4.435287584794897
4.261293378099894
4.455645073775534
2.78880998185834
4.092447915316205
4.187979106240988
3.674605784453391
4.248444366938789
4.393223826874834
4.174335239539854
4.569199043189438
3.9709523335214447
4.37386991077871
3.61457515365351
4.510739480887159
4.331346457876286
3.8070049937444264
5.127518107275977
3.9774259090239164
3.933063894117966
4.3429722798663475
3.8650299537373503
4.12722376694387
4.318670000845505
2.9987246393869946
4.152983403804148
4.651586812310022
4.506059758745284
4.510978887870751
4.236626435097828
3.8873373838441703
4.357470444422155
4.081989141233081
4.070124994295728
4.3805502972775985
3.8691343612996425
4.196448008502689
3.953558648464247
4.300451466523925
4.620036859323955
4.078154709338616
4.238179967950249
4.279729088863563
4.294540401943377
4.266151102990151
4.582505829656146
4.383812468398794
4.1295172099419295
3.509805098751532
4.460267602527244
4.207699067785676
3.895800313930847
4.402263176227478
4.0803719511827365
4.5377210872920966
4.32863498464898
3.5893263155328983
3.79039201201443
4.3270434841691525
4.3250542004986015
4.200750543692051
4.222992091390797
4.06168667528754
4.326460075528524
3.68574212155771
4.032137018295369
4.004668156651103
4.171486520496985
3.971203134698711
4.181685906784878
4.1644651278770075
4.579467104184375
4.418481178386328
4.56982856691167
4.29925354522357
4.632333477595909
4.326399704777532
3.05973375908316
4.30112794884324
4.396228332778488
3.9504524082831427
4.342593114806804
4.037570916525499
4.388666605938975
4.486266064239668
4.52893913597197
3.4767403515332873
4.1553060347129485
4.29070962440564
4.410474491207893
3.8760283208768924
3.978749918406969
4.526357146809021
4.462914090692201
4.98350222893853
4.434484696229653
4.181272538101034
4.233761916169608
3.987214136228724
3.6978856311157853
4.8877395387161915
4.48620979767725
4.347414864786997
3.8606167361733537
4.13861316628998
3.1247135035729228
3.726629531401202
4.034116745424614
4.221324868992696
3.5163290752033958
4.032164627294943
3.2826511562167187
4.4032640119218165
4.420160763713975
4.4550855283508595
4.115096357219132
3.9666063470035704
4.504079319220059
3.546590060290371
4.60116901921079
3.486000671076519
4.37723220816232
4.477203948938525
4.241891219283673
4.105770208033771
4.143959062525855
4.0516416660329995
4.38606027050373
4.25008520666631
4.9768372125119384
3.983245132695174
4.467921315446475
3.9783811241283256
3.740316862068858
4.040888999170893
4.145081868068395
4.47630410855087
3.860153262776609
4.609913582925284
4.221491694415037
3.671077248569519
4.191077480840081
4.406159503860415
4.504773927067482
4.289243223374781
4.28507540798525
4.627438887904455
3.288107866607471
3.633382600373876
3.7917280711116796
4.53985461813351
3.701034809346311
4.138859483924152
3.931502402803753
3.8300739321407247
4.340042306341042
4.157332284330785
4.386789893780155
3.779749177577731
4.452742274166912
3.779861389007137
4.102787321181655
4.3140046918917525
4.072062614804804
4.295228887398782
3.90205719507649
4.363302650051363
4.171168653593618
3.9888963265197495
4.377275705547681
4.102805667552012
4.408883058964415
4.2431189389311195
4.565006996182311
4.250815602682481
4.143985097119693
4.465237718525779
4.458251378948466
4.023251712232853
4.52605752717765
4.055834728017785
4.15021298595943
4.00847032895075
3.347118240408736
3.562617756341875
3.7229670994191517
3.768972022036355
4.169713612480608
4.27721975121746
4.237247772035883
4.196448008502689
3.7348916673736277
4.232648451026101
4.403454026045661
4.265049212435324
4.403802442605606
4.32094006702868
4.160111199977314
3.9802207475856575
4.491462671601067
4.37126100014524
3.3417355244732434
3.4742754910309013
4.394435915906325
4.338081113030988
4.377439187468821
4.3012605666311154
4.160323828857655
4.037247158720374
3.621182320960045
4.202627314513171
4.079880346972626
4.013591841922258
4.1977907680467075
4.385273705924828
4.546363048569222
4.371944105855559
4.041119275743717
3.9944982666617834
4.060519981635723
4.189672318953044
4.458680075883834
3.982685175345476
4.289784947318537
4.599438089285135
4.1769697028150885
4.310265697890476
3.8809769516900894
4.047416985097438
3.931819192341612
4.441250909465081
3.9901893849044088
4.4755566224795444
3.7669309579009083
4.125722275617127
4.23359188083014
4.2865782950035385
4.3231656757388945
3.990772227365989
3.7150525443519653
3.704409174986743
4.297713029192668
4.179183234711225
4.40831642249416
4.317227202750971
3.761646306132411
4.213643651580885
4.453686032145054
4.40333127519999
4.146488111735304
4.543511249411282
3.7398243039703187
4.105983947414609
4.158429332669499
3.86945795547346
4.180457921680227
4.179826652816041
3.5991594206261635
4.199181146056963
4.355239383763935
4.328502132120612
4.444947432466076
3.4352897452560303
4.24609692973299
3.7719725630790535
4.039040139962804
3.781410788155029
4.461413688585564
4.4209312360889905
3.9182865245852505
3.717977487640582
4.103725938267005
4.390277866694607
3.8291960163569794
4.373452662109479
3.7977101835708447
4.0972406039088725
4.6006647217188466
4.173417761986837
4.187876034013867
4.379906375484397
4.032267448611616
4.231563291065978
3.9905116813189094
4.028893272208501
4.624007895485869
4.6969553793156145
3.765231181922704
4.4599222691399
4.043981953670187
3.4124885576102852
4.2941229996962225
4.117850930995746
3.3723392017655547
4.7234373366193605
4.383829660192183
4.557746727328264
4.09147176023272
4.366395087470294
3.904980584045819
4.197804063072308
4.095758855575413
3.50337135568748
4.136449339766926
3.9778076392826547
3.7157330841768452
4.539906661186421
3.8428509778888387
3.915169555099645
4.130315223922464
3.9337143938226617
3.882478017351679
3.974801554481261
4.5963574699443175
4.409730320851027
4.38202844926224
4.0795403051247074
4.315122618449687
4.224806587939185
4.423152396372927
4.167436674593187
3.5725937671454124
3.949055735623115
4.256685258514429
3.8989655891369788
4.316512690113794
4.579089955553322
4.506730355150063
4.14258610637252
4.122126226471252
4.3877903913317615
4.175210755913819
4.123096012501791
4.116807833366393
4.150281232731469
4.2577488411767135
3.464507126066426
3.775205789174942
4.279967038743057
4.084304876239154
3.8159220323529137
4.416776327648512
4.273087526568988
4.278570581608106
4.331478345253852
4.391411447367462
3.5829266374803934
4.346851012145436
4.846046700458357
4.403940628369661
4.5455002612460405
4.191204394545253
4.574640318398739
4.00049390160204
4.427618669656306
4.300966426944623
4.149615417531859
4.041138895059636
4.385496805412302
3.844065650492776
4.1187300857516105
4.257524402293347
4.411585567031527
4.585127560096291
3.949005830844462
3.5157132599501932
4.038691588389743
4.039898307081374
4.658244546033522
4.833653175011564
4.631134467037451
4.464169339962101
3.8352586401730493
3.8793646205254304
4.036060874672513
4.227795935875405
4.570285525395713
4.089427680244394
4.514065931195197
4.319867485170854
4.25953289296363
4.102909423579084
4.224487919319519
3.8808420949464164
4.799698222220473
4.655006887862014
4.496293247880573
4.172252265860844
4.2931386840710335
3.9225766490058254
4.995941822509583
3.771301371288387
4.1145023286013975
4.012625551716868
4.177211920665371
4.323263736639271
4.069879967269409
4.631975157147106
4.669170678604409
4.263761726911489
3.597678384657879
4.149090979697521
4.3961072348062835
4.223657426245159
4.3539665956800055
4.154485318648252
4.594801985025369
4.365368943034742
4.083421702644327
4.596659967411925
4.262294771718759
3.862307277175051
4.3712172825080975
4.304620863851547
4.000864062912316
4.350150015444254
4.95322266945303
4.165483748136805
3.863712851697568
3.786199768923409
3.992418115294633
4.239437394808969
3.7459918132899395
3.9218253808683388
4.861117036853475
4.2520254920230265
3.571528399836614
3.622111492403531
3.986234372436316
4.256627030488925
4.128613953043697
3.9966935846255662
3.930793077462756
4.309085661965606
3.288895609926807
4.296784835543667
3.771927185515767
4.106197906440414
4.101317869731666
3.6106236362696045
4.047149529191076
3.928064660078282
3.483500416622631
3.7947014229405935
4.085992459781452
3.3206104472772315
4.343245514674633
4.118661137546319
3.973481101576205
3.981889865370773
3.903568422268931
4.141525014225763
3.3699815765044168
4.061872571134277
3.778459709548338
3.934327804517906
4.200184853805745
4.123012999051153
3.742104266879889
4.057804018559206
4.531776172869432
3.9830481876819905
3.9542481869016664
4.009720993114897
4.2594032636992605
4.351987448415625
4.117291898817664
3.68034000994935
4.049287483205135
3.5618434907871848
3.295272980685808
3.7119165852988996
3.9133563272965626
4.213368418336506
4.116979007800884
3.976146696781043
4.282927909690987
4.2735670092787625
4.267778377930348
4.293060236155333
4.419413289576193
3.8049482442290197
4.140785827309345
3.7807285040732417
4.094909869993305
3.4978788774824814
3.8731203510904435
4.121430928350631
4.220473402916243
3.8324882275200745
4.033774773608169
4.054513803892368
3.5736523119212693
3.699743041325672
4.233074584482537
3.988159848808916
3.8202759071701182
4.119029949626961
3.9236865101670806
4.106781025491644
3.699090392215707
4.195802036691429
4.185318308757307
3.424007805389892
3.8654445772522825
3.591075095988976
4.019918586332469
4.184854548023498
4.070432765478581
4.003905124116541
4.248848998195228
4.37885521905689
3.9056343079191804
3.680797712023389
3.64614483242402
3.81546411522719
3.5862405611004107
4.5178185158383615
4.170933241316946
4.292593084728644
4.025750179514633
3.9067816045051718
3.5045141320248696
4.2077987944544235
3.6773048031080586
3.8428492908124756
4.0508183178409904
4.048529442516221
3.9633872509301415
3.562368077848936
4.0783589447212565
3.6524571063003615
4.208955903839227
3.9195964515287676
4.254941427449315
4.382552750962503
4.200040265632538
3.7974346485378985
3.877621419416182
4.544861087132347
4.573766971309096
4.158821465170907
3.9709135093986223
3.9961379199590317
3.8485881604079997
3.899549475492127
4.354097863634632
4.264132679885711
4.131696583781159
4.034712082017066
4.426105459807916
3.265675920460872
3.956133900784017
4.101987722991595
3.504121059425878
4.0894541824046
3.3886848872707844
4.264451810665938
4.404518627924644
4.207680908095358
3.9801515954667224
3.8905097669554745
4.17082736453604
3.6768115981960663
4.1750194823396996
4.1304633174199274
2.694741470149388
4.3516365227073965
3.237394363502074
3.802337835386887
3.9186521085419095
2.847343576741976
3.6783367544310335
3.644916682194286
4.256461917111703
3.9574782502482893
4.030151218591688
3.735958617314199
3.832060700136327
4.543932892034615
3.8452622915754344
4.477435229551182
4.071101013221236
4.063877326580514
3.432173677009147
3.4127224012019353
3.9090022312899357
3.6012047640939704
3.8874555997152127
3.393943609191295
3.823077350825765
3.4018838973154697
3.982388665625991
3.715223463541906
4.043425850934874
3.9762911040030016
4.254416435421872
4.115487534983277
4.457883758228503
4.069838001698299
4.18725978781829
2.756655212870118
3.9897777419893714
3.7438455611949895
4.2544888435510835
4.01699657768622
4.224380229176443
3.646998413437835
4.043661177524028
3.4304174519306985
3.641832639226412
3.6376285169909615
3.9748895135085682
4.1580275868089025
4.013024108514679
4.047784138101856
4.2385501470715505
4.280425543518181
4.088299140768256
3.6745150021669826
3.943602883041864
4.492117010998161
3.7985179312730315
4.240433244223369
4.15682559754744
4.608684455253034
3.6105457797072216
3.5685843159742685
4.130715673342907
4.2484033299396256
2.708157996650904
3.991119940398169
3.7566453466426744
4.465995831895322
3.737113442145099
4.039932161610626
3.6614026840963594
4.066540612605167
4.087378977582066
4.147735518960108
4.3984092721330414
4.0916943270784625
4.151126592114266
3.8520206692915093
4.023133807588156
4.216419539308907
4.478292957962934
3.1347352905972565
3.521622602994552
4.239396796323639
3.638738433853084
3.9062557112845813
4.394909802239705
4.184070429034299
3.8698376276488866
4.001417549811836
3.506168795106632
3.808574286251772
4.364162356567648
4.15047403876638
4.119306928278114
4.367308287886267
3.926710020854249
4.068584154536267
4.13195504238425
3.7303141331350185
4.098856541406556
4.266435107417964
3.949187268167976
3.7850489654612884
4.223669170159978
3.9850753022061682
3.5421521872644535
3.9700020831135716
3.871234251520606
3.6723228592296406
4.385045159234437
3.3889041590571014
4.652507066234324
4.287953214140773
4.211643611611498
3.6693531264510417
2.3567006241391955
4.018270892956892
4.109903235006346
3.7079238535290138
3.9415895512590136
4.0359970050520015
3.8082893478464097
4.188310690809877
3.7144040775029223
4.303936834191632
4.253938305907553
3.73203267647395
4.145541132444669
3.9962333945236743
3.924666573760205
4.347427547032117
3.6734810824740833
3.336410310260867
3.634888997907635
4.01103688776778
4.00103688882913
4.2825056291477495
4.310429469353843
3.8289092750114224
4.059058126106534
4.135308220071284
4.468724511570613
3.5796060462067536
4.356029043275398
4.408844448964409
4.3512271983063595
4.519647295768747
3.750529484094038
4.084875103171415
4.229538189929338
3.9709387026759284
4.254138816445979
3.6073615356777182
4.11045545252985
3.7621619038380354
4.125390485726745
3.5209978053021986
4.188989772020239
3.899311334968293
3.4542074107978062
4.162988816630913
4.248369295173914
4.291091428532867
3.643324711388154
4.298140036393774
4.237215345083366
4.554636359677881
4.361297277928928
3.6407915233229393
3.570988838085449
3.8753837641927458
4.335416804570475
4.306788568568129
3.824337124816695
3.8179052622402563
3.8466331078564524
3.671243835913227
3.985035081162992
4.121151700314016
4.028794900147269
4.3422646380883
3.5474419646640736
3.660093350352538
3.6684820099634283
4.145324944721421
4.353687247632871
3.5944850671968487
3.731876966910832
3.9316344364514277
3.6404259329248507
3.517997066405954
4.141661995214777
3.2596504928409864
3.4863031097218045
4.139136329402134
4.259930359350221
3.502811437975331
3.7240314291840395
4.029762897692974
4.330307548986363
3.744506655066931
3.519674769922826
3.856029550675072
3.9081969143434243
4.119016966875881
3.3257575948132114
4.002621291124139
3.9914946058275653
3.9010056086642444
4.165179924536354
4.261973906293294
3.2194622884904023
4.569960197453373
4.139718523488322
4.154719827644656
4.033960138460796
3.9177036951641537
4.315713488453451
4.237243761960562
3.5828232044561243
4.27188810682231
3.9498080100400252
4.153764425401703
3.630792126797072
4.444991402559448
3.599042170643324
4.170340092440885
3.434272926265229
4.1504870032799435
3.604471245422804
3.981337617364318
4.117673886792866
4.376512869923845
4.406046239318529
4.153583749579404
4.141162182716117
3.9837848051820357
4.246159320932566
4.0877750614760355
3.587941333459008
3.9210099827145335
3.7973186212009233
3.7482796485246674
3.676856922859266
3.716128740220707
3.5817393282185943
3.6597556261829665
3.947739144710332
3.7538488795064158
3.8969780009830104
4.191880832661358
4.291804078985113
4.075100829316215
3.818614170083098
4.1862666971798825
4.301525011970595
4.350540659111427
4.262200564060262
3.7156974736420785
3.7594083689812523
4.275715510459438
4.385530395956505
3.8726416763903906
4.009793460143327
4.624483128477238
4.3947160718703495
4.236815213941458
4.022197606766084
3.905432646949711
4.2084978817628595
3.6814010896435003
4.232031295109767
3.7202548154191755
3.9335347179999767
4.0859032630452194
4.166284191257774
4.071194968972202
3.5810264357982327
4.627509219317689
4.306439728429011
4.405314410631117
3.8572184345584564
3.8250497135359036
4.185712827070154
4.020470804008086
4.151204050790695
3.9735875557874483
4.531434460015644
3.3387584753085626
3.880132778287172
3.903014472436327
4.063903189757335
3.357757618224319
4.489851766555623
3.319179050057504
4.154897955956778
3.953654335257675
4.0523700526788256
3.73541931389663
4.473717469017708
4.233291569455115
3.760521779239884
4.006562620928241
4.1791371427728565
4.332982075822764
3.875683482413819
4.260079429362975
3.9586001893378455
4.185647767241082
4.071319032253827
3.843601409808639
3.370747448777449
3.7945940361404933
4.338200231719913
3.6466044354833302
3.9288203616896826
4.284775096992588
3.9039284219087405
4.28292719443525
4.166228574947695
4.063759386263195
4.149491561198817
4.051177460952065
3.9785891033693623
3.073105343690262
4.29203674384587
4.363908549236812
4.124562310426834
3.244215370746004
4.105945595058578
4.309918699929049
3.8844811313832537
4.0258201847503745
4.332420484816623
4.072354791880345
4.338403114246962
4.129251022017288
4.191836512044831
5.435272401979729
4.125757645209539
3.6165132146842813
3.7212883757220814
3.8973715402035984
3.4178264580948214
4.318928682698749
4.356149109928605
4.091415078884438
4.080996695744828
4.439056579301598
3.8660057664586893
4.169715589237589
3.7210742081604344
4.284994555688475
4.023738688325941
3.748924191727342
2.663133724157393
4.268726047358074
4.151372551403582
4.170734567733311
3.539763274899447
3.6989381411146125
3.6472309471445494
2.899348860597441
4.869920293971391
3.5485403664231967
3.7191504880470294
4.042938327110863
2.59217140408469
3.9540452223846847
4.422163134630418
4.345178761358325
4.0404216385404315
3.731080231232024
4.003290169297908
3.9929855446878757
3.923465916425988
3.522171813257435
3.4404527722469442
4.09999724875272
4.13759661868629
2.710002968262332
3.951174999840392
4.2064477491192385
4.139955018858837
4.584228097209077
4.174477271008899
3.7127006575396706
4.217435837164623
3.5993057734737812
3.9197013308200352
3.8448089714698153
4.171427925714321
3.514020344878655
4.015678799528105
4.125163353896183
3.1593148290519055
3.8052256845935597
3.618902095388048
3.8618761851058396
3.8107209926743515
3.9621850704761217
3.80139747197758
3.5791649489260777
4.196097226317696
3.701789921038273
3.827593240589767
2.9676164465914034
3.451834811064021
4.298769644034647
3.871429314621465
3.5210683386911503
3.656316286045452
4.169771526176283
3.2429904410173984
2.6385888623362344
4.126186703668594
4.423367048710948
4.146070578777714
3.4678944020522424
4.211413897486826
3.6756482866831224
3.7300483339910793
3.8490424957327796
2.745095477637933
4.111769171646864
3.801980769261006
4.438812407781886
4.869920293971391
4.075095015304733
3.70426330126796
3.9289655737605162
3.730832768037022
4.002185321988142
3.9501820390563642
3.842482953168129
3.5416727342924523
3.2226677895103872
3.74271681026213
4.465961687088397
3.8730901432746174
4.51272178115133
3.7221920125661323
3.2644094225546096
3.872997475535567
3.56735283276765
4.092676391755086
4.179792960161633
4.107144064553036
3.936530304814905
4.383073550827103
3.1411095314644646
3.2840646795259447
4.4342433965486485
4.182842540861227
4.039320303954426
3.542117016581583
4.2093285197557115
3.652409371478196
4.283381500064501
4.066195438526604
3.9905001208742066
3.8637167689821523
3.9492812957316925
3.6927638350895764
3.515412051673048
4.31621088039404
4.210064583148519
3.9766725374853182
3.8382383879784507
3.6934084399060954
4.274559147608876
4.096282374941689
3.2339680046049124
3.862998382660688
4.082140669616477
2.9566651922831686
3.6290377143166648
3.6039848697996333
3.346747852393441
3.6070246618290844
3.9734505269108276
3.667492234042161
4.123664016072025
3.6681934684858937
2.969763026378284
3.93050726188681
4.260065863166082
3.105813124271361
3.8453687530629015
2.9182056727697163
4.350436285421901
3.310554708772174
3.6258622709086015
4.1297200808124614
4.173383688821376
3.1593148290519055
3.915888561716975
3.6239121350434678
3.257414472592413
3.8856361499507432
2.8393978841030534
3.6472404990894978
3.060111573744662
4.749759117625665
3.770884751678385
3.915070984151093
3.7058947890269875
4.275685533709228
3.8625502711312745
4.08206087537196
4.177346137561906
3.230029126723088
4.230321846827813
3.913812369430561
3.3432804580484365
3.9560711754523794
4.18075987134765
4.149710660339345
3.9137738948032226
4.0154135397772155
4.181890054166949
3.247577959084378
4.615794859749149
3.94583735456709
3.8397732444832293
3.818235159981791
3.788813885208857
3.951119926906668
4.17684700318692
4.148612682397311
4.2048906238994554
4.184968918000484
4.39446990320846
4.0462703280358046
3.73105043047981
2.847910347759709
3.2348807352191598
3.2669862107952543
4.049313592875328
4.297962318753766
3.9845978635409267
3.979734357536835
4.018539675082764
3.6819069345817494
3.742709868811435
4.162268109342106
4.025384704537414
3.518772927510197
4.540964986505765
3.8693918765362803
3.7465876931492343
3.335819794475017
4.309284405810232
3.0174237537622055
3.393519924225626
4.252039980935627
4.240168871128075
4.31317769457497
3.7224714872702576
3.865649086401504
4.392629577748962
3.656287405732775
4.23517702240642
3.215550710224936
3.7240641221869932
2.7885351664804396
4.019648014914223
4.062116051421226
4.070353246675392
4.231114289724971
3.7004709726486054
3.8781012490183295
4.20672521521142
3.835577574380941
3.9131927945505858
3.730567875764578
3.975259064629928
2.8378177606442416
3.9586210524190033
3.4286521661481197
4.438053655101498
3.270179263997412
4.228469808423996
3.7064983955630684
3.668411767678868
3.3105602091725306
3.9109487071823184
3.9176120974317037
4.217684628438827
4.347017988957263
3.6139605454168047
3.6359485855587232
3.670044912917155
4.40807300498702
3.267059208568524
4.327014035819172
4.25240800148686
3.8034465211722237
4.085634345183278
3.8746803423006484
4.4342433965486485
4.3280472655224065
3.9218254337751244
4.2925613608626
4.100209871447129
3.8241406042654815
3.900980836000646
3.4024502385640707
2.9799197099096957
3.8700893405675427
4.20679903965123
3.5434173401116835
3.697684122857228
3.8257698233288124
3.9831524336945385
4.376752349324818
4.205254844114989
4.2601322656627225
4.326298483041223
3.6913809404354807
3.4564206068123213
4.305993270534559
4.3258960388149905
3.669923131560167
3.746281036564092
4.452363395034364
3.8495978127810595
3.783155665919857
4.0006420060918515
4.412948426651695
4.28267632824575
3.541827134435242
4.004819965373816
4.147714133583861
4.367944755239125
3.2858848456412284
4.152426168859835
4.113004034850471
4.023940403258702
4.279817674208523
3.759847625748767
3.999475792191034
3.2353139129462107
4.217082591446026
4.100949591677495
3.6358552412237524
4.08882598162586
3.356914008630199
3.6992468692620157
2.868696756282998
4.095391434703863
3.415226815178908
4.459336590506876
4.051236760537029
3.944159159967639
3.8515351274398832
4.220164857534548
4.009500511672837
3.8112881873430924
3.923522250083889
3.966340180742583
4.491744150617018
3.5524517798157484
3.8798436413954316
3.256537884320691
3.9741553092293236
3.640704008487459
3.8911901221137746
4.363442404185577
3.65171812795415
3.982192397692181
2.9714851499678887
4.260689659954437
3.863292193685991
3.833234933693571
3.74374456330174
3.6931099722752783
3.8454523562817213
4.426400119014341
3.533571579521836
3.8582291747683275
3.4272816937569126
3.2291396075284204
3.0638324325330073
3.8679424920772827
3.7320308419754467
4.022866162811842
4.249001035301289
3.9865379615333527
3.769617409267873
4.038559988711821
3.9033220127506447
3.846536351521425
4.292075514710492
3.979503838895999
3.773374617151968
3.354284432004622
3.911351449477106
3.3079911038519008
4.155278221196646
3.6215045218466253
3.998263628761542
3.6961290445140462
3.836216333049787
3.729105011704783
4.191231345251428
3.6753954575784453
3.914075433656741
3.841673278931356
3.7593515727679536
4.387139426797212
4.464282387015753
4.318673310881774
4.024677590014825
3.983325659548885
3.2876885718369424
3.971923394403565
3.9548916452669816
3.8678383775791327
3.991939456013678
3.686903969631282
3.221176587820934
2.7433392628324373
3.8448775668209603
3.2095989244419973
3.8013521832933073
3.119942108762915
3.0906639895128007
4.172307525294093
4.054659007002577
3.735178942184322
3.6446126179251603
3.6484368596475854
3.2917069208766985
3.962648270954907
4.150116558286034
3.2182162869575888
4.292297745665691
4.118853002294846
4.229448220223567
3.716159289605686
3.6368352972967677
3.909597238803438
3.5424963897061295
4.067454463965063
3.94088422934556
3.622065734867361
3.4191202506195957
3.8155045546111817
3.6804964939449905
3.667120508936683
3.9476141368554067
4.025374579969179
3.916739799258151
3.5325529855742683
4.321757767877239
3.8701510258780867
4.11870587777971
4.002655860616664
3.828872761313629
3.8924369269887853
4.222333880396333
3.8760987787756926
4.269181638860372
4.359240126720599
3.9358541435387804
4.0606839999695605
3.821803756237635
3.4832000237891165
4.383195884912156
3.4455373965904963
4.105330792787408
3.7049185703588847
3.608476022180652
4.469647254005948
4.328419366387788
3.6737754887562293
3.4900235673507707
3.4856893598686627
3.9996287448350776
3.139941016975299
4.25230606898225
3.5620559949979858
3.9403725178532905
3.6188721787468534
4.452579934371833
3.578281047271913
4.295269523780832
3.8299021193114884
3.9434432605455294
4.34294859083291
4.0923942805930515
2.4235083343887416
4.421807563499054
2.9744676252912514
4.229987035122199
4.126064031381112
4.196097226317696
4.31160856316851
4.0157740478471755
4.14333487455783
4.109489591821296
3.7124523858793195
3.716159289605686
3.4590233560427786
3.167529489962396
3.9941226220601607
4.123925951180716
4.263501792644218
4.166089210061524
4.484193048551567
3.5850774220090944
3.9770738843822944
3.8647860312082485
3.9742167436555347
3.4829166629098145
3.329734293580863
5.43656333595111
4.314816883784994
4.3190830253038
3.7950462606632933
2.410311510293871
3.6281201058939327
4.126288817873149
4.076029792661776
3.941082064148045
4.21733591094141
3.7587461174948853
3.915089217234979
4.118140100067797
4.335657226686424
4.463679005831677
3.8659271962818433
3.990554478851366
4.142458922434283
3.9851889274787844
3.288545241607487
3.375676073464719
3.850879367197258
2.7330008477980616
2.2030985355377197
4.0510976976691655
4.150421820025593
3.754942132694927
4.111813755715499
4.1003714706910195
3.690797211894111
4.076919295865396
3.5573717540223555
3.4239747218024505
4.039388679556728
4.014716195714748
4.095880029162787
3.768740549491055
3.826866820795402
4.127837654247701
3.973613634387645
3.2873291056495493
4.239794237939965
3.6564092462686224
4.274319003434688
3.7924409944003674
3.648291626377916
2.9292493435586624
4.2126629329512815
4.500819353679725
4.161802093932381
4.298452885683977
4.26836427701948
4.025091404737787
4.244441401309693
4.4902013096229645
4.282282373579299
4.017718741501138
3.557242339360161
4.382703738471237
4.647869145624551
4.01797350742502
4.494400455463411
3.9936594835357173
4.114015893664524
4.467676155388621
4.161704501137592
3.1609384680046215
3.988936428305111
4.296874037959425
3.892123686414621
3.9214254256585512
4.5093597549661535
3.8984343037772438
3.9220194422068477
4.250400680885445
3.177728688535737
3.881503600031964
4.029800003713156
3.7186442406715017
4.089422572026534
3.841643383950016
4.2716776354702155
4.21290846220191
4.5532025580868325
4.2465601104628385
4.346876407765023
4.143154681954948
4.546013164001161
4.171816911657449
4.317018456274299
4.314828856550995
4.161527357964841
4.213187056057588
3.9301534084578202
3.940873727940483
4.5440505545337375
4.060342756941221
4.104642738199884
4.206780123185543
4.252717290775855
4.264578925733241
4.272747537812458
3.996214623986713
3.711337101598603
4.062168159648468
3.7331871577669107
4.194698010517723
3.862336946207088
3.8469087759803253
4.098129990907511
4.248328171738353
4.344959581916318
3.965704339904589
4.601424501568232
4.077602028600877
4.2490681804367085
4.105188984909378
3.737546448602547
4.163706409364973
3.7332353533240097
4.2395456549166965
3.933365709804306
4.535623932212253
3.5368602692228417
4.201733988668811
3.6549352133525153
4.424911946988297
3.9715496731891653
3.8153735013465937
4.3350007767634064
4.440141921603836
4.0375909487578445
3.725127911964866
3.8582384878746883
4.0062093721989385
4.42331518779224
4.351387637574575
4.221564379065875
3.2158616915586995
4.12604360093727
3.1123855933985434
4.0144309562951195
3.9788983393352826
4.077289375300544
4.3086239354123474
4.198143128056142
4.068827334144663
3.3478780747815264
4.000956998308275
4.231485878072149
3.959009328091727
3.43511686007758
3.344302196317915
3.9377717263488115
4.388497967764202
4.290206915883206
3.8600713075181936
3.9545283823408575
4.328743647043391
4.136990527497657
4.575198052514442
3.606055159741102
3.928139091908914
4.207817800670485
4.137368246774706
3.708176785728573
3.726763143472177
3.976599172688447
3.894454031541433
4.286297199613111
4.299254793088555
4.527666871584411
3.8026328398018037
3.883851411724672
4.024348259634915
3.9741353065031433
3.9700577723522743
4.485931147805871
4.246945696532589
4.483511406783098
3.916712914452818
3.766223694572304
4.178078070463857
3.89763712221597
3.8228791912219586
3.667035642549098
4.230601726858879
4.222099804205319
3.640957356556047
4.215364420427587
4.268880123582717
4.513442020278218
4.041309275741078
3.7919276818531613
4.007435405062928
4.705314026535212
4.020620406827649
4.072200640041742
4.261820074720912
3.660997115667749
4.4128584479412
3.843484839268915
3.9973737915044656
4.695455836047789
3.4640416872332267
3.989009904537416
4.143640711825273
3.5942763994620144
4.245560082348472
4.090918059534925
4.735629885250379
3.99829924641193
4.350731200638131
3.8171625017400355
3.866272721558463
4.314759216209697
3.942923007354449
4.09132659951819
3.864994587410626
4.088946497899212
4.012204465515303
3.666476251945082
4.295631153826763
4.152441911063697
4.010386175800695
4.250672736906272
4.360735155882143
4.076916178210982
4.287519047918128
4.276226902900864
4.30324759666236
4.239702995049332
3.467236032637468
4.217870340056116
3.752922158113413
3.680459614895824
4.180339714221527
3.9647463593438887
4.35404987274431
4.045651542675394
3.5260107240021568
4.2050824293701154
3.227021630256002
4.331856921399872
4.131992720661547
4.331216928024318
4.505017370172263
3.968789982268559
4.564081034762257
4.5196911234909924
3.704115082131686
4.164800306507231
4.381674197502376
4.066528319269235
3.881963519027412
3.9100976521346222
3.857039373566229
3.731932263266032
4.605241832954427
4.375529361760542
3.8863251441769906
4.110637965123014
4.211925455562032
4.2665767451910686
4.101735784798096
3.758366310010379
3.8702860508419734
4.2435050970617425
4.007946712794734
4.371408582081518
3.944484544636502
4.4729671063243615
4.263151707459276
4.264938402520998
3.588331247668059
3.9059916398185077
4.373178103702764
4.3627179507320815
4.416588333826166
3.993259035276065
4.159614681875123
4.453886645133629
4.0528575991494815
3.897397679207371
3.9849805674745618
4.535039485597787
4.179702325148687
4.353406175115321
3.789444504661096
3.68087706254106
3.945105303035321
3.4764588307913455
3.865822596705388
3.7675973188145386
3.2621403813764296
3.9300821307007148
4.686029152393349
4.709080325039112
3.4292970789494666
3.7677733293770688
4.186604921930975
3.488540159500582
3.830696151947529
4.4018903343300515
4.050181374912045
3.5968246652782083
4.306084555474936
4.261286040509866
3.989952398394423
4.2105413976787105
3.929483155376415
4.308959917620763
3.955035263118147
3.6240351114488574
4.127962584147496
3.676293628914965
4.139449794470803
3.8560585891361274
4.010111959035522
4.178414400061212
3.834124527949962
4.332395782015884
4.183311911235827
3.7167583824122734
4.2983336379248165
4.048789049390356
4.065085379575664
4.231905732015056
4.126734524641671
4.2073892855948625
4.165946869583141
4.220358918058475
3.912232598377334
3.6712396731926855
4.097235569206879
4.135215537223601
4.104760304055945
3.854641165742854
4.115878114979524
4.236450729531532
3.9883579941598164
3.5921781549468976
4.4288093782812865
4.069753536290725
4.510417748403283
4.419458853424003
4.135746490519869
3.69700266471429
3.9115023440794765
4.020146249466367
3.7322773826363123
4.142320634438095
4.494847794303051
4.171224822510211
4.4208952687477865
4.3613998357293955
4.247471483722911
3.5720318357373038
3.9817983615097736
4.41114759972435
4.163322491590057
4.096125894622032
4.320345830867164
3.7122185144357336
3.8143697209992147
4.258501190257748
4.578458362750655
4.0884046713787345
3.860431648126797
4.218207873246977
3.6610633528984797
3.997822244982178
4.158222924060558
3.8536950718155953
3.61305993795497
4.205747300458256
3.775732458680506
4.180421306103392
4.230666619782054
4.177145671277439
4.393630225010359
4.028753629851584
3.9913693506188634
3.854383099998393
3.531281798726902
4.1245090759299305
4.2417497609568855
4.341356386436222
4.009455561910281
2.6885502152399083
4.401639797882414
4.239565224872666
3.8593227501286673
3.9199058491379377
4.110029729781736
3.39980450199724
3.6706784843285245
4.081983321685033
4.033917797044148
4.061345742899566
4.481145780372794
4.137623946983474
4.310159879527506
4.036005196686508
4.207081093905112
4.0591641773031375
3.8562058711700162
4.080832114677544
3.838193585902304
3.536232136282111
3.7507983189499043
3.2195888138517383
4.245871962595003
4.075481090318443
4.062632210893388
2.9134031611149753
4.099542106574932
3.895233373881054
3.5602573026700792
4.006708917820994
3.6805108663886585
4.48938553224404
4.172005217127737
4.247789498945494
4.061184046999557
3.8613231257280827
4.267922133907958
4.266077518040454
2.51889803560643
4.129835047650165
4.207759892651865
4.045160121453044
3.7588517760098217
4.455523672852967
4.294275372891608
3.916249102819111
4.405780165967435
4.1090480131328775
4.1832389104207035
4.351054321568657
4.190547607055947
4.38959451979632
4.01047458099066
4.103764231742166
3.8672238358339364
4.4034858305689175
4.072191576194438
3.760515419109902
3.8001923046493404
4.330055182379346
3.9325569079239715
3.9939163321532467
4.157837725191906
3.4829121694881433
4.400261122216346
3.7539004267088845
3.612440091415933
4.204752111215549
3.9313957599991074
3.9393933144807427
3.9291621676867194
3.3356666232865524
4.20800342320366
4.491614176810492
4.178560533295254
3.8148733517477487
4.5775955053379285
4.44805909162551
4.004488599786223
3.587910398328021
3.642488898557712
3.214773220837104
4.156301281772552
4.481928201123907
4.098426667043727
4.028780154456924
4.062561787594429
4.5022344534670165
3.469570206310568
4.479574543675313
4.536437878945895
4.262394132171505
4.458212720113514
3.4604333820574373
3.8101696236523175
4.294041177525504
3.5149520640332588
4.155287900730215
4.046173456354483
4.171052265991254
3.249302594298287
4.216275182904541
4.380833836652778
4.2879730402857845
4.03779722616533
4.2559819534990515
3.792162895998411
4.061364209784267
3.8884652205379897
3.9069350688377655
4.020038510952069
4.290902308515191
3.948800175847744
3.14233976314228
3.898709757577204
4.015268849835038
3.589815813242736
3.8944937442548024
4.006540941343557
4.444229603044729
3.7307080495776903
3.718273650825735
4.386069514934459
4.335599132635571
4.067196250175917
4.40876154344501
3.8046845360191304
4.154267174324378
2.9623557230566906
4.208901460634948
4.11398158123298
4.20098773813974
3.8975617173748187
4.116469835446361
3.9203915837832786
4.117649211707732
4.036213693023676
4.319276074216203
3.9060808355335173
4.106738146220876
4.422881284968892
4.12245240707391
4.036428331893444