2.656692605138021
3.740554961948054
3.3358181799337023
4.059878430193936
3.666225407301285
3.575117570195501
3.768017168517323
3.9357714831035078
3.8463933816425455
3.8220438908951593
3.96332414040982
3.4572953229969947
3.7519751513283612
3.495099593446452
4.167165041712144
3.6533552724442724
4.172117365425137
4.0291244931295545
4.785135008836633
4.434654737277132
4.655887625066464
4.59589993989544
4.6904261932289275
4.286326075982725
4.56594286805347
4.415814880201735
4.768012009888361
4.430762212356911
4.735276415604572
4.315722666463751
4.195885949567616
3.6084956613470327
4.106044061525648
3.949110482609597
3.955038601858818
4.317196992085535
4.243752172041656
4.341149529276029
3.4642357529770216
4.476846358676383
4.484721614475508
4.618722312404498
4.563841930842899
4.525820438412752
4.732769121791735
4.3007317208541815
4.119879439849919
4.427349721399436
4.436799878734503
4.473311351925886
4.851968605468846
4.252242479873702
4.623122359021739
4.247094143899433
4.378450719827989
4.718481663125772
4.763143793983051
3.950023984144878
4.298879540203705
4.2675570791150745
4.370635589322113
4.860719077571638
4.691356812728973
4.631074693929548
4.728749851320625
4.506174673421988
4.603949460206274
4.473634391222882
4.5183843508392805
4.2642139552359914
3.6836667510556853
3.7837182729236085
4.213076611308887
4.236066521842487
4.36379866756492
4.128065050120813
3.7965215303817046
4.608310849518557
4.6007857976134545
4.9938748484928634
4.438270010450557
4.725482740618128
4.769763721713673
4.530785908395222
4.671383986294197
4.664310481670917
4.834326511761171
4.552902793302762
4.774349230736635
4.32328428211985
4.773057800481963
4.837624568704621
2.983627250099513
3.6114160286745998
4.067009971373764
3.888562705278366
4.132246413730913
4.558825290024945
4.035819965518382
3.69759806158227
4.860465911941963
4.23437186172154
4.245711302766679
4.288899817007799
3.768028620630065
3.5717210609111385
3.207387244873015
4.174581218105624
4.198502981249058
3.8620550472337083
3.346113542754291
4.477728633834856
4.37264288387987
3.9459816727627324
3.987640263428487
4.166737675475087
3.0764812406418467
3.8906349339488218
4.076256795300505
3.3838781628203325
4.499685560082304
4.026555975617468
4.536819525553147
4.136675760674562
4.134238833677902
4.271980061964812
3.5961285879584444
4.027018146235514
3.8779293744998493
3.9734332483027854
4.574225720739428
4.377098297563545
4.150100445529805
4.0631638064028
4.080712334546788
3.8805661256430346
4.478939027708127
4.282555402309463
4.422466595156716
4.2941584120570795
4.226282834392587
4.162118869768732
3.9844560118466656
3.893584994089
3.643133812735378
3.9531945826304966
3.533098244597634
3.69251581463301
4.275988417919229
4.3265129174140995
4.581192977162393
4.735365959428908
4.175316112006062
4.174753113822682
4.141747456512301
4.263883739432732
4.423501453100394
4.660662839182097
3.755113493962578
4.071498393872007
4.175517929883083
4.000823561046605
3.98501158309826
4.270927987872154
4.126790374833171
3.8675115332599033
4.52538165835273
4.3129865203491615
4.129134914077244
4.185526425448475
4.392125995115916
2.91611625223848
3.5113294636645898
4.09783662273516
3.846727668701098
3.9678027915695537
3.9610021578119055
4.264312951099425
3.948103057941944
3.5245017545496347
3.9057263493757572
4.0602364603789605
4.065567971331005
4.537370753758432
4.4478128583637835
4.165008695267926
4.007004138488822
4.030903666953731
4.586257162459731
4.407170354905351
4.310990002657563
4.330604488931656
4.823587438401926
4.289408611482802
4.508294179822606
4.6460120639542914
4.254144037089832
3.893962152787375
3.5330926084742513
4.2811776184932295
4.379311509733933
4.228762867839832
4.5782525245165635
4.191533859463973
4.383756822082438
4.015073459363812
3.999663799984961
4.267632849691717
3.9841610120011604
4.717983593904302
4.011270907031002
4.568676996651213
3.852562781037438
3.255438190028629
3.8927151363174946
3.3876913979238568
3.822114464370257
4.178478790105727
4.569844253441532
3.6790084787734796
3.842866382930559
3.9914128337763772
4.10589965878841
3.5633600078174874
4.617397912997008
3.8861844369991108
3.6706216966957808
3.711520379815505
3.7875352625660543
3.4956152835414898
3.6250730790416084
4.130666238399677
3.7766881841790685
4.306264060597511
3.6166748124048564
4.1873223626268725
3.57296410274149
4.692844607115117
2.542902462224202
4.296261626842275
4.332866246225608
4.062878707366992
4.7668285063711355
3.8926791004527455
4.555931883046657
4.495246308287829
4.301951524952832
4.550521843512495
4.681079170006553
4.094116894789154
3.6944772683871157
3.7689761240734256
3.566144086136953
3.076491652615991
4.3421310224266465
3.682127954209738
3.910499644699785
3.725154005315855
4.0569034900338785
3.7625840477249013
3.5158299154125565
3.0269186711927665
3.0347247437824416
3.7794515260763943
4.066061076461205
3.9235661640662274
4.231497370038086
3.927266607423543
3.826086403203302
3.519540182951336
4.07724256683481
4.069859776102724
4.036169375921917
4.131556167631904
4.504109318738662
4.813428700047681
4.5994859773311125
3.9939823326322346
4.213001607143239
4.678320860741666
4.305338989229609
4.802541458537956
4.571547772065912
3.3823765870159788
3.4921381219650542
3.8427955442963926
3.729163237979961
3.8924030305066335
4.237789664345158
3.8214517449659606
3.514117026986189
4.094298915795165
3.698041913706743
3.7416154031300444
3.9395327838495366
3.6456483989553536
3.8209273483752484
3.9641380924909524
4.198090926139452
4.533592040105254
4.382222741329806
4.007202559829588
4.419852885150732
4.166570219382205
5.157225958273485
4.722014378751888
3.910276236627383
4.752715164573506
3.721098838211688
4.455103992539008
3.832536809770854
4.324416923227979
3.5670007700702078
3.86259566862522
4.046529119495982
4.272069271909165
4.141881933229234
4.763822435125386
3.880057241212019
4.114618216581175
4.517031419648007
4.308225361841986
4.644633270177916
4.515479038302459
4.111301008394277
4.3610765832615135
3.8174636307759857
3.8286673054066878
3.6360163242288044
3.7468948594355593
3.7744250859446473
4.080210773586256
4.118375823148972
4.012287779090668
4.47658749413263
3.867001817505125
3.5733885034062416
4.148572264782509
4.10561452681157
4.630068791619982
4.21979808105532
4.34752988669476
3.7087978818978646
4.161360617445198
3.5070056352079093
4.257314312724336
4.018440279321395
3.620595768255542
3.769419162561694
3.7186371430174407
4.1436220376679245
3.3972724771949836
3.756537230532169
3.718325803288055
4.3415329343951825
4.112746198304504
4.2836844859942005
4.903667874402105
4.471070602704637
4.580148706405103
4.328359603496727
4.796236495630204
4.192412666015307
4.394235045632873
4.463096296034678
3.6202924972430353
3.7087745725804133
4.044843077579182
2.740734811794651
3.749155146471142
4.1216124909931615
4.282936211514799
4.050816788205512
4.215864688198202
3.8441196393262835
4.047392918190679
4.120792338004619
4.83094086674841
3.813560020712507
3.8450381745407745
4.196821545949967
4.167624258400765
4.076005078417561
3.8568784179336975
4.1439148682789515
3.809081120638569
3.349275758895531
4.324110237774724
4.279587313738617
4.385122805904327
4.697602402459545
4.141422202426872
4.450610522444448
4.3557502881698165
4.589264431754559
4.487554506225326
4.565454912492886
4.909477186318409
3.9563032931788955
4.639784788926402
4.559107110734451
4.058225617089233
4.319079093049155
4.060524976234513
4.455475977208232
4.2281401440994415
4.0251462119381545
4.160077540889627
4.53022947228367
4.45186324460472
4.460078852589383
4.333835202056509
4.368092720179768
4.37285289325002
3.893503699699844
3.2878043085835094
3.9013031679354615
4.13999628023613
4.456425119188969
3.569908367421824
3.1342745634617204
3.509600116683524
3.734108824681111
3.8834552867218877
4.406577969227339
3.8542096744727914
3.7774080224143356
3.5968856213039295
4.332930089347887
3.2811770043835757
3.3270153569192313
3.612489453545102
4.1875751508254915
3.6189360810483664
4.128323614757214
3.097918321772739
3.587709884549312
3.7994407220951727
4.266988204911214
3.8223702575926106
3.694070476010215
3.903887174965252
3.4634218558216565
3.808826713870121
3.741922300777482
3.5950509502315375
3.794406654938638
3.6467129417229875
3.76465634968633
3.8420657880217046
3.8743107187228034
3.745487094875614
3.6877199646319
3.946785940830888
4.160629487222746
4.3139848642347465
4.166777146148063
3.890737442109142
3.4809541506693007
3.4748106167735417
3.6962962782753417
3.790363125572649
3.992925063722832
3.799328020869785
3.2237744504542856
3.8308678979723827
4.060067684002004
3.371176903206776
3.182719275486034
3.9445639623278055
4.49455845488658
3.888783079065005
4.246212587292748
4.167555193454396
4.406892452833434
3.9744474429429895
4.639289082807224
4.494116240335973
4.229687331602574
4.952473139120342
4.279669850843071
4.362890687584299
4.036702118747565
4.6968052487498415
4.214629144789558
3.9506008186630988
4.438575310821934
4.394066094809639
4.2731959367251156
4.451405166943909
4.587458199790674
3.874890627636307
3.8752004798264172
4.4037843058469015
4.017705070211427
4.554122152721719
4.179338586667051
4.751249673282679
3.4517810161258766
3.9791870969634657
5.041983154449475
3.579400037100358
3.797988996525236
4.3463552424965055
4.366861281271021
4.233896509665504
4.675916794001104
4.047014413422067
4.355409871592244
4.65070448396084
4.275994697071663
3.4947257093996686
4.2133253018797765
4.386471714443691
4.698474641731351
4.38414143349053
4.337095098249494
4.281870133863581
4.956764895096074
4.9705934202093855
5.0122906111006005
4.265343572439557
4.972450334231569
4.2099343489172885
4.509290720919542
3.875603087247103
4.397349912739896
4.121546859510069
3.981435423426537
4.11923370679089
4.234256275546152
4.360115614142412
4.0744912442729255
4.8007322636860845
4.143362193473997
4.599035593734698
4.355034231024593
4.204805021484098
3.121727970869869
4.308923576935925
3.6512358129714104
3.1656623701755917
3.884795817268659
4.153818445571851
4.632154305229751
3.947371059500992
4.217424761372662
4.115744931466739
4.298808770797041
3.818299608365179
3.9134933027648042
4.674853721029088
4.396339353249277
4.108195930852238
3.781871702713959
3.5283480529633366
4.318393632855587
4.1405248540454505
4.126660258620518
4.561723908354007
5.221289635603599
5.224011600408204
4.604262959642876
3.5069083475234564
3.885247922189003
4.0032293159088725
4.526254841480979
3.583516613714365
3.820999771002259
3.490813035855659
4.230645173164724
3.982350977500274
5.135519195534691
4.37800595772516
4.202215867635632
4.684843214527373
4.410813020301571
3.8929369931047315
3.8119000352377856
3.525950068640169
3.348557193513737
3.8230757559235404
4.259228952977127
4.027888810010534
4.387273994903775
4.029363977572115
3.7102253435141237
4.174302216850863
3.675328867150319
4.286509988759465
4.284541725456107
4.234487033458468
3.69943345788748
3.992381243719618
3.9065923462235834
4.512385677844358
3.892997076125998
4.172861142170592
4.796020613416669
4.696790825914322
5.031842599765108
4.424937512142951
4.260339129866287
4.803270272854376
4.567767873807017
4.439242699539582
4.505724077015895
4.339313874141265
3.507867144131495
4.311933294535111
4.055196458213192
3.6791180423427967
4.351191015893418
4.2147520436536166
4.849535727545186
3.8155835285943622
3.814781110491773
3.7383171763970853
4.0282853143057205
4.296027528033953
3.791478765135492
4.751730303573798
3.631236395620946
4.03891845944208
4.372940056196617
4.111493806097924
4.328004180142938
4.181618593335115
4.086189655040139
3.9705853936979487
4.36115744631538
4.190732697462904
4.349602793519003
4.377101462212477
3.111487141214025
3.5827688641156894
3.901484626908474
3.9798385271040444
3.909711693221637
4.069791098188956
4.786725118405688
3.7825803825978044
4.026147877692506
4.112219120044887
4.31610725284756
4.320553615480364
3.915783994161803
4.875234398705978
3.966964197052074
4.480509018417002
2.957040040849285
3.6645373808562423
3.456781512391281
4.109933886275862
3.632439816798405
3.3219413148773222
3.8410589953099574
3.8444008460881127
3.874665485432584
3.7522402297756625
4.063837696633184
3.5241197970221037
3.912660823180689
3.547229492326105
4.256525437159437
3.6986810458373256
4.193072723596046
4.075369619312483
4.942663330254279
4.542987727450276
4.513405577063082
4.630190218852504
4.702688990301311
4.388801853109655
4.546077910342577
4.359181228632805
4.673036555658183
4.399182329093764
4.650717923432209
4.332888892394481
4.1803772161137855
3.617633098367154
3.9845075007150528
3.8423495713748306
3.903689019295455
4.317196992085535
4.227784563251257
4.246007032269674
3.6936595102083967
4.403915248364193
4.233636317436794
4.545144425071471
4.37712555002445
4.557252825643747
4.685243322871759
3.877056898491147
4.119879439849919
3.9715790808717197
4.46734393444785
4.135836211805764
4.775156431463903
4.133274865909908
3.8784600199486077
4.187788056960436
4.327305688428799
4.67267516984985
4.763143793983051
3.9729886921792614
4.386780132064941
4.2675570791150745
4.444245035162079
4.512012606855434
4.60512539235166
4.618010181688137
4.7407040032318735
4.444878457181902
4.7342959959481945
4.624211522427306
4.511790217398242
4.222235352310558
3.7845923221268736
3.9617326361204275
4.395979529757181
4.373505995971418
4.388654222752908
4.068829809581125
4.106169793254437
4.509829663021914
4.187675460118889
4.2387385520264385
4.197410667819353
4.6575211194587345
4.788092738122287
4.530785908395222
4.692307505129678
4.591775852500255
4.768632551592721
4.556158325854652
4.714391871971886
4.299180732738156
4.773057800481963
4.378720913231497
3.8122010340809735
3.59069561958806
4.132104674797205
4.024763182080164
4.356597613240922
4.415092771793309
3.78096202541962
3.6194117437546462
4.766250319025492
4.328338431135868
4.326121649652934
4.211312489371242
3.7530355787995306
3.597193789320421
3.598821745205143
4.0100554674490265
4.1073970500588475
3.8652391214378583
3.4460308666292834
4.473969446856527
4.413992988406198
3.9161498287624177
3.9631853468106426
4.046869883932489
2.9461754209330926
4.041970879010715
4.111969779899498
3.5217264437708082
4.5593677431657795
4.023558033034743
4.301954565859845
4.158080793929722
4.137144446486854
4.304510842502623
3.665843081920541
4.2077044117050715
3.8964269579094495
4.085197760287832
4.561536331130976
4.389565824774255
3.930308894469746
4.101714335696425
4.234643974190595
3.9817312362226662
4.321493118969004
4.380955809408737
4.395386778496386
4.338280419073289
4.130258299585041
4.342044281638606
3.9496167781396885
3.7512171313951503
3.778551886882312
4.053122029101493
3.7279195169308688
3.987802879976605
4.269225985946521
4.290167073912283
4.628813085054307
4.853815227785532
4.374631003362202
4.022866136903881
3.8016323298681036
4.326695694946929
4.643064350872886
4.56539605667874
3.8492114225027327
4.080917316079786
4.261254859048218
4.038111988776879
4.070437345822044
4.240049385439114
3.5283717515933297
3.673843576348144
4.389617423028589
4.218939906751812
4.163805674456788
4.167784439382381
4.23626903253971
2.972471972427714
3.6300758648969693
4.005134477466831
3.886347338133881
3.8877349925307505
3.928544218050804
4.312940486833243
4.183740591315644
3.621713362750116
3.852596907375684
4.007540643244248
4.353736832434347
4.4699320349562655
4.499765173322201
4.157119790522216
3.9576074764029103
4.443827352528562
4.759664747116894
4.335271083981002
4.3340542763663255
4.374598743239614
4.807839151042527
4.345956682471151
4.508294179822606
4.470045279275819
4.359056200907499
3.969669309274283
3.4624655778868085
4.238332942234489
4.3427591276298365
4.543295966882756
4.568799728946399
4.237432600132086
4.359041382793159
3.9667792563186657
4.12567411031367
4.50346420519192
4.176472543049592
4.697991595585247
3.8146551688954418
4.564077719559728
3.721735491699711
3.4392246768511843
4.048450428851532
3.5312035718310337
3.6631535669445694
4.233223944639619
4.490738792138135
3.903500560950838
3.854948436289016
4.145970647231225
4.278294911361218
3.5682774012880922
4.619398131769735
4.0261149863553065
3.7197956038576336
3.6704931841525763
3.8272533623215317
3.9230708622631494
3.716234629037519
4.299052390709836
4.005001958701166
4.33824074412046
3.728608860792734
4.225045287474913
3.7210801189804936
4.642498423641209
2.7136460159885933
4.324269416390919
4.298262163509505
4.15865061535873
4.751094549078717
3.8025259202489448
4.5534278669027906
4.4597702249721
4.399522159489272
4.534361875879345
4.760945427910713
4.143436540687133
3.767054925092915
3.755801969369434
3.605269395807199
3.447950423511469
4.395304439744782
3.687712125761629
3.8418482715977085
3.741006490312076
4.008083490773078
3.71618920135052
3.4757852975064853
2.9308649758122076
3.0552066463242515
3.83302397324118
4.1620369099529535
3.9266409127068598
4.229203036393249
4.048815793382374
3.7011668360776384
3.7519551515471843
4.072168096345122
3.9322429616890204
3.9328321537625364
4.222472534837655
4.594011658985931
4.766708707035399
4.5994859773311125
4.0297924184509455
4.227822082114166
4.551821843793607
4.227914701775899
4.8143117941046185
4.568399988462592
3.739046754350423
3.8142715102146862
4.024071680209346
3.78089018347723
4.125553828627598
4.036880796723494
4.193567929712993
3.841559498358559
4.38253187074764
4.2038006157666175
4.363028304635794
4.537644680163031
4.280656173507883
4.127356641210806
3.965169624500718
4.198090926139452
4.511513970441962
4.379686057400677
4.134785718115867
4.583319154570946
4.320802065571678
4.8663625804884525
4.575442105517375
4.173374065072533
4.713060883930269
4.107564197596627
4.428238543290137
3.736392006987082
4.325569119763514
3.4504071691851674
4.031422574015867
4.478876933561095
4.243036970178965
4.01862644209517
4.723961130827904
3.869461244273539
4.353599854578689
4.517031419648007
4.3335984845443205
4.578455239236829
4.487355427818806
4.132730106167497
4.404135557055461
4.207043778347388
3.7343923091412083
3.7955937921100555
3.7213980202222277
4.05012813139472
4.013949589742911
4.241388054142137
4.182098280248246
4.327693257232606
3.7284965839674484
3.5710810003944236
4.1554867840944
4.108904074912757
4.169073841917377
4.20239408538713
4.326441845104043
3.650081807742231
3.9489339883057673
3.6505794942411303
4.066314374740774
4.0772047249754015
3.5711955928428063
3.6215587841502686
3.829487866879977
3.923118744740048
2.9596711692574518
3.6793836178265344
3.7205385096040073
3.46527792841551
4.122241477722045
4.037471525532141
4.944466673731744
4.407690893285696
4.4244659943073925
4.2173395884071345
4.796236495630204
4.230302322733026
4.402315354444099
4.6405907565006
3.676608153933107
3.6008888080090458
3.983265480879533
2.3398650796200458
3.881096629065995
4.1216124909931615
4.3125514989769975
4.094731728443387
4.183563220645465
3.8718335864685747
3.8973217790715484
4.124038860970962
4.627341822804719
3.9165832513784293
3.7715760515427093
4.275212127614458
4.129565052636197
3.4718012680433477
3.6946828509586016
4.182803819795221
3.791600931589683
3.0367295927006595
4.315782668280017
4.145890631551802
4.238742651675518
4.327306624646161
4.030545604413396
4.5965060545418295
4.237278837606336
4.580713629013367
4.320748806482255
4.397083885946401
4.902035941444511
3.8780761477809262
4.663721105993208
4.433570863285844
3.988143184651011
4.496528995389566
3.909055925256162
4.478986827855918
4.430245743362365
4.0677153228651495
4.208696798229752
4.395712721924019
4.502952805062928
4.4600733418654865
4.151836256641676
4.396154929142088
4.325246563007584
3.885284117850725
3.3314515717724897
3.9787043515323655
3.822116829611824
4.4064797944450715
3.848053452925664
3.901957448566047
3.400018543019412
3.6668850116036054
3.861798108532872
4.458394337845691
3.778228494092371
3.8208480094374275
3.5524200433242417
4.424071723661125
3.1960608688716423
3.6995496811458928
3.5216348920349656
4.2373466413274095
3.6579953167513923
4.083742328871086
3.234054676461406
3.747918121071537
3.742165366020295
4.136727185143229
3.820465643631323
3.5692356704419037
3.818403950690296
3.2246533918544875
3.7947376556744263
3.734933119711858
3.9581213612058037
3.8680193815394546
3.7774061565736146
3.9333280695727435
3.838397578659229
3.923279742325425
3.8129353677580844
3.6526462738656584
3.9448589818417545
4.187360990165665
4.290241313262904
4.105344537063099
3.975357911786531
3.463987537679258
3.4292544972848615
4.1157514289219534
3.7391427968032644
3.932661355340665
3.689523007074323
3.839560034757035
4.184621974989396
4.0786732711397535
3.4143595280741783
3.499352242439989
3.9387919169248304
4.4155102403043625
3.550316389956069
4.236429200804836
4.176436682463374
4.44131702551371
4.04454741487846
4.7062356371712575
4.510922422455666
4.207005031163972
5.024926529615724
4.249918990124541
4.477384128441204
4.1779208831692
4.816536219038121
4.176455120664899
3.9345955739772265
4.453110115563425
4.405331433943489
4.293907355769888
4.346744182783146
4.365751883291244
3.977460473543161
4.136837170143435
4.51070919952724
3.994072838391177
4.5337060841850345
4.16107698347665
4.639322799646861
3.551124898057767
3.7463601281723706
5.037909309997811
4.165210642206162
3.8659447213291127
4.340561493465659
4.210772586228088
4.550925201156296
4.631548040229478
4.065089308330166
4.266082845226817
4.555108778919143
4.252659184535753
3.736558864436144
4.197215421549903
4.384769873539584
4.687831396230607
4.624596009857269
4.579261205929466
4.431333690077522
4.943980958702637
4.8526227109485
4.839689597944108
4.560672090098086
4.867010918824777
4.312257646787037
4.557955441961678
2.7059254673006827
4.422114126614719
4.068600212265769
3.916756478035967
4.375679389734305
4.294730221376317
4.449539608892472
3.9897529157151834
4.808905957480917
4.08878947240947
4.602318604569438
4.465234027893844
4.163492565871479
3.210305080353364
4.308923576935925
3.5138093587480155
3.258005101815245
3.8162805773189232
4.152099885754456
4.669841202531067
4.153885453809288
4.2402048765254925
4.207204927663433
4.168318757437527
3.8047068920451332
3.70535638614824
4.673243550627284
4.4708922218665474
3.7746597514132723
4.367967382860861
3.5525438088616434
4.132418823044064
4.24243994682746
4.528934422367527
4.55680787225413
5.097996288693681
5.183430022304016
4.508845568778592
3.5399034622660315
3.9194955093277244
3.9745047202393664
4.468700096439328
3.928921403195742
4.0592743117889185
3.524064947220409
4.221532565002464
4.147693568626783
5.113369269064016
4.4945751966582055
4.224789845631458
4.695870091088499
4.417110179434424
4.11549125717844
3.8119000352377856
3.4526590787141886
3.2892914742634574
4.044429486551783
4.1628805939194695
3.880453234603655
4.433498341511934
4.097033562081715
3.6378333572733643
3.993755716461407
3.604839465322158
4.295668123151588
4.395896336300923
4.278833679123018
3.7020356561953056
4.01471056388803
3.882344716710995
4.475865100910276
3.8498214852442354
4.186751295598981
4.800551313381069
4.6700102362200555
5.013486831821275
4.433837291807684
4.271450135207406
4.960121150369176
4.65047176041455
4.453055415410924
4.476753986667618
4.500508968669772
3.3468175127185287
4.303466940960014
4.084704209208079
3.77377510975682
4.335144952469392
4.247127762841092
4.823585163910018
4.076121155286572
4.028180267048311
3.964634390193474
4.082462387152245
4.316981957902362
4.0484340367448555
4.88161658169677
4.087505804174951
4.5713054266085695
4.44663517862837
4.457618387134131
4.088496856769033
4.645985094989625
4.475761755970109
4.284630822978968
4.36115744631538
4.552561562082426
4.4768033068215445
4.376683109398991
2.8028051108481637
3.8180834437248334
4.08639893964797
3.9939041636001784
3.8803287129958646
3.790721633179757
4.503050718071938
3.7717393973578046
4.093505527860208
4.119732690463863
4.277455556879049
4.170814692330525
3.915991206776188
4.934121403493694
4.066248661923865
4.454406346258324
2.6821662414391203
3.6253621000653915
3.1906414015052844
4.094112952304329
3.648813981668459
3.145392673156032
3.825387233939495
3.824872274894059
3.9361836161624337
3.6654615331414804
3.9282641573830155
3.3585412594278004
3.8831413089489453
3.645852422615394
4.124304474230617
3.6975876330259423
4.2631279126012736
4.013761470601212
4.7335617633615605
4.5531581355537565
4.6905182029625205
4.563117158126657
4.672961944606705
4.254514947613746
4.551985038445171
4.378950333361066
4.803005614647507
4.480535249943735
4.734775222734734
4.305125508404432
4.228548101685233
3.6915439956820917
3.908479243098089
3.8778936166462126
3.870259180624015
4.316674933759899
4.291249021832638
4.341149529276029
3.4885115634220507
4.4342924417082825
4.477424441624407
4.639223049563452
4.315762536123
4.45703217296923
4.751843634425027
4.408237145587291
4.119879439849919
4.470510404602903
4.456834894046212
4.473311351925886
4.785592576347853
4.107713457666548
4.511102762986943
4.247094143899433
4.353809472255893
4.6993911983268974
4.763143793983051
3.9729886921792614
4.3943544999954804
4.2675570791150745
4.410345763813838
4.8392456105462855
4.652291244322159
4.630334727948782
4.783072481359117
4.506174673421988
4.700653622603179
4.562189780587122
4.446660267291038
4.24706411315792
3.7473655068388005
3.974305796456706
4.431341485452236
4.307242499262836
4.403268557144608
4.127879562688297
3.79669156800716
4.542446962253673
4.66050378789985
4.639440584611497
4.472748937548078
4.602168594786193
4.799984843605719
4.530785908395222
4.692307505129678
4.5933140428927075
4.822616649157324
4.552902793302762
4.8032398956961995
4.271678029728951
4.773057800481963
4.83773489323353
3.4173259915248577
3.5681837115330843
4.070593540568953
3.8707480303468174
4.3337146459758635
4.4886334682977385
3.9563795816186613
3.4535689728374193
4.91667928686072
4.322425564671598
4.30250896621782
4.240151004478515
3.7608299167532433
3.5664648059668993
3.598821745205143
3.949461284982181
4.22056047417535
3.8366112303344604
3.4294752561891304
4.496285335950981
4.47649693220649
3.9459290674277
4.005089424054681
4.075201094404806
3.2089667686927092
3.9499763025525616
4.215935594872832
3.3943274382183954
4.675843255985102
3.80595637072084
4.5101046064262755
3.9610832519749364
4.084026670109652
4.244339512081126
3.52146176945069
4.0948294634014735
3.9283051462559566
4.076381720962537
4.674899334820251
4.426989076704826
4.046951698657681
4.054016572047901
4.160534966375297
4.009482423781046
4.3653560972067265
4.380955809408737
4.39966749619045
4.331603466517671
4.055861615200326
4.143631219221587
3.998062482770985
3.8357541017307
3.8110908153648464
3.9822794458656903
3.640860577775543
3.7267927649409964
4.2738694492095535
4.348310030135746
4.594975391330426
4.735365959428908
4.046861310951419
3.998502869078304
3.9653842219771516
4.275401201890399
4.551736295787781
4.806931628866377
3.809460606206447
4.049644219033401
4.138837363293183
4.130859476653273
4.073080980959352
4.272412819174038
4.107386486044209
3.966903941354219
4.40902533266552
4.263687921168672
4.126194308989922
4.1801048716057485
4.537854297444626
2.642067400622821
3.452252211697723
4.132758729512964
4.070594826629267
3.959060210558062
3.8816369576541137
4.193316671961069
3.948103057941944
3.3305053746046265
3.857215703044919
4.04854213177731
4.135817808302502
4.373222611094921
4.52077787760733
4.105939977749948
3.6367825257647306
4.383244095153216
4.574561078785939
4.1890365341417715
4.322175089122191
4.401801868371654
4.964424210571909
4.355587182084999
4.529965651218472
4.428144557894296
4.268915907263485
3.899796781997469
3.265014193850517
4.304522962189982
4.340859812802366
4.453320072254692
4.5782525245165635
4.214173381518169
4.488238236323939
4.018861471839763
4.016234768981
4.460980835011574
4.13136849725562
4.717983593904302
3.9311652433439432
4.570332518577079
3.852562781037438
3.278126626858448
3.967047607881384
3.4086578256313813
3.838426815987172
4.248107232924429
4.5148772779976
3.643763905684647
3.753463644525776
4.1129980507927995
4.078753885471248
3.5743655706551434
4.619398131769735
3.951676597387059
3.7165939559733534
3.6554236982780672
3.8231386882443408
3.9293406497725645
3.786578426209793
4.329704514578229
3.843200800907009
4.349263596034195
3.81327174785262
4.184676596997624
3.5741370097295597
4.675940728512058
2.6938849304305528
4.310248756225024
4.314742873754929
4.162263090740655
4.66709218613503
3.8736683592676537
4.5336403999171875
4.495772572546981
4.341527259277305
4.572525480240486
4.817349543522434
4.06255881488894
3.7265069163120867
3.8221166877884434
3.585430981153073
3.3336799830005335
4.27440605375278
3.543827464066358
3.91829200251949
3.673760045156284
3.9608337982596735
3.726167160615148
3.622141637489732
3.0269186711927665
2.409166646047548
3.7848600083553197
4.182285827739797
3.893555089468682
4.156233170652351
4.002650849886391
3.825316995850949
3.698487751227466
4.068745930011078
4.084926330707877
3.863866870707094
4.066344240069521
4.573853685538097
4.790656011379982
4.627694490102117
4.081090156734941
4.217625151567652
4.678320860741666
4.137415364409648
4.802541458537956
4.552807993120663
3.8052143451481797
3.849838583251382
4.016014743080295
3.7730356152106292
3.9406371140263063
4.187622603534711
4.254891050556253
3.7621433351472167
4.2321722279647265
4.772486264347898
4.3290660526059845
4.593937947710618
4.3055332629753735
4.049915252902213
3.9603321588761236
4.198090926139452
4.533592040105254
4.299122969222672
4.0449023248404705
4.263411075419253
4.165967026596331
5.0983987535204935
4.7062066300367835
4.022520417620168
4.732507063449302
3.7889610730233927
4.35796917086038
3.8686544256077884
4.359926387225698
3.569491006261176
3.969863498165381
4.464339627077759
4.233879153675182
4.18550180965216
4.633726645431336
3.8875166905380794
4.2914450987623045
4.517031419648007
4.317831637555447
4.641822187038769
4.484310497655306
4.149239875056562
4.347013661401434
3.6648807704121937
3.773612133559259
3.5818087668245173
3.7862066910360657
3.632320766717532
4.060448909818888
3.9563207922132038
4.10282440471373
4.143721421574426
3.589478891185429
3.5687858495929428
4.158171484488225
4.084193718062551
4.169073841917377
4.150714387601317
4.32190213434652
3.617206540909522
3.948733133918547
3.6048598539436405
4.2586937272245216
4.0207957661904885
3.563403649883787
3.763759585952763
3.876647770248126
4.182428866171339
3.3848350123591624
3.6709132869705634
3.854846601935942
4.277954785454895
4.198092286300225
4.115529201571275
4.871237000728712
4.525841753967438
4.553767508269182
4.341366280761547
4.796236495630204
4.347125240417409
4.398679198101895
4.623981672128339
3.673455616363201
3.720473810792376
3.9254779364120154
2.8074340400725353
3.81466325685253
4.1216124909931615
4.265784576713204
4.077565090646185
4.155573630682705
3.8440634203930717
4.058438900127041
4.165436347620661
4.640823878038011
3.850555120824472
3.7839708480553815
4.296443202824442
4.129565052636197
4.184387835774613
3.8274694984233175
4.23388358900741
3.750623779113087
3.4000254708750224
4.473650575128348
4.189825632342359
4.461437119344074
4.377955679865313
4.138676777647592
4.441979371693179
4.481946564125245
4.589264431754559
4.316879721729631
4.4974707203908
4.902035941444511
3.8780761477809262
4.667850610404628
4.443482279042936
4.125131475311319
4.339006641079093
4.132568281760012
4.384910718326186
4.262663335441996
4.04155764667513
4.188487265848009
4.527292346152162
4.515061602032441
4.495615554657963
4.340202540591573
4.472968824340392
4.300037496361081
3.899145685338179
3.259655696600018
3.8848073165716586
3.965255758307822
4.495583650165201
3.788113269423379
3.3167066179546705
3.6223102279800345
3.66395049588883
3.9065064263345057
4.458394337845691
3.849597725934653
3.7774080224143356
3.593503916231259
4.332930089347887
3.3497914695320796
3.2448560198227705
3.6413145738854733
4.217000106042529
3.700113790099924
4.048879602382431
2.9849461731366658
3.5429130845393275
3.757273995242273
4.364973688952938
3.809138705244152
3.373474561958006
3.8716636923934336
3.33625448208681
3.767298994117615
3.671795904730675
3.999439813294665
3.790015478446339
3.7087664643445937
3.737885374933489
3.7748899346213727
3.711753492608106
3.729536463174361
3.5068486408159396
3.986452470658312
4.126084056277661
4.327482909353247
4.1387127266863235
3.8526809390819334
3.6998645599466355
3.210155974860087
4.156188885193732
3.830861461350624
3.8323662467711714
3.8706733200349106
3.722514318319426
4.146278561944471
4.060067684002004
3.3744248230196607
3.627703556878842
3.9496857141753394
4.437455799751433
3.888783079065005
4.222358070454004
4.279528530630611
4.404573109586668
4.042361157713824
4.738391892221742
4.501212077553856
4.3183253826868935
4.954371048802889
4.293835890133986
4.449078828521055
4.205842664575224
4.860233392808511
4.181018007197805
3.9278104906514093
4.271508203518401
4.405537113508846
4.244969644895824
4.437912081876137
4.538291315660045
3.8789926633962617
4.104291190404762
4.440459510973305
4.0802288905097255
4.694931362841983
4.143626026239541
4.485278938081758
3.484388412448318
3.826468644907223
5.037909309997811
3.769219962892431
3.8033060410263175
4.324321033892124
4.319424957612476
4.378149669961786
4.703831771821324
4.101934737962902
4.5319494967771785
4.555108778919143
4.241826717988294
3.5222146482546517
4.226654480609578
4.397866578508736
4.854642592286331
4.522847860148795
4.516916362457946
4.282871373180367
5.005784232836489
4.9705934202093855
4.932999562739516
4.344832563543407
4.995897302778656
4.2932346853994945
4.632510399372736
3.5087769740638857
4.2809343615672155
4.07589898555474
4.030085756508339
4.132697902977778
4.142433306794851
4.225947818909071
4.052636039692178
4.808905957480917
4.182886660989274
4.60622789114048
4.376907570625054
4.071908914629121
3.0086212872822626
4.308923576935925
3.8231681809857836
2.848770019945768
3.878208752102083
4.0043063696583765
4.576480760710484
4.075710840755162
4.148657114887442
4.178814961851588
3.7754094019243247
3.831437591361401
3.789027129782408
4.345811205817334
4.439060209205106
4.035645109506467
4.349533128295777
3.645624664690362
4.346172265800277
4.3652668223779365
4.486025761973114
4.582264986285439
4.884867487671126
5.254580818708678
4.5635209386371
3.241129658791435
3.8902912364132964
4.040917990967679
4.499457382140248
3.7239713185254173
4.00972660590956
3.5580232984537847
4.246095668648737
4.187345271174234
5.113369269064016
4.451139888876504
4.156944724071996
4.695870091088499
4.406730656703578
3.966719594571247
3.8119000352377856
3.518247080299069
2.955287529831301
3.7939366912617474
4.150623871019918
3.864117296683844
4.387283915838311
3.9474961673417015
3.7505629324565106
4.259542247151178
3.601088997009493
4.24229644597664
4.245221063406249
3.959132855810431
3.7494760430569074
4.032651242386648
3.874234555610508
4.475865100910276
3.8029796507631417
4.22480554225782
4.646789012072258
4.8196794242381396
5.015908398483862
4.490325813833694
4.227452966104417
4.8246146330067035
4.6927451803114195
4.422519279773791
4.387337438639173
4.3061759425776795
3.4091829397455107
4.0645018357231635
3.9453757130316847
3.7255506915381194
4.44082374708708
4.081388545533902
4.7562973319050155
3.8264234612122237
3.774520433331185
3.7641484185774545
4.170243974448509
4.320223672040305
3.9783369764660623
4.839991346344014
3.8507305442733513
3.9512608725124814
4.325369812742052
4.162809882197989
4.365700936328383
4.51109732411308
4.023747692943755
4.304975877121746
4.36115744631538
4.56765120657022
4.34612216012744
4.412334702077402
3.0513746086287936
3.699000523266151
3.987010749533961
4.060591521292974
3.9796524557944855
3.903405982867822
4.503050718071938
3.775554028799773
3.961339299472393
4.158601254548915
4.218729644988596
4.2317704991567915
3.903664797608236
4.807605278026573
4.0878929932156245
4.5175620300742505
2.9300778630470603
3.592652142211838
3.273748725134034
4.169993294449101
3.732396548829158
3.6478683578457733
3.6848688739460744
3.8858599543564423
3.9388862681523733
3.657006355475059
4.03756038615597
3.372213941892864
3.752932003840899
3.692797123054823
4.1245717214252196
3.5740769630126534
4.219045770578015
4.080227411011016
4.7335617633615605
4.557095669517757
4.635704479835821
4.555095952301298
4.565029742134431
4.384857161213394
4.461099253980416
4.261883528735478
4.614735843160158
4.543481595471413
4.751906238247091
4.332229563983271
4.379066347070025
3.280355449620457
3.7862206231838162
3.9156819194821955
3.8506501022950306
4.353854448109697
4.135799115670873
4.375251663463129
3.741382473117536
4.460496602238289
4.218645168623246
4.5072979303898295
4.315762536123
4.557483907785748
4.67214469764133
4.382009068959957
4.119879439849919
4.388676249494953
4.508902554749351
4.1444268535603905
4.774260714313002
4.246832773277071
3.964398632683455
3.439456834029029
4.353809472255893
4.421119477421817
4.539635698758642
3.9729886921792614
4.352422175705158
4.2675570791150745
4.358016960070573
4.895113581028569
4.676483716169642
4.639836795031339
4.7183164476571715
4.4338971955938575
4.539828730046971
4.4750469321075705
4.474208262909833
4.188245183692604
3.755701700090758
3.8944826084531865
4.358361316073835
4.2085730223578475
4.293647048264416
4.152586792954091
4.134093297267153
4.593799641700997
4.512575653172475
4.718349907783558
4.424875235130787
4.470311024016796
4.306828674162106
4.530785908395222
4.548373685761178
4.668227821033762
4.777342417155706
4.433937767933735
4.826436811481426
4.284498971674039
4.773057800481963
4.8073275696447135
3.664429468359793
3.730983866082413
4.070593540568953
3.8478847865248036
4.2407626534151674
4.450579575078821
3.915343320781476
3.577363811164817
4.837326931869138
4.189401288790638
4.218919154112366
4.192840149151998
3.7633956728805975
3.509201740877778
3.618356117635593
3.9716825823147928
4.320226732204626
3.841502351689736
3.4271468447140148
4.4655763832112605
4.391947195790143
3.8320326190335017
4.019068426762921
4.0380733751546485
3.144291184486064
3.954574295268581
4.096649061356318
3.352021977602899
4.807870085677552
4.053801711790358
4.5445151490275
4.162215440988476
4.093257099324371
4.21747868720027
3.501717480277006
4.0219949053679205
3.7850556967053905
3.94465419072686
4.510631996193508
4.354955745371321
3.998342042854407
4.026488216700991
3.926783065903794
3.9602788051118916
4.323556880397216
4.380955809408737
4.410084842202689
4.321944216511023
4.124786825216361
4.114379045596671
3.9677971180039426
3.719473956608309
3.9496306480407535
3.983742938662355
3.813341976932827
3.913867848371535
4.190539230874251
4.258725172098043
4.042132756264312
4.800611735622203
4.206802370703926
3.940620557671025
4.068095106619493
4.4689171680981215
4.5925247027168945
4.604729277603996
3.800540140207608
3.7354570246830443
4.194765394094633
3.9774557144475766
4.053814095078645
4.077759148481205
3.9460160822512202
4.02455604726236
4.523599717708089
4.226787051208777
4.15917745087624
4.180397681035293
4.208248070044664
2.9294199626907127
3.4810818580036296
4.057477680881681
3.7975444967148313
3.8385850139359565
3.8606400636931713
4.247406947353763
3.92118618236264
3.568343580363711
3.846219003263486
4.0050074223117935
4.247531432710068
4.364923203950752
4.501286117514213
4.2718542668914115
4.082040756254202
4.384526731377925
4.48191086555725
4.189072793653236
4.267633476512874
4.29634590812927
4.885489738712934
4.3384590556584985
4.516044579220429
4.5852183027736615
4.438641754445114
4.016848071480029
3.4614206313477256
4.293080248690111
4.203978104207101
4.475806044048411
4.458086118673498
4.241619675020035
4.367705155974308
3.8879376666553154
4.12567411031367
4.525265336992424
4.145169116284466
4.7552333696083995
3.9131049782455554
4.520973501179629
3.852562781037438
2.8516282226373457
4.0003811761928425
3.3636167836775654
3.804691146928969
4.266627450666788
4.482482136903344
3.6286292116923926
3.716349092950823
4.145970647231225
4.078753885471248
3.786989333833737
4.552277931671188
3.9608162864563603
3.697899507798932
3.662786964406365
3.8621477455647444
3.9694222071554655
3.868362638408229
4.319069263175628
4.0865379541280955
4.361147445954605
3.802514088885765
4.125819555227202
3.4936520785365675
4.671691695587558
2.6938849304305528
4.298467424549468
4.289320157772176
3.929134395292553
4.748940485243004
3.809492272469729
4.5534278669027906
4.441792402266154
4.289611578641665
4.536809264162732
4.625226235366425
4.03149229467472
3.7444171881246384
3.7316794251809684
3.4317497551975253
3.358746700431906
4.412860418382075
3.6480841095937295
3.859729507302527
3.7391415115388424
3.9409380178952866
3.685785803900804
3.5843441393661415
3.0527861646009784
2.979107204416642
3.7395338043238846
4.099887739370938
3.9800521919005547
4.118410766675381
3.7981117171505154
3.7544685481280187
3.810962774911352
4.059009478732758
4.0275285827379825
4.021276791661921
4.158540799345416
4.573853685538097
4.730913146826669
4.627694490102117
3.9449836903810485
4.197807965256616
4.754073855230877
4.079295894515286
4.785476247440019
4.514504036904288
3.4072530735471043
3.784798370864091
4.039176220941673
3.7153895323515282
4.122614779606572
4.145082585318512
4.310022643218245
3.872985725127479
4.152659510773054
4.63977803141179
4.374022843887233
4.549232127587546
4.230809200067753
3.9386524783401518
3.9064927176772883
4.11625832494029
4.511513970441962
4.352600463722457
4.123391567270659
4.264288361538316
4.173005521304326
4.90524349451141
4.774866033559688
4.126950608813088
4.732507063449302
4.0604083802042155
4.48070491727583
3.7345369145368124
4.328408533061587
3.3235377283273455
3.851226694381918
4.298368986992642
4.246773428899646
4.1178941844110755
4.565247657796261
3.9144916633186737
4.190991389321095
4.569217992932529
4.239131737691157
4.5781009944973015
4.497338953308313
4.16363053077578
4.370853035309056
3.6938273173381946
3.8663446851888437
3.5752485990862573
3.683851356244318
3.973350061998847
4.236219311282886
4.226206601285058
4.110689130527181
4.243255420299568
3.8681014396919586
3.5730520888980815
4.21119301985642
4.090700824540441
4.247770882636066
4.246448663094691
4.324188041138421
3.629904671453815
3.9459615018962597
3.6177449854320884
4.185081858922247
4.153290986248363
3.4904154108204493
3.7312017054710482
3.8746132762286964
3.961513560312361
3.5174602124040204
3.702641226712138
3.835711279368722
3.7759065357352144
4.123868316328377
4.037471525532141
4.863838485691517
4.421407974263497
4.467992345935054
4.245683341920698
4.796236495630204
4.368787883603268
4.409360999195091
4.364582327327113
3.7278625145933235
3.7053810730474757
3.995045355263697
2.3398650796200458
3.882389120561255
4.1216124909931615
4.33624229779727
4.0457242527011115
4.068269644254947
3.8302429538142
4.018190135524007
3.9268661978083843
4.860444687581663
3.9165832513784293
3.7336404193537294
4.2831878144912165
4.108018459947145
3.384261715952827
3.771723915002579
4.1439148682789515
3.6825799121720113
2.9932265276454153
4.326489018801002
4.272972065707894
4.192410889399818
4.522995493468991
4.104785072017062
4.5893156934512085
4.3918244007319815
4.589264431754559
4.482051066979506
4.396268547485901
4.902035941444511
3.9000911182513605
4.63547765721437
4.348705910260804
4.177529926290818
4.339006641079093
3.9159710957819716
4.450706971436707
4.196852443129378
4.001474571048495
4.257469804066179
4.419320941819665
4.44157274431428
4.449406564572595
4.152085541220967
4.396154929142088
4.225828780450472
3.8577684254285605
3.253587316976528
3.922466404435082
3.981294907076798
4.371032484052729
3.7802056596629163
3.2110622328278833
3.4014100094681954
3.7012046889125303
3.814850450057909
4.212724064960854
3.7765966563737736
3.405099138618332
3.6424385987562524
4.196309070422517
3.212369579314724
3.5750829602234346
3.6097789511381624
4.026593191627225
3.527098138029852
4.083742328871086
3.0737062475186105
3.591819129179732
3.730385996463247
3.948817328213184
3.6081198747426257
3.526975004834628
3.8062345653602283
3.1547700795125726
3.7677498702440984
3.822300618648373
4.000576042616933
3.678621526341206
3.5736868351515643
3.7851600460669115
3.9115335290360163
4.0313584467488806
3.502975570399882
3.744526037376112
3.901178277777544
4.305652288104045
4.347010249609886
4.144729408862048
3.9717473448605825
3.503906910044045
3.2858872985324745
4.014243202272306
3.7110300194337156
4.120752278958448
3.9435201809803493
3.648174319577362
4.10025277838065
4.0337490622550645
3.424213775617025
3.6894481601443103
3.940307270887574
4.464151325665624
3.888783079065005
4.178730626821065
4.10154432329236
4.398142817756037
4.086530197324411
4.6903090519129265
4.430730019231475
4.215446477491774
4.953888665047776
4.291029381581507
4.383224194881427
4.191364988910073
4.564617272465094
4.205109630137162
3.9486996181504264
4.651481124820155
4.393000313541059
4.295200826505649
4.296542598769648
4.410404336620534
3.84802861659655
4.0806997189299405
4.350349406210509
3.9907673823063377
4.636008210112992
4.150060445847291
4.610070071196386
3.46602782317294
3.8777397002182044
5.037909309997811
3.9812694499177317
3.797988996525236
4.452287633724054
4.22728950671914
4.609604461157945
4.666711855390865
4.087820420268701
4.1786855320956064
4.555108778919143
4.315157108553142
3.72084090621646
4.306364464666905
4.2662843948483715
4.694140758090842
4.602372133303286
4.570872864340911
4.440256245887436
4.946043887356344
4.872530503268507
4.840538537449455
4.4981386597052495
4.917506358615772
4.2677565243636435
4.704481348837788
3.307688861520516
4.274927796241781
3.9590177403879583
3.8917150039438635
4.140469488274184
4.125916998569179
4.2642358492699985
3.999471863466474
4.185845874828969
4.107853071161179
4.540900028102736
4.515148417356589
4.0839119918409095
3.172690269214354
4.308923576935925
3.589535190939439
3.2622814004004503
3.903044453525639
4.047389645569398
4.92152682320059
4.086010585874015
4.045852804613063
4.127988994182488
4.287904505837643
3.850172865315518
4.001366911854036
4.593098749789578
4.286822257180843
4.035242725998803
4.265026249023466
3.499895805470702
3.3970070176202154
4.170166127376304
4.281888007856335
4.569282124128634
5.179364724150286
5.170974240968393
4.609161049168769
3.579415899822836
3.8681617014409344
4.091538658008475
4.499457382140248
3.6804114819953284
3.9106797628254117
3.5303967362727873
4.233326854068959
4.160057114244565
4.850483870195077
4.380091337763627
4.173004106007497
4.7344192812714585
4.357298888158226
4.08726073359156
3.8119000352377856
3.690137022899741
3.1884798546196373
3.7978093653543574
4.227352628185422
3.8385621858407513
4.477986689942238
3.942055069550549
3.6141561440492267
4.027929452539907
3.604839465322158
4.229686765724358
4.151216365886839
4.048842554239845
3.676524078776464
3.9457691923243576
3.6504165840369227
4.171788085393672
3.807500032015551
4.215903352364483
4.769494340529488
4.688950826997779
5.012898329232334
4.40616845785999
4.237447833096215
4.7794385314438275
4.632454946646985
4.437260309878838
4.444822563936487
4.353752828989003
3.417719215028878
4.287531542034362
4.02658190293392
3.734738594953712
4.355151332561392
4.4133020895309425
4.849535727545186
3.679117056329444
4.0120318910114925
3.993862451828989
4.219180374772932
4.322255418880555
3.9602671413953776
4.866077262665426
3.9583203076028988
4.157850170759951
4.421730161754441
4.279833375644522
4.340527765853347
4.630082058298655
4.453871358517862
4.333260026222142
4.36115744631538
4.4954206704210575
4.496724963036105
4.177496171470738
2.8158753186999803
3.9054497029075224
4.000274765414692
4.059907693402294
4.050473326243015
3.726669424534095
4.503050718071938
3.808111463283572
3.8652632908362135
4.108436709750823
4.270172001782951
4.204331010063928
3.9011810519995436
4.752731827432097
4.2968618813824975
4.529620792168358
2.9185756306953143
3.5684103939605443
3.3023064519176257
4.0836634442475575
3.6951234763426104
3.6311995260220478
3.8508080708091588
3.8909672643804214
3.890238864550497
3.6715107430190104
4.010973108511467
3.448280885390756
3.8831413089489453
3.7095739488772344
4.117059601930185
3.660159831292794
4.149453247805474
4.096894330762845
4.942663330254279
4.5531581355537565
4.619875397344544
4.59919274345547
4.648097066467519
4.3186010799907155
4.53067366259677
4.359181228632805
4.748239605275279
4.358926004648606
4.76657044935763
4.294573013430325
4.214299901184454
3.7600821776296467
4.019262774316295
3.922073283533921
3.8794172532166797
4.34249351291605
4.243752172041656
4.341149529276029
3.524841951935896
4.473421917226712
4.418082222503992
4.653174719280759
4.3714016027842035
4.536717394376065
4.7154625161511525
4.263013122108915
4.119879439849919
4.32673155840155
4.456834894046212
4.473311351925886
4.807687304273666
4.098447688106786
4.486286387662296
4.247094143899433
4.353809472255893
4.686305620332118
4.707506197804085
3.9729886921792614
4.317097702184281
4.2675570791150745
4.565577790309478
4.696328027791921
4.634529819200422
4.59489024491773
4.747896137675497
4.439693981436705
4.60905729997433
4.448546956447742
4.460014795418266
4.305917683325283
3.7473655068388005
3.9367773165050113
4.430723019278297
4.346641640160954
4.430536369764959
4.146795637034052
4.157221635823124
4.5871761170690775
4.651558001887505
4.6221387532251486
4.61854712804819
4.627803802314128
4.875902645611248
4.530785908395222
4.692307505129678
4.65678507103174
4.899269063510502
4.552902793302762
4.759903349856259
4.358925949536063
4.704830923200604
4.83773489323353
3.4173259915248577
3.6780297493735796
4.058192036688911
4.025423282704628
4.288479659780529
4.537921836100824
3.8183266289208593
3.8332797649365755
4.792757014038086
4.336791525837223
4.348960628180469
4.153549099183143
3.802275660844784
3.5054944322956514
3.6816588925035965
3.9813926394239574
4.290141116922754
3.915157190017884
3.542582691022494
4.480846490410022
4.43164618493385
3.923664106831856
4.03105752125459
4.17331538405745
3.20941265316735
3.9942307216450095
4.175264181331673
3.5743195392805553
4.677423825877069
4.032032291668255
4.5101046064262755
4.010220282045638
4.034599085129587
4.203060789975439
3.5602652332158344
4.1014803680873335
3.848506111077512
4.036612718327387
4.590144538938626
4.403390833226108
4.01945676550576
4.2459490626024685
4.1294978252036065
4.000757184310192
4.393251255927644
4.401746532061665
4.410084842202689
4.2941584120570795
4.138233125175887
4.301087371366951
4.007625443538439
3.688551229561157
3.789784588870308
4.001316175359345
3.7010033082640867
3.828927633534009
4.2738694492095535
4.32493838943995
4.590349870616104
4.784493245467635
4.304256273598172
4.122227295443847
3.93386532533993
4.279937621969612
4.544395870772698
4.598109980318087
3.740678867158641
4.08691105602762
4.219193522267413
4.11117810301614
4.01030633135146
4.256083770952621
4.089082236970286
3.9454444236885715
4.518344313140402
4.264502199589239
4.150284583038841
4.167895211097639
4.458506716513778
3.0300117728897438
3.6009390282064215
4.07118545177991
3.905493355465205
3.937111674565027
3.9475908719087265
4.195720346328892
4.173751785699951
3.5879849704732365
3.9066820772385946
4.132831826426402
4.296501393264601
4.537370753758432
4.532830846971846
4.1229134372284975
4.108755118438577
4.145413444058887
4.744005488811957
4.206919591411577
4.364070201912286
4.413956040440283
4.964424210571909
4.434231400327063
4.510859393617988
4.617044802202669
4.353543188267958
3.8937089945842116
3.5085266677363514
4.216006359252292
4.338051768246107
4.463504973438392
4.5782525245165635
4.2962726084620115
4.54640105535666
3.92284962264025
3.9934803919724793
4.4419459215260915
4.033071062142689
4.717983593904302
3.7177171259209416
4.5594135582651205
3.852562781037438
3.257665465040321
3.9742532757097013
3.5305515920371544
3.7504341898726268
4.248107232924429
4.491942187399577
3.8228642779228816
3.727269818054
4.101531828007379
4.078753885471248
3.5682774012880922
4.705444267483031
3.99000359119427
3.6925978824132777
3.7327974044294967
3.825065489692511
3.907176686013499
3.8653689957740305
4.282693180200596
3.8393814207978343
4.344474499424524
3.7928637992767507
4.239313662011959
3.5458975334721106
4.675940728512058
2.6938849304305528
4.324269416390919
4.3047673625610035
4.080018777988989
4.760503701487133
3.8520080266736727
4.5414991276868575
4.502092387115385
4.2484337017578575
4.572525480240486
4.817349543522434
4.073195443871586
3.7613138252227016
3.825537944949801
3.569997911752268
3.4625875315733863
4.417654293431226
3.826395712701701
3.8933369248997076
3.736113809450303
4.077130494480889
3.77239314432643
3.632530569112587
3.0269186711927665
3.0913456254235507
3.7680946944229254
4.120429521681189
3.8905125605141233
4.126426898414191
4.005120317544559
3.8090745708423026
3.805005998375634
4.090091165158321
4.042722371764479
4.049979109515837
4.214316378474985
4.5570477650010055
4.840077593844116
4.5994859773311125
4.09556421759121
4.251385035306929
4.754073855230877
4.093330908044627
4.802541458537956
4.552807993120663
3.82908890080661
3.734525937188687
4.024635144589425
3.7703695177673264
4.055922841457365
4.0973691695630805
4.214046044612374
3.9025138567238287
4.254557947592979
4.8300156407869075
4.3290660526059845
4.483698201377527
4.334579867341339
4.044438687195999
3.8990896482033257
4.153067890725666
4.457940866708672
4.27407238386079
4.189038186421522
4.230416689105784
4.2126579480931285
5.0983987535204935
4.590782981508674
3.915007626106439
4.702287838051856
3.783547070139887
4.4629078219885
3.854406976388754
4.3491888709366116
3.5560791666071356
3.9593856081855128
4.482160081807869
4.267936123920246
4.116226986968478
4.742814623439589
3.8783902018833096
4.164017963153003
4.5294015949387605
4.326810817547883
4.632414111540669
4.462295081711796
4.235904930583197
4.139129489212121
3.8598211575619144
3.85587381884282
3.7424344912535417
3.9122892894133594
3.808338918390721
4.144516010950241
3.9753189776709257
4.251715447536203
4.207445275497179
3.7471845818319283
3.558126050922379
4.115923571462959
4.193980874904682
4.382456624096156
4.198184812810517
4.310998332055314
3.583343374572249
3.94147862488703
3.608467365079
4.262680017609269
4.143097919469999
3.4072035171762254
3.7697015866571464
3.8032065883089867
4.030554958735762
3.4249559965880625
3.5426867227733743
3.8151412654637333
4.136056739059821
4.116934779807163
4.017423318113349
4.871237000728712
4.454674199056475
4.496160692954454
4.342330438517248
4.796236495630204
4.327421721204582
4.43509379710253
4.590278976209504
3.7114520754932183
3.7269968112842067
4.0775055653014505
2.8074340400725353
3.793751021367812
4.1216124909931615
4.288313878242177
4.058723392760037
4.149615819945957
3.8563333313095987
4.1079536807890085
4.114034511796474
4.640823878038011
3.9479959123827277
3.7416764831771943
4.191910550381675
4.167624258400765
4.053492883824001
3.6674434565489236
4.163585220876857
3.711331777813
3.4000254708750224
4.43953938873197
4.292318411314775
4.429766581163353
4.327306624646161
4.009111167762424
4.5666374825316005
4.237278837606336
4.589264431754559
4.482051066979506
4.493352206722255
4.902035941444511
3.874867498130347
4.538940688891605
4.495215767884405
4.140838035516779
4.339006641079093
3.804040367549189
4.3848616331815755
4.252097145573603
4.054818099146067
4.165398427072897
4.782564428074217
4.449868152116371
4.4896425221831615
4.276606925359161
4.46790292068525
4.370939712559809
3.934656263099114
3.6330048929123264
3.968841610683319
3.9153532489988265
4.495583650165201
3.7434784887844197
3.3167066179546705
3.5165038716378767
3.753737633083245
3.8643704039152698
4.382987014651696
3.8694091200159004
3.8084713768745417
3.7288668971651164
4.479011124006869
3.247133978073802
3.3973565261119694
3.606790035233334
4.172036136936511
3.7138158380530584
4.083742328871086
3.105532834848045
3.7458345027912987
3.7618888470943808
4.3380920568868255
3.751477716992877
3.4245885655705557
3.844548094117939
3.396859274302715
3.7749388960663133
3.7014262602258183
4.061228957680678
3.7632016927225718
3.820947490395491
3.858464883153239
3.727887172719604
4.051341767489177
3.891105054335956
3.794254153661374
3.975646450916207
4.305025260872106
4.457706542183079
4.241319155914105
4.005899772970823
3.8143687351783244
3.37381226081514
4.057530892087666
3.6663627724582626
4.2029641598020575
3.902810800330717
3.734298616206331
4.213522069211457
4.060067684002004
3.457902105062585
3.6874124222569082
3.9420860921044643
4.4370993165417305
3.888783079065005
4.199883570376479
4.237727737286412
4.473328514809387
4.117018804494554
4.738391892221742
4.504278549738743
4.198897184097882
4.936762886928813
4.312374606037319
4.422016581887724
3.976514208821394
4.860233392808511
4.145825731745424
3.969286522389581
4.498836164936845
4.405537113508846
4.295200826505649
4.417449575702863
4.410404336620534
4.0078789302132405
4.121456110275726
4.3695030159067505
4.028169279969154
4.50286436972733
4.076813682183171
4.543233614779184
3.492946792004667
3.8868902573889845
5.037909309997811
3.9792420552472865
3.8033060410263175
4.432619171278253
4.319424957612476
4.439616081867305
4.706884853606573
4.11262169024006
4.22703220455612
4.555108778919143
4.319223604220151
3.659439077224703
4.202690566556255
4.359024040901543
4.807206955328887
4.43127917573496
4.326071961647415
4.287784683283116
4.985903960805221
4.8526227109485
4.897636398233886
4.3329065950401935
4.972450334231569
4.227039325022096
4.632510399372736
3.5087769740638857
4.254127575815337
4.066413866329837
4.005321418300488
4.068755812813744
4.151652764322586
4.422798932646327
4.033712196886146
4.808905957480917
4.178899328443249
4.607769865882611
4.4278109011753735
4.104124188022627
2.96830251886374
4.302873497231245
3.5469663835816583
3.3071473392463777
3.804127711222398
4.199080419483048
4.850645175344321
4.061002282887549
4.233335171152851
4.179530390217124
4.2149544450512675
3.8829525020448674
3.8205148814115066
4.1149603643911
4.122063986727076
4.108195930852238
4.304425132004952
3.538222287235076
4.421262762766621
4.142405091519381
4.4909500660493915
4.582264986285439
4.999757511435174
5.184203977751899
4.575517726578202
3.545153110053013
3.900794929154733
4.0284411386010905
4.499457382140248
3.824388059416949
4.126000920191397
3.5769479326895044
4.24361149029133
4.133767374793363
5.0400273816319325
4.471880715942681
4.1736061539412574
4.683688300242411
4.416865013240415
4.028410157866084
3.8119000352377856
3.147993185836512
3.0960748195648193
4.001980415079599
4.150623871019918
3.8845393476921615
4.368122648022604
4.05848087833145
3.733613961595891
4.126657776781231
3.601088997009493
4.2954898651863225
4.404348489237499
4.196005339622613
3.92951124813682
4.045235103827012
3.798670586284991
4.433854178950588
3.892997076125998
4.234523833045381
4.749396493572613
4.742874211235427
5.015908398483862
4.549743908415162
4.246321985889343
4.76965844210987
4.595892122003251
4.369836175755665
4.366074529371014
4.472927991122856
3.3048450819039275
4.380287335107547
3.9768605457852795
3.8473838673003407
4.355151332561392
4.1701954461370025
4.858702201818094
4.0533494127231595
3.910879253134131
3.8720789012691688
4.270493278468262
4.382231125698791
4.007273994975318
4.7612141454233115
3.5437845042861884
3.9984992401201325
4.342908643449485
4.167167760719439
4.365700936328383
4.271580138211557
4.112684314627349
3.9526995107507377
4.36115744631538
4.226099531903742
4.492961933759702
4.412334702077402
3.0513746086287936
3.5257358496781643
3.963273774535687
4.0237134425507275
4.020899647765329
3.9586940116681086
4.563167208772112
3.7522567709528767
3.9232802333653973
4.077156239172394
4.281152950642689
4.241569712437897
3.8839517125430514
4.767176503868872
4.121487481207883
4.555345551937986