2.9521302822306343
3.9732668724925375
3.9191098815962393
4.120164558954896
3.983126508739093
4.293874790618253
4.016092633361507
4.443787028737537
3.960587362956619
4.171625979046993
4.447104463218214
4.32510341652338
4.363454782253523
3.6837595266951477
4.517179032978098
3.4404923314268343
4.188071879424939
3.949419123171503
4.704003482286253
4.3999012460156255
4.902772353552368
4.422247713190709
4.543340723751781
4.647791473987274
4.362505851955249
4.802833749380319
4.438154653995975
4.7721062718082905
4.709751945741752
4.66543992601401
4.220348682926476
3.922605132918521
4.1815878838594305
4.135243849844218
4.206488701045335
4.247938022679464
3.9246465044164425
4.0534348280856385
4.073140781982467
4.426483421717622
4.819576078234997
4.780403492220129
4.337704839486232
4.439000533445139
4.734583465065052
4.702930099688672
4.680358988443659
4.52261711730001
4.63933577532932
4.320028774007281
4.620718797763693
4.2911266079957215
4.724092889718623
4.665146117894003
4.457195265260571
4.688701935016564
4.8194790127801115
3.8288182231039913
4.583598913512219
4.631388483910607
4.539329326576156
4.811409678873277
4.725645910715382
4.5111444189411305
4.699848840736131
4.39755348610954
4.46469445768597
4.823966324793952
4.318744201768277
4.030731580487281
4.153459381007632
4.203504351585319
4.001185956915199
4.246369815043441
4.181918210662616
4.100276145221384
3.9279236113381737
4.50122535402546
4.5124308532428135
4.910414442860564
4.413884340570148
4.75779219897599
4.539800321151952
4.592269009673036
4.5564586172252195
4.482569232318754
4.565587525215506
4.520462643789134
4.508385035157114
4.423308197435057
4.862585367295474
4.735504518214489
3.4053255345737394
2.7820620430402605
3.9569149546547795
3.9767751733159495
3.8949706424434516
4.40697126750623
4.252399140389392
4.03722010553006
4.539566261678829
4.4972423369749155
4.261405250941845
4.329738897632202
3.948505791315659
2.8929018331571648
3.3477811219520404
3.784108301026973
4.303102453536544
4.002307771116076
3.774236415984939
4.754855013838255
4.4788122143111835
3.9461482554396436
3.914536736988145
4.053383077320292
2.5340916954323305
3.6503128894603165
4.141919845677844
2.7154310054616886
4.41362866930765
4.000352619706164
4.613399878982669
4.2633297344962555
3.8617381815275147
4.216286578924754
3.7193617762811093
3.9726792813433383
4.132613761122522
4.17475897875984
4.723408272902933
4.338331602345753
3.988543500404629
3.780657985735016
3.8109178250092306
3.9697335690261975
4.391072755113733
4.250455145267246
3.9839756705437086
4.075567508840421
4.106144698064154
4.096925264036722
4.1813697736606965
4.157892972399963
3.801010803738719
3.853186772670015
4.075678628614484
3.888402634276725
3.9759219252546805
4.497708328059815
4.343412996735585
4.669586185534376
4.2021135167436485
4.270219188560081
4.424247589143258
4.375069429758639
4.203495509637209
4.7119077621953505
2.8032775124116185
3.9507977580304985
4.203006320075202
4.170872983011677
4.234239770024303
4.424076581571527
3.8362072101843925
4.0846763528668895
4.673410762460344
4.2406278976854805
4.223223260608002
4.063202655882548
4.247231112678272
2.8141739311442393
3.6682080255682683
4.058957377146461
3.870132147184113
3.613567288979527
3.8101649863697293
3.9155615646360333
4.00690655405096
3.8441127478167756
3.6423170967611074
3.8315034628749007
3.934805209916513
4.285288372683034
4.404776190484352
4.376805756089415
4.493054944986552
4.3361363299046545
4.4588819848190235
4.501317009286385
4.182139594488456
4.285089306166584
4.599096147569718
4.176939073609621
4.839322825508487
4.94762503677433
4.341906056978576
4.2468628924555425
2.690178540836129
4.388018058371494
4.517891501407624
4.311845948076948
4.822157820151982
4.123324732943513
4.28009627226291
3.755173546020057
4.259077884891151
4.315191884383346
3.90375960924748
4.55862519567931
4.164576202509759
4.6811013458711885
4.52448809913629
2.808606807281378
4.230458239461305
3.9017074222485513
3.7148779045670866
4.104050903114503
4.419898624829829
4.343001296332609
3.73407766382324
4.131341482260931
4.346509541129199
4.45173150070244
4.446788734036325
2.813513246624014
4.0951660862000425
3.5371065748537633
3.5356117893398036
3.8505269722735935
3.871397415799085
4.3876258378356665
3.8860944206226775
4.016425671709473
3.7933573221701264
4.286686254722348
2.9606210612518407
4.6375047831998115
3.426011427187172
4.276744603066795
4.493477003280109
4.497541786974383
4.986432885176967
4.294646060189741
4.144273399507043
4.381496211491885
3.9244045336647178
4.803967308565978
4.929570138522708
4.08270539855308
3.9178831135879473
4.135801259013758
4.031606478797872
3.1001191526791896
4.212833545025088
3.879375072539231
3.991654427171558
3.9718490183017314
4.198104787083338
4.330290448817053
4.011250341695074
3.8631679826808027
3.0080904646506106
3.8188617822074304
3.9331077830188668
3.8430227566942894
3.6851358022991834
3.5721216087753103
3.4304062429777598
3.586675252753831
4.008120498050957
3.9287155926982216
4.154975710420821
3.899315694100789
4.513967080465943
4.57893260186785
4.635155427426389
4.329384513358415
4.164265938596138
4.635635794627328
4.338293943700968
4.53443875906659
4.86764916147237
3.7289425029506607
3.8739878442257822
4.036106309946321
3.9642326571139535
4.0704851334433805
4.423925140099988
3.9118829845699348
3.6387440386172347
3.886452925969604
4.07931843461392
4.061641489125622
3.992973623436095
4.191327198459334
3.793127794460589
4.153424935156611
4.1667676646221805
4.264279137636864
4.11880213160742
3.9361646383234463
4.28854233263441
4.316855287985248
5.0855782027683
4.095156595430773
3.887414322138693
5.023777075213467
4.156619833192264
4.155888853767848
4.236468736076856
4.230456934807371
2.935906727449372
3.8212382104748577
4.04438362525326
4.235225176317599
4.165870031906774
4.633696793429298
4.003407068950393
3.989560750819873
4.55910510458806
4.14516439179361
4.530407105422594
4.29727158669677
4.209159224114273
4.108867435967579
3.4349267144336215
3.731906501104107
3.9284614331383105
4.414682696669748
3.680354362788025
3.9918068355498026
4.188738976364789
4.195651283301799
4.752587327180175
3.7056713350875117
4.157765109420344
4.151455095653942
4.576110169856071
4.151369557380652
4.243632030523492
4.367775319313186
3.8470510005350853
3.9730126739070686
3.5433591209281925
4.387208370047665
4.3997947263844
3.758987964730707
4.082874287966496
3.7068937173921137
4.260428111085753
3.7105553777322915
3.9354795182977313
3.75601209024577
4.489465024096885
4.125363536650853
4.274886906161061
4.711034787266819
4.515031451518312
4.247611779215849
4.148814321703982
4.360600432784802
4.4025259200325415
4.228514249814682
4.418809645999259
3.357509051850489
3.9699831965315626
4.219899674938016
3.356952453699314
3.646710506895138
4.623512635873688
4.0744812853425385
4.514386539439842
3.9674402867984147
3.839471992167626
3.715648034576475
4.302136137810926
4.914119795531761
3.1764286442332432
4.007204445977432
4.207235550330651
4.376149967984961
4.3885981342036935
4.130258664574176
4.425261047651792
3.7672247631684206
3.963254470226457
4.018540510425694
4.268217667664556
4.434741680404979
4.530858211445625
4.096402924952466
4.308367915343608
4.614471436074199
4.873370068478442
4.609369381640189
4.424420147696996
4.85053119422837
4.364581451729872
4.54498647216482
5.022262835627613
4.249829407243026
4.341146994165809
4.265647837671004
4.174785591417585
4.351376505919261
4.158391228097561
4.258273156892681
4.684061431837916
4.5052833382671755
4.34633231330084
4.3672656596983455
4.486699633223469
4.458217695911441
3.976082401385197
3.7292780601352966
3.8395116896871295
4.139096291409594
4.316139150388377
3.6259929660473156
3.9676862332455114
3.0575583590952666
3.869031403931702
4.299617247137628
4.671672533249804
4.43096258143934
4.728459100738213
3.8129569077742675
4.551749568065299
4.145042913582014
3.9780557662224645
4.254693657060021
4.482957602289303
3.880971451854291
4.520888025945957
2.6924819083291016
2.9060968568829475
4.04493105199343
3.8234862395119458
3.8074729295287533
3.842766240413088
3.6442579871814873
3.96766823353593
4.085943755202011
3.846537141130054
4.12362866101699
3.7530189285981974
4.113400954194172
3.693851173337398
4.017169912798474
3.0640614842861904
3.7268621842738354
2.917102165537065
4.053491432860765
3.7710512213634577
3.633598865625176
3.5392505944412607
3.868260332177229
3.2509374295076423
2.950426376427709
4.365888324720839
3.957843943043944
3.905463259731156
4.278757181099371
3.77390001668875
4.226132532922319
4.176985117084419
4.061216152993631
3.5669396333971135
3.995690774247622
4.289112376406961
3.5663311400381787
4.1326393100491545
4.326764546871201
4.421542003650545
3.9540033960522902
4.5742278056486185
4.457428963361975
4.2797719671828425
4.739392422295279
4.324248717088449
4.264497146376843
4.1603596160952145
4.9151266358697505
3.954365701269856
3.93375633108415
4.505479847538617
4.269444084892516
4.654623079716021
4.527998084584211
4.491535646896528
3.986181415683739
4.19584082496545
4.488123245870475
4.002120951133861
4.533659724881635
4.262147829102513
4.746830224185069
3.3699679458217333
4.167268589863305
4.510992147044599
3.5265958869741194
3.9555238595354765
4.444944380100059
4.274867553900911
4.099991897881978
4.724541749696828
3.9960805793476433
3.879809188068183
4.765880602791018
4.2487262530109655
3.8735467539355968
4.024734635799237
4.4334192052727515
4.5848020425660545
4.480504505748643
4.3275149613501345
4.221293883088556
4.700129917540256
4.546995761645164
5.018773992127969
4.213453849489671
4.713538933868238
3.9815797013579974
4.118517925693139
3.2711552111854054
4.223564592497299
4.371647665145661
3.9558695104918806
4.240636992527293
4.567768223523286
4.5517070329083635
4.193783416035389
4.70260224766055
4.342941952487178
4.463068271901266
4.640414156231088
4.151907314505389
3.1281234789347687
4.712221369031257
4.290436035739085
3.711882543591119
4.3524306558857795
4.31363877172885
4.387859900189321
3.9755296522902386
4.144556650092742
3.862963376516414
4.212993334023109
4.0960651385265345
4.01108471098974
4.516057796705907
4.437105873992952
4.271972967157856
4.2032834950027524
3.9991749462938295
4.256502325557252
4.057259911438007
4.1925657278738715
4.329028322235288
4.865740812458222
4.962895119039
4.319611391720484
2.784653521236148
4.081677555738249
4.303890432330072
4.346494216552715
3.4988095537162103
3.81494789507338
3.4385363283958115
4.1652724245421995
3.7144340546955936
5.0515354523266875
4.010957818859504
4.029545122901767
4.7222936545408905
4.327507431633882
4.008496131664293
4.291672027604433
2.7832759208169877
3.021755666814542
4.07196300729022
4.251384560829022
4.241129649322475
4.351508439421146
3.968289820094472
3.775205622542688
4.497190508141544
4.177370361566226
3.918562779585783
4.312759578551285
4.377976566073745
3.877216808627327
3.9471907704634526
3.441282871805987
4.379162231407809
3.9351497575203016
4.158053648912681
4.403629999805798
4.508903287720267
4.7816478940629805
4.273119883336334
4.4058512214459284
4.335204813869539
4.537629505671688
4.207120013893894
4.295835459874871
4.059555039498293
3.027492476710509
4.2206121634572895
3.997523902090701
4.061990368335919
4.016742274379075
4.150392549297115
4.3504781418126495
4.110455926448626
3.873998415917983
3.6911879115960406
4.159072585547605
4.073017060337044
3.9940250574091785
4.66282714310856
2.9924333270153145
4.301758692005712
4.471604625985583
4.127991163014391
4.709184377763662
3.898461659856647
4.138603872204602
3.8123387460551985
4.9029719417245765
4.261710661779531
4.3859654773384955
4.321187979646974
3.3703561344485466
2.437251915468777
3.4009507364793485
3.6718053453517565
3.7552145815839393
4.017394626959717
4.991664162418186
3.403292170787057
3.882596126568754
4.253372448171005
3.4632396163932486
4.0385617527216695
4.180066820239123
4.549533743344383
3.9143412106213367
4.384619080519796
3.0926877324804094
3.994893845092988
4.081998471055602
4.416761300936486
3.881539516061954
4.201230969410828
4.054458627803534
4.358630177961485
3.9427102632656923
4.056322405563434
4.426407785162022
4.2616976886082645
4.55440807944189
3.9255865284331026
4.571357538600077
3.1153643557967277
4.121850168937629
3.9847258254425366
4.840394875872722
4.595348098509487
4.869604436624579
4.375819983834066
4.517310554861049
4.72514969933953
4.486686760193297
4.6585069973770725
4.277852635942864
4.605728971175641
4.426899061580437
4.600444780122251
4.32207256532817
3.8603576173587753
4.094949265997043
4.080606716848083
4.144334362619036
4.247938022679464
3.9309042356870205
4.327479184157074
3.8306841000660423
4.452643708250606
4.4820982168251176
4.853451052812753
4.406770093064629
4.183840802969003
4.570756786827344
4.511169023863893
4.680358988443659
4.0771633825127385
4.661696574107739
4.276834852309503
4.488991958178637
3.9391421986478887
4.147514398102738
4.619745662267157
4.5566050658528185
4.65816147532802
4.8194790127801115
3.910477892112661
4.547950187808035
4.631388483910607
4.528968384538822
4.4880912454140045
4.717007590554765
4.375539349468334
4.669009738974773
4.340044210650571
4.597976034321837
4.990101459258728
4.423432497188418
4.063848933729791
4.16545857846336
4.315824486063831
4.083832554989894
4.279160035521354
4.223398821788481
4.107044579182022
4.170137704593621
4.488630789794137
4.172150355111784
4.23179197375477
4.1322967273559525
4.576417659703425
4.625135595198512
4.592269009673036
4.564477525365269
4.368869224954203
4.518680165030583
4.546320276287147
4.499941918285698
4.35343924840938
4.862585367295474
4.526576696003994
3.6699307894471964
2.7737824187221722
4.1531616091515575
4.0678268410246705
4.060371282952141
4.122541277011851
4.275228598324514
3.8966142487175417
4.521146253084794
4.467416599248282
4.276144791647489
4.315802719277897
4.039867741615399
2.9254134031163757
3.7417019689195588
3.585731191850064
4.356714808136112
4.122365884007995
4.146628222801565
4.759349888996155
4.481735074029835
4.071427581792689
3.902265628775897
3.994192319122929
2.396296991616267
3.8984004398955
4.098975259048069
3.042340856304554
4.52504485845123
4.038069690456106
4.570941298454425
4.207772118020248
3.8160690795491954
4.2356905617188465
3.965394892138655
3.9196397562909944
4.118724015955443
4.018737485051034
4.355146465621359
4.331622109640539
3.6639926673971566
3.757969176338766
3.796346759759584
4.002429033461426
4.342925638968612
4.236673796548957
3.9994724168026146
4.0976118435984406
4.1046323643684755
4.290098643282287
4.158554675951367
3.9242149269945488
3.7573490656302204
3.991354356097375
4.024705894007191
4.145743222908147
3.863009928428225
4.376731646041092
4.4828791238086065
4.874978678241938
4.3458366367199
4.055092013769653
4.2102352898678514
4.276068599216913
4.378532042173906
4.660221452342158
3.013517639142376
3.9515547201706407
4.177882520956535
4.138331878823448
4.319707607606669
4.369576670739989
3.474181593817389
4.405252907346787
4.59043213973294
4.20627457851895
4.32208478230864
4.005598699940962
4.319555136453651
2.6603202500678806
3.5727440059810798
3.9022614565219325
3.6183002206891235
3.4895388338077096
3.8342790953972017
3.8828184102452923
3.9879319900719445
3.8166163455860445
3.6445978008363644
3.9051154881839483
4.1526948693437316
4.2357803805286816
4.301067566243764
4.332813604420474
4.4945745559991455
4.564739819892824
4.470838903560907
4.547033495086354
4.030632273967836
4.283714434448855
4.5034023398020055
4.2464065621051645
4.839322825508487
4.700517852847472
4.466811682414659
4.125979036301301
2.742628431006797
4.4662369053924635
4.520032026838212
4.1929029375356786
4.586774318818252
4.116200889174429
4.154590600396041
3.9086295930963573
4.376020052584658
4.398028847693554
4.234284959314993
4.458543607968564
4.047667183741184
4.5599778412187595
4.678195697750388
3.1163890536891197
4.403607958208697
3.7898186164556638
3.5920739372300035
4.106678046093332
4.299916734876017
4.247329178183196
3.815444869027054
4.2030075659830715
4.435718056919053
4.446775558464531
4.433025479569668
3.072195452482098
4.23341528252822
3.5688324601893564
3.571090478399073
3.798033571656733
3.896732859646611
4.344869845194227
3.9650311962638662
3.9917614922544074
3.858483151773437
4.202147201114625
3.1900598671054876
4.70217556606132
3.659971456280555
4.354670650585894
4.477529791567176
4.518813628241184
4.766144038754524
4.231127816439993
4.123684724013166
4.257488538471352
4.209194195916339
4.7821203713887375
4.918549462029452
4.054574112858698
4.053728603046031
4.33889493814636
4.077980043474779
3.548157776484447
4.285067693174464
3.9412161802014958
4.09064932739278
3.9451799139568884
4.333409289251092
4.466136512578549
3.9187288074765974
3.9852628635574363
3.257716860503432
3.879241678888509
4.021597612595723
3.8159609071658966
3.949947557870244
3.7443832262781265
3.583544646095706
3.852960662513537
3.901923373340302
3.915130865924655
3.8767158790256877
3.9787904086046275
4.584846561168235
4.6038333049814515
4.635155427426389
4.351631879927436
4.23663649490862
4.383586384882423
4.295592756394137
4.538019446912015
4.914038136472065
4.182369946768503
3.987508671627136
4.082639805986701
4.0934469980145245
4.250380467560365
4.198035051550949
4.213607335354778
3.971287722588203
3.9285203940843765
4.406400503687224
4.538498448388752
4.443475769655029
4.419330918659476
3.8178925050052306
4.193311458518333
4.1667676646221805
4.225207603197211
4.1451141974215835
4.083055719296481
4.35018342026234
4.588039899991812
4.987209936173152
4.164727108735603
4.20620773891328
5.038866037729788
4.275380342731106
4.215888898375498
4.131644520521382
4.291446199743007
3.301922126812886
4.0086613862828715
4.293041608280372
4.319632835187289
4.1044273498707495
4.605956418817209
3.7782729349706887
4.021668194397331
4.55910510458806
4.194428787177145
4.510379905002387
4.203407837919725
4.182014740171406
4.090134219310272
4.193646295614462
3.766275614058494
4.011354396291686
4.291206490005572
4.191962405497575
3.989682161485247
4.206629523466651
4.1296294206752275
4.563201312521709
3.697795993988536
4.190135972607122
4.17239233339728
4.3358251696518595
4.0463556239034055
4.215391106871337
4.398436073469025
3.9130543064757823
4.043265222287427
3.5667892730411253
4.368384913101696
4.420120493285467
3.799386929393987
3.9806336344356783
3.826834540115106
4.25442459776354
3.886335532993351
4.407414612508379
3.7539551679186083
4.191537276369856
3.9293364796638413
4.087965476451274
4.770414119161657
4.544407554334253
4.261354815119986
4.234414327036517
4.360600432784802
4.443632986045397
4.306712044974432
4.547010098070536
3.2760621149535227
3.8040391932696025
4.199141886606187
3.372065812186783
3.6211659952818125
4.623512635873688
4.085136298349678
4.587577393546172
4.006032876601337
3.923793146712706
3.7423509219712754
4.244567958346673
4.482720763833159
3.3288272887326094
3.9050615248490104
4.112204937928013
4.259630173850714
3.5400395634940436
4.105178443047826
4.441436019491713
3.8875821418824508
3.7039715747046142
3.9928754314749195
4.1333479658157195
4.366712969133286
4.347112140812303
4.100423598958289
4.458688711362376
4.482353203709796
4.84802690458718
4.347335246633512
4.04867320696676
4.84910441121436
4.397140047114721
4.496183107300022
4.858079531969139
4.124972180834542
4.618970738386485
4.513910863100144
4.319417720845577
4.662646934196703
4.176513202844669
4.396828869736806
4.240686141906728
4.603244211356209
4.384288714901064
4.310747041455304
4.52311433080641
4.559411112492182
3.9005504728504397
3.737814396604394
3.8574869036107953
4.070250057733469
4.276785994362616
3.767302571846832
3.8748872331569055
3.5041098107446618
3.903502685962791
4.393644891925789
4.681388498528552
4.416806444833832
4.727655340406402
3.765249695441894
4.568984771277609
3.1421935881801053
4.20254968268079
4.235395177852425
4.53739900993983
3.8375029778354923
4.49605993987258
2.6033837850484187
3.0684211659699105
4.0707441101361495
3.867728958316367
3.854401483120718
3.956361543600814
3.64058377702455
3.6000241586489894
4.026461222349787
3.862865927917236
4.11604455139205
3.959277694891406
4.1175655824350486
3.8157959351933037
4.13379550395115
3.0980709833462448
3.7415287257570045
2.9228328699340276
4.063041939748693
3.6395729979517863
3.6785449703083106
3.5573296140956137
3.712863907825967
3.4169002395478962
3.1309323199664316
4.296494461036209
4.2258325452739856
3.9402551404524955
4.178210589938559
3.8434928712607572
4.336412385042477
4.17494291577155
3.902849728620847
3.878297879076083
3.9295668236299366
4.313023841499312
3.579788585363281
4.069012603750568
4.256824275721353
4.52357768960105
4.060474038985056
4.725944434527731
4.574393501137466
4.262269912903831
4.6873179762466375
4.437148313628818
4.312643307804654
4.118968812349446
4.905782469642343
4.006266942169374
3.9521628200026213
4.484720708941405
4.34428861311825
4.641864680470439
4.516551921964847
4.469221261956498
4.000751158477665
4.362572764813085
4.339012892831474
3.8772434267920346
4.529824803200338
4.141496994954996
4.695744244450326
3.4730959901201084
3.9097732532027
4.514952627757918
3.8620654722491636
4.112086115796055
4.379797465862576
4.2730204842021235
4.428375260875534
4.529213221311053
4.136958396423237
3.8914579407551715
4.671988461344104
4.196624318518712
4.1721000901641885
4.019734795623354
4.494840871409398
4.573278368397938
4.709334797944452
4.407772479592891
4.237422112206175
4.751037716225349
4.536704511262443
5.017229301784509
4.540248241217713
4.719112768650605
4.008810407535882
4.40535533224393
3.337539033308737
4.253251964262729
4.2467861591363185
3.819670691396285
4.380474003404521
4.539570402868134
4.551752963260255
3.8972851188381368
4.730927963912476
4.3642673710299835
4.543662978086337
4.7018156480670905
4.045471119772172
3.4744816147320696
4.712221369031257
4.102865583275876
3.383595266997377
4.093959524255128
4.126080997761918
4.50430351592302
4.0688288522813165
4.120176358620954
3.9213843041716276
4.193291002257536
4.294032653495963
4.14263096303949
4.500609507084221
4.547140924443543
4.296200560110002
4.240409824491525
3.8872196015965175
4.500618415456426
4.0083614814562285
4.492126391970965
4.339609721958474
4.80825710510587
5.004973743458382
4.321719009169758
2.87727247677559
3.952409950134986
4.4052443712689895
4.376921289172795
3.8087819799152696
3.878970094385481
3.6652019049960263
4.1013900292389165
4.095470193757235
5.04824468897783
4.137247379238666
4.213442280220976
4.810259662205354
4.411032173228376
4.113074925580442
4.291672027604433
2.826890588172294
2.978269186697249
4.034955961893372
4.221951709358699
4.255464271442626
4.3569759137196975
3.784762709697017
3.7181043946876295
4.398655558006526
4.236998973811735
3.959062355460041
4.21791279770148
4.438884392461034
3.8569613729637586
3.8707790827330224
3.052001066517155
4.412988538837711
3.8315128826553067
4.212789276338327
4.514966849565947
4.646200702516082
4.808677387614791
4.332268574601195
4.452317569175783
4.6203344321792565
4.694548412248201
4.163131526835175
4.307446064452462
4.20076308739119
2.9739732082297694
4.247912209572841
4.028351775955608
3.919531542013188
4.038772608028184
4.1729471893502925
4.383572714557953
3.890892158629188
3.9712391237220137
3.8382564317912378
4.047675241755106
4.13475431295061
4.1400881139941035
4.729144232390295
3.1814635724821265
4.578021543806099
4.307102398601247
4.47145327411384
4.752573511760367
4.417963777759076
4.447073523182164
4.3420118042599904
4.9029719417245765
4.470696193060177
4.3155263562837485
4.334579585901256
3.2379053380851293
2.7986383415649234
3.24423664588852
3.6972585100067255
3.7208675442482453
3.9825834186057723
4.808980612427308
3.439243029876269
3.993721407273482
4.079752326263282
3.374747069331528
4.047278673779575
4.116459501499213
4.741148980590058
3.927810512556255
4.35940601421951
3.083185741305577
3.939188832606341
3.523880676133347
4.216016117851846
3.9961377724653357
3.589749071951661
4.032388337530448
4.327820409081766
4.003653301133869
4.13818064225943
4.390725792321453
4.077818849801867
4.568131373172873
4.05382503960176
4.5110490116672395
3.2111704928712888
4.115115108190942
4.060248037283603
4.8820417238089995
4.617426644674184
4.890308053796239
4.479681543325511
4.536955356797417
4.718188581512622
4.432355305985112
4.764004887404054
4.4798945856711825
4.884919045912085
4.8457018813517845
4.597724819690747
4.290184727104532
4.088921760807883
3.868733551421255
4.180088948502507
4.104268601371773
4.2540574293215165
3.949772637365306
4.0534348280856385
4.089832141176375
4.4236904505209855
4.856958319495753
4.808247087711476
4.37314610123932
4.130033772086611
4.801569126227181
4.750817804019277
4.680358988443659
4.50366700807674
4.6086679671438
4.320028774007281
4.562683209685362
3.8892390571454842
4.672611258834128
4.665146117894003
4.566134747518535
4.726273783168033
4.8194790127801115
3.910477892112661
4.555720914582132
4.631388483910607
4.522850162098491
4.814667556836646
4.845157383710844
4.43280989201105
4.698739969333148
4.39755348610954
4.511121424401574
4.961302837208322
4.408022692588187
4.247471283802419
4.15751252017851
4.413623263944849
4.135340385299397
4.214719953563499
4.283646860014729
4.108643062181305
3.953340126873535
4.526979204016327
4.544297631549918
4.705682301315239
4.502039420271743
4.623767974611102
4.657555913553466
4.592269009673036
4.564477525365269
4.585365414559005
4.5340335675797165
4.520462643789134
4.575713771113466
4.418112224033813
4.862585367295474
4.839285253187584
3.3157250692635656
2.8433956172278947
3.9332312237874243
3.9209683406886304
3.954682016574764
4.2569079881588126
4.263491145842368
3.8839241735312124
4.67542166001515
4.4825745667481
4.356512250718424
4.455661242810471
4.054074332616553
2.8398812102225524
3.7417019689195588
3.6403843496200086
4.223593132164696
4.0943325660714445
3.9462312531907777
4.733099311421542
4.412764316482983
3.9429519568039444
3.9442901384496185
3.9856745304008614
2.7138098107231956
3.828393616626144
4.224045625336231
2.6393248530822753
4.447401269015037
3.945965616265145
4.642668155536494
4.07161189762842
3.9085136984416087
4.138668035203199
3.809270276396988
4.156884059015566
4.142673666939167
4.197351269103851
4.48306048212073
4.336464571891375
3.7349348018628676
3.7675006097089265
3.771157443540079
3.988770604774454
4.40735509467109
4.236673796548957
4.009593436966573
4.1339430099064
3.997505516612136
4.043034099414085
4.198987595175057
3.9878251883374203
3.809697740545724
3.9265681351244015
4.116263616662271
3.8999538462615835
3.977041635626536
4.409336076698905
4.331947351993433
4.669586185534376
3.8898062772468727
4.223330016129642
4.509439208736636
4.377435930008801
4.314921755230433
4.722556563254157
2.771602093058012
3.8638452626667963
4.1264341628690175
4.17947459337065
4.28508993386252
4.391787386704923
3.8689155653425003
4.0031673247977135
4.565257627883424
4.214761281644094
4.299021093304422
4.027526479483814
4.541909502310437
2.740832562083221
3.594098920726432
4.2775314900608485
3.955947457004199
3.659096142694154
3.8193003024750682
3.888227154991739
4.00690655405096
3.6197678951031014
3.7008808693117023
3.853814209120416
4.251123064578103
3.9825468541178077
4.456977589596821
4.255322499757435
4.230920284026116
4.587411442453559
4.367432976896742
4.58022479060789
4.036939174633209
4.3905917149088065
4.688340631607364
4.164697244501467
4.731328364982372
4.707746955326979
4.387754944457077
4.033720458321973
2.7467838887672444
4.451742938800235
4.521892047224274
4.178420090484975
4.822157820151982
4.1305809574220635
4.316126673384352
3.81835953393567
4.165992606156813
4.406988346820671
4.0533964781965235
4.55862519567931
4.024863225075679
4.542150527455293
4.52448809913629
2.9908081530608044
4.3133391562401515
3.8797342092414153
3.6878939961144797
4.1339305957885735
4.431289346629583
4.318542479756045
3.833742919272222
4.152979326939928
4.324193205411511
4.413400834325156
4.433025479569668
2.8671705744941267
4.129470449798656
3.5577167305857866
3.6517328364814423
4.0065007095848175
4.017128307757638
4.379419820760366
4.0816134432315945
3.9837934112693887
4.026972183462853
4.229168142169982
3.079620874497016
4.6666256618062585
3.4675075694626436
4.315080514843798
4.4251587853972705
4.556679955202159
4.750908646626719
4.266456698965166
4.006080034285391
4.422251127578118
4.140523150067774
4.829819287939786
4.907461927993648
4.086409516374078
3.8815291952507494
4.153590392191379
4.036053627259269
3.5302735697686147
4.282096306614134
3.75443420747941
3.9091925366066804
3.9705119458320537
4.309655941831081
4.315696466373546
3.918549478555351
3.8631679826808027
2.897289340495735
3.843274072485668
4.029563132033898
3.9196657131339836
3.8255021358534265
3.645758062890705
3.4836415025010874
3.7219635682934307
3.9229761904294276
3.839349194904444
4.213434829592946
3.9615020507688237
4.4866700816143315
4.557272017897599
4.531018968191652
4.449579173248351
4.199174251446648
4.635635794627328
4.305114541634291
4.53443875906659
4.71099904469219
4.062785933359425
4.046780313390041
4.10184693745815
4.063216800302545
4.151126112278906
4.335510401502155
4.15378114538825
4.0745905597683425
3.645545313555039
4.4421201128725
4.537251440266081
4.516786343006099
4.4862522776345966
3.778457997996604
4.123584373060365
4.1667676646221805
4.264279137636864
4.11910994199193
3.929517822805038
4.251942016915179
4.312488597230479
5.069822457122786
4.140693482086518
4.03220707413534
5.016503870595523
4.0714068761486155
4.138378436042615
4.2922363774801955
4.277185467376301
3.2111388171977815
4.000328672541292
4.298822791106541
4.200501591281477
4.198043557414359
4.8436269325937396
3.803214592145021
4.054588748582284
4.55910510458806
4.202791084055224
4.519697283371398
4.195557523206361
4.18502826502586
4.168905058671484
3.4512856761286965
3.763859742002164
3.868167596475951
4.403200245612613
3.767319559313557
4.103445571400901
4.144799185350768
4.047653272680954
4.6651763238975406
3.4412067123006773
4.217189465017563
4.142920809660929
4.554873109563715
4.0463556239034055
4.201551851888105
4.3948740340928465
3.8520647844812714
4.101285358775963
3.744285077492213
4.190855339143451
4.431862861512532
3.6712421017124375
4.035289769127804
3.9774937142622138
4.29789210562025
3.5116967647411563
4.470964968157629
3.8706284451673714
4.482587405421761
4.20561467204694
4.339428441563742
4.728223415269989
4.678617264028106
4.2261414800360955
4.175725861318739
4.360600432784802
4.506833879181004
4.25156259755397
4.48333392150571
3.3845597595320966
3.921262734075781
4.236614923388601
3.378874068686356
3.653843451286348
4.623512635873688
4.1643735420933226
4.569874972963397
3.9627508876516337
3.876236069570008
3.5954990477412165
4.338453266189628
4.879928575933411
3.1158087905242704
3.8656582642132817
4.272468467113468
4.259630173850714
4.407852825303923
4.227582024243367
4.415070393459546
3.6568179039780286
3.949831634210934
4.238642457371893
4.101594390767906
4.498263554909861
4.337831587725544
4.109262393215116
4.333844595081164
4.3440990297891435
4.873370068478442
4.295322263623075
4.133884227953188
4.84910441121436
4.397140047114721
4.4392365642637515
4.648451242514371
4.181853927097569
4.340655000408258
4.391102554588069
3.898479581663419
4.587384203486917
4.12748840529358
4.282967055922546
4.746047159889342
4.396854089696823
4.388186928504723
4.406608134066605
4.636719847511516
4.516162153426913
3.9976353883738316
3.7885280785121007
3.842869285060141
4.201410744814929
4.361702324498788
3.802705822049836
3.825807553930078
3.285312148720797
3.8527468386616244
4.321111074006866
4.681388498528552
4.299045352261228
4.728459100738213
3.7876155784993064
4.551749568065299
3.6851099942878665
3.9638344453470435
4.23514272623966
4.513428403878536
4.011072982367269
4.5130715593050414
2.6374673403725915
2.9596132550453955
3.9994368712025543
4.033048252875075
3.757838646419243
3.709602393591111
3.659029266562258
3.7267981257135965
4.047250560410703
3.8375956243818425
4.274156172249264
3.9620050854755746
4.029368287887971
3.6363383331360364
4.026818028263827
2.897662245034808
3.623577487501314
2.971316199282014
4.042775288827765
3.626728445623761
3.714052505546185
3.603364005042096
3.571902954033828
3.253538171677524
2.943569915215676
4.448607595107472
4.192283909889602
3.953415384883751
4.2193263583519585
3.8689467802130593
4.230517212498244
4.176985117084419
3.8964298382530207
3.946048228630267
3.993410565373728
4.349376929761078
3.5663311400381787
4.015558293865573
4.355425573562176
4.458277672644224
4.025016232999441
4.752064557669294
4.477575928773064
4.39404788910278
4.802697371209482
4.446862602429801
4.268547502235264
4.238218087087154
4.921238241228806
3.9858481008022952
4.020941026286013
4.486040970131331
4.333404925595404
4.670116506894136
4.504150765161907
4.483846404611674
3.945685528540798
4.329478923386912
4.409351885573438
4.081035992223198
4.6928438463277855
4.0767743329184025
4.299333093215751
3.404158274759644
4.053458884701958
4.514952627757918
3.5068080637475383
3.9398065511063693
4.410241367275342
4.296428264633045
4.233022273256555
4.732025560223951
4.045309147839443
4.336101473267728
4.671988461344104
4.2364778155528295
4.019095695837276
3.9588259434506523
4.383554522245868
4.792691203537767
4.578945407756326
4.372355380537622
4.135502465283962
4.713958405930542
4.546995761645164
5.033926498085757
4.324666826858924
4.6310856220151315
3.9910888525470236
4.400295857952997
3.1342514917491737
4.2128576005855916
4.483227794465952
4.0250373249112545
4.16205363686372
4.590250203289847
4.5695945701002545
4.331494586628686
4.730927963912476
4.36357139762092
4.445538145226486
4.764888195633027
4.018374585003762
3.16694031263556
4.712221369031257
4.368836264972728
3.278647268994492
4.336664298618248
4.2100761605488355
4.32066906570077
4.042512360478817
4.10591983966268
3.8714844185226305
4.3068685647284894
4.113978110976838
4.111620626902099
4.252862170769349
4.573615969937261
4.220509580209794
4.169384981972258
3.965346268455077
4.412451557600594
4.258640120543488
4.456654469543502
4.235158936862263
4.78859493479391
5.417101942594787
4.296517054108428
2.7424709015483435
3.950443395518824
4.263895850140441
4.320578452145188
3.6763226753804554
3.876442368618416
3.5341982798477365
4.197771777189439
4.030645558060536
5.04824468897783
4.113362103414526
4.199620718590054
4.810259662205354
4.335204273729444
3.9975018041289214
4.291672027604433
2.814693418808454
2.8040393105588937
4.055245554719426
4.241912281039683
4.1977639413392325
4.357806749602804
3.891572702502534
3.8346515890574695
4.754810813736054
4.180426352689466
3.9226144980569977
4.159803042721473
4.362518548112555
3.9241112209310973
3.8777694382875
3.51620331380914
4.412988538837711
3.800323304606521
4.151664343302423
4.369934636416971
4.6026858274825475
4.677053904434123
4.367995929457831
4.297775735828015
4.382829867570374
4.804243431318536
4.111443925590983
4.296397001056321
4.033739049765247
2.889876100576555
4.171872707023263
3.8443056024829216
4.085692083728223
4.114932443135573
3.999559651942655
4.2672458430303655
3.7303485542039776
3.8947814595107104
3.903228204364915
4.163531470911913
4.017891654766455
4.092329561618035
4.609941976901453
3.3091590213656854
4.378373698764502
4.525096074624804
4.031230450434617
4.905906308998658
4.3836283455633716
4.1443319408192565
4.127061196739014
4.9029719417245765
4.494780228940283
4.393111695684015
4.345094402521141
3.3025745332005174
2.5024238815168
3.2287205986464116
3.719532377194513
3.718617120506402
3.9031742242733767
4.808980612427308
3.3928926015199883
3.732162399995607
4.172229154939462
3.374397678908509
4.208469710041662
4.155682617164679
4.557911498987377
3.928404177383906
4.360438080650758
2.876097094530844
3.9395554502210675
3.5899068028518313
4.293815786349992
3.8890673210700153
4.363937615022538
4.088131808537366
4.2883269822747945
4.00519894880002
4.060270770845548
4.413670377262512
4.0396574580659435
4.4735808363119105
3.7664940174748045
4.490964226258453
3.4060585540011883
4.161982383115097
4.083292726645277
4.8820417238089995
4.599751850853165
4.882534443764071
4.4013862489244335
4.355951430549352
4.526535148004303
4.425407442826991
4.637640062221765
4.226001530673758
4.650812824951103
4.8843656747529804
4.609347001948388
4.2454772773525695
3.6033205142268776
4.065493530337524
4.152142327816621
4.081516834025991
4.3282011668513345
3.900094101420253
4.312415339259275
4.096683147912099
4.633847084621262
4.567705516422817
4.812438139214896
4.37314610123932
4.5016444369356226
4.736337638170433
4.712557631760912
4.680358988443659
4.407855854454396
4.689491462621943
4.243924864801368
4.533810771393549
4.3054253648809055
4.242238334935912
4.050525881359917
4.566134747518535
4.501136568903782
4.508824674570928
3.910477892112661
4.531341639170453
4.631388483910607
4.500178110386552
4.82242860708762
4.669038195373584
4.4159119035846235
4.656167555798535
4.256629275203743
4.327815034242669
4.813907093736043
4.302621576481589
4.160848960681382
4.154798755862506
4.259979615400971
4.103073526880701
4.2687744426913525
4.264011355093103
4.181310863447136
4.1830173160460955
4.569625242394133
4.552246230993772
4.657621015846374
4.424708710555933
4.712783388434462
4.424369886406449
4.592269009673036
4.547643494488944
4.439329763004645
4.512116634677834
4.463262595851246
4.543153685789649
4.279176347757671
4.862585367295474
4.629284737449442
3.565616173388074
2.828129155796672
3.9332312237874243
3.9396754569656385
3.923133724810101
4.1742159929268405
4.188924264160405
4.090929951428154
4.566654513641857
4.398409990698659
4.130477393120059
4.382358727865367
4.034957550141894
3.037245052147016
3.6506903416185414
3.64679713943767
4.486824254695081
4.168331986452582
4.0175107279432725
4.714166164057074
4.425940755407106
3.9799973279725336
3.922603195874859
4.130798818580947
2.5208459488520623
3.767551850274921
4.100460208999188
2.6444017996150806
4.69943999393125
4.011894553527599
4.577868851965129
4.257343640581199
3.77599443995466
4.114859151692214
3.764195823222376
4.201986455919003
4.091877785505979
3.95386665140788
4.60482868910964
4.284406632719762
3.7391901754858274
3.6010716054775354
3.7194180743814043
3.8912739784888695
4.360112256764873
4.236673796548957
3.9977209556070106
3.9729589120573956
4.0848714750320525
3.9781323956919703
4.15659579884932
3.9011459933841652
3.8601640109063036
3.905231910675774
4.0373025292672775
4.111483704757179
3.881489345909853
4.204851486827901
4.219505912012713
4.768416389900363
4.461202619605835
4.137467112126284
4.438816073794182
4.3676466400021745
4.431214231430944
4.605698890825501
2.8262471254116925
3.8892295051941654
4.378951607311012
4.086475617338925
4.3986063983178845
4.224121068698201
3.6878762430572536
4.181211407443637
4.662885776795189
4.219254651825905
4.26366824761821
3.960122517047332
4.254690162693149
2.953571289376238
3.5816697653040457
3.9411734329264725
3.8148597875858936
3.391128021200655
3.768876291778435
3.7850806026638777
3.8898762497880948
3.8419819171777796
3.5383699945778755
3.712475593464551
4.159804001534355
4.117226858492318
4.44502128042859
4.33447322638984
4.462709777433759
4.520669799759925
4.331550454005763
4.578140358713744
3.992805591114318
4.2882136723870445
4.549886766083315
4.173503162003987
4.709397768311325
4.939610374077871
4.425895741227247
4.335157864582694
2.6751867467219004
4.351166580593238
4.524896316436493
4.064246274863111
4.284572048388187
4.147567463370249
4.03230089539283
3.880267218115483
4.376020052584658
4.427282141048142
4.283267009621669
4.561707241089062
4.073840084483962
4.554579249345375
4.52448809913629
2.7310533793441927
4.375311950444936
3.749773934363036
3.6840394667313916
4.15318868438269
4.410800208592446
4.134963108561298
3.7202015905173784
4.2030075659830715
4.324193205411511
4.378681781279411
4.403192593001024
2.8857996118691576
4.163633563465971
3.557258519396571
3.6578174236404495
4.022745500468438
4.035127650184354
4.378551808976466
3.902390526335354
4.082882222041494
3.828200306559549
4.1861312253017715
2.9807405382756924
4.69839881637434
3.4675075694626436
4.324424289584752
4.374046633682299
4.530883163868958
4.727547774469636
4.299402754481257
4.123684724013166
4.254002074049994
4.034766981659484
4.806244229915141
4.520275181378602
4.0471750201400045
3.7988449114642027
4.1500707182082905
4.0289547859571835
3.6761198251118175
4.165051429987168
3.9444807660682972
4.027279077781624
4.044389447376625
4.273419549367988
4.390603813304189
3.9531670405194257
3.509232470485756
3.165256198989649
3.846301539155808
3.9373738212031064
3.8481086134381504
3.6787597515864245
3.540039202241133
3.4176550847656046
3.9440849989544207
3.954718589612615
3.9105975193900635
4.191034017350162
4.058110029184963
4.4866700816143315
4.606511947017537
4.531018968191652
4.271075674662473
4.244565621230514
4.629961550515588
4.217321218142698
4.5141872954914986
4.688049046366251
3.571137796546034
3.958294448229499
4.084697589475635
4.013181193287787
4.223949194209503
4.189734492983044
4.115162161463991
3.9604315152857685
3.5811283595412933
4.60166028328948
4.612425135780642
4.488584452882616
4.458471390220309
3.7055859186117774
4.115601127582887
4.230732544378885
4.225207603197211
4.074492431252701
4.081189065942456
4.136711045199991
4.270186523989472
4.9936035851185165
4.187081761754422
4.118721100843899
5.016503870595523
4.574387691158548
4.3491453320663584
4.104700891681749
4.255808386668262
3.2483198971051266
3.9112330149772347
4.175635286619913
4.280898230054283
4.090659724943577
4.8549841163884455
3.8495308095168124
4.044295088598463
4.579387750749291
4.1859591789602035
4.465093284213836
4.264322042397341
4.132093354290749
4.1147195988162775
3.4012293411958234
3.7333475625857373
3.723060453851873
4.215646833796252
3.876580812007104
4.0787363180795495
4.1402358398866514
4.187338328815528
4.492305609835542
3.6053228994046522
4.215520072353846
4.119599736141494
4.616610150292103
4.040091807105137
4.215584802803143
4.313358326721648
3.8555720895739745
4.038623704986203
3.610390581988215
4.172986811894603
4.430134896373562
3.6209669927503416
4.070619107090308
3.888530885512612
4.23791587259188
3.6517183918361606
4.439519493418825
3.7290820305557624
4.228646060291935
4.031403160115022
4.087965476451274
4.7193275906199865
4.425850342467904
4.154132292728072
4.200479703200348
4.360600432784802
4.494877266239953
4.2298392704201175
4.377657583988443
3.381887544243202
3.9469989771819014
4.197245307356629
3.372065812186783
3.628453076696625
4.623512635873688
4.104216864397236
4.620014156807313
3.9471042374288667
3.8478765315753853
3.8145256118842585
4.107343154055472
4.824700485286407
3.3288272887326094
3.9686579575319456
4.159335005108709
4.327944700064661
3.5236906564521364
4.1719969576990295
4.425261047651792
3.642754201416082
3.6716452888661126
4.003738919718246
4.251291149829789
4.1828358100966225
4.501265929327306
4.0719506431386465
4.451008341243921
4.4867943755613044
4.873370068478442
4.589395738019542
3.910351708696269
4.84910441121436
4.450603736011045
4.501955958102819
4.577192870405409
4.182722587013878
4.340655000408258
4.228982481271675
4.2517904205007575
4.411900970912999
4.133359009871766
4.456327762292155
4.628018915092866
4.594878879360731
4.4226825552979
4.325858490727305
4.52311433080641
4.465001121690426
4.078644705015593
3.650399201811858
3.8942969507638994
4.120157243534794
4.2718302385672136
3.7461617020120155
4.088225961071096
3.3899416649446525
3.8322537070780145
4.435455235193606
4.3738895607587756
4.337132445087691
4.472990444433709
3.985146588285776
4.555346478377518
3.3272110089198685
4.034999093540811
4.174793727713791
4.362899800717664
3.826659970230996
4.49605993987258
2.6487529374680787
2.9336290236093987
4.004646194642979
3.90452493112108
3.822997279187283
3.701834820763608
3.7251728032157954
3.7616286297337727
4.036934142847221
4.01343183178067
4.199349701075832
3.823636622600164
3.911373991474548
3.899483613974941
4.229073125110828
3.545250943546259
3.685462405687863
3.1086978912353516
4.026217601804828
3.975536760101103
4.067789284337576
3.82982505426064
3.8830052098723282
3.4937819146101914
3.0892415301401903
4.399450120238554
4.228091879843195
4.0666331330548235
4.442047004891089
3.994338691260369
4.293595945094129
4.164460688740875
3.916018650294574
4.005106795001005
4.025225172807045
4.283710533218322
3.5663311400381787
4.272414701281433
4.179879648319608
4.470049845766109
4.070975586356343
4.649353260327828
4.311149409066578
4.248933732733166
4.504270120670082
4.397868538659418
4.242121598678102
4.196096904882727
4.475810541333792
3.955366250157578
3.8374452578591587
4.523108329646619
4.276645057882358
4.635775255187175
4.616023638613808
4.372488818944574
3.8874587560994494
4.295053255721047
4.467706880839772
3.89929139164797
4.6378593555663565
4.118143222792942
4.678435142127301
3.292691280573716
4.0959453199601645
4.514952627757918
3.8163593428698874
3.9555238595354765
4.418908637336633
4.265453644139035
4.381234052988716
4.550563373750499
4.072031686697247
3.8469624599934935
4.671988461344104
4.2337031097020885
4.180803587789658
4.104137733891774
4.400353652663187
4.6081547310203455
4.608392850386505
4.380737500428768
4.37944609195437
4.699985018307395
4.434996136713443
4.874676410697532
4.46076152523176
4.619229212532333
3.9965963987618136
4.409049556123576
3.321534816944699
4.1500613370320405
4.325603218952788
3.869053797147458
4.313200518837752
4.5369874032356705
4.3350715460381615
3.9028630797719046
4.4341168191301925
4.17488123471562
4.447550885063439
4.57016157459716
4.214368436188964
3.3687197171794296
4.712221369031257
4.235217475659076
3.7507721964843412
4.290821777967617
4.115235205768071
4.486928308717274
4.109616559849445
4.049359488608239
3.9358922441366317
4.410623553376562
4.13726410457833
3.8215028772303077
4.416629456144331
4.274914251995153
4.199624859619218
4.199094055433824
3.804019668466255
3.8000764620285166
4.021399848582627
4.273096036853974
4.231642863067058
4.841596824092081
5.02070033450694
4.327386099423515
3.1452370894399104
3.9133698003937933
4.247335718792775
4.320578452145188
3.490162471993078
3.57827199052854
3.644751351325131
4.086190510317179
4.045542735557372
4.480410795176109
4.063084401284962
4.043849381064471
4.782925552854337
4.328785955255277
4.046686982902571
4.291672027604433
3.0248446757718073
2.889057566719048
3.8422848446840447
4.28330145740236
4.207394023988422
4.38261820251524
3.748829484467409
3.7385532431722583
4.37219603626499
4.236998973811735
3.8593000713580574
4.063712282296416
4.168705104201324
3.964549425146359
3.6450441590936524
3.3562606567552886
4.327182378293841
3.871286696132442
4.21873589898825
4.568870828041076
4.6424501136478105
4.738558908236495
4.266930706702812
4.290522583329461
4.413826662444025
4.72019158006632
4.2312878415581885
4.278376047579332
4.1523548744020395
2.962492365299486
4.237663354372357
3.9433976533125747
3.87890051807243
4.1004581677597525
4.212162903703975
4.3504781418126495
3.910764863076846
3.993319462732824
3.8003442352293426
4.216722903954221
4.134684365317922
4.0897878319491685
4.6747086613568225
3.134347446204983
4.318025579918416
4.347246775214943
4.26774717801385
4.8713756721265495
4.408926594619288
4.47254971642621
4.220742521154232
4.9029719417245765
4.5162517277485374
4.355828526497034
4.286436497617664
3.236896570650485
2.6406611249026053
3.150919104028089
3.719191696143554
3.7767373399838737
3.887129958781034
4.808980612427308
3.416992146045102
3.931352007695684
4.1204794744873565
3.364662813702963
4.246879705355581
4.121202911760941
4.52399396525607
4.083169218977624
4.296617130100841
2.9338458623574564
3.9644305673460667
3.98138224992137
4.296650059823552
3.9803827750979996
4.354868786364021
4.25598331871957
4.364704843603499
4.032396996337715
4.02589384803576
4.446545427727431
4.313145070266893
4.568131373172873
4.152422336494109
4.477793467053441
3.3790011233268356
4.050758014068885
4.177824195615909
4.840394875872722
4.617426644674184
4.871076723371328
4.430922948488408
4.463580184433752
4.451355557023475
4.431435775492007
4.6585069973770725
4.328695138671855
4.561392014574549
4.837377619999453
4.631434742206173
4.2315966997568655
4.114296046953825
4.236351829650838
4.221553666929752
4.1273582305285235
4.495843051628924
3.9246465044164425
4.0534348280856385
4.17590194515275
4.429344956377156
4.721737433186849
4.875674326510149
4.352690832296808
4.464148147750906
4.609561175123648
4.639723376185061
4.680358988443659
4.361859199703452
4.6086679671438
4.320028774007281
4.646335655012267
3.8754076689133186
4.767780086357443
4.665146117894003
4.566134747518535
4.7187175713254845
4.695589239944406
3.910477892112661
4.489037338114215
4.631388483910607
4.690203999978301
4.686970744094607
4.7048651721836325
4.435502834681686
4.6825378292927
4.385024820002134
4.471635555172533
4.772668749403223
4.3577478447324625
4.123982087142693
4.15751252017851
4.309084660569375
4.155644052747049
4.248311002404506
4.316615252961686
4.20371538656943
4.204630197852987
4.540218841035129
4.548753247727716
4.643869800331727
4.468919802226528
4.561343881592606
4.882421042952409
4.592269009673036
4.564477525365269
4.471808282511682
4.547751575128329
4.520462643789134
4.576945548524878
4.491936111796747
4.872415907876688
4.839285253187584
3.3157250692635656
2.856927147057989
4.067748523471526
4.110517571893678
3.902452821934781
4.41577878548913
4.278591737990928
4.107755030440743
4.560771150393013
4.449932615789308
4.182372378866327
4.399785337849054
4.029924947969256
2.90399837588274
3.6954650170232672
3.681563533378801
4.433093532144606
4.339078853074516
4.154677732226583
4.722179955958991
4.475532044670036
3.8080545115164983
3.9441038081177275
4.063121572464231
2.6660849501078747
3.854243017199514
4.184619197926557
2.955895595043607
4.44316069207046
4.046329637926558
4.642668155536494
4.094676058860307
3.853012045656285
4.120019680793614
3.7998160493087694
4.202107906404816
4.105355538469897
4.006256084429263
4.425664018043503
4.358723853451517
3.750820132869663
3.7616742776126753
3.698595531233492
3.982467900288187
4.436703051540978
4.2100722916647255
3.9977209556070106
4.075567508840421
4.06762249991463
4.476313253105935
4.253199900329188
3.9031587847208646
3.8849113099835755
3.7229782944751353
4.031823849466883
4.073797142821226
3.977041635626536
4.360400573549107
4.306624674162498
4.811787630829568
4.392002810350824
4.258433414734039
4.4430799831786345
4.335228906419879
4.422839421421127
4.701518365588775
2.780327931140506
3.9428219900298185
4.234232030098657
4.179851721962923
4.288727738314938
4.349902854856662
3.8251490522933
4.2942114482662435
4.718094210880334
4.231348448711767
4.2709634133246395
3.9606233858423114
4.239087212253802
2.8777732061152363
3.684535342765057
4.076105523793214
4.015453682634716
3.740440262273969
3.826954009458678
3.832098448751039
4.057620230565808
3.8408197893653204
3.7515741024434393
3.8844801105945606
4.140417299570185
4.285288372683034
4.438098768638971
4.270668063800178
4.560577782483925
4.5691467239534305
4.4175278093112516
4.624535133906135
4.1502820489070515
4.343541810155255
4.688340631607364
4.408432188525403
4.8036518175229945
4.704678411904056
4.438799984611782
4.214178386540014
2.888470390041677
4.27559002663222
4.482529213570543
4.203416053244666
4.822157820151982
4.233794208253044
4.412243210309482
3.930362231217781
4.139604136774388
4.42314403352626
3.9561842926749806
4.55862519567931
4.047978461503778
4.770817655718927
4.52448809913629
2.8477369161711317
4.318600386479137
3.845478430800067
3.665918624434915
4.1339305957885735
4.423569601533627
4.153306984299924
3.8499444363939697
4.1944411956657195
4.324193205411511
4.446775558464531
4.661823790122824
2.8759599193566836
4.172512610720305
3.646641816192947
3.5679766205416232
3.857297935539477
3.938052195347086
4.344865629893967
4.036470234555366
3.9667366218104516
3.8144472707664887
4.209668704965294
2.880764408503595
4.6666256618062585
3.4675075694626436
4.354670650585894
4.429256995817463
4.576683605767113
5.013158953247013
4.292659302073905
4.207911053999711
4.425029594329736
4.041460217687771
4.829819287939786
4.907461927993648
4.031254094677639
3.8531457142925447
4.098480866779911
4.021387262450929
3.7074018105598254
4.304983561708892
4.061487692630139
4.0204138244348275
3.919924896709701
4.310640868992893
4.535624358921123
4.008031050350391
3.8631679826808027
2.920503218414269
3.8539001719915094
4.019967796496968
3.926538849894513
3.6065160853490292
3.674524172197983
3.414233028773508
3.884218892298456
4.031440473160937
3.858757181123232
4.183466817860859
4.072663624993693
4.582628764941196
4.678054783822164
4.635155427426389
4.593234249804649
4.198375487679572
4.629961550515588
4.245967156949657
4.53443875906659
4.71099904469219
3.9758164038926886
3.9801075776470336
4.01639170881184
4.015881554992001
4.1668022371621145
4.169326757499761
4.135471263233793
4.045120963066736
3.6161846399063
4.626417399036562
4.537251440266081
3.956403904643254
4.529795670433645
3.7885050767205386
4.092250225040329
4.211450529885087
4.157599153297237
4.076041547727485
3.999675875183111
4.120213239253708
4.322822306894885
5.069822457122786
4.245095827095161
3.865883053276248
4.830835007330366
4.015011148595873
4.234547643614289
4.274639414304412
4.230743888984223
3.139514154359675
3.968758630311064
4.344225247420992
4.196327192275701
4.2070233538729545
4.587869117558337
3.7901733349764086
3.9866936825511394
4.533256747342473
4.275086767684636
4.5123574256873535
4.139291490339576
4.213574902858799
3.7275699055643168
3.902866698801324
3.71278062134747
3.802200303895736
4.439262301809594
3.876837176924714
4.316661821339129
4.067261925415413
4.166487206859756
4.652634611938759
3.464786374490465
4.162663027175953
4.132039347431563
4.592230786353697
4.100330850562129
4.229990311686145
4.37270656773393
3.839365643029272
4.17322187358545
3.745579570296554
4.4245652414014955
4.443329976706301
3.736025583490205
4.006561706295847
3.9339350874853363
4.350356369782141
3.5501016605432056
4.336190540762667
3.7477644326635016
4.401804090167905
4.181436490126447
4.045354896640326
4.728223415269989
4.616972573352379
4.185961656108224
4.165352886268018
4.360600432784802
4.377551010312919
4.291701063381035
4.462119134717591
3.3552044676267974
3.9659632613304514
4.133227507881456
3.378874068686356
3.6472159011626157
4.623512635873688
4.240404392470139
4.491926213023418
4.03310290932982
3.946985862644783
3.8523462990123303
4.1295560310650545
4.879928575933411
3.2589553726314433
3.8419314569628025
4.177145741907857
4.376149967984961
4.142416476903277
4.062459156313289
4.427416815224602
3.665196847279066
3.949831634210934
4.2046650377137595
4.229781206905533
4.407109207347583
4.347112140812303
3.8869132829984845
4.488534252141481
4.482353203709796
4.873370068478442
4.589395738019542
4.086743933998239
4.84910441121436
4.348363165709274
4.477498989407446
4.837686851105875
4.223968560451147
4.340655000408258
4.186611138002442
3.782837566406985
4.426037476444069
4.104952682281414
4.265697846097284
4.98278230112074
4.4473528109934195
4.461917701508314
4.345239248668997
4.663647238962412
4.6654664418376095
4.112982304340266
4.165573218531549
3.8931610100973812
4.167514896184027
4.361702324498788
3.7761826739411384
3.825807553930078
3.2698526396262864
3.9011257132614294
4.3803325919647325
4.599504998914734
4.43460019319801
4.71681093398566
3.996422946454236
4.650006105841518
3.876509742291417
4.078522117712691
4.207747376993341
4.49585633488323
4.140042905894106
4.49605993987258
2.603367991992394
3.0777623832287593
4.087806587277698
4.024360988587064
3.817385631204035
3.7734830405317896
3.6019307179481075
4.048168609661062
4.04056657077053
3.949211830704395
4.250117117912247
3.935857279308662
4.173342100156359
3.9672297556552873
3.8936549241474374
3.4735229452613847
4.204676997899442
3.1705022570803916
4.010856543769059
3.8759233857974027
4.091800796452657
3.8511381082135103
4.040043368243932
3.862588234784698
2.901000563838515
4.33927249782643
4.211294044013334
4.256990299646399
4.236364224443726
3.9601138586120865
4.312941230497147
4.176985117084419
4.067053836388545
4.021757265298379
4.003169268914542
4.3843441820439395
3.5663311400381787
4.096187551783466
4.326618654911457
4.635774548251145
4.109390920700893
4.752064557669294
4.55047901243538
4.260424386926705
4.804572126758564
4.413953107367552
4.344538053054308
4.091317822847679
4.921238241228806
4.015330215173566
3.9954176170051703
4.551542132729106
4.333404925595404
4.635775255187175
4.421803699570965
4.372488818944574
4.007119465777874
4.379103012539236
4.493766544960721
3.994843206881193
4.4803655762086905
4.103138847079849
4.392873001673916
3.426630617601539
4.167046754148261
4.514952627757918
3.6473057500044805
3.9398065511063693
4.338641393676138
4.296428264633045
4.243753238721716
4.668278999664053
4.150125428853252
3.7368930385933563
4.671988461344104
4.276704709801729
4.048799995068838
4.121389820948647
4.423132285762037
4.759183492593339
4.5504864574922035
4.2155410785323895
4.161163887541654
4.7075655427176475
4.536704511262443
4.984267643371094
4.293223666516031
4.713538933868238
4.034675988365053
4.400295857952997
3.1342514917491737
4.214187432835757
4.545314073674318
4.0389465831036695
4.254030204225094
4.583152021761852
4.5066391530410135
3.9454131921003848
4.730927963912476
4.304860718019699
4.452064965578617
4.677401610791831
4.123820247783675
3.0428553986630176
4.7215066335515266
4.285392280794283
3.9624510398497
4.240778368508286
4.218167586447754
4.504776607073351
4.044790273798768
4.098071462941758
3.9346737479624267
4.411511709877123
4.159996653874856
4.034449927752691
4.263588495048271
4.373526260009544
4.271972967157856
4.205556483986549
3.843436070176124
4.509279624570652
4.055048391885567
4.549823380240005
4.235158936862263
4.711019754380791
5.339635149536782
4.328047671123294
2.7154933811901865
3.9811108025058477
4.3778635026622865
4.320578452145188
3.6013674595507315
3.8725990108388686
3.5729454582369975
4.183448010696766
4.009602935007724
4.760932477628252
4.108457182123499
4.166097631588794
4.820517194823064
4.358850910274445
4.035554315728648
4.291672027604433
2.8672690725523906
2.734161228439075
4.012557634333725
4.241912281039683
4.313680768791931
4.335158351081343
3.868998134554393
3.7414246678361613
4.569820642615971
4.180426352689466
4.01176914984989
4.175551140659664
4.405004623003909
4.1467083894562276
3.853880120088135
3.3865039295743884
4.33321190561921
3.9351497575203016
4.239128324850274
4.484271636866452
4.5328232343462105
4.677053904434123
4.287604901773848
4.394639426543581
4.399937005779442
4.716418735916436
4.137253975421114
4.255168218716868
4.238085869405214
2.884966899877505
4.221427003932907
3.941493573435954
4.246760478742607
4.1004581677597525
4.215762337152471
4.301899015218485
3.8628928309383523
4.043301781153658
3.8938083699297428
4.252519928828489
4.124478876637431
4.164001972078634
4.624479612932374
3.0486341954328875
4.330695298511595
4.5174860576590365
4.039575952176917
4.905906308998658
4.0883115235379
4.172319936926852
3.91120127579171
4.9029719417245765
4.2518597566866125
4.397971476127144
4.345094402521141
3.3025745332005174
2.6145574122547144
3.224978129731288
3.739225630501645
3.758639861096687
3.9936853978847315
4.882289432119196
3.470894101017935
3.935700292681542
4.246913208605019
3.3927314229888488
4.265538491650216
4.283986762852498
4.560307508528335
4.064246484437783
4.300378544175738