4.764569765735127
4.5470831051487925
4.195038168137314
4.096768383219392
4.155985773651489
4.802447058912571
4.235559974026101
4.74689996295724
4.651783960405389
5.211430412150959
3.7174204652697482
4.618499772287233
4.590495735314573
4.967681395255404
4.446720479994483
4.692529005319643
4.807760472447672
4.558446235225874
4.167145072444912
4.444636387735431
4.909483712522213
4.694271836879286
4.752945055194271
4.215180246044773
4.185851809465479
3.741476994344449
4.091770697650745
4.8168483082751
4.319914882884433
4.420819425136285
4.652576115515665
4.382007812872722
5.052357973283463
4.373026750266018
4.4793124828363196
4.503001772585327
4.516114592516059
4.244558239484464
4.343514958358238
4.749303552554396
4.84813142317206
4.690488307353235
4.2947418627103815
4.820818216450186
4.153611240818066
3.6377324074488286
5.092120969828786
4.577891971628782
4.953992881665866
4.415270062656052
4.58146448212475
4.72784028517804
4.5525532010213094
4.39732472131999
4.176293996193773
4.527686865266377
3.9689303589455864
3.959353358081917
4.7311906179272585
4.766194468515122
4.562449858426556
3.508172322916531
4.799990798379458
3.874976147494044
4.461256987624446
4.056018920623165
4.339528746218527
4.716530798682148
4.3344352874433785
4.6411646913515
3.9990398285217097
4.777847627336357
4.61590094179109
4.710391670601134
4.541765163177811
4.390995876058707
4.38263185989528
3.5993727736082732
4.6659637814099
3.2913600526545115
4.6152874969352355
4.910766068909014
4.782437972693913
4.254121076577822
4.747380814872798
4.801199012580036
4.079542844197824
4.521955332420326
4.400991563277857
4.281124808405901
4.050163054086552
4.641078787022858
3.903309529177773
4.901211687697858
4.255577095391321
4.632838979223988
3.630297134238293
4.782480790794823
4.302062543011124
3.900205105324754
5.23050042237538
3.9027050440515954
4.341326273290254
4.772731555434014
4.189570914839409
4.02423673505509
4.450777602226528
3.7767382263422102
4.6639473250414785
4.969228348387189
4.7819066947580415
4.807425322300576
4.418368309519574
4.203886082142606
4.666821209352836
4.3674864070467745
4.434715452309705
4.692135064377136
4.3319952986548556
4.818853967630577
4.122813875690533
4.609130502279292
4.853359457178064
4.434308845486694
4.155986843964279
4.682501357185403
4.641387070087953
4.49583854005693
4.768984677217265
4.715515380422408
4.292356407913369
4.366138463874494
4.601124544611245
4.456101433315627
4.57255336071541
4.40944745884577
4.4608318062478425
4.758499928614617
4.688567609193069
3.497862012272839
4.339452035056572
4.390369605548999
4.694057310670607
4.600881723607092
4.508121197606732
4.179272005247821
4.832010512261712
4.284101604620917
4.6072400763513475
4.155588714798611
4.387780886742169
4.179529390035936
4.296118416409728
4.327866205571228
4.773215874469594
4.725405991849831
4.732439693297514
4.543225760929346
4.940658572800917
4.414344091180358
3.117100721903498
4.446685593476856
4.405845970969107
4.3060610395781
4.7100658640082855
4.244042311285313
4.7371702516901735
4.87886241713862
4.696159877017164
4.135137925074947
4.062588592069352
4.665304382296616
4.7177870851142725
4.17065903709745
4.654778039953529
4.681845929887613
4.709121541906436
5.058057282317396
4.862172569708816
4.280627536295706
4.598511636971239
4.231598666831639
3.665812631489512
5.185367035033995
4.473174861328021
4.6852999848422705
4.119214040250642
4.386457069904097
4.025645891995882
4.553342688269405
4.234998288672071
4.44690483623476
3.372731906660557
4.087212406930338
3.682153961442886
4.506693826926324
4.663529199950656
4.774879218195861
4.214104064375647
4.440680112751797
4.631353098378366
3.6117183062628118
4.967576808188008
3.659879287004083
4.36340822509513
4.520338344867786
4.230933264259653
4.541995430874682
4.395580814026308
4.3796341943044705
4.548447897116885
4.624974246484267
5.064030381130339
4.542692002790655
4.809951292567195
4.313249629270702
3.8188655019994533
4.213877986583711
3.9853376910490543
4.155164163658377
3.759126334044744
4.889367407337252
4.6672250152846395
4.0671015931286405
4.209961468959899
4.780145422488827
4.653379262335998
4.807929411210129
4.318277076802685
4.674464067198738
3.559828427049479
3.776135760368123
4.056107718419712
4.903825311780679
3.4006103881362377
4.1262970195740865
4.156439196037006
4.253130117974559
4.621025541195059
4.362465376009903
4.581870931720392
3.728008540845783
4.292027747228277
3.9530623856928413
4.3294201822394465
4.4683550412634325
4.375875459234628
4.274745060937706
4.188019386311202
4.631994623591686
4.363248203503868
4.240366287541608
4.446516225049313
4.561262508874662
4.551238162259002
4.5659894672904136
4.708696953995925
4.618227538415576
4.650170852412975
4.8249248347825
4.774351390421303
4.209793417861583
4.921932940663421
4.281899603730673
4.425784416625509
4.504257713607272
4.435041911065893
3.6460210335417336
4.273946089112168
3.900576311064034
4.283225126839252
4.403645536141801
4.328153653127406
4.818853967630577
3.8391158780038523
4.193051131786412
4.4861424146135676
4.524955883444975
4.578049976133617
4.852694758820633
4.595993165511521
4.21363930244638
4.5704524188492375
4.549677900126476
3.770809200099851
4.057097634169118
4.616606899836177
4.498854366561334
4.51353482027244
4.518165338921685
4.44457545054015
4.292684604440224
3.9349154152122017
4.345425129669636
4.194600545606761
4.513132039393957
4.557885385558823
4.370491511109502
4.787737533764865
4.663143540719284
4.326151232395724
4.650789698709662
4.483027525564818
4.235640674171907
4.766194468515122
3.9672335122777884
4.759043208701432
4.971980478348728
4.258658184610718
4.561929923618732
4.611220725208664
4.25645219227361
3.854374254767034
4.874742942203977
3.792728963650891
4.687102421772519
3.9098530971668195
4.488569172392678
4.2603636051578455
4.655963137368414
4.603582400084074
4.3098673681652695
3.7158883877499216
3.5761884548575154
4.643983699361345
4.502958711317342
4.63640645426414
4.4774808458317725
4.1902744191562595
4.198752491713318
4.9264005053307445
4.565753172793659
4.1567284306187195
4.4305038975847735
3.9816613454210783
4.388439471886228
4.634142677828693
3.70922538258542
4.487970473152631
4.533949756034438
3.9340872308696024
4.268953144407945
4.767953618017632
4.423740215822402
4.886330218476416
4.287196428739371
4.685991444155643
3.8808230146464577
4.35374461340992
4.426996598200533
4.540282512800056
4.772468791599846
4.1408181741670385
4.241490450654847
4.180020295244989
4.536132240733819
4.031130195782791
4.664522887422352
4.304559110628334
4.27122526880858
4.731505791724266
4.646595422662434
4.377518052978786
4.561176450520646
4.196748216557914
4.273073552445127
4.192249714277497
4.2620580394669565
4.873128906556921
5.100047899725751
3.7981281086185597
4.679508573680076
4.133869461336735
3.8258548189346016
4.432185257800619
4.494891647342449
3.9884354336956696
4.669485145088872
4.50054945217456
4.871406463329867
4.051034646971683
4.525016644317271
4.059469633653491
4.026195082125227
4.670123188966249
3.6377324074488286
4.392395388205577
4.2708507907687325
4.205518389077062
4.672981552966563
4.098707090127359
4.206976029068405
4.245268075758842
4.523310238282937
4.148340144305283
4.208506237784375
4.814283045370711
4.327842160816912
4.447183266717609
3.8055781986698687
4.517638329110939
4.45610039514309
4.444179607810794
4.484854562494651
4.643535422145162
4.171600717057091
4.542787520977739
4.158378332541106
4.220582595532447
4.727764522257623
4.738047996976866
4.216580877641103
4.271996216092402
4.36726523099805
4.383792090563096
4.427708725667779
4.5193637590422835
4.471062817631633
4.399083826650297
3.7548519317491698
3.9092971126710268
4.537002890541919
4.1927107856901955
3.8639500996380427
4.751121974759968
4.366145053175636
4.597265696872165
4.352569442722968
4.450525815235122
4.084808058929805
4.704986007497846
4.860526188656616
4.5229149064780625
4.703021361174644
4.316281360176109
4.860838001608307
4.21361362413189
5.027702423164865
4.539719259509825
4.231590693733173
4.085957323484578
4.5973878229458345
4.252325892612635
4.431251724889853
4.660084314973224
4.708558358513489
4.6648100436778765
3.976052006382857
3.777145534669552
4.741529855885329
3.806368303430734
4.990788612252063
4.921726770631713
4.8581311538655
4.685769234326506
4.1097788493962
4.266525608477771
4.376898729364142
4.384528655005502
4.712089384699955
4.511568656174347
4.706598950004994
4.494072627937834
3.89744177424069
4.298884939784886
4.697995854152548
4.085948160726032
4.981286417542536
5.067652937647544
4.643658016652459
4.37961593529434
4.375148005388024
4.203606590935641
4.947480593514156
4.141478542294831
4.39369535496922
4.418090670113147
4.278286923361412
4.7321589347397754
4.559830614962808
4.741760360544651
4.840123065651193
4.5256658524237725
4.273580728263847
4.622226755257031
4.273054492008326
4.5765041487747276
4.472244956822722
4.218922276726251
4.927616559311986
4.471882749783042
4.648495133669126
4.777808433971055
4.448981805392435
3.987835825024831
4.7242867616386945
4.586248262479872
4.024935853088349
4.4604508500735705
5.146654612486521
4.661817510706582
4.098282950818605
4.254872020440912
3.8297565153374373
4.488941293749672
4.159260655657823
4.194746465081607
4.957454600918531
4.429161636055587
3.9299132125892413
3.8571621627820902
4.558538746430742
4.50068588713178
4.145352328319599
4.435709081249985
4.027771339028275
4.3264557518604505
3.772303358817055
4.698813424546184
3.9804734559957184
4.3880354323229085
4.227408620524001
4.144527932977042
4.2828025955600975
3.7006099698653667
3.649941787943953
3.8227059267319827
4.242020033631955
3.6427879243897667
4.764130731165217
4.421398989797845
4.360048207893794
4.600482208162697
4.066448930895407
4.545793063254487
4.0080015721569975
4.120517211327009
4.219176856582223
4.25942343166588
4.239067334333649
3.911306095978104
3.9658592513536184
4.1264588240821976
4.82637762845321
4.3179886104189364
3.975248156553622
3.9779488744613887
4.495872064155015
4.612692233972268
4.401351259744659
3.994799415612131
4.450634995462051
3.6569513134314233
3.79924842129126
4.074724586225677
4.281523981231071
4.530642541429224
4.1825564425449
4.277010742598842
5.152216414515729
4.792603967088642
4.592890773921052
4.3913465724781044
4.708007428523545
3.9683627640467933
4.60543604495879
4.1221588038667205
4.25208713593416
4.19142552689948
4.160658264503122
4.763373625082344
4.307231320475497
4.192662763543121
4.228252385769704
4.315924773642612
3.328043846069173
4.082620691055462
4.352972822354873
4.1013085286117
4.053633845710625
4.493557658653075
4.293953370121866
4.537298110419418
3.9658493700010387
4.38829951344835
4.501083702073952
4.0271132445180156
4.260024528744087
4.003092876547477
4.36373867036062
4.10524634180237
4.23006089238098
4.577025269175273
4.66524560953979
4.7043711590398125
4.135532115262605
3.8507991427652954
3.98415275587019
4.334700398631844
3.922942460305791
4.677565487974096
4.913602789576631
4.414751059071801
4.39559191231087
4.213955636955583
4.030151510938653
4.459450140048024
3.814963914604556
3.9938504959218912
4.410243524353908
4.357500848635692
4.500078719504525
3.9128179717412808
4.377648200097714
3.8872391699367634
4.408336595583497
4.369786878242941
4.666021993645819
4.753015131908564
4.447462772214795
4.234942568751594
3.9215042795093593
4.684573578687891
4.67203730514192
4.28902192877352
4.369041761394953
4.237747305391164
4.153874515801182
4.626296395042923
4.902403463798089
4.459104634594252
4.307000996032656
4.128517074645673
4.708305978938942
3.710007503749866
4.137202123321527
4.4451966550398065
3.5283500288636573
4.695148101044798
4.22230486350337
4.825491125463413
4.915476244635678
4.5333475697032295
4.515308156059712
4.4729926326623115
4.510369950020786
4.112093336705586
4.001009304629912
4.297206709496184
3.4864668066999833
4.571189911408799
3.411621042709549
4.093495779163867
4.4463207459388805
3.6804848271879678
3.9583359785960646
3.761668271942331
4.260410324260719
4.124805355550435
4.233799951435669
4.04784326456068
4.589081350629319
4.741948713994217
3.9981479176530392
4.568504619293542
4.473942357760462
4.314831691101163
3.7374163449691915
4.002290927593215
4.038700029900094
3.93519231504592
4.569481833542717
3.6476423015118327
3.784534215802739
4.067916929358869
3.9311678456990453
3.683242744065309
4.412366760014928
4.2115464428408025
4.646358568052497
4.465590605835409
4.71811194165362
4.04284980937431
4.700169203403956
3.5346390469559497
4.125962419391931
4.340873334949795
4.577559535528282
4.067282173994876
4.639554268013078
3.883039576727369
4.378329847633289
3.899929599611187
3.9538218985379006
4.1525959076776635
4.242313213013238
4.661131060197048
4.3074173180163715
4.399234228535738
4.719426012781742
4.645985753426082
4.225907892409362
4.010838552165071
4.079160968431632
4.8328558221124425
4.276052162056891
4.288068187139658
4.591532486613338
4.9020630885416985
3.756910426824959
3.693778629958686
4.4101651173880425
4.131601389058325
3.390386033480719
4.604855224675044
4.0073535048161375
4.331973901471724
3.973445960727199
4.250099968169781
3.936567230611979
3.807231975811437
4.345726438770642
4.377732767023231
4.678087819950427
4.332145739191809
4.551482108512055
4.063032646370154
4.096497753618242
4.571954211150324
4.604043619683613
3.5586362696015206
3.4849469685612604
4.491487192654993
4.1026021271840625
4.473067603904478
4.909912154330747
4.749216683926579
4.134462307635756
4.41995918674672
4.1028922807819725
4.418427992240722
4.817454347260743
4.339791814564027
4.1758682060863705
4.708598537697378
4.04205020809
4.265679501216418
4.576382942551221
4.242828992336778
4.055383969807647
4.702819384774168
4.139071746734524
4.264678679119157
4.451111365738707
4.045802613888776
3.9327434614028234
4.642441475543176
4.024244564669484
3.912131147068453
4.424783396608353
3.7742429946092564
5.043372658728541
4.742198258531623
4.753215174691837
4.195950669584437
2.9730609513090576
3.881567798970072
4.175942418480485
3.9309906164779846
4.578862548539588
4.171907976101922
3.874293090209876
4.351805345183592
4.097264968570921
4.634789261376468
4.3894787665367465
3.9449284385658867
4.404966963460314
4.216865890949757
4.176927110691988
4.6017570662698475
3.6563807072530032
3.7099696607246706
4.160091671923471
4.207371292603383
4.375901670377942
4.487283503715259
4.709136470556904
3.9046818563641055
4.2204346508839565
4.639672098553002
4.76794790573029
4.0831112344588565
4.566044779093719
4.712757573453299
4.469628933842515
4.671234235130781
4.051750317667425
4.618534002044946
4.597449061530156
4.763598275834473
4.759904893827983
4.070934774626034
4.477900319912309
4.484941366541064
4.24148324584729
3.7261461913761114
4.47154540858919
4.695494430936806
3.8808038195211174
4.745581619124993
4.482855124766658
4.33664509821622
3.9975653639481483
4.773711563366202
4.620520386382537
4.68080808569566
4.80119260724844
4.013049402130684
4.170810377048333
4.179278077712936
4.719735254467302
4.634351417007897
4.42626334987505
4.145501247412892
4.054120356491062
3.7044497358902064
4.022911335185155
4.415722730354657
4.133934279137263
4.749153202489357
3.698128449384371
3.9600445751287534
3.9035260735246036
4.396120532267505
4.892902435527198
3.912240417086612
4.496494648920258
4.151159828705543
3.6768312587597407
3.9979976933047605
4.385673148938968
3.6157597990998696
3.5759364198053816
4.42290265924759
4.5750240895198235
3.742116202374448
3.8848486324680946
4.144212769293478
4.617809553409546
4.165800545259966
3.6415491186877063
4.421608851580411
4.310922275617853
4.283244478262081
4.023665775339939
4.22311911015701
4.6861961184856975
4.512390784918981
4.668503509835072
4.631991025412615
3.9701848660750922
4.6848813398542015
4.536244861068138
4.204752623288948
4.42071897059375
4.284439027830512
4.749614582194971
4.665947283878788
3.4445799497123315
4.723947892850183
4.08169828925233
3.8864420632233245
3.9683830908547586
4.88959252112479
3.2030007528117315
4.227564499772855
3.427799010390606
4.4954220824416105
3.8995686233986726
4.056147344952094
4.5583534636636625
4.366271560516129
4.669479914653895
4.200259917399389
4.435287018862682
4.291123203415074
4.455564802005245
4.306609517089051
4.037364831848237
4.089104447091735
4.114836867148787
4.253333659410598
4.4872013499019605
3.9967617759085234
3.874237482573715
4.1557373384056815
4.273987858626963
4.277951346645278
4.380860152946933
4.311709633848132
4.745573085697989
3.8655689415843204
4.45082630868219
4.809622487221099
4.337410547116207
4.6735898566673555
4.876614388190233
3.934858880439945
3.6034822671044457
4.410103630012493
4.631720194201899
4.070772726739726
4.574619898170912
5.064203221118717
4.783034906552951
4.524050925600435
4.482816274919626
4.092977353130349
4.755999721677682
3.650762741977359
4.7349661378933545
3.9802141027329965
4.068476727416641
4.335634646572995
4.630054503747173
3.9880677810309106
3.8391976003986388
4.698365782203928
4.669546821660683
4.810823247723224
4.309514838998224
4.012902211560062
4.543844368094952
4.62173326058254
4.466895674000097
4.269978334830507
4.841606382137586
3.718934923467474
4.407503598867405
4.097343111525745
4.149182389355024
4.463483702774608
4.959119049816705
4.106940535215176
4.458251977017621
3.9598012993973755
4.103303127694625
4.462465249089437
4.788173611927787
4.526771938407178
3.9494125531805833
4.417215638143165
4.243583543071445
4.424757158573753
3.881748273390496
4.282867367490078
4.27104764578356
4.630047487357946
4.765940526907736
4.024100828998091
3.883507355934638
3.9013875390012727
4.752451996170971
4.241800549165614
4.277040468213201
4.444420627633269
4.0953568984257025
5.152216414515729
4.491207135254596
4.570276480075625
4.430955754669215
4.13972659575509
4.040119324569485
3.648899660427788
4.18184148613956
4.811280619312511
4.666617471154171
3.8202190788083152
4.20701365938622
4.57341937675298
3.8794291896993585
3.997886909431747
4.463007460527326
4.3911706297290225
4.473872767744229
4.4110208612497495
4.390178636795904
5.434333929351594
4.755331176142424
3.559747513320884
4.036076912314915
4.164594682094579
3.779055188314506
4.618879157433287
4.818205710730748
4.560402694428834
4.220926556879026
4.709481624709873
4.0124419718240825
4.525264776878678
3.7083495785822675
4.867576101781585
4.667401043031714
3.5988949333050098
3.1254911089358313
4.62179354546552
4.269524995824838
4.294933655383066
4.089757383983133
3.7724160429355353
3.9465020130411776
3.0446670754823657
5.069234053520305
3.785772053852792
3.8579613712319656
3.727285050001031
3.700516725000913
3.908923164871439
4.462218761570908
4.564521588806352
4.326917207722985
4.053722575953709
4.160883048002583
4.569693316672042
3.998159902131409
3.322171134750352
3.3422235445886597
4.816091908368488
4.319672803984352
3.1494518143514147
3.957699072282856
4.2522831498217135
4.457545874521159
4.970816248924658
4.492407783712285
4.226319158939882
4.382461888116791
4.160793608643498
4.228342002443753
3.9697338832063918
4.549480902368975
3.6608695488368
4.107511896804397
4.565252233941559
4.4111348340759795
4.042252127084172
4.041729088117744
4.098456750370243
4.049732275419609
4.183615874527725
4.149036937569153
3.6190083452502737
4.369506609610957
4.307504762748286
4.212675960964402
3.9591392187357743
3.829209399617837
4.672943569433303
4.038562003988477
3.5952260051741187
3.8845450932359284
4.520129411063253
3.78901719365944
2.853433557015563
4.1039593078574494
4.729493342016626
4.418200403452586
3.8066765186613054
4.691772760763731
4.008557211353212
3.9961315478244366
4.4399800518685595
3.3011725860781165
4.462573658616277
4.400748222838754
4.462918470885925
5.069234053520305
4.309512103664189
3.935572640649151
4.67078533859492
4.367592183387426
3.960703700664036
3.8080103781054713
3.756908150654867
3.744326238295751
3.9049711380864367
4.013497236375179
4.811244194716155
4.118790857378285
4.814859947317773
3.8287991872604685
3.599092364482093
4.1710150265602675
3.4858973186904727
4.423697273428655
4.602826782380309
4.264604498865209
3.9157497096803606
4.71903216626045
3.6185333614883257
3.759483737345877
4.711637962514634
4.237173698554022
3.9618846680775563
3.5989115025130647
4.493881504216117
4.1720736869720385
4.623146089434021
4.3760667799187765
4.040971865173327
4.009550757442765
4.257341591324009
3.9784254129877805
3.300866255046269
4.451209179223645
4.028053456409512
4.232844316783841
3.631601255787766
3.9701142804060763
4.4792331013859235
4.479970656029782
3.6409593172208616
4.148128046709193
4.332867457256278
3.725914426271676
3.7306522923862007
4.044109738307588
3.97301330163941
4.103309753286489
4.185851862163598
4.240028542919206
4.209149431101849
3.453747552857717
3.078430630190142
4.0446917704448
4.401295104033559
3.7092863311983497
4.6611673990661355
3.584513037207843
4.464440993723706
3.5156932137424746
3.947790553448938
4.296230727334328
4.159049970065034
4.4111348340759795
4.092649349401988
3.5792064105490438
3.5258311602148087
3.8418981214852646
3.1534287533841434
3.544191809106491
3.2662733441541003
4.632511852239914
4.149113305076678
3.857232146796728
4.044878152170351
4.636239110031066
4.229153685361375
4.335092014022078
4.678062201151136
3.462966995567327
4.474775521912953
3.9015709441942334
3.7409287366275707
4.106021934364807
4.30166634417698
4.310647217711004
3.844306926724779
4.003286788394972
4.158767152084602
3.1782960132918987
4.9103496334672965
4.211010973442181
3.890714268461033
4.446636345318614
3.9827522743107644
4.144653307477476
4.821876722280441
4.1800361996828395
4.374960244949853
4.537755195385407
4.840551154054905
4.109847380962374
3.7745452143113614
3.3191300258833003
3.788956996406175
4.028906288688259
4.281436647768707
4.872115601167488
4.191476550687627
4.500536939773427
4.303172388642356
3.8613638361815927
3.976440745119218
4.408320697778089
4.531539941093445
3.4058859531491557
4.567784013603601
3.974532742688832
3.9327334133185383
3.4053242056127573
4.613268725289556
3.64827956288236
3.4262120001371574
4.493864517691513
4.506616032852326
4.498007967410838
3.640106019807316
4.095944083758242
4.5038730934358036
3.7832760030349677
4.577561577331114
3.7500704604793986
4.195923214627559
3.1226016849845974
4.400064781494156
4.299827336552796
4.565390574762798
4.163770466748055
3.9259548927629426
4.09782260615014
4.139577045547739
3.978917292276324
4.1663765892483795
3.7411598515722546
4.083148792452319
3.0477806972583563
4.0677617321871535
3.739041553810252
4.794168422720174
3.977294437088757
4.4106024256052505
3.966751281591892
4.001981111298338
2.9284470997751377
4.197811605198762
3.740613217847406
4.468842853688537
3.8489200739571117
4.048193440462456
3.782454075970426
3.957457873175187
4.540017279054951
3.6116302836092995
4.587775098011686
4.788781153287035
4.479877907345968
4.580850823557546
3.989160986455997
4.711637962514634
4.513049791169551
4.203587717825263
4.748866687746801
4.445559774931048
3.9057219280903075
4.1828957044687405
3.704701622409052
3.543543002434953
3.985179491455059
4.576612097881375
3.8487290873617432
4.302471723222214
4.179766043664962
4.217379945695979
4.750029377214144
4.566645026528933
4.408375030039736
4.624177236131974
3.932387357038439
3.882952063249625
4.306917003237073
4.734844129720018
3.6864362322148425
3.865647282598573
4.767298489609967
4.277290059316873
4.2117989989201865
4.0484369873680945
4.655870970272241
4.612630319550919
3.6192324459870493
4.453174392331915
4.086330403067895
4.480748269617228
4.216012971450305
4.482491748867916
4.242319955713592
4.18097938560094
4.012697003719108
3.8825611505734328
3.944240395987523
3.0890820795870257
4.605059738902501
4.406826598775155
4.070159546949666
4.506845998720241
3.4181512745470304
3.8933491524131325
3.0504537059993995
4.1749992956623405
4.023364101844917
4.7860845379841574
4.351151267467201
4.313946427200691
4.2470484284664956
4.451122234740103
4.1547895991780335
3.863109358404583
4.335675962356897
4.039209929835493
4.775809796751096
3.892068587476912
3.8451965311233276
3.2097886607042945
4.055382335589925
3.5511800751897478
4.005069996938929
4.418059721042246
3.8053473774114215
4.2742688038330945
3.006838827385759
4.373409715320032
4.00291266743048
3.6560057329772713
3.7770395167178035
3.790886548774121
4.381618497387782
4.189293791601905
4.020774635679619
4.306401849408853
4.000570542938501
3.7763784530334856
3.30265277865362
4.177831933060997
3.8091660199840387
3.7325727596836717
4.48263966349919
4.233450226514473
4.297674127625245
4.097239855994313
4.277564011819226
3.706258133275237
4.779768950811485
4.067384948929146
3.6758001856037303
3.986519137815551
3.8396752360432127
4.103171477542897
4.345899049281495
3.8878716311398778
3.982354837445868
3.8232317243269245
4.260124366142755
4.169335529016573
4.551837182046696
3.8488367033043955
4.2904835426970624
3.9190228075731803
4.279820814123297
4.6243270620375565
4.8593560404598435
4.567281832916593
4.1576340800025156
4.056905631212258
3.149248637319289
4.276176735191915
4.033176513090789
4.133837407922168
4.018226671138022
3.755458925327107
3.20045777309477
4.08603787831318
4.242900011799742
3.6953797855156028
3.911578613926258
4.262647121402404
3.7838792615431793
4.653079903177933
4.076975935143461
3.9397823258099103
3.730155907184888
3.6102169408090417
3.3652624008912007
4.2335785415223475
4.600553907006319
3.7843859392513104
4.475736227058373
4.486428855785126
4.320507987578251
3.8224517581455064
3.8178841868741644
4.024466949313008
3.4177140158843686
4.012767153048026
4.459438982536982
4.010188613283347
3.7271802991450604
3.988020830933179
3.971410410110704
3.8177459319653284
4.43757639793809
4.457932109181921
4.26800757604299
3.8657220128262133
4.4971984121376725
3.7142119223740666
4.351140682708559
4.2393823848382866
3.770487678485056
4.077695418301896
4.781949815231341
3.91513746959036
4.599185254749391
4.745347784941101
4.145566623954549
3.967926944988199
4.091315469551971
3.8685746940059857
4.616051577713387
3.307938480749409
4.418184845155892
3.547010069579682
4.2296422986370015
4.716465292919063
4.631097774045995
3.942057207708668
3.7850238209291924
3.6207790799085666
3.977748264091852
3.5107182811441513
4.365259685280595
3.665921288461237
4.297848849257274
3.689354172421476
4.757662179476236
3.837868004814908
4.736930457661666
3.920012398202453
4.1684962100298755
4.68477546088691
4.059805327022557
2.819980727866813
4.563958390272125
2.917782515883111
4.4942572277067825
4.571177004324673
4.369506609610957
4.436081776256474
3.984380306499327
4.1354501334195515
4.4017660288642935
4.125942190924933
3.8224517581455064
3.8766067835377966
3.1566776165185306
4.5009354893133375
4.300351797705364
4.799672137870768
4.251219569819999
4.683951464470219
4.745557460708461
4.159811066798692
4.110491243798707
4.376556448425518
3.869906619041961
3.791545790566266
5.436563574369689
4.7368882180489456
4.599793137011336
4.226890865670936
3.3802701771234736
3.6552259517895704
4.5399555624895465
4.437728463155027
3.840146734649965
4.3544874979851835
3.9628799190632593
3.9471037472878834
4.3932805120939005
4.57970401241487
4.568460852577564
3.927779220266552
4.740686894901236
4.218149675327877
4.052203783239075
3.4956120178909966
3.598589398875351
4.055345923323126
3.6300659628426866
2.144999623298645
4.044943059020229
4.568745455142998
3.994003272734159
4.0678688294311804
4.282029586464406
4.044136814500184
4.029101383748122
3.839607178533342
3.817147471913086
4.5558285214505965
4.100759886953976
4.1609531095278545
4.020700988293331
4.2750640800340935
4.669772177213842
4.038658166388203
3.6128698802899257
4.585732531687226
3.876774923213044
4.3726130167751185
4.427822436472806
4.158169121537783
3.5376432569991407
4.39976349150696
4.81412161751293
4.318430100405504
4.66260146155366
4.549966171111731
4.111328148056234
4.544941517719406
4.71065547538375
3.8390708462518495
4.045418274105488
4.383037497271455
4.6260846356331875
4.861733775173463
4.423265282536034
4.580667139368142
4.400682440861678
4.239584855086639
4.635045621564567
3.9260243437884883
3.431062358111335
4.306645587671355
4.24073593489792
3.9109301556393627
4.403825771315237
4.717041166134713
3.8805950834719125
4.527733115743754
4.668707170417788
3.6162807809781574
4.1276474517051405
4.356445801742111
4.207348530269499
4.1414045676452025
4.22182764959464
4.333861787401781
4.617534396647919
4.870095811697417
4.386980119380412
4.767089600010939
4.413350163137958
4.779336254734515
4.600756270091759
4.499206522026653
4.359050733222638
4.155561751989037
4.464155867705459
3.763312738998166
4.499404685413245
4.716281031801476
4.394138113366976
3.9215713482562378
4.397137073720007
4.588167117806517
4.67393864314044
4.603841615763153
4.258944489895446
3.7126565502022775
4.271303957358141
4.081503240715401
4.386753699134542
3.912136744468228
4.268582451782742
4.189664030146432
4.298041575598981
4.717015971690689
4.424285603029055
4.963434178983205
4.417548763824262
4.655240013679556
4.286558947926949
3.8090928692427397
4.352140168439486
4.1517601316498896
4.251926621343397
4.62810233214683
4.6816820694359755
4.055751670598121
4.508281149277115
3.756881376288799
4.331820993343587
3.928017019667248
4.346731459985655
4.599514184369889
4.7774380548797435
4.668356463565271
4.269042124523954
4.1531968683196006
4.413162357436345
4.710082197835163
4.649924622817434
4.303496143758656
4.2614669884004295
4.79287954586488
3.7339765672915246
4.296586916763798
4.092687633814583
4.270280389475602
4.446505748436969
4.031250530756495
4.0638819843229825
4.393979642942597
4.291885281338727
4.336477703964924
3.9742423285224318
4.053287692702727
3.957192382453683
4.158747741774448
4.710726829899778
4.898609028843836
3.9104861249176537
4.059818386761174
4.037060869296186
4.624661269145932
4.845182219923705
3.608557860286841
4.394615723274894
4.24588189734223
4.487918079174158
3.736734099521299
4.101794672823657
4.4440950530936325
4.4132743265161185
4.482774785239431
4.4436063977834
4.715576820690494
4.468444537814649
4.025465687795822
4.535951889404274
4.384520697855259
3.8685294601015827
4.8975375361948235
4.390995832347842
4.685233672428148
4.346610341313882
4.0945136080615985
4.577397717046171
4.235523004304163
4.04589307437848
3.623389588029728
4.406059694256048
4.242580859469322
3.976852484345514
4.399580205973944
4.5953405138346834
4.715733148665159
4.507737945359075
4.201443989539254
4.246501567336692
4.937691919375066
4.128212914771323
4.18699970195544
4.678555909331363
4.370402292884796
4.6515915645908645
3.8280374391580616
3.8779163121705804
4.856158891994048
3.676765204631148
4.286831607876433
4.34462957794755
3.8468138058260886
4.724103712303414
4.1287833449301825
4.8906989758055595
4.361098489308717
4.636669951030383
3.7490726657069664
3.860510422025551
4.600902245758845
4.380287204656559
4.188392201353059
4.4013399355549705
3.911896972326594
4.132105834575455
3.887976136664136
4.478701234356823
4.561749391591961
4.218766763251822
4.244480143717697
4.61469268484152
4.155072190223539
4.591582512258271
4.689248596862794
4.793339978660898
4.29679313878264
3.441841187920293
4.488701513514685
4.075233701329304
4.029200706536525
4.263360066296125
3.9588982729914575
4.65384631596588
4.2177380259694
3.997909264964396
4.0870486466591975
3.808254116875845
4.682346793972851
4.312105258156352
4.515849780404345
4.751883465484882
4.212495502469233
4.361481672649409
5.089819517392542
4.011986610531149
4.37772196197599
4.834758331976749
4.043564674776428
4.193563452499404
4.164714056224344
4.328138983898782
4.037445496366956
4.964223765703013
4.6456438695003275
4.747209027374256
4.109176758530598
4.492885130265266
4.7086580492707135
3.7836224607172504
3.7986551157885438
3.8580038879613676
4.579608974644273
4.170691769887934
4.676184349207258
4.493627056562566
4.619266158111764
4.579021585856373
4.424827698650567
4.106117965938821
4.034055198684863
4.618423931301963
4.755338841924967
4.631354871845103
4.205184323974672
4.420892309392168
4.916073667918944
4.290960760285528
3.730816571451724
4.488169190281335
4.88542636618782
4.198010142862108
4.592369890225466
4.038363263612561
4.111701612641052
4.2070198348479355
3.9839139225263835
3.921250976285631
3.6671716244656607
3.8071416391153727
4.282456476865741
4.8680263178580505
5.0541223698757625
3.6884754974973655
3.9369877754714935
4.300585208151816
4.192904897830556
4.50305071497962
4.670158831440784
4.240721040544642
3.8834918200276007
4.638961790025768
4.447504379715648
3.7807653152598135
4.273762321672776
4.12542615919988
4.687100043971414
4.0246443241550915
3.9136136188258
4.7158768876530175
3.934938695545781
4.065037206736948
4.3367552407671806
3.9882453524375174
4.32480397846446
3.8623282535889683
4.779604623644476
4.664198733268329
4.118408644283928
4.568928565975299
3.9237217208738793
4.375897889819261
4.512149387838882
4.281823483144341
4.145528446114016
4.714039803276499
4.636738660640857
4.093416637454858
4.297051142218497
4.184437704799779
4.568957047578333
4.168532420259248
4.120602467276546
4.234622586326996
4.5168550439938535
4.089119059877124
4.168233393212692
4.57716170616522
4.240121063629353
4.5440063793134655
4.746407578574248
4.256921828340814
3.9869145409422115
3.84219931278781
4.345420978143951
3.977121861636174
4.091035676239373
4.761000108884661
4.598325516262372
4.500816911608967
4.70676529326728
4.732921938988602
3.563738213064906
4.603867245017948
4.792745211150647
4.387800642010672
4.189266907205659
4.607132958267071
4.527620031029835
3.488168421612605
4.652326466844132
5.015673305851697
4.45447825090551
4.1522168854577775
4.391700666495089
4.3146880780865535
4.255171378128728
4.264803054947611
3.7286505798927103
3.994099650461932
4.592839494056878
4.073342982066889
4.592501063935876
4.373369099600897
4.266820628743155
4.755455193587228
4.212369971756523
4.099086285839137
4.072156749962794
3.788095675111018
4.0140951062871775
4.38154142527296
4.668819912452311
4.204570035761322
3.6197639885171564
4.680066808658809
4.447470697520892
3.8379948031110667
4.388191567910478
4.334911604030883
4.298025986125763
3.991098885049392
4.381805282898788
4.405828171164018
4.07226660584282
4.872451690536086
4.0345450017762365
4.609047022948442
4.214936925260166
4.357098020434762
4.3783358043020515
3.5956840307366225
4.102877945917364
4.0011532271520425
3.835041380546602
3.7685597683278393
3.8935958799254706
4.524926174183074
4.599093281398954
4.386507458357627
4.106840125471255
4.025674249239546
4.0662284112264455
3.970916482595376
4.409108304972906
4.082880548100151
4.840597681033419
4.488612387112643
4.73892912239112
4.283434348677723
4.434557262285263
4.6327658060118
4.623262523654251
3.687371231501718
4.274162349810788
4.432376891142772
4.496492754365829
3.9793266592199767
4.8271544761613505
4.50438790027859
4.306141043647353
4.661258274567729
4.383101804625417
4.443980172375755
4.594983805078499
4.353284737658599
4.455124362911239
4.181897323561287
4.43681838060952
4.596926103931109
4.570316531088682
4.526369413696752
3.629947387130846
4.4449676957163575
4.244265556103772
4.189470553592542
4.077005907121828
4.228274086959994
3.9386846461326748
4.312525318512012
3.5330996457799095
4.040740214278075
4.16092615844901
4.472166489067623
4.053350473215182
4.250515995397435
3.6793479799082416
4.275314180479038
4.608239191264667
4.395757056935457
4.220281470234319
4.875101594797785
4.761847235857953
3.8322665763440646
3.5859784466547575
4.141256134169165
4.256404934640393
4.676212200429924
4.700489220738911
4.122741396762124
3.8495064386593456
4.069287676571516
4.943676461628101
3.612083193597163
4.693855081969056
4.811795594686608
4.89717211550313
4.325053763688014
3.930955818921367
3.7529979670614546
4.15531700194263
4.2580554488049565
4.333231093304676
4.310505779234422
4.229856909475993
3.4920621601936723
4.601353198624872
4.702759119763218
4.303414035915238
4.2944411752025315
4.438077604344411
4.240595441317227
4.022584352692306
4.6997642134677236
4.312723322026412
4.4240563419201555
4.65140107697432
4.513767592109403
3.6552287708183187
4.199466560783386
4.2742319381876515
3.6306767941804887
4.073682957562121
4.29250233269193
4.770111431850728
4.297402431982927
4.009081042322445
4.799268790680386
4.4110753023892695
4.257136537566553
4.712224971631548
3.7672633773907016
4.234700518706776
3.7275617558611103
4.45535466526261
4.143889118409055
4.495208360530546
3.956752731852426
4.372160321833898
4.258182546708195
4.1571667695375725
4.0584069642296825
4.795362434112029
3.9731870521835297
4.426379008909072
4.5690014904633784
4.361764073365859
4.725176457503684