4.611654401258271
4.249530785597636
4.097710803786109
3.8164279788462885
3.986009042507839
4.755319024774579
3.7918756818380204
4.40471408047807
4.43013367905685
4.972859051312065
3.4047906668198884
4.44169453643799
4.306627015847686
4.36402056686462
4.051096964404555
4.255501896283085
4.421096706729839
4.34661304799062
3.5638815626459266
4.237089977854032
4.612267782879125
4.288538403302317
4.528940404320745
3.9292884207673877
3.9996817156685496
3.506855824124277
3.8663142016950687
4.187330141482825
3.9859233008343393
4.2261324452191005
4.522871011543666
4.229158271254116
4.589088431616863
4.156209933558289
4.048495691974012
4.154872550236766
4.084839639091742
4.085551799167078
4.009153883159079
4.480786767855361
4.3476679826328635
4.366327266480155
4.120036030868987
4.492870838997552
4.075073887620976
3.4186087824452924
4.762503994809492
4.552801895723034
4.670834088963268
4.323066666469618
4.484357702014517
4.2858714383301795
4.30399444147703
4.246755540920562
4.104103335104206
4.238422471937775
3.9675618973331632
3.652392307038485
4.528671799060767
4.463349265336959
4.103409659512753
3.3837664452258336
4.412459454223282
3.7309882751087207
4.2508296214815005
3.8011445103493875
4.080276169879213
4.537109981360923
4.293341728131373
4.313865689784015
4.091267620998782
4.290054220472179
3.992110664873651
4.521419296942064
4.2199642197936384
3.9730468187490136
3.7635020186699832
3.369795600356109
4.497874686389082
2.680177997656222
4.057869462210923
4.8159657398112286
4.403841435939588
4.368485798372167
4.324459042772745
4.597141732100729
3.526518312012759
4.0399166729455995
4.133903149896383
3.9458658075704562
4.05088381815644
4.365925614823443
3.8963680249555033
4.630937057410629
3.94598752410372
4.3301129489562005
3.606446033780463
4.475114261542066
3.995742743887028
3.869138067551189
5.113242079596533
3.6713911056334134
3.8896526392351536
4.414793254216323
4.0576106536580046
4.065101421973167
4.267671074682785
3.1876366734217236
4.236251092555369
4.574706595711511
4.524509542070479
4.400813768699608
4.090390253838673
3.828219112970147
4.375399283152014
3.872748466260547
4.118352542894971
4.397097738760142
4.00419777110494
4.1312557859074746
3.8279735692711316
4.403127381288329
4.599744338800884
4.2202130818361745
3.9859893780454643
4.428246697506141
4.3123784031945975
4.111913594216348
4.564115650975726
4.380210202087149
3.847798955852574
3.602717772701727
4.360411702716453
4.14835572977298
4.1570155238917845
4.291966688419251
4.061355923732175
4.501533438518903
4.342319972670831
3.1758422190057987
3.9195264285946303
4.284920404869226
4.347241910306951
4.255245401480137
4.131155162069508
3.818953673578555
4.2992658139776205
4.010397892813203
4.007052522750936
3.9813281698499563
3.9568175313154663
3.9108813268373828
4.119986277954922
4.030793605736505
4.536798284756885
4.369542904002783
4.525720176103564
4.2961779455531595
4.573271473506553
4.314188620411687
2.8519165622371516
4.305488863073586
4.275843639632736
3.8756161541632697
4.312868755294475
3.8761255372682966
4.422919011105601
4.497975277496504
4.499337562027878
3.740510454987877
3.8701271349479343
4.3508428431708985
4.26075334557801
3.981047890273865
4.285324501460558
4.556960317203918
4.366412740289369
4.998877366267632
4.430367207368569
3.9785547570341393
4.260079035767997
4.008937645063563
3.409978149922243
4.862099527882451
4.300537514504643
4.404563321360484
3.8746784255501847
4.239449920135195
3.850716554377061
4.23529962303023
4.03164720578228
4.23774475653542
2.955107833252407
3.7330158293060514
3.1458981931506176
4.3692533631943995
4.344671004268784
4.423658860183745
4.072621372096451
4.231677023807159
4.499698377829068
3.530734747942959
4.584315925109838
3.3682090183970756
4.338189020067227
4.477081163370288
4.247654034759137
4.118367053660602
4.309032695719825
4.042646609880656
4.317007335857124
4.439521165528615
4.971824461886328
3.8684201223954915
4.441977082505801
3.84237500726126
3.6324877681357526
4.033664439386958
4.014893641368566
4.219588572433317
3.5070044447605566
4.586396451119864
4.25124156471533
3.673189875598938
4.001121531056755
4.210714681549014
4.448447060917579
4.299993278687891
4.130100470546285
4.607889279673864
3.1255874579770997
3.5229943214126944
3.785960725683213
4.507675024093593
3.525852705235593
3.9840051862862134
4.137183488390301
4.0696352514919205
4.114163590825905
3.970245463728368
4.310645436916752
3.6887488590505093
4.4273385361450615
3.7464110239406088
4.185129945845961
4.245695861630522
4.044293049222529
4.12793462355906
3.867541098961378
4.421948375301607
3.8037486954789936
4.018398718334935
4.352711916180005
4.117057853373545
4.424708092152281
4.2646314473234535
4.539112115887511
4.349011870764146
4.327915494153385
4.468767982426536
4.4053112487147015
3.9913517831862224
4.415886924379188
4.12304635597799
3.98355529972591
4.078449281358587
4.057240468077499
3.42547032973665
4.106126975288903
3.7119918889797145
4.019268151207415
4.190823772289848
4.255976505098627
4.1312557859074746
3.558883442886323
4.084690410788674
4.211632927718024
4.260969393709738
4.43116645818483
4.4120250241514825
4.165186416270649
4.008899403210047
4.468447887741814
4.320167660225196
3.5695832198238904
3.832643172534197
4.401006970364943
4.3714780723357975
4.403003381194407
4.305247402110852
4.173658341568227
4.245231129362464
3.482980130560875
4.014722479765856
4.1032041213103945
4.0580428402285325
4.2019647621110385
4.3220150580061265
4.48966997148182
4.2884468200126635
4.012893377001041
4.062855019057413
4.2608993532787895
4.065362779158122
4.463349265336959
3.7878244785528734
4.443944016379817
4.573810714636087
3.935430939768824
4.367430128508762
4.220277822585475
4.065249979558498
3.866464606694029
4.58810173382116
3.7291665787368062
4.4999096498232944
3.7894553147429493
4.214525566937928
4.231478061707826
4.179171678792601
4.218883058169925
3.833087901194114
3.691231905695349
3.450817399092578
4.329445826815348
4.065510739822919
4.217383194955097
4.294199782707025
3.89830688199911
4.249292235946729
4.502718481867344
4.371526952003578
3.868669193507155
4.427507497656522
3.7414949029540834
4.126028989452573
4.251618572171452
3.5009247018037213
4.137794347461477
4.078539526274903
3.457760990755558
4.047666854293658
4.514583341664936
4.127779437723639
4.445828627534436
3.803246383592212
4.496402343932819
3.7523337862998787
3.7748594797150017
4.227193688011596
4.367195196077629
4.437428371251344
3.7057804687533413
4.041014396743975
3.9626577181284555
4.359108690592922
3.7019350929713593
4.364137648223981
3.7606473001937695
4.220474160656309
4.423408852807103
4.354040339654073
4.054410743944287
4.404078443126609
4.151242134280562
3.94785281132965
4.034479643583924
3.970165292548467
4.70871920873355
4.68882554418683
3.421276261153966
4.332431033406868
3.9019695959583953
3.3342127578590035
4.238917416123835
4.261210592098041
3.5135011204056914
4.690846708949072
4.204367704168013
4.538195688586199
4.03411993261126
4.224576802481891
4.007719202896527
3.9981380398179134
4.270251691573948
3.4186087824452924
4.005800965209431
4.007253764313172
3.7269835800874898
4.5108143493272905
3.747098977080123
3.8124676527101187
4.069993892898294
3.8854706327600397
3.8533177561975043
3.935229077140563
4.543856983570416
4.216925269047438
4.063453782285311
3.5195622968544438
4.188400282634257
4.147137444262428
4.474214503459109
4.086831882951952
4.182834822633999
4.104538266216987
4.243571044570947
3.9428157726239172
4.15829478316189
4.576433257326394
4.503550804979165
4.0703610125309675
4.004894380615539
4.146866986638158
3.9184568344050303
4.25657751503475
4.28378762310028
4.137202304737695
4.272542714009965
3.3460797302458083
3.606335578527359
4.245237557999649
4.119375057132098
3.7245237932171715
4.447834400692336
4.237142111072162
4.348864008121778
4.127540814736274
4.32624235137442
3.784937745878831
4.363502880965626
4.836779131870101
4.349816511472078
4.5373403853762895
4.004885281767543
4.695446774010922
4.046707290045033
4.530387090829402
4.1153325291632505
4.225834260991942
3.84126640131574
4.2861303789444065
3.9426822505293972
4.103140610119897
4.158984573039197
4.441100595031405
4.5045151390605245
3.8483428841434124
3.5782866928725565
4.002722092616428
3.7632233211957535
4.641064103223464
4.70731946148007
4.614214854152929
4.46743114454279
3.6624404562741235
3.959561716396402
4.089814489098172
4.127273417717446
4.573544230534873
4.0980093185805755
4.473580549115119
4.36555730641414
3.6690848710748973
4.016010619868147
4.333787817467102
3.822200899649175
4.720610249579482
4.652987482497024
4.4369596850296205
4.094414321830082
4.304718674457996
3.986810428913052
4.740875427703675
3.9207476202965656
4.066729205813922
4.031620598332468
4.168082158015835
4.398150535497914
4.272859770354736
4.539259416943248
4.703293860901162
4.139872995908681
3.4287693117819025
4.16081259072047
4.380840816349252
4.166530665762371
4.355798127204664
3.930987212645445
4.592989526987039
4.440594534694288
4.212403531333902
4.540647575367857
4.2879378819940275
3.961881366225344
4.324261220191203
4.272979380544662
3.8648968082736443
4.273546364397501
4.952276147693997
4.2318137041914925
3.959937398130063
4.026822527788765
3.775271003401933
4.316108995150766
3.9726317993281475
3.8716399388975136
4.848791511569662
4.3123117755160685
3.5913505205031178
3.7549666693291903
4.293470567046912
4.24754471313663
4.053706650187252
3.8997399541781785
3.8354544944702025
4.0641542025387265
3.63866341407262
4.531588035311733
3.692710943679219
3.9866595992504728
3.9740657678334723
3.9364200020075195
4.013942827912389
3.624962166792149
3.499895985470287
3.7303474800695
4.028428439624592
3.3554268315927223
4.337862738414257
4.058694573367852
4.145629090849276
4.126386067839645
3.7037970180025734
4.09116123515777
3.5859336152693704
4.072449057721801
3.7980338748925764
3.9179360503675156
4.088419707550252
3.6343567166262263
3.7681088197210757
4.100223213734377
4.53037832474016
3.966912971922713
4.011846777752496
3.8131691933407263
4.254488026272503
4.360174742421973
4.070248336882239
3.735797840378427
4.055463001241024
3.468752360530532
3.461984072681047
3.707450528475169
3.890018009425469
4.201955797792072
3.9934617329443163
3.771362303470496
4.287348428566109
4.163487959214676
4.199757318894093
4.138209276377501
4.399276217966696
3.5696312524229894
4.0893467804496035
3.778905555617431
3.9159891241436964
3.764127342066832
3.8425414993906144
4.119521195532028
4.255768889366438
3.7329823261834045
3.8223125143155663
4.127439371519321
2.760033294320256
3.52861691408263
4.167735019205438
4.092044307350786
3.8309124752395762
4.1349300846672445
3.975806957325894
4.1585631566867125
3.70412626944349
4.335112635064842
4.211891251491072
3.7589848361439815
3.9095868234986204
3.620045814372765
4.071940805036693
4.035296242283142
4.094935758108586
3.874215907502771
4.272881352550087
4.3062276746538135
3.8942018986326814
3.5815450112177247
3.4497155797995083
3.860763645256487
3.5289447618450396
4.524127786697126
4.232445711562307
4.24441608086817
4.128023405298935
3.845122745252242
3.8394865136166665
4.181091860479204
3.5060635196913106
3.184340036356909
4.019501083801684
3.9273472392233746
4.0399885177911035
3.765061778639341
3.980480727024113
3.629867899604805
4.04988684255993
4.131070631750325
4.311370575169652
4.401615508454569
4.058091327262787
3.8371687736752276
3.7294688296182086
4.527170190144432
4.560153032023818
4.09186232248597
4.092138866454286
4.004365745123827
3.5576302327041422
4.146967640699036
4.496291896303699
4.035985173171844
3.9876872320508125
3.923738247025611
4.474813898681207
3.439207571957759
3.8468120681271567
4.107955816863665
3.1865132989964957
4.14968777539166
3.9904971307323933
4.318358966656539
4.331346773905479
4.200324979674337
3.9953262227707995
3.9823350137663875
4.1598007436711715
3.7262605651760468
3.942849854196389
3.9498383555669
2.8694231336625715
4.221061819490844
3.063067347625304
3.7741479378496554
3.8764765771545804
2.839480889631075
3.586435690511966
3.3581041383252677
4.083222447583505
3.8204965245555402
4.045501083551405
3.3554242068375144
4.0906256491719715
4.5501808893185505
3.78514123215771
4.280736563932286
3.9175739918131547
4.116677028271188
3.4963557200847086
3.411149076998444
3.943367885281635
3.6374434344430915
3.8968476228017606
2.914862455321666
3.6166912615008138
3.5436171860804233
3.7715484404062645
3.4918949923581293
3.900329403943907
3.7541887003622545
4.232327192486691
3.9998156618906253
4.400506896656237
4.008662416905208
4.287016982337333
2.8382680382637946
4.023666081985709
3.9888716727977727
4.251610654464169
4.012774899906069
4.223236535252493
3.6102724155130304
4.022423565753398
3.2476240731007424
3.7280552878470177
3.8398899648974556
4.053104635731469
4.136343893876774
4.015180127725494
3.9353485588019295
4.348709305778216
4.20629977676403
3.7184840296079775
3.8835689953920802
3.851249539078241
4.487686716961296
3.8972611315751555
4.22179868649937
4.308814819120316
4.753337775565534
3.4376703753493114
3.3228058745451303
4.082579915896618
4.09142758378484
2.7004167838060553
4.018215496657325
3.667457962990941
4.168661160874814
3.8011757990939516
3.9509061873369444
3.431263666991257
3.779303683665348
4.023507117077916
4.128905934838404
4.364213849006821
4.108853312216402
4.205641477062996
3.782932925532354
3.8701229624038302
4.211893877840401
4.425882593811933
3.1695482178433503
3.338432495648971
4.173697218992096
3.8744783802184406
4.057723749843541
4.3415378959591875
4.103016218371457
3.83392678284603
4.031906756125923
3.6307472710587803
3.924364176541079
4.362456948471334
3.99061771933889
3.9422787491094127
4.2698170235430055
3.7188025825760507
3.9699267849226194
4.114604130290134
3.872583267656503
3.728643509637757
4.242732247539424
3.750663031488899
3.974747661597763
4.155615686196965
3.8408797455655432
3.565074464715015
4.0307659190205545
3.8912995591377935
3.3773895401378438
4.364431965722474
3.5369302677988617
4.814748286708567
4.34457333514297
4.244272624673021
3.725409387513664
2.3459390055249987
3.7967426012546217
4.15907539801599
3.5320462824230567
4.058516936589214
4.001857848710449
3.8208015548776597
4.170486279417665
3.768696517917351
4.297914380883527
4.2509590273431
3.624814887777661
4.210481346601774
3.907806804557854
3.8186270496818358
4.342432677799939
3.5560589785922474
3.26643409966669
4.046664348478314
4.060013309123981
4.088992602101225
4.241737721051436
4.3360444462367775
3.4966603488487027
4.078511174812589
4.206196500939814
4.4590671286055255
3.6426566739151887
4.310351619798225
4.3786754388020555
4.322291527453698
4.465153153236399
3.7471587222227
4.024768110449857
4.260857331317277
4.082546015832056
4.3373178134857735
3.770711879381942
4.078626333801212
3.898828440169212
3.9260947265256956
3.523121161167677
4.132440938173193
4.094138414741242
3.61003445623848
4.207241927516533
4.0452102013171025
4.1910698278096
3.6143694902120065
4.388746249009741
4.271060054479729
4.59832441853103
4.394784121038059
3.6722134231184715
3.712956849941528
3.8398353156301237
4.342046033162394
4.322348003458876
4.034717440597335
3.8436816485012426
3.63700714846009
3.3880953087678414
3.8222831680923135
4.082916512783498
3.928830996720145
4.341941104076459
3.525059466876598
3.5775665473358753
3.6327626152795904
4.075572251545151
4.446701964734922
3.616233609982493
3.8573707317881514
3.769084463917248
3.5591452246118624
3.272927085784616
3.955937021536188
3.2905891181766798
3.300660271243716
4.064511314143345
4.2508177628383805
3.3771308721412856
3.935693483245929
3.901463422976787
4.336783236013341
3.8226612189707394
3.298843733355138
4.0213017865454335
4.001543986944743
4.176277718600124
3.4616101701153354
3.829927561723504
4.129643152046437
4.049923998938292
4.189373449850685
4.24194221569576
3.4604987035905
4.543311437611454
3.9202344326832685
3.9576108436511257
4.129975591799419
3.890625781879852
4.312740170353475
4.333312144223745
3.2635567659719324
4.263028949260054
3.8015474166257186
4.026750026826874
3.6215717650874772
4.439021878175903
3.15497266590547
4.094178946276944
2.988011401111115
4.032541809035559
3.4674729496388075
3.9507632956174916
4.262344373243061
4.3205920306141525
4.337627736510912
4.094701989935849
4.136388089088188
3.8565706118379195
4.180201297861277
4.101715395796104
3.767512008355248
3.5958746324871775
3.841786785644893
3.8206673438371674
3.7422668216172004
3.5728124712998084
3.5711811998616607
3.760991015892439
3.917148372081548
3.9581614424489207
3.9279955428683864
3.8448096618544736
4.3479678668269095
3.690452983094291
3.9005901069727464
4.378350771200268
4.1397665891190325
4.318639299553322
4.362264841709187
3.0148190919129525
3.530605211174856
4.17336694440414
4.293965025396813
3.894145363295298
4.003485142958879
4.6598463258038985
4.3532238481307255
4.203909396909598
3.9048374917148143
3.836209958274784
4.176974892489788
3.5282333650341253
4.120960900593776
3.629548705418565
3.930855131589454
4.140746211958794
4.275244819767296
3.932482562813755
3.4919778117595364
4.594355685382142
4.244045586278132
4.446825231019911
3.902714898334091
3.806372002049087
4.176781428678431
4.064827865394195
4.1216780555361785
3.889649672410373
4.510268373818745
3.371160633092071
3.982676132321596
3.7009237322324697
4.033245183089244
3.8389971754905545
4.523710065810994
3.4338412204676603
4.084564236703238
3.8598607046576996
3.7557906917169115
3.8347275662312246
4.485130327980721
4.1329805285768195
3.7403863765604406
3.9259673660301693
3.899517449016753
4.306339276445323
3.460134919410279
4.148667381023131
4.027892734656449
4.163124125654778
4.045945334972943
3.6795424860873256
3.7506020086758256
3.7486567364120997
4.359715124298038
3.933412926236504
3.8680214782515723
4.219837982277012
3.8932241429628176
4.287348428566109
4.155741733745913
4.071372568331066
4.1777107842212775
3.883276898665688
3.898559854178078
3.316726693024979
4.22410723754399
4.392411728786983
4.3653293125325465
3.087432266803133
4.050567158016341
4.274405060478975
3.773897587605788
3.8673502693603603
4.259660618102146
4.0320091230876205
4.297148116993544
4.05092384306221
4.183568632558747
5.435272401979729
4.291886995871771
3.5099911314018106
3.6597916411029408
3.7865781880765232
3.550115271685825
4.29643031348183
4.341993960468766
4.111663730388955
3.917526189076737
4.407812301347496
3.872699844904124
4.185601419163126
3.434780224700962
4.494968606210326
4.349899119234144
3.499296839966478
2.721552594129622
4.231236633142986
4.062075018368303
4.127201480956578
3.828865590802157
3.624159107453724
3.5450299621897154
3.019869213914702
4.806945840998979
3.6247823364854526
3.6997327252906818
3.5595600359807973
3.1181502077193337
3.6821593504974777
4.3385807333547834
4.211778559560839
4.146798524908229
3.781232294601775
3.6219298768632155
3.900698242670664
3.543425032408044
3.2218668043691903
3.268588501083004
4.258693184955723
4.134358894382091
2.8572591042028836
3.976502205498351
4.003700642567114
4.131408189635204
4.608755170115571
4.149123124051502
3.6603744551470925
4.05535388030122
3.7948986537228047
3.695394270578336
3.7171661015204744
4.136944969781704
3.558538815642815
3.8101150158824755
4.141362227416081
3.4746657192115125
3.715241744469048
3.7094160400139025
4.012751038239995
3.835288835157872
3.8991936897845934
3.9483107620013835
3.309819903836356
4.109191746886544
3.6517630274225503
3.795519027561813
3.513818033314731
3.4469953907454176
4.2565461905129185
3.9379964971623584
3.4874172251810185
3.4549163636745415
4.058158014137098
3.619770116501102
2.530758933938102
4.076674555765152
4.424051786870128
4.110120156490726
3.3600755601180383
4.20876435181727
3.7560501841135423
3.7594489210729884
4.007936319356437
2.7858723264309626
4.082193346909315
3.8807976599775587
4.388593110372828
4.806945840998979
3.931191998260665
3.7431486562636875
4.055565600844867
3.946378660752476
3.8082058202638986
3.7980197255950605
3.580478100873207
3.3947408476194787
3.6376237631355703
3.611498615300582
4.417203418732074
3.893155689310384
4.423543457405603
3.703314744728608
3.2752654549261306
3.7763986119338826
3.2629366531106676
4.126022329483968
4.064084609026379
4.0935773321464195
3.714906407262415
4.370542985565262
3.2950626068734
3.3282544902788134
4.374873832492252
4.146312284589865
3.877195193328206
3.611726062563944
4.180745708400121
3.8344376650878154
4.2986596010319085
4.040613840244744
3.9533907458742066
3.764381098510961
4.038145622208743
3.773709088461769
3.069088776106947
4.275042667503415
4.013102941836873
3.945231564203458
3.561486392891781
3.936843822749113
4.150987513316274
4.175835025393349
3.587256297489739
4.011620657059492
4.055776581558005
3.336443100608364
3.2085190776131736
3.7370884788847163
3.576068616935067
3.8640904348393383
3.9710043522892455
3.9409221046476297
4.151497954670658
3.3713798612700123
2.6930305816151003
3.8859358621980893
4.251658747229802
3.2203951860389393
4.080022941219029
3.1026979031850606
4.318487242147976
3.224849905305377
3.6848198476603105
4.110080111940391
3.838093018426479
3.4746657192115125
3.884844793787898
3.5455768498567
3.315139663708746
3.8390646568019395
2.603104091378444
3.2386873756153767
3.034360817480929
4.566170612834405
3.706715344787516
3.4683322642109076
3.6234989970195413
4.365086301989257
3.8909430628793213
3.9897692818203243
4.258395818271745
3.236231943686284
4.205654345378228
3.764511317337055
3.254574441507909
3.8970485104285757
4.0729422215063416
4.116207366348256
3.6226218943759765
4.016685741315301
3.8659935430890684
2.662209087395535
4.6161942108691445
3.7025285719895753
3.850885219199416
3.855894328225199
3.842125233170283
3.6780729565392365
4.079257987226226
4.064213220651095
4.2847858818492846
4.253896682893062
4.38498823473617
3.8999778799919813
3.491719661894605
2.8230959804653977
3.6026633279925973
3.6548603372295805
4.057156610453453
4.366623293256329
3.99814146934537
4.143347676933807
3.937593944873414
3.6743595560417104
3.5692586835849944
4.053058094998844
4.003663341469787
3.225886670338566
4.246141101541776
3.792355257349879
3.4976345891300693
3.1591497200121266
4.208434538943167
3.3426069069146713
3.2723918419502356
4.222957444238239
4.09712773724746
4.17122303415932
3.593117964015863
3.796510321066421
4.370175792806335
3.57177636409154
4.268023473212084
3.4793440594909884
3.663000355707501
2.852223087050813
3.9967965477816545
4.140392685637535
4.1582357654437025
3.975431582892085
3.668093014350876
3.983806271830219
4.037212466493158
3.5794189840641684
4.02708320402019
3.732289019487112
3.9023940553220666
2.7139812433102573
3.823589113866147
3.508983372469836
4.398866700603207
3.7828804177526
4.101979215467453
3.6085577121982
3.817190206246983
2.9285921877797083
4.036271287519843
3.6076824881329976
4.2670482415674895
3.9292924259079465
3.6547601631841387
3.289801882792305
3.696450008971232
4.413877066876668
3.564617754634808
4.25642067873299
4.259196016852461
4.092979897865949
4.119891995558644
3.604772152527089
4.374873832492252
4.270358314030097
3.867066646619973
4.333724090125906
4.19092909446959
3.6382675726492706
3.7313886938955436
3.224838649132308
3.2970916411764803
3.836227226614906
4.064854869653061
3.58492482264037
3.702840878304616
3.935930650965531
3.905654951394734
4.326296302266712
4.159840396330565
4.088190270041995
4.426770218041834
3.654276572225642
3.5537994567955367
4.0827900883141
4.308857455059497
3.414854590987047
3.792639383503179
4.47224607401996
3.9830135117861865
3.8286170821643637
3.785743658237237
4.357453164505699
4.2266446242967755
3.2770255129981694
3.889456844341101
3.8674790814750963
4.237207927388783
3.835805046942803
4.079827949941988
3.929345673415534
3.90364058712711
4.001494500685574
3.683905586259021
3.8674624712681824
2.678656241017805
4.271282048614605
4.167978829424688
3.931696458264768
3.9715109276860407
3.128187383187694
3.4286146022637247
2.848904318729592
3.842944783245123
3.683681486084975
4.275103401877725
4.081190955559612
4.024761329004504
3.995234535017398
4.217182002691408
3.8918023190764006
3.7008455489458756
3.9603681725539817
3.9395302499411913
4.449526419141188
3.6470565104218275
3.8022040616224824
2.92598244532533
4.0048838877968285
3.4775296176946124
4.0946870550971735
4.240402920161529
3.6782033326508055
3.968793273546673
2.5216566444518365
4.226934834362396
3.637785172735674
3.399297264893217
3.5333041660391666
3.6856503317723486
3.991614627781355
4.0892202197986425
3.657759287422837
4.0211579944247
3.163328723252152
3.7060144358670435
3.024726540351611
3.892568270275525
3.4916317197372875
3.3478858800283335
4.334572562782368
3.9640081210639924
3.810923904934377
3.740613297198759
3.9078758076114846
3.591811610539369
4.285040020859784
3.7355167554609405
3.1332520843074247
3.7006511951195513
3.576688535200983
3.7099968955160243
4.180777565068716
3.6136269335745306
3.9708640888140323
3.3285940494350057
3.7886031891288887
3.7043206851514383
4.252803420141564
3.5453886674173125
3.917415439531375
3.7287684918677573
3.7062853191058442
4.28634964141208
4.447312467811041
4.310492454177062
3.972133234622369
3.558614193713314
2.991456109907621
3.935434622964966
3.805152379825087
3.8258926817020575
3.8659168787279112
3.471130625591365
2.841408454657482
3.481695137847696
3.806204404360633
3.3489798562962454
3.6722263497819547
3.7530901829130006
3.2817141613649126
4.2321029049327645
3.9396759251849502
3.6417998022841145
3.4040053562674455
3.5496686253946557
3.071589113488393
3.948863623966992
4.22513258001455
3.367469774544564
4.218694115599773
4.242177634939499
4.140648982018611
3.652408545739719
3.6723925673468165
3.8183337061648883
3.433953708965773
3.7287124462190917
4.064111348791361
3.735995244983938
3.1664989575516636
3.9445815123138184
3.5260212818478225
3.579555802134315
3.888208810012145
3.996205258908998
3.8471187131375455
3.6575587076201668
4.505509589395183
3.7035529442893416
4.060532459734666
4.041388866140346
3.602056345526886
3.85687608066005
4.106079789133515
3.722466853192807
4.338423162603048
4.273381543270282
3.9046658939507677
3.6722882136841606
3.8816968874937383
3.3416459065863577
4.30579686948552
3.2702310764000666
4.112642375352715
3.4994711349798564
3.753728011545276
4.417593325630704
4.294706740884248
3.6298962182026404
3.3236897727569596
3.4798430978905133
3.5588798148576606
3.253991762939349
4.176072205151684
3.4767441053495483
3.8880608589940375
3.622640861226712
4.394070107711677
3.5577911161653457
4.238097225349436
3.772223181399501
4.005138597841062
4.311174308377466
4.01496498600687
2.5469253542327968
4.40437654276236
2.6809619566511147
4.024707923260016
4.104857652444345
4.109191746886544
4.1058373553590615
3.90238813209095
3.8713800997012626
4.076150329812629
3.7582573632963117
3.652408545739719
3.446406483255303
2.9348763489406675
4.154858944463115
3.9044750005581577
4.281988530849174
3.995167407540772
4.4568748093395305
3.9537340572935182
3.733842826261567
3.763379933796139
3.9213862859681567
3.6259320475838868
3.4893949905642003
5.436563574369689
4.308567694408163
4.289977362004239
3.8937575128758177
2.6399655840090808
3.52098290267738
4.102564261903911
4.0261597784711025
3.802887026306248
4.20513150229578
3.874350518129651
3.675793734599481
4.140708802765551
4.293563234453147
4.433140446871716
3.5442156560596754
4.014080193725634
4.046136624384356
3.884607043094629
3.279013982070744
3.054108657273618
3.7283949216253585
3.2058527202422145
2.144999623298645
3.995640105658667
4.126991234164387
3.7130920426680714
3.958040924752364
4.004733672381693
3.6470545551863474
3.884420611935953
3.5490950530488448
3.6040658644568695
4.08671166806686
3.9084818836572532
4.050412414035224
3.6889518646460844
3.7320441756080243
4.25225138296169
3.7210863974491684
3.319908646855909
4.1508967712804195
3.521690112891547
4.162612746568233
4.208959682602272
3.4521937755783556
3.3938075873101883
4.144941566068957
4.44464722118766
4.072176973769417
4.285108120974504
4.244329061641673
4.022260899366693
4.15751494104358
4.49956209987565
3.5817080947478175
3.8521868677981357
3.602049535023613
4.396180348654953
4.617220198862466
4.128438795587251
4.324488832462312
3.9882941118316158
4.031483964648411
4.216673128426341
3.8601450528954047
2.8549930715812817
3.9814646284546473
4.199851504542677
3.9475972524699188
4.0572598811486635
4.4762128967508215
3.889695309178855
4.135355909949768
4.215749163017403
3.2668111680126657
4.014462489039532
3.893169945424582
3.83275924044262
3.8731092099049516
3.8254111318290445
4.254469059267823
4.143168882047491
4.5772363429531655
4.285336746586496
4.3315539609419025
4.041155875955192
4.392124223190004
4.286107625921365
4.272156662756233
3.9123618441455994
3.8248650654843726
4.421827393047945
3.649107017924373
4.103939399861259
4.537232021590012
4.113551108076475
3.7508557928568655
4.167703318070797
4.203279529469092
4.258212434415492
4.33739139767574
3.8207771735777776
3.640620243688447
3.9315622235980525
3.8035013266969644
3.980372105671532
3.510974717813533
3.9041325728248077
3.968101743074259
4.121888600357738
4.364509666984067
3.975348133010668
4.65797810378686
4.0865167376920635
4.298217693681337
4.089146513977371
3.5629978226565022
4.137418853670393
3.714747184607579
4.117563557290964
4.011201984905014
4.526771450370212
3.8908602415662865
4.194600266363513
3.6006613695872565
4.2235290715457925
3.7594722939624807
3.8722172589759882
4.339533590789285
4.4083283000828395
4.101440397915559
3.9217941526570046
3.6710846716515437
4.051939247763514
4.462798496584354
4.346928494889639
4.22173007997835
3.61812044533525
4.2115529011692034
3.5618919954142294
4.08555527155696
3.882541470591386
4.091874393458503
4.19157376451391
3.883191231388661
3.8216127784043064
3.8178864480420245
4.0860254625874495
4.202117954335577
3.751719393933402
3.796460363075932
3.490803022199873
3.872045684554988
4.3600374651396905
4.325110203770779
3.655784732200811
3.5094814806379766
4.005342195932551
4.230743388520606
4.560155270684608
3.619015832119642
3.9977899803519072
3.8335259038504166
4.291861101846727
3.3879200756760826
3.8017207526488126
4.011596159077607
4.00817134912261
4.252948639279859
4.283412832181573
4.519305532015319
4.013217241886155
3.7727657584196184
4.257266998953763
4.009699729110565
3.5476952063580116
4.4532306091706175
4.194208222091061
4.539429861906999
4.036301766381529
3.7742791431044087
4.194951668562612
3.769933455528958
3.7303260524890485
3.4860677155700333
4.181074558584953
4.149471067709348
3.442771435840715
4.222815716280248
4.264931435075637
4.517931680541279
4.1566528464503065
3.770001517226086
3.988724553393617
4.71286688870257
3.878704131803235
3.8938759406398864
4.2430570093827775
3.9627790084442385
4.4434368228038705
3.351698001691095
3.7438692768102517
4.688976572742125
3.52728650687434
4.061718749675966
4.019865706484697
3.5588502596304714
4.209906252773887
3.8747520400952276
4.671008198314954
3.996512775998722
4.3202837175753865
3.5710706590886683
3.5462150910195227
4.283461770912456
3.9157075265500056
4.0379825882114275
3.9000650067221496
3.842683947545208
3.9639533134767286
3.839394094810072
4.257803185229351
4.096662453971412
3.962346024204626
4.230839648985129
4.329105116667055
3.925754030689009
4.29684097594242
4.294545079170395
4.359140302579719
4.016437108742569
3.0918420459355027
4.341476306624109
3.655738453737192
3.6203743182649646
4.140717645816376
3.8835696015313887
4.134103965151537
3.9686897869228304
3.8259112557709556
4.111708653887938
3.4796203927682092
4.279556945050995
3.9187594881633783
4.285167094726589
4.429539531656028
3.9076859230491987
4.398682437044972
4.540408744340602
3.4576231731045866
4.060264726825834
4.274159339256526
3.9007105816898897
3.8937959946896434
3.651720815357889
3.8638080770269223
3.805124621283
4.584203300697347
4.210550380742475
4.150596641903431
3.9495320939224525
4.101133295527852
4.25819061008975
3.711129381447266
3.691213571439212
3.5931401882626277
4.219868755966772
3.810274345698787
4.317482352604589
3.8240931757705354
4.419053751450704
4.231108965683763
4.296411085473879
3.312287832598479
3.9543491265433612
4.15803299261878
4.333339774996608
4.252749232034784
3.803341709302554
4.075879931127442
4.496222632224693
4.036830148587958
3.6105193318105204
4.1609427771761
4.449503005647836
3.85080174951087
4.263555272557948
3.721986828727258
3.6120556323347612
3.7543883211475038
3.715743584590784
3.6763613654736984
3.491111160443567
3.1590881228849135
4.0820191386047675
4.6479348702430805
4.65589009371587
3.159445394379154
3.7267612806557553
4.146999065989203
3.727589713371737
4.117769764160664
4.384186801157444
4.029297099475643
3.744796295374644
4.3093730629364835
4.268886109555886
3.6731792222011856
4.103763729679443
3.7402732173270987
4.292582945422277
3.8255618153184643
3.7695944223619433
4.152776951441807
3.713548677666796
3.7555596424932642
3.685111991083149
3.8760797095848387
4.034900482138238
3.5790545568653673
4.344738473437393
4.156805248867053
3.627903831096966
4.170110695572522
3.7003779661689205
4.0347027463664356
4.113694701054973
4.10165217486445
4.132442405254286
4.182202725143444
4.177056858884891
3.740862330509292
3.551649867589658
3.752348551003144
4.2110898658368825
3.761154547296301
3.741571393022517
4.0434444048812574
4.208717641991859
3.79371330459988
3.786286879541014
4.4293844438940795
4.108485349721511
4.473581601094933
4.462673412979057
4.118920337718356
3.743339792399837
3.472348434396249
4.017103074722715
3.5856625926735437
3.8809442535176846
4.467269202002636
4.20157264660689
4.401931931803206
4.379359430455958
4.321867140308604
3.1755575935269156
3.8825733172592853
4.439418082741318
4.004046959821258
3.976478630141441
4.365335655162208
4.006273022644962
3.5126605458893514
4.228939432216366
4.574888521365767
4.0662839571911125
3.62266705118771
4.134855307481597
3.8965317405022395
3.8409347137016603
3.973083267993664
3.5098001133195016
3.7521018385897356
4.236639672589604
3.555180848687525
4.214363290280028
4.195651751999462
4.1080848688177225
4.398481804676496
4.010077110457663
3.5692061025567297
3.9686087259902143
3.05731508100687
3.8630437648795155
4.052280900330665
4.28588663507819
3.9574295285087913
3.5819222741083165
4.340933182434416
4.192122311817246
3.6339585419072318
3.915700145402586
4.0773976172786845
3.5709582857954576
3.4006265281517667
3.9844679770652824
4.2092100505384105
3.8063253628794245
4.520257871437247
3.8497313669511257
4.263598161540445
4.0233082152564545
4.188376679537436
4.008794676189246
3.3047578836135587
3.8190883307267383
3.8347956443129485
3.2910369859067448
3.658023689357009
3.4401883459791187
4.137354554224031
4.160221252214195
3.9855374175736857
3.6662638264363254
3.7949711932601122
3.658060055018139
3.828029977230626
4.074122963154856
3.681902038797716
4.465929912432029
4.24732975249761
4.300519343992491
4.063026784197433
3.8773026541552067
4.196600884899779
4.320523738438403
3.07001891287236
4.055692591595477
4.028502022931406
4.093078917992351
3.496002683526301
4.475380125794861
4.258784621625129
3.987490958440449
4.30684360819766
3.9685496133983804
3.966041492207813
4.245505939763237
4.199018380752847
4.361423218908259
3.719162363278258
4.06420176798179
4.139109230883985
4.389074142717965
4.121406177711162
3.579766002758584
3.7201613865280025
4.342227881353955
3.8805709288437713
3.9826336497344235
4.066249228030041
3.7233184442836755
4.1601666989222785
3.2730251730315163
3.5441927731481107
4.022079849023776
3.9487931637161484
3.738560470700225
3.951310300010938
3.3117084171097946
4.180697581757737
4.386894537986029
4.1715326688390775
3.6271587750265573
4.571559700589393
4.4107875919917205
3.689494503030241
3.2820238912937194
3.6295911686840547
3.5612590740322942
4.324356577716766
4.477876038953497
3.8990813167782234
3.6919380943678126
3.9306657686124957
4.483135694769507
3.2033712135813808
4.4423039977158405
4.499973187783786
4.297097386871212
4.233456479268788
3.642035383247623
3.5222193463238263
4.0039713590287995
3.8208121066052803
4.108994642063223
3.9740499288276268
4.138623047699018
3.2377471610249717
4.206920591534912
4.303334447004341
4.262480610552508
3.8983533518061995
4.22366550719473
3.7661306866020485
4.023263251913783
3.910442883578151
3.903715702764157
4.1661845699883235
4.215835503629327
3.9974397117516745
3.111271438099555
3.706125242959284
3.668002891049027
3.599029260813537
3.681636974693035
4.0690182915785424
4.4995338919088645
3.908660339158989
3.6724791638262233
4.3568780209464215
4.1950289689087645
4.010170340752089
4.417244476489444
3.531671421089931
4.1620551172107305
2.9575343033408092
4.157815750109435
4.016039705775216
4.205090921886078
3.7688166383342914
4.043193315670971
3.9123256448336936
3.9800464056164238
3.7264867395172065
4.3938522136662765
3.9922419721607145
4.095898683940603
4.265418688075582
3.956767707061702
4.196405052703381