5.003077537545149
4.5059923618468165
4.847167714011784
4.643824063121494
4.828166746197533
5.128945610350126
4.338952632059042
4.670018817334199
4.772616118286546
4.233150087019974
3.70551772905724
4.613070019688178
4.726965118109156
4.470393497685499
4.844319371040932
4.578304819598108
4.466571715091337
4.95787718508684
4.632581363979833
4.909899307767821
4.90717927434838
4.721461839873238
4.034265420728958
5.00110834304963
4.783975560498748
4.751303256011592
4.179983580348797
4.778983634985922
4.718085102145449
4.318176842645914
4.628340534909986
4.52924768860305
4.003383180449456
4.385648559943528
4.5865344134403845
4.775243310017034
4.534329541275449
4.732824644094979
4.306550789283754
4.6062888153389006
5.017840330231344
4.55422635329349
4.909144921089695
4.666347813853328
4.835303950727488
4.41044652818651
4.8477742749496855
5.0799646989538605
5.132908287067945
4.892672467713503
4.719526667001199
4.537466064074451
5.082379119727033
4.641973241981146
4.643455477524949
5.142330436429528
4.449482536891674
4.406812537514977
4.560631518566888
4.5571993063575285
4.507353947554668
4.455258037146274
4.954743559864195
4.808740330760928
4.48328037672587
4.48776833740877
4.617799704221539
4.75403882468276
5.053382924219086
4.937510456471864
4.81153300047505
4.203187174917402
4.767040559587654
4.842817317007778
4.302148811998894
4.701242252821213
4.6529524564576805
4.116821146864812
4.461071787939517
3.404196621576076
4.351398173595849
4.866297470181712
4.625668300586389
4.663649072389168
4.197385198362209
4.884607797283141
2.9545655450900776
4.793932570005593
4.707744029869843
4.0393906442909415
4.609167044027643
4.621570418451041
4.553368298287869
4.90751058974506
4.550786756820309
4.7792059124759945
4.367769430165513
4.809560316939816
4.747117068146853
4.652062600741643
5.187168346188897
4.651914682400797
4.762935740233554
4.4754789433182225
4.256975582712646
4.847110887389189
4.573851974026006
4.274065002348229
4.484971648470153
4.109576715282055
4.89436428539159
5.095331093443782
4.493311625775832
4.511199664180617
4.536912141535088
4.671573210009003
4.912473578665267
4.671685175578883
4.800980767443651
5.0688708125884645
4.588826813955746
4.68426920595978
4.533638246068777
4.525722440545005
4.966661105562766
4.612124231532857
4.53991889068938
4.294651199517268
4.803620652599038
4.514378332000053
4.53412621398308
4.3998766588208085
4.695136231124581
4.96138031364031
3.8478490611845606
4.641371093371728
4.546750738034795
4.661270502307025
4.507909121904822
4.299261807561186
4.4537895006500925
4.629734532635117
4.582813077714009
4.778954276555023
4.660965861294914
4.572642059786995
4.455607804696897
4.278957782125164
4.20866398053111
4.5579262235636575
4.435912210905
4.508528683875454
4.987105296022464
4.973347702955765
4.656859262818616
4.7340467466413125
4.540409199249579
4.857195113586421
4.68589765574138
4.5326890324514615
4.0278396906138285
4.514178113156933
4.677214949355397
4.395276431155622
4.850204853410927
4.539133061741104
4.7040759607654765
4.57129841926853
4.789958310384295
4.180205466937149
4.583346402982125
4.5416467388348885
4.6924039669391675
3.8793336719089497
4.622885058600419
4.9816974451991225
4.686136459772168
5.342887039160299
4.438033103516619
4.227650618371732
4.587260610918568
4.376264121962596
4.665980502258403
4.198148806719018
4.661403775402499
4.859159517560706
4.387036954158703
4.886042306450478
4.055807889587963
4.200690049904214
4.774700574295473
4.537533518258271
4.312282947128053
4.540399249741254
4.17360701982005
5.175108560693371
4.495458762532476
4.677895871144327
4.517764610965218
4.355670787209649
4.976870473983912
4.50528392659524
4.608779855702178
3.9949105346843607
4.664583392011532
5.1042870856399665
4.306853161189293
4.688519339882472
4.688068885428088
4.4426583096781656
4.28019799190322
4.781179606687924
5.0903176065400695
4.481350163561926
4.338958181202063
4.250744010227654
4.649847332054815
4.675029343249683
5.019851603468213
5.1524895350842925
4.286199669000402
4.2813121108903776
4.757094630638516
4.422717851825218
4.535420533714722
5.093773402710859
4.902784081302901
5.008852263803298
4.959226851659172
4.483985184251266
4.243468379437708
4.49650201919085
4.6164534807789845
4.384774686131033
4.616276353432005
4.934716082821328
4.594902039875475
4.823672911109222
4.705489838279023
4.812712215052638
4.623291380290099
4.055762796824951
4.923156277142018
4.497874394137506
4.306576137047648
4.708289671254043
4.570080510289247
4.553996627924896
4.9311389219452195
5.0117836617251506
4.65711931758077
4.728333561555376
4.586710580183742
4.817490322974823
4.938526813812944
4.49292273203341
5.029018250479831
4.331114343661031
4.242523060044776
4.899887523409502
4.648821749818344
4.891508719029539
4.455478022732342
4.312342760926838
3.835965944594456
4.729073909102429
4.101784107003481
3.9434500413766815
3.9718843156845267
4.316386900149082
4.971648480148553
4.415871539960769
4.874721395136274
5.0688708125884645
4.146788680328372
4.813492794590204
4.450366655105098
4.051107665632183
4.747805600412605
4.812383802332547
4.5923677313860924
4.9284941490204925
4.581223053478067
5.0402630299432225
4.327309310230326
3.9897280918007043
4.2329476553634855
4.730403660381332
5.110491953186287
4.611607496396922
4.421055125452869
4.75098947635046
4.454130147335336
4.767178210154534
4.914340978331885
4.3110478670597105
5.078997389686842
4.657784280799674
4.512998891319656
4.778314764096368
4.797720421334547
4.241996707339074
4.7897899057287585
4.91642031279919
4.5571993063575285
4.614759460762983
4.551100342419376
4.718295485741637
4.401911589717203
4.8000481723436685
3.7420071213633106
4.661180739175903
4.63075635563839
4.540320769075688
4.638972147903407
4.744456713679237
4.487277438379186
4.472295644361488
4.949228130969757
5.064425591378269
4.920473965001255
4.973135234399328
4.63337913051148
4.450954112228177
4.643321501843741
4.478699374196747
4.752713793214776
4.979920679020665
4.699854746977779
4.594851239007031
4.36677798589518
4.480541957280665
4.60782133859792
4.754566798241601
4.537857871341836
4.646002447799876
4.421762993578333
4.707217892646798
4.67734553557554
4.611957690229474
4.135796928640747
4.757615798004691
4.286130253846821
4.791275027275191
4.3178821592362056
4.184942670150389
4.68515095362654
4.487400325979953
4.061407588930203
4.583839920528716
4.713234437052063
4.513408180513164
4.069727234736593
4.1826423976731055
4.591139600206503
4.97508913428552
4.369574535763144
4.653821044680273
4.151860049048195
4.166644391760289
4.503955772597272
4.923356534741488
4.552551855294071
4.70442525349785
4.814649368559769
4.377039018312449
4.593603535406693
4.576926268636656
4.969112132751551
4.678429746314837
4.356446150972508
5.025432950950936
4.898611869067722
4.127792889372051
4.99586899100793
4.22355796773293
4.374467351408016
4.773204313013638
4.389877110152939
4.657759395343674
4.878086460151728
4.592453012976459
4.299968353547631
4.792293074012841
4.501205980951842
4.41044652818651
4.789145955242629
4.50073778066622
4.561416404991102
4.929680247327111
4.0613921379452655
4.844890038860328
4.858223910742929
4.817515931300752
4.821398526240898
4.643863422774369
4.615282840216311
4.899837009727969
4.678456059096414
4.663633561021202
4.6604886405197625
4.855857547586746
5.042813952738687
4.396629430880102
3.931573642915291
4.5970697431769665
4.919907763191092
4.304007569152409
4.665584844215985
4.855876421343112
4.529757525644163
4.978615963104565
4.594027965323738
4.982679462266992
4.427101350950717
4.7498659322346795
4.713858588072247
4.643849653682837
4.9087722899050386
4.453065888863033
4.186844613579465
4.60745003756235
4.74265918531372
4.514022781783581
4.575351478744967
4.74620724305695
4.75876232486868
4.6648927443204915
4.752377871828266
4.377858269757486
5.028154757124616
4.902301803712424
4.98709162777544
5.044505356650216
5.102771153810736
3.8347570897681775
4.705247839864083
4.549099515277092
4.664923084067712
4.735041472559094
4.667574941615767
4.620609508638737
4.511831665482854
4.687813283823129
5.017628595354921
4.212132905679066
4.708980215670595
4.4911402776992055
4.118350994852172
4.767002288630161
4.280476422783258
4.84597381299274
4.11516139699656
4.658653477134988
4.844287736244903
4.547914666286404
4.674383431760287
4.891027718733452
4.489238228807975
4.46948444231523
4.892130995265003
4.556964979310322
4.8960504577918265
4.961620043198439
4.812246087465082
4.583652793252379
4.74843631862063
4.919082968478776
4.645418459186661
4.816736985740098
4.736432019544109
4.766666706403236
4.81822012642438
4.086676202712181
4.585333003858634
4.204403296607465
4.513496907770744
4.640614803194288
4.600325909548621
4.567947830662046
4.930643214007846
4.320969178754175
4.733688789164738
4.774154706933748
4.759383690420865
4.217295154635908
4.326484150864653
4.710676033926841
4.940377844927234
4.898675096853335
4.676366063688815
4.175536947895018
4.878305853707063
4.740975136449851
4.131158802915772
3.932483321615712
4.63635055971812
4.675641596044205
5.045598911540102
4.915666899570129
4.231239687871788
4.66768845617599
4.11049725749738
4.076869157548889
5.0165196035078985
4.0206983239588405
4.834343381292131
4.830724536142971
4.721006326759278
3.8660427948627447
4.257408876732529
4.355103941636356
3.9825275309413275
3.803489597468281
4.773317413133169
4.46939153359407
4.586358077562882
4.005149052389562
4.960098455348916
4.29175261881546
4.417343073751696
4.536422061903009
3.790715205852152
4.365502202450024
4.587201989456645
4.185415773912844
4.5916481780351965
4.68036732379491
3.876625665066637
4.142592192575041
4.775711364262699
4.570316742175599
3.9977939787434056
4.688949477206597
4.439574989653856
3.965176756891764
4.561758992826379
4.379349127922106
4.525855334236212
4.222443279435942
4.414613670996789
4.495006079133679
4.96095593934483
4.400383357249936
4.616932245053708
4.289421529913783
4.427719763429909
4.588340768337103
4.74455758778968
4.872010480239499
4.512100904547466
4.492985944782148
4.232656712939985
4.255802439408833
4.516133432722203
4.294886099620336
4.595700753942698
4.609474600728037
4.455655896572811
4.923493719841613
4.099761201138478
4.664677261654557
4.629948713052821
4.627751489487907
4.352479982064938
4.78136585865812
4.700203085801549
4.882227121229061
4.086608101957102
4.2182869049572504
4.460313361032145
3.99073546459082
3.9298129122064474
4.736988007832755
4.641660544192679
4.908971211532929
4.117959875614428
4.793625090653381
3.761347292061338
4.244664537675038
4.483482162753667
4.434368968693624
4.815725977637891
4.528860417306905
4.636141495055654
4.527600424462063
3.5772145081174678
4.779315394333587
4.062574251111067
4.283754033618942
4.523129354592222
4.647963274079266
4.6201532282454485
4.714117701460317
4.219680010746142
3.8107740361903155
4.575939386491311
4.3797510466923795
4.45205529506234
4.74196321584347
5.2272200256441685
4.367962575028338
4.7810002500819575
4.584779203173296
4.357311084554701
4.473903420636891
4.642756006552281
4.297584672353935
4.480247258001951
4.313235338954282
4.715995550239309
4.599945012266825
4.365443477252446
4.351160106534569
4.623646889821185
4.908099472832141
4.31425381653688
4.2984938513752695
4.847274859331006
5.011683089436861
4.201740074893474
4.711846851716035
5.076407070873496
3.8913193910320794
4.554571253987587
4.858790363406438
4.6518544188446835
4.609414099430888
4.323110528283223
4.410997028172249
4.260888617170995
4.676485850588857
4.8829286695939444
4.958198129231713
4.0753811921031176
4.371678175337313
4.304008334315581
3.5743798286733606
4.4456620699860165
3.9930542911311
4.629363055824329
4.579362382116894
4.796023833174196
3.907263462865436
4.731626200891716
4.616397025614168
4.531150320358552
4.546717334901106
4.5617715749947925
3.385011626689539
4.023435554918739
4.3249749369924455
4.015206548015594
4.5364308135854365
3.8310623761366114
4.197028527070124
4.730123075152358
5.089147671125991
4.858373513131287
4.8012006895011154
4.460687817664126
3.9852876044864334
4.61135354854691
4.576443254924948
4.901482010481082
4.189265240190203
4.298846413182406
4.115610850604167
4.4319681413994
4.713521865965708
4.534723290443028
4.853169352362405
4.1873808549002565
4.759062248042689
3.899461439145139
4.9524847768127085
4.5090185212304394
4.442128637873126
4.4599516700839406
4.7746054141860945
4.501412050325344
4.612417536823973
4.834441265522559
4.562683176982938
4.050688187990659
4.563194900958543
3.8450178037211167
4.796207796520761
4.740192509899915
4.556996236839771
4.55573277629547
4.747646936498095
4.800534190011922
4.497975535092062
4.436340193403078
4.477767513428473
4.655052697444992
4.286693819441539
4.52131680037475
4.814651328899482
4.910516752653626
4.917734645576168
4.170109271480634
4.650738306859877
4.26195341259417
4.4242581625266775
4.630354454036301
3.9633296536209777
4.587432955640615
4.69869389484897
4.233885627058244
4.8816294615535085
4.53046702720108
3.726979383964407
4.047735984359777
4.5905451726686906
4.677287520159105
4.173007221732393
4.482923580687445
3.60363515853511
4.835177359870327
4.5111521364007885
4.648880471342325
4.4576925698854595
4.645170590491352
4.763760182827523
4.682722389928383
4.108092703638149
4.518207427249045
4.349861258596777
3.250500546941489
4.848653220168733
4.579368413261234
4.597837509805142
4.398799507297898
3.896264498574917
3.882827131125584
4.343825653426909
4.498577813725552
4.4776233825911005
4.149868902154518
4.417234762309834
4.381224171122338
4.984298885067024
5.083136274979008
4.499529238048886
4.584754924021883
4.701639785779673
4.685041259511786
4.52227433706755
4.283897279614211
4.273382062116977
4.270214741831955
4.604600541356815
4.706926496069173
3.932340047591895
4.920475113378177
3.9578016869085846
4.75909762451307
4.4236631680149685
3.491859584279734
4.4533761936273875
4.49665797626909
4.851074487058138
4.213448504806484
2.905593341516036
4.061681517802068
4.31517768416788
4.355434701383482
4.687916044140218
4.783052450194589
4.673202813861055
4.756001700856257
4.1264680518785966
4.811250317480223
4.725174236945569
4.300840508149173
4.435435145442072
4.57174720097589
4.290070235519137
4.5691995754373265
4.79664852937399
3.872247551550493
4.28634854947448
4.775315299545744
4.752503677440742
4.617638961230392
4.885655628723967
4.516709568908087
4.159531466130953
4.544515388616729
4.285049930034319
4.094384830149587
4.339265147167931
4.535996686664973
3.91632403672197
4.899763190917885
4.414617225077126
4.356158071409212
4.43373226302853
4.880216009630605
4.412109584358296
4.008843887805649
4.851736485732087
4.883176658205951
4.59100996735447
4.5666206594685175
4.511873587395238
4.664554972671683
4.209094132179949
4.906133358481139
4.742013204902555
4.697189084260743
4.513335131154612
4.309373051508371
4.506166347153374
4.863686337263394
4.322914463624996
4.663197700285335
3.9173871116196235
4.843833363320374
4.734957810633141
4.633950427568898
4.501582723105382
4.225286490477658
4.476216668269293
4.476181163157298
4.939822172364803
4.381565198496529
4.523536188989784
4.872924087526725
4.357779790632083
4.392307135083484
4.232888041711989
4.161652326026532
4.9039917434140055
4.265896445116087
4.832625070564149
4.679294637216174
4.440812855279146
4.666496020731678
4.869505954668055
4.04856770556672
4.2591195221894225
4.5601726600050565
4.286220676750185
4.306515275513718
4.338309899572396
4.592534452267543
4.3970348066308365
4.485238232730636
4.111419524801669
3.9944804375157474
4.533568065396765
4.684845958569806
3.7811228180456635
4.5290922616740925
4.698427254412661
4.67393466068544
4.678285998166624
4.090834548802631
4.364119336871914
4.412441671950056
4.742170362538291
4.579455044297479
4.462863515558803
4.672524380091772
4.593816169371108
4.679966512861352
4.394350194320029
4.645645839435046
4.650801313975707
4.380115861852387
4.196613541590614
4.7308804516260565
4.330336283636127
4.574884229342976
4.538685912448038
4.898670073621036
3.8488472463864847
4.797879373154499
4.5211288523187
4.497576167539193
4.92279501382594
4.826339866719334
4.4416164497186195
3.8677243024756964
4.561511304001337
4.2301748971123505
4.020915314409532
4.09904421448357
4.386355920889175
4.212684191629769
4.404535422669028
4.910304053695279
4.249776172260352
4.5328173554459426
4.753060406371148
4.6639002184049385
4.65040218520892
5.033646347196221
4.942399196037124
4.732645580886886
4.352721548302146
4.712701156151479
4.444165261838977
3.921607517329342
4.635142630964523
4.554409874648776
4.5625370977002575
4.370574339064646
4.75354511448611
4.717690773788783
4.098581426498212
4.410106654288232
3.8563022566326723
4.57952088723713
3.695300295423247
4.628430254188858
4.608218545416438
4.536628622423173
4.795421403919048
4.290875940982433
4.52042400911487
4.6616050514138045
4.656308390177465
4.682010231316461
4.557781823945311
4.9649945079464715
4.722569509504535
4.546282250271448
4.230316959949853
4.669785853962932
5.032818642572314
4.431845892643934
4.4441817082742405
4.710363158627942
4.344563597179517
3.906401527276384
4.597469858128339
4.711473633366975
4.748558915983191
3.690000604957829
4.565976098592563
3.8058548902380442
4.899607720936382
4.544869974688672
4.489596434007076
4.703961518201044
4.130958635483636
4.635210215186573
4.251926257372031
4.18282118686775
4.56756931755228
4.88361104957573
4.866607593139298
4.474386242401612
4.549757598630943
4.782408941643721
4.577081480422555
4.509392616075126
4.15058652562887
4.519420611120314
4.611215129669266
4.3229473150561155
4.129832828425894
4.7696757217359185
4.488824912041226
4.923493719841613
4.483652634015238
4.938755458754706
4.068960969540436
4.750518067271044
4.563104698156865
4.171438638564066
4.881781460574796
4.627609412879001
4.209815646285188
4.588040607814559
4.826112971965487
4.438321209424231
4.255397769217046
4.255728845035158
4.737292392955181
4.609273185619842
4.379966743511728
4.824086166418172
4.519648124307785
5.436563574369689
4.279956142058868
4.246634594063991
4.877013499964049
4.420204281468335
4.000077351729146
4.82914890484602
4.43228328840161
4.585062098804633
4.6660907713298485
4.146976615975664
4.477071519118815
4.667523482628951
3.6578560542250615
4.747797888576796
4.080806121647798
4.403242923090227
3.1782198245351507
4.459925265298429
4.925249568977456
5.004109581901069
3.85714268153518
4.669027847005714
4.099247414699399
3.8127620832790643
4.482667430220891
4.518652701905843
4.40962957571787
4.881105014920319
3.76931928869177
4.907587008472008
5.12024269586643
4.846360509782912
4.414152150449171
4.265316890645014
4.0018795803916785
4.319227137377199
4.920234293511462
3.998944173116983
4.52254722756127
4.347405852509597
4.521665290991904
3.8389580375460004
4.811834631037738
4.608288652984624
4.503565592774873
5.07376975629578
4.6003659820388005
4.486240252277831
4.152812690371892
4.140595027257572
3.9375357215438163
4.596369512442791
3.7447427317035675
4.3363974750505445
4.698021729852867
4.320931813686428
3.6358428709396193
4.360699212898039
3.9646899009139025
4.2900827736603775
4.525482715268941
4.78699408856077
4.488728225593298
4.1260082730456045
4.526451081145925
4.018004931441871
4.151628049161417
3.7470281319699517
4.671230604505545
4.24622591253209
4.361672458715168
4.324855169320766
3.924088598498601
4.857257114684275
3.9324127117822947
3.3852899507079575
4.566804649335005
4.608223474905717
4.771520161212862
4.431527108992261
4.555438470620135
3.9689193762703985
4.27640596284225
4.557496683246633
3.685712454432968
4.529133384651203
3.8133980194529675
4.399111679236811
4.482667430220891
4.419088509315712
4.74062249822716
4.355171782223513
4.373990052693378
4.916294832939591
4.480369878414091
4.583511508811159
4.0108614518326995
3.63445149564973
3.3923460065017146
4.675843988865649
4.097796118028205
4.173467053220765
4.038866928737509
3.945951371160067
4.229414309981751
4.36925513947237
4.528920728288577
4.13891575036293
4.496441283291261
4.570337309561659
4.716589157707238
4.021998975870605
3.909247185960074
4.104190742160628
4.94478497788627
4.894571850094348
4.233707015136373
4.097395485263473
4.225390033664384
4.382984436599928
3.517754986657704
4.767221544330061
4.461973895292208
4.471243416183444
4.757741560572317
4.159386183756819
5.131363702775564
4.660769625158778
4.221103414341181
4.820797453814126
4.113123338375367
4.52174747465532
5.019083324060558
4.08371050443909
4.40803207956268
4.914592283308
3.4924093057835064
4.2451591984792865
4.258876700371522
4.2169304529588025
4.589779807864101
4.1189059562572465
3.9606733820081663
4.326576330496718
4.286741727552632
4.0321287811493765
4.422018904595677
4.550586064384816
3.6954894997499146
4.289485010748356
3.187143778195442
4.497574300371137
4.329052065104877
4.407980901082211
4.191301748335035
4.691697873806346
3.6358428709396193
4.47691090288688
4.130673939749182
4.106857926622048
4.782159081761537
3.7255803297455317
4.546708705748695
4.269929977047199
5.246048868947279
3.9403895161183566
4.950171135348999
4.466513035174589
4.59393936518222
4.573172542650784
4.2271254128194595
3.970393567836109
4.211551367041473
4.24479042575256
4.092238429973643
4.220866506317067
4.545596479645561
4.5276774750267315
4.455949611693553
4.430497644758017
4.613761935138917
4.2883265519490745
3.7794011512562795
4.336536440056085
4.390997705322202
4.717353057591573
4.55294525720878
4.086773571276598
4.150539068374096
4.790820676990134
3.991191377422806
4.7521678107740675
4.647432578153861
4.080105895976857
4.330046869865402
4.274972892139808
3.36816253252099
3.9884168120830594
4.024078815117301
4.7247125551995826
4.168740922653379
4.659498988324124
4.667713467362919
4.742217421873818
4.54826799073385
4.165680900592778
4.3797878794654705
3.9536135503944894
4.333361152416739
5.116113372749619
4.259802221240176
4.158864222208819
3.9486477771489215
4.256882617538622
2.958873909410367
4.612269753378258
4.531373571629026
4.943491377726401
4.553429113948878
4.41778808444053
4.516569633689798
4.49450506870499
4.577671049559827
4.5084889179850105
4.332804384217042
4.388041823785413
2.92372599365724
4.005398864542376
4.430328955646727
4.058608640816568
4.594510097209559
3.764409984775502
4.157569181458824
4.8573633388911786
4.252125066409588
4.538307062251167
4.248987795866406
4.2126679921734915
4.031077704036237
4.3290010834424475
4.030853966077146
4.481977364407653
3.7906014325759014
4.12648724725128
4.299316955075131
4.17003583817085
3.968355692876969
4.1496615913930786
4.275630853382871
4.2189093583483315
5.128583821698189
4.1809049408245995
4.558957682855704
3.8958784997342546
4.564894317410086
4.0216848750673675
4.184941512913897
4.85541762988472
4.394257641956809
4.72459726483622
4.357287288041469
4.104190742160628
4.530486271734905
4.495039517813931
4.835347123721412
3.9650813517519112
4.712180335515311
4.3181970217087144
3.812799086867189
3.1076833016460648
4.474183983047764
4.945799230055032
4.001820512769353
4.295924435420513
4.43437989433739
4.594010273029586
3.799565854528381
4.703848984675837
4.63200652019626
4.697717369593743
4.076453279742583
3.5998867467294207
4.455590709231545
4.643478540320842
4.503525808065513
4.637643924001017
5.010417226555421
4.155488876992414
3.6951366784077333
4.260274642588691
4.8958206605257235
4.758124191261649
4.319327004559959
4.897995654139562
4.29309769114582
4.486729361284908
3.722922622021774
4.333729468783659
4.476137695970416
4.411826034243251
4.611119637018165
4.2254155236953395
4.145980134828769
4.062208986995037
3.921910694954626
4.458156731253688
4.252470093629508
4.517096654360146
4.089431237180287
4.6621031689332995
3.993891378917961
4.302210089077368
3.7649690698905625
4.744781167094543
4.262657604073255
4.697412450172042
4.447087696614069
4.976460299275376
4.571176439662322
4.722060456160703
4.3281233074989345
4.2549820271457595
4.965144361808655
3.866309088789661
4.419670158527271
4.197382556723839
4.321172786618756
4.6946656427872995
4.296703862792244
5.060150854383254
4.574895272896068
3.9821033535521915
3.808578242047881
4.614209976018654
4.535026761475946
4.389264448391758
4.484067076645467
4.688552935440223
4.745750380033642
4.323700124059626
4.576186588883067
4.230877707225648
4.5333649791396216
3.8370723815340964
3.716293438581008
4.463842348014815
4.726625986607627
4.135740396508457
4.72664357930117
4.588290173868916
4.64035012985573
4.752345892630179
4.239972623529756
4.670530112276924
4.378717387118345
4.841632033800005
4.4447500986572885
4.419041051152049
4.51470382244964
3.328300712234787
4.79049070540131
3.596296330356502
4.748945743709054
4.897162909308994
4.627511575601524
4.7977826100988405
4.203995045533747
3.4024494508865875
3.9604262544602244
4.636744872638333
4.854441640803273
4.97689745486724
4.539985624858343
4.303570298149545
4.0941517134391745
4.2458040420178325
4.221752929123545
3.7076180576599858
4.5418635275500545
4.104952155963272
4.519284883060571
4.496633221412063
4.312190404940732
4.083942442920932
4.6883791208616685
4.104645978646939
4.423755961039599
3.378397628900096
3.9788643431475306
4.178759139711439
4.788206856229027
4.299376318540406
4.5643247040311214
4.562524977019603
3.6934307736781777
4.839921778173068
4.2775341788525845
3.8592126070210315
4.246290510824404
4.138660313575685
4.217049264460444
4.3556141515524605
4.29984389748227
4.472500907411561
4.468206361711486
4.386516972449218
4.609515222139763
4.072599788565129
4.401706810852547
4.427708564848878
4.512518928213101
4.711211236073316
4.5041871405964535
4.725964171614296
4.52569320745291
4.330361127651073
4.603771560842903
4.3269750814132415
4.3533600615730945
4.321816053117237
4.362820824559486
4.258814719885978
4.491937068659576
4.3791944383634025
4.528599208362485
4.244655577217489
4.732061511487963
4.867317085351645
4.530396690897149
4.323692881125579
4.193045021070057
4.408000672013934
4.688387524144671
4.695550150019635
4.443592962064374
4.830201104685845
4.826922477968472
4.5997543651377475
3.623159371861334
4.355452734044146
3.2628636360168457
4.075812776160748
4.1919764224779374
3.9832383109385807
4.17176304301884
4.4418486253605565
4.127558182727638
3.8949515566483095
4.768878629252429
4.4973240822132645
4.481636311873175
4.617966043351014
4.642080719803988
3.3751768976380445
4.557358003416379
3.8432344189945455
4.5049834761386585
5.079118082375951
4.526451081145925
4.61526238570031
4.902322661448341
4.746050973303102
4.4544587668570275
3.3631089401960006
4.3556141515524605
3.967455061497069
3.4792847638221134
4.317049560315412
4.537639279457736
4.349492290013364
4.4878745160043545
5.0496473352515405
3.8389536112432747
3.7778301947296162
4.627923269097493
4.607663299385045
4.019319872727773
3.7504414857131785
5.436467982939076
4.650007750142597
4.273072370518584
3.9230754639725447
3.3844538108518822
4.330336744013579
4.083934918504562
4.40189548512638
4.274012828125879
4.526660387601192
4.330224253649083
4.392611665636118
4.356984753631433
4.024802459855923
4.936140486533105
4.3611106771034365
5.1588117870931285
4.484232800435342
4.438408663350312
4.419156266018222
4.510402130629473
3.6259584048376947
3.785407742921877
3.4174212842105494
4.024897898610558
3.899638123788683
4.399288649373812
4.518588950833953
4.756315279551234
4.477785970862457
4.189420414899244
4.118799281683245
4.076816467888951
4.495597253277166
4.101787273280472
4.347408512314331
3.94791075832798
4.582359992460618
4.49839827691396
4.156150430748211
3.9109239464474284
4.439415072899674
4.566928161241684
4.120436012369785
3.710727709279
4.286357578174275
3.5282655784582038
4.54105007176173
4.537126696855445
4.4963776794539765
4.016410576196658
4.208709170742375
4.421254029436028
4.3550026790958976
4.348422154556021
4.460387044617212
4.699388911219741
3.9933384569727357
4.241745329162716
4.457441121022375
4.131949068296721
3.8857896238539436
4.147555792545011
4.3695760851089
4.384377846664569
4.8318547053069345
3.936098075775743
4.268422261532443
4.691080439549134
4.5289249724938365
4.1137640442436725
4.098167627122633
4.218317654400077
3.7918423421580707
3.8833732975814113
3.726344722719587
4.411401343202439
4.889599410565234
3.8510363699868
3.807877316294699
4.315372374355571
4.363015842757976
4.527209107568885
4.710052616146358
4.463098339844232
3.9317274122485024
4.284675299290445
4.556668580912739
4.088804839371859
4.040437178163245
3.796050339739474
4.04239605254613
4.652683765962376
4.653058063884563
3.9057786559077465
4.302901889218242
4.037139668637691
4.494671936924936
3.821143980533897
4.371782094471891
3.9785464066875567
4.3846152391032485
3.7038344329153112
4.807935133082962
4.17804385380805
3.6946753186509826
4.668450298963795
4.437053773763034
3.6991176735350964
4.190880324281698
4.206090740933623
4.010429151232445
3.9295092396605265
4.58735624798934
3.8425005330113065
4.224772252425707
4.057620767871213
4.074863052093207
4.220372497624432
4.470093771167406
4.41754344289181
3.995769814902615
4.038882018762124
4.2208846109849985
3.841310655220329
4.355408466308772
4.348255456307536
4.268632866881189
4.205513679909502
3.919416498074824
4.894081968336584
4.057299946756031
4.139565974028743
4.238550262070551
4.244670789336298
3.9073376361554986
4.278562528303604
4.358456301329749
3.9642189772842946
4.494084765854911
3.472053219368475
4.147221958548972
4.158785267505617
4.448071921184225
4.071138634232804
4.21092173027049
3.8997015767681313
3.70984248086582
4.317935581858388
3.969947930505663
4.379549513398409
3.1697460468209937
4.227869403200755
4.003225490487053
3.803639598990602
3.8267654502853303
4.135436995328621
4.503522492850594
4.025645139055954
4.195812138801781
5.074803585001734
3.7958698680602247
3.972187432233925
4.26134446297512
3.8149350319047235
4.196742495108427
3.724790773575341
3.9959863047154833
4.38434037215879
4.047933255735822
4.004928224980273
4.071785025926369
4.198215572442553
4.081400596385791
4.427788135349479
4.289056920158784
3.935110931300394
4.341173195978497
4.177100837708858
4.577508454117192
4.212636801312857
4.2800117284500185
3.6736438209832833
4.408756992358244
3.9759653990337984
3.8859914933862933
3.9836838091709392
4.139453490917825
4.370646176220679
3.8816820590838943
4.152145241644304
4.64475166139849
3.8825822298383876
3.6997608489450684
4.202961283071903
4.706910587366741
4.254050442603854
4.071847848424128
4.2811365794674225
4.718263066731029
4.196536176015317
3.805978762506393
4.3433157487657645
4.6114950817012526
3.748394035066526
4.088796503523197
4.3143088956725855
4.193268807750675
4.475752110096771
3.8370051071974087
4.486464048084512
4.106588075238406
4.321144892427621
4.462912917138299
4.436942030405368
4.217383932124358
4.381834200747465
4.407569426315077
4.19186171441036
4.277076396241048
4.444118855295695
3.8316394836105028
4.639577490203585
4.364735498620436
4.4436964694126635
4.152319763712617
3.857466143832129
4.013886909879416
4.110150651889801
4.0710558248849
3.9703030326161244
4.0003845902178465
3.937999468743725
3.824665672330706
4.172577887210266
3.494505583344603
4.237410066959384
4.609448307860953
4.3037685643795776
3.8828614241619013
4.092950179302058
4.915518647267014
3.72487676981304
4.6206872104684
3.9542961544404642
4.082040203093662
4.100832324991362
4.131193797524883
4.414989103560424
4.283418106271123
4.535635719388219
4.977051223241334
4.340593328379779
3.7990310074673546
4.359487722555115
4.096568235665473
4.220270093931063
4.052817563514052
3.6942407555933405
3.8972562750797284
4.341565156125515
4.861407728479165
4.288261907431595
4.481731557878801
4.043282126754271
4.522507058013378
4.298839645604713
4.154391172640738
4.138326936686049
4.082338103750995
4.116466823577515
4.13281761348837
4.4572070511399495
4.347936128215385
4.2055282129435945
4.525169434321803
4.325065813435003
4.1673919635688765
4.180889223541667
4.546500798980712
4.310810364198299
4.471846256998241
4.2964966249348215
4.378630029549698
3.618435763075822
4.559521129092702
4.443571481433199
3.9694156116210024
4.240551288882941
4.547913974159881
4.258772331178677
4.076480832969104
4.70327587547844
4.307786933881701
3.861722514244656
4.069891513680244
4.2139807720102835
4.255479346318947
3.192118230305544
3.7453905173951316
4.1822245959484485
3.354959130351356
3.93425250766673
3.8630487283691637
4.143994605369045
4.172738052077398
4.124129246180731
4.086841194849153
4.182322815757174
4.491809482933762
4.2676340689914225
4.128234735332068
4.290576949323925
3.7744670147234824
4.120171025436726
4.15617528874569
3.973954783181271
4.671593967283228
4.329109541751883
3.957985665247387
4.985414834840436
4.55083719276291
4.014195486584602
4.257508451518431
4.200110779174423
4.097267229820953
3.9007178534592537
4.4196282891757095
4.32750750951391
4.390703326459528
4.180619347773317
4.396923379745525
4.480738497775242
4.784657160892064
4.179705668701019
4.579042519971569
4.262384443862433
3.838808351091651
4.191968631532972
4.214962649559532
4.147716598159603
4.432496228119229
4.423039904313638
4.369547403997107
4.2050604034628
4.285539148825658
3.8876873162294068
4.221267117244298
3.955482677525947
4.810115308830726
4.038183673160146
4.3051229103285955
4.084284822482823
4.494195011987051
4.0539596820158925
4.436761882659543
4.357701494156096
4.352642035981363
4.346222016187612
4.063203911330264
4.939988497975788
3.8822985285852925
4.155774180548805
4.610669366780709
4.592317777362812
4.033324954571404
4.284430217841943
3.94755735183326
4.241378853702467
4.146284657038013
3.96837072881612
4.599026671851229
4.344505539270926
4.269638517763269
3.8354321990889786
3.925361736111933
3.9719869660093297
4.000226856750368
4.506301882846819
4.182368812266112
4.330101407242529
4.2413197172761095
4.1609847831055555
4.458950799513563
4.178983585829276
4.208544671110873
4.085568209805269
4.699107672941388
4.52546238939376
3.649569117215707
4.33344919698389
4.226938998952011
4.026912128807197
4.497988081851522
4.581197916550684
4.289046474394349
4.884934298267386
3.863591189547143
4.010055372511464
4.781170358913524
4.168963171806867
4.201644241541206
4.327447021879969
4.180344311492293
4.251085957207904
3.874521283920277
4.4718851959699855
4.172005543003152
4.362479815047123
4.392918298096705
4.681565923072739
3.536669961325676
4.65741159661577
4.144077684829895
4.119843216352819
3.267272961095199
4.177126291297118
3.7186911223255
3.85024925045232
4.372037335576627
3.722112248720076
4.211900477174626
3.8189054714939146
4.471245920130366
4.437962981153447
3.9271324734969824
4.413375211367251
4.013061854400396
3.469297217454448
4.563870051642825
4.683639598352443
4.639998679580229
4.139468479968704
4.002331756987226
3.890382045512366
4.044575980752462
3.900740028066407
4.292654326549734
3.906533838530163
4.4342413146736686
4.271053000096012
4.591336563137329
4.592917244927039
4.335363840117473
4.298450250691561
4.43744381903034
4.712364629116969
4.510785106969401
4.3960753247502256
4.5866984902351255
4.0663680527965465
4.588635301624634
4.586085879338911
4.454237750116485
4.513695825761167
4.117241790852983
4.045271115793627
3.987048715587683
4.230078306774812
4.629147339988725
4.400706479105827
3.960763868755827
4.223517937727926
4.401728710197176
4.555103648056738
3.79586033956933
4.00092235211732
3.976757493309622
4.332542238385127
3.924271932411231
4.528237903305621
3.0233362723069073
4.057748301529585
4.241919409342635
4.007860083668934
4.578377158274582
4.389392833563423
4.293110536968231
4.343909111407802
4.475347748427172
4.382283838017117
3.9899372975939613
4.063807242145864
3.394862928730096
4.261174915636707
4.188252885918146
3.8365101947605043
3.9028006713423276
3.9824448965703545
4.132686960307677
3.9964652333468624
4.1131768206706845
4.578939457056564
3.909475343021099
4.0760968081718705
4.3893279520219775
4.209915777005627
4.099402557968036
4.956518594646201
4.3167792533987175
3.976019262850197
4.321289320926231
3.6253065459780336
3.43316533932465
4.145551323640801
4.169331739864555
3.6716761520361727
4.051383269281856
4.2744077021716365
4.221579062590497
3.548204823708434
3.941715388404
4.352037034936366
3.9643456898682703
3.937303421576543
4.245113795092198
4.240279730324298
4.378252991098712
3.4696022843696745
4.284106925735457
4.578097860098569
4.081817520359482
4.428441240491839
4.398367279487807
4.512067001893806
4.631083914410977
4.062409411862694
4.394654058223587
4.731214888985289
4.372291124054523
4.485968697369836
3.848190678691573
4.409028480247283