0.15304725101778138
0.09766499255008532
0.09972685422313687
0.06299595129464985
0.04754759811231635
0.16629323447069444
0.06908449190155008
0.16553070571149298
0.1006267197509293
0.1951610547942877
0.1147743308077861
0.14307606868717782
0.09363997593980278
0.11026410959406685
0.1232635353859538
0.13656564343694577
0.09967814823901766
0.12658496513571182
0.13109145443879822
0.0948918885657839
0.12349472559227004
0.09085826086849469
0.11873727796533307
0.040615903086949734
0.08563145629530466
0.13965879793319236
0.08575815566575418
0.10991524175276668
0.06062184002141846
0.135796535632836
0.14497066677494563
0.12557412236953291
0.17064806068793104
0.11194073961854156
0.0855486990430786
0.11019270409607407
0.22791784640174084
0.12328547887311914
0.04644206038859322
0.10976638916437498
0.08494884356184484
0.11395674035257963
0.11683067815155934
0.14018994999138945
0.08606563614810969
0.05924294015136655
0.18189513391131862
0.1171072353716458
0.16404289273926909
0.1139725902127362