-0.18210757866069383
-0.09441376383095257
-0.03564453321600625
-0.12527746445384302
-0.13888210821435032
-0.14075881607795115
-0.14452220646860403
-0.10939158574107966
-0.08976148838695819
-0.11709765262985372
-0.08377482766390054
-0.1380982404011415
-0.11998792309013151
-0.10811535795463323
-0.11204807959161434
-0.15285929735228665
-0.08107339994502105
-0.09238543536151922
-0.08160644107820669
-0.11176195649557119
-0.08655149423799546
-0.12454216493647308
-0.0875717736808228
-0.07912669101251502
-0.02916811870727609
-0.1291486088128806
-0.09205878550729807
-0.0655898831204742
-0.10686979174139899
-0.029054061208493076
-0.12317823537677741
-0.10948102898562673
-0.07261436404985733
-0.08534726389785074
-0.03757770382692893
-0.045151637065561356
-0.12888383480516286
-0.03435529633403367
-0.030240818822863558
-0.04266573229849224
-0.0021258228567579973
-0.027372265849012978
-0.02098462224421893
-0.05609806139362705
-0.017862140119832892
-0.08711008101803652
-0.058734500031712766
-0.08287854986376231
-0.02920115395028633
-0.010671999134571175
-0.010292570848369875
-0.063314616572679
-0.05658426066411604
-0.07858164668139844
-0.07142072801931931
0.014368137612694287
-0.0076791447124349155
-0.008733267911047227
-0.06270398624899953
-0.1561884678070662
-0.0984356077395272
-0.11831276573145066
-0.0639022012510635
-0.01713832126512438
-0.01845861572322338
-0.0268867769011103
-0.012559188006750377
-0.026292121123085765
-0.03594953014126334
-0.1253666981492354
-0.08556751016010389
-0.09802656676571297
-0.07217126477804658
-0.08370269727198898
-0.12517208450751682
-0.07340958159083688
-0.09499219005199766
-0.020662651727523684
-0.11210293458921305
-0.10364445131674094
-0.08571059150652993
-0.02354989141723296
-0.06448267550669717
-0.018992019658102377
-0.10413803215961992
-0.13117655215308544
-0.03077341504604636
-0.04079956922003469
-0.12081107998504059
-0.14767266362617093
-0.012565039570888947
-0.052689827069531514
-0.1410953912986106
-0.14753885932227329
-0.14035983886302872
-0.05939767521967054
-0.05363359314468141
-0.09524301010265823
-0.08752462594876409
-0.16272851266273647
-0.06805980727828476
-0.11500102876272722
-0.03403980163684572
-0.15240643575535628
-0.036351619494079834
-0.1955783099299908
-0.14202131280129882
-0.022167457275184432
-0.05616713148649599
-0.09200960232480981
-0.1168304425088289
-0.02449506386130884
-0.03890830593641148
-0.06887372802628455
-0.09120243269669137
-0.08713733575131255
-0.05008473833125171
-0.09408329733942744
-0.0658940143928155
-0.1285058463401345
-0.06764838141843632
-0.054119631567859816
-0.10436534511318452
-0.09421583364590402
-0.11296922534312004
-0.09237091752001692
-0.11316154166859826
-0.04799256240661243
-0.11556586433399496
-0.051338569647280785
-0.07535352560579667
-0.0877590575270335
-0.08528302283165745
-0.11347522858754311
-0.11593261364569529
-0.04627012715454559
-0.10679357272347367
-0.14222739144544683
-0.09590188331481286
-0.11476565961029861
-0.09220781412261125
-0.11384134504691268
-0.11009010791089091
-0.04268628758902304
-0.14112489602058798
-0.11960317312988211
-0.14109766333499252
-0.09916161674104762
-0.04510592480809228
-0.09792918876116885
-0.12325557707233159
-0.08745463023718592
-0.16278310257715334
-0.09960120101120085
-0.1305373401159735
-0.027751134281642997
-0.024585470384962615
-0.014169073732314352
-0.11815880676603818
-0.08237861965909854
-0.06208577175638075
-0.08011753772021746
-0.013612731442095294
-0.06358582506338184
-0.10891094125101164
-0.12657508983601096
-0.08782943280295608
0.015917876900767847
-0.10403733525724324
-0.030446636319110265
-0.09366358689423704
-0.1846672783289447
-0.11901966650237683
-0.09052196942242308
-0.10784595099714012
-0.09156583929454598
-0.11235335122248946
-0.015303422398440514
-0.1371427617013714
-0.1353670402520406
-0.027284627874830658
-0.06869301798018745
-0.11784338085397295
-0.07176086067203147
-0.04683980689821854
-0.10111061791305342
-0.13651538254359652
-0.10051975953471581
-0.10374258060062846
-0.10149397460294463
-0.10491057672781756
0.01522803721567223
-0.10478259314318095
-0.06463393267277917
-0.11421977173721132
-0.04980306635371434
-0.13108547403918314
-0.12151713897719962
-0.06701833061098483
-0.06467533097257672
-0.05593500521892092
-0.006779276216060559
-0.15278392836399024
-0.0489850477980065
-0.03372032720302842
-0.1280390119079815
-0.1163905152040301
-0.1284857231884402
-0.09662471877417711
-0.11395137281663015
-0.11445873438282272
-0.06709836234536626
-0.06014759835161154
-0.08805717150949777
-0.10023895379360215
-0.16643768489407185
-0.11469206672981458
-0.13123454785291333
-0.082494472978627
-0.11958705120999524
-0.11252485655756317
-0.13479476056691975
-0.13770844028302465
-0.1538417061865367
-0.08175551636937883
-0.13839310852111097
-0.139280066234023
-0.12704226318971368
-0.09918480826483611
-0.12013770515988065
-0.07838850955121002
-0.10902281558671323
-0.10222912202191203
-0.07497406286232011
-0.0733850821742883
-0.10394506624759359
-0.12805128793477571
-0.04460937206494964
-0.10985742924574571
-0.11211023958105071
-0.06932872993169448
-0.1088651340889033
-0.06364908078642939
-0.14125829768155018
-0.06387151550498782
-0.05056789536211159
-0.06356060124255403
-0.04730101468349268
-0.008036276251754737
-0.10942430194243102
-0.09240340433352645
-0.1444538309349448
-0.1401166172100663
-0.11885896797135165
-0.11466746769508984
-0.09812566972246373
-0.08304224201754318
-0.15543981277261598
-0.10934045396411829
-0.10604589416476462
-0.09219924240439203
-0.10877252895794642
-0.12450128255343662
-0.11373005240511147
-0.09772266213570724
-0.0714393877190358
-0.06103274656330404
-0.04086866122422306
-0.11324497257574961
-0.10984415241869616
-0.10302251197242263
-0.09260753188853199
-0.04438146837835211
-0.08910614520370785
-0.08496709766087251
-0.06515227051448802
-0.05329894576692995
-0.1349477762273097
-0.0790377763607153
-0.1480339316568724
-0.05014123540231119
-0.012737692789262622
0.0018074451492569032
-0.15090673005376232
-0.09667260509425879
-0.15452130657227103
-0.114857023957607
-0.09289573343095414
-0.035996978242030186
-0.1526843286151196
-0.13798675336983202
-0.053698014912116676
-0.13343902253854045
-0.12925441364511236
-0.11333665126949377
-0.11806132797364621
-0.11157087922801434
-0.14555442576300193
-0.1535741661630674
-0.0868388520502541
-0.10318544677969621
-0.05635920398849392
-0.06270142767777553
-0.06262102867219355
-0.028417360494455757
-0.09880887222088175
-0.11063437920322272
-0.006606835218002205
-0.12196115416410924
-0.060488079285092144
-0.018326876692534633
-0.13237577464076278
-0.1279984559058458
-0.09748703692102834
-0.03497304938148593
-0.06934904513673246
-0.05298127930639818
-0.11261407520368749
-0.04187155683301125
-0.09636957158071446
-0.11646522206752974
-0.07321518963962781
-0.060822272415320455
-0.10033946596886967
-0.07924853017628886
-0.09943639938152637
-0.12140831969471999
-0.06412737331227092
-0.07343675398717542
-0.13843237453912471
-0.12931316336312015
-0.10294531479964486
-0.07528736395225044
-0.06903137666236048
-0.0953538965050309
-0.07997383447157769
-0.12171276133306463
-0.11297920524688188
-0.07244139881413836
-0.16927261639001712
-0.13295757552900778
-0.1018563709998106
-0.14107593531529838
-0.0392014899691393
-0.06137495732450016
-0.13556926262853852
-0.07464006304160531
-0.1256570137286277
-0.10262831338554612
-0.1364825758214212
-0.0898088066742182
-0.06362900907469271
-0.11956696457578042
-0.08512134725841314
-0.03159758524950851
-0.06187786872874623
-0.0733937949545882
-0.0072195563701598076
0.0025242075528448815
-0.07347669029607928
-0.05988028838734505
-0.1111705112242436
-0.08876753188690745
-0.07092712060441198
-0.13040218715548835
-0.11223831182022037
-0.06256624390544996
-0.09195170480004644
-0.1954087995698084
-0.06398271072378403
-0.1456393631689341
-0.11603165980892571
-0.11138582799806818
-0.12437991980529106
-0.09380754212839393
-0.09320556131751712
-0.10099847537590634
-0.06997172148385244
-0.08959658122872094
0.0005985695900039278
-0.09023936259842413
-0.08260613094432312
-0.13553550278458415
-0.013356034447560727
-0.11559205281917073
-0.06937159559798567
-0.1333445445405852
-0.10293691229956181
-0.1642687515682293
-0.07078803120703547
-0.0468423884615925
-0.10018141563527205
-0.1623586736985223
-0.04543718470969549
-0.04182303479226679
-0.04766730612444792
-0.017319248237604334
-0.073427857182359
-0.07225231255115183
-0.06142044644317579
-0.034365435377763376
-0.046510373319654796
-0.12427798680536317
-0.17009857179998433
-0.04666321079743496
-0.11144234913168605
-0.06575490772091452
-0.09363293335613587
-0.0806547007886893
-0.06808189974665879
-0.10480925072348324
-0.10947142677244237
-0.09706861533617617
-0.07192355414212925
-0.06916413816218436
-0.06694983144666145
-0.07878400064971047
-0.04466193190531276
-0.04370346244679513
-0.04261709753777265
-0.18518570401893597
-0.09191098255023755
-0.0966740217159685
-0.09411718939788383
0.022754336842889078
-0.10788068114758076
0.021997345224939124
-0.09410108761659663
-0.06856478648603215
-0.09242806121764024
-0.028770559758593217
-0.0991757879365045
-0.08607318604376779
-0.06456101391300306
-0.0467658826568651
-0.1853474983013017
-0.040844426298087155
-0.12026046285038938
-0.12584534284853355
-0.07016186518869238
-0.06549929029637758
-0.11815026104741566
-0.10286877869121547
-0.1294699626887823
-0.13878304909842587
-0.05622629010038249
-0.147634351895104
-0.09928799265295707
-0.07834047922786036
-0.10484323104569437
-0.08863197477073159
-0.08910045136355005
-0.05185933492948758
-0.07666022803787675
-0.03647316985844773
-0.07698152865745511
-0.10058510248433206
-0.07927156372773991
-0.09725944449152735
-0.1392357989075077
-0.09465838521948422
-0.13832293006223662
-0.14161308088749802
-0.00955896209013174
-0.11746158989032152
-0.03654137266989088
-0.046260259194832676
-0.15350242243955514
-0.08575788903100379
-0.07712292007146249
-0.09547858777991491
-0.08598873098148596
-0.09167966575716902
-0.020352178798205722
-0.10911400217752631
-0.10521545741602156
-0.0888405861427568
0.019369592816962156
-0.10062293702361691
-0.051415829120427414
-0.06712045503094366
-0.04207217055233836
-0.13430298061534174
-0.01793758696883474
-0.0869887076555178
-0.0849099762806389
-0.1202433759647401
-0.11930550774867377
-0.13418451073596427
-0.11568607275981879
-0.12156932613456317
-0.13342765142375113
-0.05915823871617065
-0.1021378605370944
-0.07701341547240048
-0.11096253224596353
-0.06242578611250815
-0.11333971213452965
-0.06335230252293789
-0.09189870398562672
-0.10889141996333951
-0.05329514392737633
-0.14786212716777136
-0.09259496421581948
-0.03100892907359798
-0.11448618693053891
-0.039605711483115424
-0.11219113679451032
-0.0531830075314621
-0.12922587630130367
-0.09285297356932842
-0.18401204151915396
-0.0992408882579392
-0.038464883607444156
-0.11245645284180328
-0.07935010357978367
-0.07632421373295939
-0.10090736478832696
-0.01559878887585997
-0.007049403753562
0.005711030061756772
-0.08002264705983997
-0.052141508944413495
-0.07059304868709027
-0.06436936063735477
-0.09827581515026873
-0.09976126847173772
0.0014110196685324095
-0.10273877154498301
-0.019566506825885233
-0.12711367541200014
-0.08339571935996282
-0.09113222171418212
-0.12095939072625383
-0.1252547851208614
-0.055713788793509966
-0.06850751561073376
-0.030437509254255923
-0.11234097748430316
-0.0812195243880871
-0.09783576828457718
-0.19041020661346764
-0.11536623061656748
-0.08238448840358759
-0.036337917753867854
-0.1358120254201689
-0.13813674329670889
-0.11992216103947895
-0.133706320138141
-0.13912421389078666
-0.08401152849621152
-0.008615533677686749
-0.04293329279437774
-0.11346284244329907
-0.023792680380366527
-0.1121968545186891
-0.11941033662660905
-0.09196460195765832
-0.09425542320496838
-0.1323595541092084
-0.1114218081604823
-0.09999117940044155
-0.08577028577413293
-0.10421730158323528
-0.11345958144582813
-0.14231519952174665
-0.0906610700607069
-0.06891291440661851
-0.10029677634325163
-0.11389037497339372
-0.10369593300748536
-0.08649821287425041
-0.12085108551254464
-0.09216620637691642
-0.040861535528638804
-0.06594927353385804
-0.1154263093527994
-0.10110461198161369
-0.12992859204488427
-0.14509626753702776
-0.1279955325518618
-0.10344924225297714
-0.06123463662682682
-0.13333880352324945
-0.06992865129155024
-0.08383601832901366
-0.05443302211161494
-0.1082484781711377
-0.16252588944184332
-0.11946843146230668
-0.05907841980652617
-0.12241761169074383
-0.11014271424312616
-0.07915852744605933
-0.12850456781157438
-0.07852525102445695
-0.13290268483398737
-0.011833816777103934
-0.06974636010367341
-0.04795794153258015
-0.07947093874567046
-0.08417940793130163
-0.06361034982912228
-0.12034022544143386
-0.05687987854632981
-0.07195926423715804
-0.020299689331095605
-0.005557669932342524
-0.16327148781993994
-0.07812459534179816
-0.01970550745876709
-0.03956036826707954
-0.1573220976441454
-0.14152430166313512
-0.09244661365731188
-0.08055623573912918
-0.11359680255816196
-0.10274734182815659
-0.1015822268391624
-0.08938930501265441
-0.02321822966828102
0.01352780590079039
-0.15384465247799994
-0.04146166305195731
-0.028553570974886755
-0.14603721511806578
-0.09435743890709425
-0.045769151972176125
-0.08541566126574085
-0.14170759308933567
-0.15407860117047933
-0.09714930426971069
-0.09351384729470102
-0.03431052211774199
-0.11302988625474031
-0.1612526020444358
-0.09349427101817054
-0.09812871594756634
-0.08902264021611583
-0.06384439029705291
-0.03405562266976969
-0.05042612098762511
-0.12789696525422745
-0.01605371594256999
-0.038972384844766506
-0.041731613880860774
-0.1558635250798892
-0.046468395947353525
-0.10572991523691799
-0.10309781184076439
-0.17487122899125063
-0.10928899992988939
-0.0878333065813306
-0.1375899586556606
-0.1298705722164697
-0.12303084604044123
-0.15912749880883403
-0.05297218385199409
-0.11681348678778414
-0.06700721124084552
-0.12614105004750886
-0.08771499373466862
-0.13892218572802362
-0.14082706623810504
-0.09655448358394936
-0.1455110355533895
-0.06340588454911278
-0.047654267914587045
-0.06279421838850485
-0.06138901042968392
-0.1358032073995985
-0.10220604759073382
-0.11726397337118999
-0.04541565923560009
-0.03807884116819826
-0.14188606348862742
-0.05665974726277767
-0.10104282440835233
-0.11883389632267516
-0.07836452142328665
-0.07757500850627186
-0.11377699655007367
-0.04320440694860905
-0.016730937379061173
-0.0560118788334103
-0.045151637065561356
-0.13661963121727272
-0.08358014193941221
-0.08499392934523753
-0.013536740791955326
-0.026119950481844567
-0.04424391761569768
-0.017614868510504866
-0.04136225389403059
-0.12168686121980232
-0.1328691939415405
-0.058734500031712766
-0.13080750012304154
-0.026562586203356275
-0.03768541069556486
-0.010720031296002741
-0.14154741496997492
-0.09207502644568377
-0.07528830195341718
-0.049300706760990076
-0.047230550876853794
-0.0076791447124349155
-0.04784939118861731
-0.1143965590582916
-0.1561884678070662
-0.08999270378216884
-0.122805376399171
-0.0684672994597908
-0.05239271603235762
-0.045691774382779826
-0.0842544713118687
0.00783685783964283
-0.005353904137800569
-0.02843932146760242
-0.035725568838502086
-0.12452250342876336
-0.14374499474140223
-0.04335717450875931
-0.0827491602557584
-0.08892160706611918
-0.0355467056664267
-0.09042570376593817
-0.064369693087865
-0.11539789578226523
-0.11274399173219751
-0.0747196329253299
-0.0563053143142882
-0.06324309561589114
-0.018992019658102377
-0.10665012648282435
-0.07926156302149612
-0.006339306522095134
-0.024917750644281922
-0.11768544483468268
-0.13430427100522024
-0.012565039570888947
-0.07520251535999778
-0.06701972732497041
-0.07790091911947039
-0.1212778102388854
-0.11859539026925203
-0.08399960788441385
-0.06584911639093782
-0.11000736522494092
-0.15047122871572038
-0.12640452292614412
-0.11278874439816677
-0.10613555897465199
-0.15490625417571113
-0.09938863923658547
-0.14919125945966938
-0.14610519001189726
-0.00624613102903937
-0.0987948745270053
-0.08413665253197267
-0.12261019297707709
-0.0677387169944037
-0.05566232474980737
-0.1352384403307203
-0.12323322335098341
-0.11493416272753887
-0.14351982036307875
-0.06157818058806175
-0.09146120664689628
-0.11394989098738328
-0.09919053284812263
-0.055806315106897486
-0.10606068728595663
-0.1091681870877208
-0.09899457027099823
-0.05541290115103825
-0.09227981461831614
-0.07273984913848563
-0.104758861256522
-0.055137609613543415
-0.09817211863180586
-0.09650853194566844
-0.16713679694405337
-0.10685258939363029
-0.08829156609920608
-0.11661945843968935
-0.09273859562261788
-0.13720853172901304
-0.0789349744060186
-0.06341877746906466
-0.10884505428746571
-0.06717056884658668
-0.12334952975456459
-0.06187460585761784
-0.0805707438808978
-0.12515416757304898
-0.14963733249847744
-0.09963277339198973
-0.0768386659303606
-0.04997161252283888
-0.12271173494339704
-0.07245245619190221
-0.05516765624975006
-0.1372171792690986
-0.13414526754504474
-0.07401858898480418
-0.012260996092325893
0.01023645571017373
-0.04532697273520703
-0.09298783552090839
-0.03319250462197054
-0.11693049545582301
0.007438033519384657
-0.107513505750092
-0.09250683091376155
-0.0986159558351789
-0.07980014533485535
0.005018044202924399
-0.06608685915761892
-0.02156207504467944
-0.05022712456261491
-0.1873210736678823
-0.11027798647627085
-0.07403939201082976
-0.10237956239442525
-0.08236541703342826
-0.10466254299847266
-0.06435229297857736
-0.09765149297556208
-0.13811191449737303
-0.028184966790436583
-0.10413514839956317
-0.1133121922321696
-0.0628742748963873
-0.08400303570090917
-0.1297644243225593
-0.11861988320799255
-0.06660365665143964
-0.1076550667954328
-0.1308846821952383
-0.1190400880709288
-0.0014866375406004106
-0.08631608354634057
-0.12399341903790972
-0.11421977173721132
-0.039183020211947195
-0.13339235466705368
-0.08353135405372303
-0.11678472629236802
-0.08523034474693292
-0.06891646655341876
-0.047511306026641886
-0.15465907399204903
-0.08705134403059889
-0.06371936755975138
-0.09429927461253129
-0.06828654718222715
-0.13688104643416077
-0.09388805677765699
-0.08897450579573096
-0.16319198586708383
-0.12164442220367278
-0.05017523214550157
-0.10763552582819935
-0.08513017457716843
-0.1261926563780298
-0.1426209482654115
-0.14136850285834068
-0.12840139737748046
-0.12683961869310423
-0.12449528859263248
-0.1154499767208419
-0.05775015567486763
-0.15024165737975315
-0.11066569273865379
-0.060649250634163376
-0.11038162447024846
-0.07050590192675821
-0.06236334584144698
-0.10074107096695362
-0.10382668801134787
-0.0727795440447161
-0.07402889900281262
0.00023231201709150717
-0.099262420020787
-0.08873956947065276
-0.043369599395391534
-0.00904888479528676
-0.1359257350451024
-0.10940269930812052
-0.07360561252887887
-0.06924134364459134
-0.07643664976039566
-0.07987549332561694
-0.10592529650756388
-0.004714714108587703
-0.06377030781176396
-0.056791747079327326
-0.03350597915732889
-0.11422537984305903
-0.09735129023361755
-0.09687817676487609
-0.13252040885175242
-0.11092349531023848
-0.09664831002010743
-0.12954935996471084
-0.030970629235789415
-0.14406572936319084
-0.11285440061756602
-0.09563597872398022
-0.08296594650375533
-0.15478723731287314
-0.16095597460233746
-0.09090047497712428
-0.074807513119169
-0.1323327321391361
-0.042847817054451065
-0.11928788717766192
-0.052432577060743224
-0.05241951191962757
-0.10020270702900791
-0.09444455893379389
-0.13597232060699982
-0.10298106508867422
-0.04800449828539621
-0.060155865060839586
-0.05329894576692995
-0.12550643086700974
-0.09080073440453318
-0.14051413418435965
-0.07826917421973278
-0.0029530562215553946
-0.06706826675623923
-0.17579193783992175
-0.05871982154394151
-0.12708956615259837
-0.09070218355264026
-0.0750940202588537
-0.04779059085557136
-0.1342085965945583
-0.1177484285158561
-0.01708726521950732
-0.06843498308340235
-0.08443954754069782
-0.09377824771498622
-0.11260037615731666
-0.09932154733418352
-0.14893410270965823
-0.1535741661630674
-0.04445476331665077
-0.10467512589962524
-0.07992057010713194
-0.07491804346318598
-0.08794056144436113
-0.05140631899937831
-0.08328893011871363
-0.10337844563396437
-0.07209440477786577
-0.10712052338461597
-0.048267025077589176
-0.10468966092461751
-0.09428702555980983
-0.1385303171070138
-0.020115111587983403
-0.04148947915480794
-0.0826359343958889
-0.08564142114509599
-0.04673502857289624
-0.04611330667831415
-0.05440212979237091
-0.11646522206752974
-0.04645834961136286
-0.06665571524838665
-0.03424222306558722
-0.04581974959962709
-0.10480173498229783
-0.16427836916216254
-0.14380914934387445
-0.1126599942439146
-0.10946230860426098
-0.16351436230554195
-0.13690150657572464
-0.14173350509331262
-0.11459493473491267
-0.1336189118195079
-0.1719110843883742
-0.1408468118898365
-0.11387428463706817
-0.07217979975250577
-0.12148149887864568
-0.1231490941087301
-0.10498506813904562
-0.11489061254955191
-0.04778152603747077
-0.10102450764838311
-0.1074316431149196
-0.05388882465493339
-0.11589245595985354
-0.1516816235182683
-0.11449396069878626
-0.05714446195666678
-0.15331285661528438
-0.10193196555151207
-0.1058769409580993
-0.07277357206592105
-0.05935055940026279
-0.11907874469395097
-0.01186873178649206
-0.05246443442209903
-0.09782490296697
-0.10191035951221683
-0.1111705112242436
-0.063448769085509
-0.02736604574627055
-0.1275611728309154
-0.0672678242530842
-0.09041089611163478
-0.1140534595190732
-0.2239620454732283
-0.03538885121366908
-0.1456393631689341
-0.07339520192057525
-0.1016294003232121
-0.1278006223837227
-0.08903727782313164
-0.06987099035936728
-0.11472379866793703
-0.034320700159363504
-0.03951225137610059
-0.07576690976793277
-0.13128197149219645
-0.09185218667499528
-0.14628200488930698
-0.08251612426318822
-0.06976109310795597
-0.03334987909666354
-0.175841628855107
-0.1149063969770594
-0.08025808046291094
0.002051517624527932
-0.0902388303179209
-0.05718941906121722
-0.07939473050399481
-0.02574070602168077
-0.05898805951712305
-0.08713481374329679
-0.06244894127251288
-0.030654647303762994
-0.07776575993261936
-0.10214722817403032
-0.022374756188244138
-0.07041887000210578
-0.1310215413648863
-0.17090230467317835
-0.0002075043025770995
-0.03466072193291403
-0.054147377310327593
-0.11920529741405206
-0.1279874742925844
-0.0892659917123686
-0.06010969562376456
-0.08857714155163077
-0.03877197591071457
-0.07366437280719929
-0.08638808228555672
-0.03463392273360699
-0.045256746658286495
-0.13350967430995642
-0.03372790113283486
-0.09823830145503942
-0.14350317116990086
-0.08725996904868216
-0.16793999363924406
-0.034158682864185774
0.01960816566773682
-0.08725182155971356
-0.011679715493128295
-0.02085075561502614
-0.08916071290679017
-0.15851760092012324
-0.0790745922037801
-0.05902574861900689
-0.06711310895573219
-0.036892088054364836
-0.09268942395205348
-0.06770869820777259
-0.06354188684152984
-0.05785572092527036
-0.14422761197806855
-0.12628865085701113
-0.05361338223860468
-0.12129397776483453
-0.08809739557501928
-0.11274355129178537
-0.12022619544464641
-0.0988177192038302
-0.12973623597234218
-0.13742809779253928
-0.11513069573815948
-0.07609144995833805
-0.09209542834119322
-0.09942912388709635
-0.06741857554546282
-0.047484610811502126
-0.10380242855058541
-0.059948902740488696
-0.03348503512451173
-0.0885919158251165
-0.0928618532526746
-0.10443327470087338
-0.11124906539691848
-0.0840355129800725
-0.12558068073244089
-0.09986687216993984
-0.14806625034936927
-0.10156605117040884
-0.09750722648776633
-0.16342084762635167
-0.1308513913232494
-0.07896709602093677
-0.1249032944713655
-0.10713754208931947
-0.01432623269019384
-0.08518792381460916
-0.0717567956401346
-0.06451310402322741
-0.06641845871597507
0.012041738675807823
-0.12367102496055393
-0.08945347885082855
-0.002376447851450969
-0.10107169997669652
-0.07269337832034828
-0.04797192790280258
-0.09390328879734033
-0.051473374327629884
-0.046149600005979785
-0.11557989947310499
-0.1094103210584052
-0.14816942434866598
-0.1093240386661749
-0.13795230886413568
-0.11149469252113575
-0.07876024801877524
-0.07569368122275044
-0.09956555937138223
-0.09374619192236855
-0.10027158932567981
-0.06957088110404652
-0.11480876438461962
-0.1319620223949345
-0.05874032959552378
-0.14009205454569074
-0.0839561688147703
-0.08748468759916794
-0.07163510668391448
-0.07143694209909746
-0.09023017043972992
-0.06115916075671102
-0.10864355398856418
-0.020324565731880906
-0.13403784026252397
-0.10823390698954016
0.0004639628210110214
-0.06476709227937016
-0.06177031618211637
-0.02782026596879361
-0.09525373375618451
-0.08191699980801648
-0.0222875225069048
0.002726058992060021
-0.08696475508445412
-0.029281782673958867
-0.03848255688717939
-0.08325525545075374
-0.12849603030695644
-0.0892417227518727
-0.06186864030677719
-0.10598356997572655
-0.08859428171499917
-0.12431994294663085
-0.12363809222772337
-0.1418012416460548
-0.0749979716059399
-0.053584982066762876
-0.09992151464532606
-0.08680208546473844
-0.12204082979736475
-0.15430510644955353
-0.0812195243880871
-0.09785707391062148
-0.1820634172441089
-0.15062156998837306
-0.08482151556710127
-0.04124183885815347
-0.14700132850209635
-0.13534123340935067
-0.12955770668695465
-0.07912132021438567
-0.11254474789274949
-0.07257585593615845
0.0015511685259433916
-0.04033718867113034
-0.13839588394029412
-0.0938472061226765
-0.07152268319486144
-0.06217205413168814
-0.1050505597065059
-0.03242561800700727
-0.1104420428746069
-0.10206303614048684
-0.14292687278817695
-0.019383630534827834
-0.11182593263199436
-0.043299854481823496
-0.12830012322552564
-0.09625903276823466
-0.06269850560489076
-0.08277845114665916
-0.05298554634340613
-0.04284842793991772
-0.06843873575979242
-0.16531713404673898
-0.0879513961604903
-0.07999139214773665
-0.060117385449212746
-0.10180567663808104
-0.05768191361353381
-0.12992859204488427
-0.1656118635384609
-0.10531806671062482
-0.1134308399951478
-0.010465151352357704
-0.15166289058936488
-0.036529711908330986
-0.10342853757682136
-0.06350171212280231
-0.09415410015639658
-0.16059010603921675
-0.13680530474852426
-0.08228495222120946
-0.1410912074290105
-0.1159368551968194
-0.05284963587626024
-0.10575690113981295
-0.17410479565228787
-0.09875579993365857
-0.029169235415883676
-0.0525604352199347
-0.09676908251910388
-0.03483597201269828
-0.08563373922581752
-0.10426921488596097
-0.016701804944638354
-0.05787422574007639
-0.052442278527477626
-0.030268990360140746
-0.009941760099906105
-0.11994043222406314
-0.09021197916687917
-0.013505793343592254
-0.06199425151318372
-0.11227028523177762
-0.08276845549276879
-0.06940484678787406
-0.08996075926605296
-0.10619217589347851
-0.09348889161540197
-0.14107168921079194
-0.09370715873953794
0.00879492269087212
-0.019687082205119166
-0.12943207966977588
-0.017944529338547177
-0.09225104522379324
-0.11423068410119441
-0.0561682575897553
-0.07030426490392694
-0.038996917869455805
-0.07667977279802818
-0.15407860117047933
-0.10013717466728189
-0.09386335394696466
-0.02489024679561047
-0.16023218118182792
-0.12160620485830442
-0.08527414531232536
-0.03684620118509274
-0.11059552620922197
-0.08512425443637883
-0.09851793298731781
-0.039010808826193344
-0.13476201912395003
-0.12235514689178695
-0.022720175970198486
-0.10792502041746532
-0.1536455298099868
-0.01591477683515219
-0.09645627456448924
-0.10852362622756795
-0.192015261216951
-0.11716749420820327
-0.1573802334189529
-0.11137524225021389
-0.13629632390291335
-0.04101155375283061
-0.157235570677988
-0.12425764758300417
-0.09178596153457463
-0.06511185763533
-0.09026420301366733
-0.1454640866705501
-0.13220318954866328
-0.07171239312318978
-0.10781603446868115
-0.10258370429028507
-0.08860206342498067
-0.037447501403226724
-0.0665754280901445
-0.05978947752546193
-0.030554106540101822
-0.0790416549361912
-0.11172481276413859
-0.07957552892701414
-0.04385568607772594
-0.15547625447991953
-0.021834943670200113
-0.11209700571410997
-0.11163682053078827
-0.05658942067876782
-0.07689411317184458
-0.0968923933149819
-0.12064064464175539
-0.03788761111554351
-0.10090261072172435
-0.06772785717478613
-0.13851169483298653
-0.03435529633403367
-0.06926808438376142
-0.019510565399982305
-0.04372535858175053
-0.013978689212276407
-0.01632117936189159
-0.09556127697213346
0.001774055774312111
-0.019409367945416367
-0.058734500031712766
-0.0937654213373631
-0.03656257563972698
-0.010671999134571175
0.005949003703394684
-0.09565815460525018
-0.03731087087038709
-0.07858164668139844
-0.06129588486697912
-0.055829123237965295
-0.0076791447124349155
-0.04784939118861731
-0.11738632194505838
-0.1561884678070662
-0.09553091311421769
-0.10384845715797719
-0.05773477302009766
-0.06090155219184745
0.023081376963541067
-0.0268867769011103
-0.05656639272319142
-0.006064767457547804
-0.02124014895941051
-0.09349017330383269
-0.10554894099558032
-0.136481527397196
-0.025515229659342165
-0.10371242842719663
-0.08553635646740454
-0.0736081093773715
-0.11434405306660977
-0.0457493569374412
-0.04404033088728765
-0.023782694372484148
-0.07235041348240667
-0.019481335934115496
-0.07789517505614829
-0.018992019658102377
-0.10665012648282435
-0.14502716780231673
-0.0005439586785265238
-0.04079956922003469
-0.06820276334032727
-0.13904727394810168
-0.012565039570888947
-0.04778298179788898
-0.1195056669977359
-0.1449038371089606
-0.14696806284203268
-0.09667876524357144
-0.08299651927201257
-0.09597783849263886
-0.12623477148547546
-0.11807970668570089
-0.08119060083581253
-0.14571061247893446
-0.11871111336108697
-0.15968306908638197
-0.047925170736049516
-0.15750401736253838
-0.14610519001189726
-0.015047884859241467
-0.0472168125432717
-0.1439267609877275
-0.1570773117838793
-0.04506589079595802
-0.08057414915338335
-0.14859615450036112
-0.07432604992011393
-0.12197372962822772
-0.10238029911308555
-0.061587930518756995
-0.057328062305117555
-0.09596136403174915
-0.10602665206154738
-0.13125158982547314
-0.09338827845767383
-0.10748853266747793
-0.10445500270385288
0.005078593027985745
-0.06553849206937978
-0.09197745821966996
-0.09103162695375078
-0.12148688928725937
-0.08018018240113878
-0.09442420414311847
-0.17146131080618776
-0.120127337366152
-0.08942723559600418
-0.055156111639778294
-0.10306971466115034
-0.13720853172901304
-0.06658656849935873
-0.04482009280782151
-0.0812078220698067
-0.11961419637125137
-0.11309683272225945
-0.08484725554312056
-0.08686972697181172
-0.12982013772981915
-0.08735025108568784
-0.09578398507570096
-0.04554321227594582
-0.06595500559801226
-0.11542312750088124
-0.08745463023718592
-0.11951439287712562
-0.1129508146028102
-0.12025694336281711
-0.08419506428704193
-0.032209614655416274
0.003922877554763615
-0.13103900425933257
-0.11791995262971211
-0.022484267288765958
-0.09434670447349625
-0.046592574221746785
-0.05861584594070601
-0.08234313722791664
-0.16486132632048167
-0.10953283165022198
0.022232245978823117
-0.09138633391892315
-0.008279863435553425
-0.07594157500720566
-0.2041008789855039
-0.11865900955177233
-0.11005587108858195
-0.13893421197677447
-0.0984096144090123
-0.07207106827745591
-0.05430884164209049
-0.1371427617013714
-0.05698616965980885
-0.08263406497204051
-0.12126648693913511
-0.11489327315414366
-0.13581260797412398
-0.07730687287543314
-0.08668058206221718
-0.055520079429326685
-0.0635849212875843
-0.09664622946156665
-0.15382814407714251
-0.050234471271679126
-0.02261578856345281
-0.09892949131724915
-0.06174218174732049
-0.13246891305506114
-0.03950869890955322
-0.08063291951518092
-0.09392980145053187
-0.14439334479174892
-0.056988657600377746
-0.07718076374583016
-0.045071704473578666
-0.15278392836399024
-0.09370466818440204
-0.005995922894393768
-0.08199772153206952
-0.08212753538073869
-0.13840976564947338
-0.1446162500474648
-0.11395137281663015
-0.06664756706232278
-0.09371107887435959
-0.06014759835161154
-0.14300781697591014
-0.08875807278738335
-0.0929227095711207
-0.10929029451180483
-0.13276731499054173
-0.08677461099931993
-0.11194541637883404
-0.13418112094052126
-0.13671518021367346
-0.12305965826275544
-0.1358942488738646
-0.11066569273865379
-0.13909398610791657
-0.150839277407389
-0.09163068803723218
-0.0909646121565737
-0.10124967883137703
-0.09778126844391566
-0.045387293931601125
-0.04636459251040104
-0.06563356491544803
-0.06948472855552446
-0.0747863743293613
-0.06960042839916714
-0.04111734085850238
-0.16397979145527986
-0.09827812620691567
-0.03756678932545254
-0.021341261345736884
-0.07505306406655743
-0.11035181937549554
-0.03792317792238675
-0.0588570382825484
-0.0014682987228542554
-0.04006529289926175
-0.015190443439981882
-0.12849986121767576
-0.08329689342505153
-0.12087712260499361
-0.14411941840889586
-0.1397085391563493
-0.04949553041994004
-0.15658699163138623
-0.11827100940926805
-0.13092001639763784
-0.11777274700910079
-0.03253267062823051
-0.08147355546947987
-0.10877252895794642
-0.1947664993350815
-0.1106225485965977
-0.09980910585652625
-0.14632377362831983
-0.09660275343062086
-0.11154373133436213
-0.04658105268307655
-0.11237294442126045
-0.10818857863239306
-0.12883211134935446
-0.10188445750091901
-0.09193303210534354
-0.10083622636776068
-0.05880574847876474
-0.08770722639256268
-0.08223731179460225
-0.09480983811806687
-0.1480339316568724
-0.04078989813999612
-0.012737692789262622
-0.08341088150591669
-0.12107998836409029
-0.0745341196905771
-0.08589020307769024
-0.0926674696481462
-0.0877681020431953
-0.11825313396528103
-0.08646923853367605
-0.11816398081582058
-0.0913070283143047
-0.06678009599804935
-0.09438329059344297
-0.04642294392659374
-0.08811935225430312
-0.09445028358392049
-0.14835479409212105
-0.1535741661630674
-0.0868388520502541
-0.10891177144993103
-0.07004156019930763
-0.05543669954130781
-0.05859162740064772
-0.027814019599635253
-0.07809914454776767
-0.1362493680931629
-0.03563825017810318
-0.14389760023570886
-0.06819606143358081
-0.08046366525477677
-0.11760729622895627
-0.16381963286946344
-0.09053008486784386
-0.02890773805145863
-0.04484583827347022
-0.040574590028888746
-0.05271722411881785
-0.12327864321328108
-0.11388076730315677
-0.11646522206752974
-0.0399362470784308
-0.05953834652067691
-0.03022448164847713
-0.043320255799113916
-0.12561594403631604
-0.17431575691340617
-0.1649785024945496
-0.12428284907427223
-0.1316614596682264
-0.10416310959727992
-0.13677979681789898
-0.10750046964665971
-0.06850927080133329
-0.16713697587543663
-0.14663193865047996
-0.1342897385630044
-0.12905668733592757
-0.1061919952892838
-0.12148149887864568
-0.12127909053011932
-0.12412010833557008
-0.05939707247273174
-0.09101402915732892
-0.08850867305729815
-0.1454022328475857
-0.08464094532752409
-0.08911517617102027
-0.14899274444266086
-0.12943311584614747
-0.1352080618275735
-0.07623533452462472
-0.0653806532199781
-0.08609585128364272
-0.032235763242128845
-0.07224533530982336
-0.14694515264689034
-0.006002173592608129
-0.038084465703212445
-0.06112724857539531
-0.06005422189472598
-0.1111705112242436
-0.03859820257721691
-0.04391596206255377
-0.1490748468068137
-0.11877695179950032
-0.046913548430979723
-0.11959979915932717
-0.19686644959459176
-0.04246641985883448
-0.1456393631689341
-0.10286394880652305
-0.10819578736851909
-0.12674052265021674
-0.08040194606083162
-0.09882446461676508
-0.08943561514980969
-0.045109104160593105
-0.04893343820020446
-0.02058770213536354
-0.08249534852040341
-0.09185218667499528
-0.11194023747200088
-0.0320085374335608
-0.10602001042296605
-0.04809053601769042
-0.16245964642540378
-0.10820982518970368
-0.14589396507105312
-0.06860090347582126
-0.11426362774289145
-0.11108004061829524
-0.10357651230504006
-0.027307676750363497
-0.04182303479226679
-0.0884924312936024
-0.057679835212192554
-0.030654647303762994
-0.07776575993261936
-0.07218981753482101
-0.07413161198331508
-0.020359413922955705
-0.12398752683264447
-0.12731201967016492
-0.06254734942434359
-0.03040517426477196
-0.043545666576398245
-0.07741582670118774
-0.09863495957381874
-0.11806255503138541
-0.0810420445513449
-0.08758662698252873
-0.044493512783685185
-0.08448626426064365
-0.021331340031290225
-0.08536431141881429
-0.08351054801855229
-0.0607564255441817
-0.044834291129581594
-0.10763894656885742
-0.07777182637430169
-0.10861336638903962
-0.09752748920718357
-0.09141650463254525
0.01960816566773682
-0.07872016987174302
0.021997345224939124
-0.12801348398932877
-0.06856478648603215
-0.11843874559944645
-0.09474518962296741
-0.06588313620031228
-0.0615669999492896
-0.09827086780452365
-0.08044664313481453
-0.19623807734361876
-0.06695151785408049
-0.058003876100459095
-0.15017864484308552
-0.07241880867076489
-0.11808838782186304
-0.125196183659962
-0.12521640091979203
-0.10032578814772686
-0.13395995483724055
-0.08019419862771437
-0.13007241751979226
-0.11809445882068692
-0.13532610301235026
-0.13415713682411212
-0.10093441858910301
-0.10708756862476632
-0.059369552470093234
-0.10904080912925695
-0.0910366987255844
-0.041730141983614466
-0.08110359592375449
-0.06823280784481023
-0.073114839834159
-0.11298850705912655
-0.0888861251740436
-0.12464946396268495
-0.1184804060145428
-0.04146407495066051
-0.15703327310625292
-0.07220566813945806
-0.046260259194832676
-0.1422341294226972
-0.122534566547301
-0.06279248086706302
-0.08230983606466546
-0.08598873098148596
-0.10177974356585473
-0.03729943835315952
-0.09813951182913438
-0.13108484003821497
-0.043433757448595234
0.011916960696896517
-0.13560360301107433
-0.04171997448568643
-0.0008812993847686634
-0.10793844957917886
-0.02274984598213914
-0.010544500423077974
-0.02555740320167388
-0.09146592789899377
-0.12721980665625487
-0.10962455347472111
-0.13840441282236493
-0.14904212819842488
-0.10441967064995472
-0.14207096925568452
-0.06341763411315049
-0.06828122590607366
-0.03713299677459747
-0.1120826886233075
-0.03431118737175742
-0.1256635781108768
-0.04136594436892915
-0.12547730718530614
-0.1319620223949345
-0.10140333102428101
-0.12632152457229284
-0.08436704684409557
-0.07711951472519907
-0.11008862766336613
-0.042985166471849245
-0.11158907181118449
-0.06720504199281319
-0.10864355398856418
-0.0767792807577965
-0.1068661124751733
-0.0493527557395772
0.005631204162764969
-0.039378859448940595
-0.027402613977891344
-0.03980734028098154
-0.09900919754199689
-0.06194225703887035
-0.007049403753562
0.003310916983065626
-0.02773219232482238
-0.07281091036168852
-0.10683679113770572
-0.0702306057967137
-0.16689740655601382
-0.0927278262808473
-0.07556407507883556
-0.12244559027653934
-0.10112130110324857
-0.13394128553697437
-0.13054765836409787
-0.08653447253412372
-0.0749979716059399
-0.10715664245798351
-0.05425273075458903
-0.03203879240549368
-0.1238136311435416
-0.10496290450797474
-0.0812195243880871
-0.10730557890032832
-0.16637822314040052
-0.14072988387639662
-0.08040724465688309
-0.15842795263535114
-0.1496868477817319
-0.14302230869854649
-0.13096751886132196
-0.04394394762331877
-0.058773176276210926
-0.08179503170014613
-0.011396962648047904
-0.07203872386098986
-0.12965246433986666
-0.04703518847064814
-0.08197993936552295
-0.054886177253483215
-0.0741410560044986
-0.010463150048070746
-0.10778666645586199
-0.18486378878561371
-0.11898391642187245
-0.08269704261283595
-0.1100187696220305
-0.09458118005845284
-0.1374842345981695
-0.10486114494440657
-0.07389567336524738
-0.08863650408524903
-0.09682547050956813
-0.10893718712735234
-0.08803408654632427
-0.16531713404673898
-0.09748341065050448
-0.07524320890286207
-0.060117385449212746
-0.10542331961733598
-0.015991495734706263
-0.12992859204488427
-0.15535251079935142
-0.16037942211874268
-0.11978726702984166
-0.08432554148676319
-0.1515021686787601
-0.029317373836729388
-0.1137062959875128
-0.08529657461847107
-0.07421680756869664
-0.167261634350373
-0.15547093929103806
-0.05494931332544217
-0.09118089139124486
-0.08273569437134953
-0.056681680815630076
-0.13004345669605422
-0.17410479565228787
-0.10494714415408568
-0.05368373743170696
-0.08095911866960814
-0.05225378135724568
-0.07900326849863304
-0.08755834091207859
-0.1431374565683048
-0.08737991097851294
-0.04709645066814727
-0.025836747838813068
-0.04702766375000533
-0.0032113096913697348
-0.16807221004902795
-0.058133648911239844
-0.08607409048265957
-0.038277109700620704
-0.050517996188699454
-0.15051777198040894
-0.10105758063714498
-0.12432634606837256
-0.15352986059405693
-0.026313247656002403
-0.10726607762561935
-0.07123848356332774
-0.004608474551839992
0.03060074909407362
-0.09416909895114167
-0.09870799446705725
-0.08465976910566964
-0.10960141413243152
-0.06012806588351194
-0.05202487633079911
-0.084859606844494
-0.1398593941577868
-0.15407860117047933
-0.07595633602505591
-0.07563849804252953
-0.10804136375535722
-0.09761603124185259
-0.13622264260694972
-0.04603415599996752
-0.08609411176245452
-0.10714814821154928
-0.06746445234128484
-0.09851793298731781
-0.03577167226984801
-0.07758812956563133
-0.014821796830575273
-0.045408532417840375
-0.08775271863231726
-0.10513766159024951
-0.04816478554949599
-0.05316351588550283
-0.0877170349656613
-0.19868078763628083
-0.11641991226898551
-0.14730148954737166
-0.10864191097877929
-0.11740927205040408
-0.11642172475266266
-0.134672864380307
-0.11529878339699984
-0.11510018352572926
-0.09495201831431577
-0.08176496387692
-0.0839389517966358
-0.08584272718157249
-0.15127154535201637
-0.11612175515486167
-0.14441066800351843
-0.07533854939673623
-0.039517977466383414
-0.0665754280901445
-0.05738119091154026
-0.08672258414099931
-0.10362025584741152
-0.056079688693659424
-0.08099350876221223
-0.04257645958496603
-0.1232178230786356
-0.07768932365940873
-0.12416806699747651
-0.11249448083319002
-0.07440554276245481
-0.06332788055893301
-0.14141323620203305
-0.11304669418841673
-0.012990975095950485
-0.05000928348700295
-0.05599343196508877
-0.14709485551948287
-0.10048287745825002
-0.04940147238139225
-0.00484695432067328
-0.025801022641558813
-0.04602385963437983
-0.01632117936189159
-0.04137778955001181
0.001774055774312111
-0.09179653058951809
-0.058734500031712766
-0.08650441071698611
-0.015127096089628145
-0.03768541069556486
-0.017134993024264134
-0.06354677548946697
-0.06787970315101144
-0.16096062927184596
-0.06129588486697912
-0.060710618735908994
-0.0856199559117663
-0.04784939118861731
-0.09282802839831761
-0.1561884678070662
-0.08251293035562646
-0.139144913574186
-0.1181831114540075
-0.060394985083551456
-0.045921748982352906
-0.11141174387936825
-0.0661268663084349
0.0002740447614646424
-0.050210288795604185
-0.0502241197788742
-0.12928947055378193
-0.11451921140111754
-0.03187202509924525
-0.05708984090877811
-0.11383900414946613
-0.012244361530931114
-0.12031979661699577
-0.01803096427212192
-0.029630360300762826
-0.035190705957584445
-0.09851815948100162
-0.03557444910567509
-0.07586876929349873
-0.018992019658102377
-0.14311533054814163
-0.07034021586408645
-0.002202472739278427
-0.03192005471103476
-0.08478775711779418
-0.13435166730900017
-0.012565039570888947
-0.06669307850682049
-0.06827520242498974
-0.20825756743597434
-0.14696806284203268
-0.10269687610659206
-0.07848480446503192
-0.029982672498244156
-0.11747241632603411
-0.1693312173865551
-0.11837658202383272
-0.12024759371159632
-0.08879881332747708
-0.15141497371543222
-0.10668263941900102
-0.17413320500249574
-0.1665817054296661
-0.029593255640398386
-0.0875149456997879
-0.13971090500985062
-0.1354853786303507
-0.04561045757038573
-0.06885468291840047
-0.12617847215255185
-0.04326086499672277
-0.1274927190804891
-0.10545747253432314
-0.03616216226766822
-0.08152516962371248
-0.19323825791352744
-0.017630703440533635
-0.05329588141000907
-0.10069052657089284
-0.10773684685413132
-0.11440773855248065
-0.08611331073222384
-0.07839638980698904
-0.04996400994184791
-0.12480619083753863
-0.11610389572528446
-0.04720994977109294
-0.10791323569536493
-0.09616865391251661
-0.0649492661547566
-0.05472656920927399
-0.0966621145816906
-0.09096866252550306
-0.13720853172901304
-0.051256916682837605
-0.11283817088960357
-0.07025275860234892
-0.10595309127048536
-0.11906539896524393
-0.10087757033667066
-0.13821458688018318
-0.12287161675986935
-0.13256494487397297
-0.11008683976459421
-0.07379821956965893
-0.06401206194457387
-0.10423759443440583
0.0014705143669829779
-0.1692772778776368
-0.14032003645695657
-0.1382999894237329
-0.05035594508258967
0.004332132731597493
-0.010340008055199412
-0.09273137134251797
-0.06515534555532643
-0.06277680342279646
-0.11339886264450594
-0.024095660440680122
-0.1279057035728206
-0.11866038568251014
-0.1293986901837867
-0.06871922460303104
0.018319805776708553
-0.09077495869806063
-0.04017925729753258
-0.07589912826238843
-0.17998024639965338
-0.10875569500651894
-0.1007088513954495
-0.1247782216314981
-0.10317374473991348
-0.12547029395236842
-0.04273765658260187
-0.14130665542379406
-0.13203922883994612
-0.06145869822236394
-0.1025422921869219
-0.05652789009264625
-0.06085927190030915
-0.06532210920737258
-0.13036942040041954
-0.11600230373856557
-0.10700748474316168
-0.09367199382715219
-0.12624227779961528
-0.04574436426998618
0.013875002272548898
-0.10795748779567482
-0.06262092432511901
-0.12143901545222313
-0.07506858823851736
-0.1317498090741125
-0.06275551509731381
-0.1528669728529659
-0.027257942455128692
-0.06966721017464472
-0.06287683809572564
-0.1357824423239209
-0.07897198733493527
-0.02213819941606676
-0.09102471503333476
-0.06828654718222715
-0.12944567702603016
-0.13997691992841643
-0.10869132851869945
-0.09083427194946081
-0.11896175904391759
-0.06014759835161154
-0.07442211256600562
-0.10805051685429468
-0.05952248363628643
-0.08278979839199851
-0.12963914129279708
-0.10849280237551984
-0.15033280524973103
-0.09823009657162807
-0.1154499767208419
-0.12305965826275544
-0.1511277584097841
-0.11398111196408123
-0.142900985423271
-0.15123302699001884
-0.08214559926276865
-0.09420219621421744
-0.10200599103588237
-0.09872440311266795
-0.06438946636214649
-0.08701536766569662
-0.04415570229246546
-0.1340536205331253
-0.12243059884413499
-0.1401056556144451
-0.08618522833703146
-0.16397979145527986
-0.08784526965328165
-0.07932350794973786
-0.09038558636265903
-0.04190941888598454
-0.05284317834759955
-0.10592529650756388
-0.08979968132437244
-0.059977385478803935
-0.06658723190138649
-0.1390784614074443
-0.1218130390377119
-0.11737209060850651
-0.14094511817658217
-0.14674222738648335
-0.13930181269999276
-0.1017716836248248
-0.1310271470200537
-0.06441671365137314
-0.16304359776081512
-0.10272667147026082
-0.04966995389952755
-0.06856488006451444
-0.11305167662291504
-0.16139853069110477
-0.09122875361700356
-0.03154499955778789
-0.13612073058500496
-0.10965080723964449
-0.0999167075797387
-0.09585736389165178
-0.09488108990565469
-0.060366424767829496
-0.13736805156430476
-0.06564896163312905
-0.11147698894836222
-0.10083622636776068
-0.06663792305783822
-0.08770722639256268
-0.12123746762187748
-0.09360446088698215
-0.08003984437100375
-0.04292197176659651
-0.013122326063396583
-0.08341975987218553
-0.06629583704329
-0.10365403222673386
-0.09940667058982133
-0.12752013364887338
-0.09826826432265712
-0.06197536607953169
-0.0751828985222398
-0.0903081682330047
-0.08635760748431798
-0.05191753135835597
-0.09782951021539299
-0.04240604923861957
-0.10176316100066485
-0.12656610700838145
-0.14893410270965823
-0.14831361366669915
-0.04445476331665077
-0.08612826070428303
-0.10540463773524933
-0.08226168653020771
-0.12463323379463054
-0.07617130001074512
-0.10135225832402672
-0.10207721901652267
-0.03563825017810318
-0.12742404404078544
-0.05646062768029614
-0.08393968168783372
-0.10718627475605835
-0.07364617796892103
-0.041896330508412793
-0.03436296310956988
-0.05580911156067425
-0.0850256010310475
-0.05549496277530963
-0.11277655055582914
-0.12295026014219257
-0.13375385594450484
-0.07341862730632598
-0.020184513485084876
-0.09261713519887849
-0.10440552978391393
-0.14168378716491392
-0.1835245590963137
-0.14140934229967606
-0.15370997148604015
-0.16101580334976084
-0.17006844556511047
-0.09988319750373642
-0.15154775950796506
-0.10283290003118917
-0.15049220995881707
-0.16038942558769387
-0.12712792104403992
-0.11667756584411748
-0.07977367031428928
-0.12878979574730454
-0.14636253315852987
-0.14280459387945132
-0.07284393971773273
-0.08207550593952773
-0.06023517999088113
-0.1143962572635866
-0.08420468086828148
-0.0723888724581303
-0.13733053750151658
-0.12813562184115823
-0.11786121551427309
-0.09266267083131696
-0.06483061119825351
-0.1115116794479385
-0.09951948780380326
-0.04129277581754165
-0.11907874469395097
-0.00824234685869496
-0.013920413052834979
-0.02547930746541005
-0.04195717159077139
-0.1111705112242436
-0.06680563782821225
-0.048139429794148425
-0.1346131460072595
-0.08126008711939736
-0.10500658696456022
-0.12558271485555506
-0.2239620454732283
-0.05326473650276897
-0.1456393631689341
-0.11321830129841781
-0.10125798202590097
-0.12216127809780586
-0.11139695230166513
-0.09787756659525626
-0.11947979687701515
-0.0838491811060289
-0.03951225137610059
-0.019433211859078092
-0.12965342184543438
-0.07694674592774575
-0.14844421265200847
-0.018617688380244912
-0.11559205281917073
-0.05590754204909976
-0.12255169683982592
-0.12500399228155823
-0.09864801926201738
-0.05584106760544438
-0.11418572252059356
-0.11313425142610489
-0.0700852723281935
-0.02717667445621208
-0.04182303479226679
-0.018765590565542167
-0.0635104622929592
-0.030654647303762994
-0.08979635430536681
-0.10317345499243524
-0.0695403627499569
-0.01933182530950317
-0.12398752683264447
-0.18993895045247777
-0.04672328138178239
-0.09607681328434414
-0.026619046747594854
-0.1226388981954194
-0.15191917765282925
-0.05303710104990822
-0.06911873679796643
-0.11464700640681325
-0.03877197591071457
-0.0938793328787011
-0.08409731445368296
-0.11801877406894357
-0.06886311407490964
-0.13557575740825745
-0.036436492920949526
-0.054842558172820466
-0.1796597336106469
-0.09816429919939584
-0.12931321145044228
-0.05809212843351785
-0.09021540455264132
-0.09314534422205911
-0.013222957935841828
-0.11624748833720266
-0.07156726658981416
-0.17360296833435163
-0.08819256044369284
-0.06705974115507662
-0.05860010125794024
-0.05290321626622374
-0.09268942395205348
-0.16298231924881068
-0.019828184173006136
-0.05407349788940552
-0.1569420457403723
-0.11378183633342509
-0.10230305339195334
-0.08854115781705563
-0.16419523459637553
-0.11146332437794149
-0.13815454337074717
-0.12023547541597246
-0.09273545647040304
-0.0672927880745191
-0.13354758892639285
-0.1301557151696755
-0.03724355894352227
-0.09374952897911193
-0.06262021531590545
-0.05027363833323073
-0.09556012184604801
-0.11336209780695339
-0.03240846504810024
-0.09044641998873182
-0.08977845047079369
-0.17055015906635762
-0.08002299534948909
-0.03461589049091951
-0.07729231917956714
-0.0777844206963727
-0.1470457923046684
-0.09113400866354882
-0.04634264572088931
-0.16342084762635167
-0.1214168801179949
-0.13087642695853496
-0.03793625644750964
-0.08598873098148596
-0.04318068060475588
-0.07364515446700226
-0.04499731825856634
-0.11389377801072653
-0.07655059403072828
-0.022893983967493536
-0.12674271338345644
-0.08288939471510304
-0.013622720022938406
-0.11525705255902796
-0.05415442775134682
-0.14978671487855455
-0.09004590440911864
-0.044597400205365734
-0.07385698609282731
-0.07478632289588183
-0.13216274891158375
-0.16151528648368463
-0.12410335125122507
-0.10745269177795191
-0.09334480780647891
-0.09540192670620828
-0.04805063994699221
-0.09838332873149414
-0.050256286874552636
-0.05173582832110912
-0.053230561514312935
-0.10843779515468643
-0.1319620223949345
-0.02736952338750398
-0.14786212716777136
-0.13941419080647344
-0.08112067821612756
-0.0870772888871505
-0.06316292928837353
-0.11353516527046636
-0.03137913299159023
-0.10864355398856418
-0.02530311264455598
-0.13734746323993008
-0.07163803959920356
-0.03038168000550523
-0.061935702879353904
-0.05716563397139374
-0.0759375115571086
-0.06102813840506771
-0.051464866342489035
-0.0478309564106465
-0.02137604288126793
-0.07503175370803206
-0.08132171868231874
-0.0595434303629625
-0.08025354194390588
-0.192475573638075
-0.0756116467348309
-0.06998918257092579
-0.06836890930792561
-0.07085497898972748
-0.13264215951465808
-0.14789962051766392
-0.09818659182030975
-0.12111500434763922
-0.14114406598166163
-0.13261913699256134
-0.015873550362712985
-0.12564168628155725
-0.11994247144900383
-0.0812195243880871
-0.086087782206691
-0.13474112939069083
-0.1332920459757343
-0.0860958862441803
-0.05072370068222054
-0.14804947397287327
-0.06730159995026064
-0.11954892573018916
-0.035109793867156736
-0.11455116077884897
-0.10035873968509867
0.006397787501818852
-0.029551898732498527
-0.06804526997248761
-0.11029147559270402
-0.11061028904886516
-0.13053650781887494
-0.12228639360943117
-0.08665831455670192
-0.11631741254557992
-0.11749128091548844
-0.12872879513482927
-0.031306058760372846
-0.18164445740382495
-0.09232408892607147
-0.11764856299176496
-0.10486114494440657
-0.09719578828123887
-0.0838119318325159
-0.0735850993612579
-0.04427218145701417
-0.08059164036516298
-0.17246827276530285
-0.08451014613114838
-0.09946323459093875
-0.058995025226725506
-0.13617647478619666
-0.07231426536356267
-0.12992859204488427
-0.13576866977534285
-0.12331234042037109
-0.1235259958049626
-0.11640917980587995
-0.15207170559096173
-0.03451422291241091
-0.09728856502995775
-0.08182040546060909
-0.13654327861147175
-0.16059010603921675
-0.10594002834814908
-0.03625176475472869
-0.09788982254855538
-0.09345545550151368
-0.05287784940040763
-0.12845040077558179
-0.19931551181540574
-0.09631286545134632
-0.0007732453985294097
-0.0257234472760155
-0.10043805051645416
-0.03985438330545277
-0.10438211848265766
-0.14414113480315627
-0.051716969185060524
-0.04150627237321025
-0.06440681001259829
-0.07416646834615048
-0.01930767768185704
-0.20406042022566906
-0.027501182789424927
-0.08560273915200689
-0.08800065983131566
-0.07801723850522224
-0.09901537448174302
-0.09244661365731188
-0.1176387451048031
-0.12824881738431104
-0.07599234822891288
-0.10564333463848108
-0.10194675789483387
0.002720640080559167
-0.033764999408209206
-0.13720985723434898
-0.10782845142094288
-0.08361454619921016
-0.11396432031788306
-0.06359447500479343
-0.05577062652403253
-0.08371876749088036
-0.10878064649524544
-0.15407860117047933
-0.10004917845869898
-0.05445589521483729
-0.09142979045685706
-0.1315474799522336
-0.11998735202056787
-0.0757091897782971
-0.03624914680061875
-0.08396809498586255
-0.08948058386620072
-0.09851793298731781
-0.05475357978291884
-0.164394826504622
-0.0984829346777325
-0.021378473392805963
-0.10097141558865541
-0.13757166602952475
-0.06064951255276352
-0.11570052005551101
-0.04580116694689651
-0.16619989900886556
-0.10889997315300914
-0.1335596645724062
-0.12898518076933607
-0.13619353785852883
-0.08616864392152568
-0.1202216853487621
-0.11315166590870773
-0.07404555709203531
-0.1449051361389413
-0.11685390129350703
-0.08128585193286342
-0.13220318954866328
-0.13686086416574428
-0.11453751257622291
-0.14717251390358732
-0.11231632358090349
-0.05920285354055799
-0.06279421838850485
-0.05978947752546193
-0.11132119032660315
-0.1359673454039556
-0.08253429697328407
-0.09871945603491072
-0.049669032502539734
-0.14188606348862742
-0.06962000369160748
-0.10602329509507169
-0.10009660110113572
-0.05843703875164419
-0.1054219706393944
-0.11774104853977518
-0.10660922974720455
-0.035888545901643365
-0.052985439440397464
-0.06772785717478613
-0.12888383480516286
-0.03435529633403367
-0.10427726383532931
-0.028929072159651792
-0.04372535858175053
-0.04318418628197085
-0.05124401039775517
-0.06270062209800975
0.0009301749839821793
-0.027196003457426787
-0.058734500031712766
-0.13117841340300096
-0.03656257563972698
-0.010671999134571175
-0.01173771488465003
-0.09348151861957854
-0.04760644545066106
-0.07858164668139844
-0.06129588486697912
-0.012362182240423403
-0.1024099120994384
-0.04784939118861731
-0.05733199254235011
-0.1561884678070662
-0.023650875307014818
-0.1655012370683977
-0.022520506043682165
-0.06690135808960784
0.00012019844842958705
-0.09951058066231044
-0.04604383250247768
-0.008545419064445392
-0.05506015453900126
-0.033580189724857545
-0.10554894099558032
-0.12443766928512989
0.00772881378598278
-0.10120864573997146
-0.033273976754724766
-0.07075145136750205
-0.05567589381828486
-0.05173525817322244
-0.07077252838585646
-0.04192655245570487
-0.10388109101507315
-0.015068921956162162
-0.0113129916846324
-0.018992019658102377
-0.10665012648282435
-0.11541092541652209
-0.0005439586785265238
-0.04079956922003469
-0.07698514962442982
-0.09546648691100779
-0.008053907815015027
-0.04778298179788898
-0.1195056669977359
-0.17147197869037667
-0.14840421099213907
-0.09640675041726698
-0.01990362247608246
-0.01146103500622031
-0.12422065722742515
-0.06519724755553735
-0.10554724946321481
-0.09523444383091961
-0.11685034333719813
-0.13513633025784721
-0.10151415922900853
-0.1475290676936445
-0.12787351277517223
-0.029593255640398386
-0.08399682990846213
-0.0475884332734724
-0.1496447932404621
-0.03989222772027379
-0.05853384383916915
-0.11825773983483368
-0.054830206572325624
-0.08990769614424376
-0.10462170998750064
-0.09442976035749773
-0.06623890650977726
-0.10945139503307977
-0.0847238472543157
-0.0511854466333459
-0.09338827845767383
-0.11503968370813222
-0.11993179067231985
-0.07651607685152051
-0.1258100529229984
-0.08794463957862697
-0.10059654824525377
-0.05477115813415767
-0.0868686669487535
-0.07601319518420047
-0.12552248832112278
-0.1253207889989667
-0.07398592655460567
-0.05773015695580441
-0.09746981830261303
-0.1334546958072913
-0.051256916682837605
-0.11476565961029861
-0.05227858169454769
-0.05363889988711579
-0.11262958238799103
-0.09352943999525132
-0.17334674617681545
-0.12427848451992785
-0.1068554143789271
-0.11558809392193381
-0.04554321227594582
-0.02929512154341385
-0.12443838469562474
-0.08019349093770112
-0.11391742018733986
-0.11047329857784094
-0.14940429178005132
-0.08125182611618786
-0.024333493478109425
0.004354896431367106
-0.14883516802964936
-0.08982274346239105
-0.07825206535383966
-0.09156995153700387
-0.02743784318322051
-0.10691021829485026
-0.11263699624345502
-0.17323798461834694
-0.0963128036366947
0.004905609849624626
-0.09231486689210788
-0.00812566245760582
-0.09843867866436007
-0.15388995826679563
-0.1086738821713158
-0.05405141245273071
-0.130867364538648
-0.09052183574558637
-0.11254040996605763
-0.05496311506916163
-0.14389995890744567
-0.10705579236721219
-0.08039590814562159
-0.11410714742529171
-0.09261935922952502
-0.07176086067203147
-0.06109776441356196
-0.10710928688300081
-0.11377154464867267
-0.10727140536586166
-0.10182642538399533
-0.14389937235644146
-0.11700731208924608
-0.02003991914051917
-0.09892949131724915
-0.13793107591359322
-0.05537482094976598
-0.05458911887573925
-0.1198034789043727
-0.12043190832616424
-0.1513248538778369
-0.07623961679348135
-0.0625617509073555
-0.03916846409420138
-0.15278392836399024
-0.03741745163369048
-0.021648475339459017
-0.07988107340987227
-0.09841743716275286
-0.13745693541824933
-0.14359249373575533
-0.11395137281663015
-0.16509692843183155
-0.08976973567721291
-0.06014759835161154
-0.10480177143516256
-0.09183294182543555
-0.09256745320099546
-0.10955620326180737
-0.13276731499054173
-0.10739163725997392
-0.15286705349888807
-0.13404280188209006
-0.1355760089622393
-0.12305965826275544
-0.15024165737975315
-0.11066569273865379
-0.12893663230280805
-0.1449839278904297
-0.10010066436311393
-0.06485011422054021
-0.061061816399014646
-0.09198854488149344
-0.045387293931601125
-0.0833392600263807
0.003527660870809357
-0.12716613068418803
-0.08977123252998442
-0.1590685565453851
-0.04111734085850238
-0.16397979145527986
-0.10940269930812052
-0.0762366430546133
-0.04386803570306119
0.022138029132409587
-0.1025816571860183
-0.09276799142106285
-0.05843772728797836
-0.05346690555906286
-0.04006529289926175
-0.015190443439981882
-0.10732926585133695
-0.12238758972619301
-0.12436715036433643
-0.1324485541778393
-0.12840090272241822
-0.022821792760710835
-0.09714286437893538
-0.0431949275927459
-0.1899356829468386
-0.10354980645450973
-0.12313508133302342
-0.10727790734270437
-0.10877252895794642
-0.10809970436717853
-0.10908438176932767
-0.09840285891096046
-0.06042955227793989
-0.05781477527495493
-0.11164939182937372
-0.07051723109082797
-0.13203997559686953
-0.05908710415964391
-0.12688876143036287
-0.061137517740549985
-0.09258617633106891
-0.06520621044281905
-0.04075368957477865
-0.05329894576692995
-0.13683136048738032
-0.09882060088145872
-0.08003984437100375
-0.04292197176659651
-0.012737692789262622
-0.08341088150591669
-0.026597897637734125
-0.03906356234445796
-0.08780142953660808
-0.10805005687985547
-0.09042315427071701
-0.06197536607953169
-0.1434671707863262
-0.11700262032074304
-0.01973383835462772
-0.04597167549796222
-0.09438329059344297
-0.06313322547790223
-0.09133735257442632
-0.11358873589852791
-0.13717439560392752
-0.16184564405758994
-0.05345451444159921
-0.10970494808879705
-0.016016932631686576
-0.049804037520087
-0.043756795410865745
-0.027814019599635253
-0.1327484867580775
-0.09537556529278102
-0.07209440477786577
-0.1321942309814994
-0.05975189268648995
-0.07503857448597873
-0.1017048077149103
-0.12594488888415833
-0.04496899973322721
-0.0817726668236034
-0.06786908490926136
-0.0418676413380068
-0.11736723317033926
-0.11957625111530179
-0.04252407771962363
-0.04311655131150549
-0.03347053864089444
-0.07100679152671185
-0.03976019830111843
-0.06769283100639556
-0.15635969796515625
-0.18201583559180534
-0.1189364063245244
-0.0995193361987865
-0.09135981610752175
-0.16406995592008156
-0.05377843619795364
-0.13275562588353718
-0.09803494240328625
-0.14324806767990306
-0.16563831492745984
-0.12711787963785315
-0.13369468859988176
-0.1042638254154249
-0.17785512028952133
-0.11780077929804111
-0.11379488778939839
-0.0632319659941516
-0.06760370823623374
-0.08687438527602809
-0.1378101584025977
-0.08488050296230254
-0.14907287590427387
-0.1165223394046
-0.11506664351592866
-0.11368827930615932
-0.07427385682092758
-0.08329674490432049
-0.09335891313915967
-0.020122529960104885
-0.018317187022260706
-0.16076061493910698
-0.006002173592608129
-0.05353296110951655
-0.07756991548432968
-0.04186721520754122
-0.1111705112242436
-0.07838242000492945
-0.024844666075638733
-0.12260766271680268
-0.11840334164406374
-0.07419203246314465
-0.12264144467888838
-0.19686644959459176
-0.04062728181830799
-0.1456393631689341
-0.06701388848450951
-0.04285145363747622
-0.12652353566003716
-0.07201196315509528
-0.08012141128225458
-0.07723996172872427
-0.045109104160593105
-0.04893343820020446
-0.009578029863586579
-0.1487375862543152
-0.08260613094432312
-0.11152290233385598
-0.08270110819759235
-0.12371508579486523
-0.05628498867086562
-0.16245964642540378
-0.1018176305167855
-0.16628007242978038
-0.0714005192202829
-0.0902388303179209
-0.15095861075223294
-0.06720138029015343
-0.02574070602168077
-0.04182303479226679
-0.018765590565542167
-0.01583608861507968
-0.030654647303762994
-0.07776575993261936
-0.07983615530397548
-0.11318471237541816
-0.011820945657126103
-0.12398752683264447
-0.18606878377044733
-0.06211607132468533
-0.05470691630985658
-0.04639004110107603
-0.10145800823324258
-0.10342962363703667
-0.05017586561690335
-0.02503516236983594
-0.04599628839086778
-0.0500403846606825
-0.026352974380002614
-0.03040654388185593
-0.10061037741953127
-0.018847072629540218
-0.11842758685404897
-0.044834291129581594
-0.11124538753964108
-0.07777182637430169
-0.030406008224031833
-0.07121112051364298
-0.017774114321118084
-0.05899438276041424
-0.10939558264145433
-0.005041883127462121
-0.02816033516214622
-0.0873065181817112
-0.1466985090015871
-0.09265796765012402
-0.016386054382837578
-0.07046220982861273
-0.08140072255308262
-0.09268942395205348
-0.19224950395553497
-0.08818483782198339
-0.07317916771608468
-0.15017864484308552
-0.09969506917860671
-0.061622564248563716
-0.0892004548898071
-0.11847710514778798
-0.10612622018237161
-0.08036039645875892
-0.0960117809359382
-0.161417852208404
-0.09398779606793584
-0.12347257430039749
-0.14268377095597362
-0.03343678024539831
-0.09895700302212629
-0.07804554758751192
-0.07081413176289852
-0.09762309671952041
-0.05553088368685888
-0.03370445122140975
-0.05931510754010061
-0.02744620379199114
-0.181013683033175
-0.05489724312981914
-0.12198966152357493
-0.059759390365693665
-0.07402512817418794
-0.14816574305198293
-0.04619178359826481
-0.046260259194832676
-0.15611229335048749
-0.1288143468902041
-0.06005777137053547
-0.11531406807831979
-0.08598873098148596
-0.0645113019863075
-0.04247154020750088
-0.09349623143182217
-0.12725264883909126
-0.043433757448595234
0.011916960696896517
-0.10795196260851725
-0.04521404694044562
-0.047318588120835336
-0.07076960250170838
-0.1372716345470597
-0.010544500423077974
-0.08693457217363498
-0.10272713235367315
-0.08809436676768234
-0.10962455347472111
-0.13216274891158375
-0.188269728250122
-0.12410335125122507
-0.14249486490978436
-0.06528458140265814
-0.06471819736686069
-0.037031892737018124
-0.09822968884951644
-0.06767703896386501
-0.11306254393293069
-0.059931599128193014
-0.07756034042926063
-0.1319620223949345
-0.10237235997441596
-0.12632152457229284
-0.0948728859725807
-0.07711951472519907
-0.1180707282651372
-0.03214700334577958
-0.11337726681500881
-0.07515322789507639
-0.10864355398856418
-0.06766726701809267
-0.14303066437694079
-0.10721752546429353
0.006880562239926613
-0.042409374170170766
-0.03931852875350672
-0.09329007401816658
-0.09054999702722943
-0.06493967097296682
-0.0222875225069048
-0.015981399047869216
-0.10270554698592527
-0.052141508944413495
-0.09814579642497478
-0.0702306057967137
-0.16689740655601382
-0.11558402837142734
-0.04486661087263233
-0.1519131237980682
-0.05997579778444262
-0.13264215951465808
-0.08779324044530568
-0.09191916790480659
-0.0749979716059399
-0.12856236210484617
-0.03669026022492128
-0.02043812422868574
-0.11263136713964572
-0.1364134353590769
-0.02331893451950995
-0.07371113535935958
-0.12965606988658296
-0.11855877261944925
-0.10233308820325693
-0.0656449241856989
-0.1498424497513391
-0.10804444662976875
-0.06557806597681415
-0.021137961876499745
-0.05735255498107361
-0.08446245652263418
-0.07734712487566897
-0.07376802430626883
-0.11346284244329907
-0.10998524641436713
-0.05222113067830003
-0.12175769820922389
-0.10024525083399771
-0.03919183805163717
-0.10778666645586199
-0.17676630408839644
-0.14229345034206964
-0.06837896997620896
-0.11437193385639621
-0.06634409876126512
-0.0695940530336594
-0.10486114494440657
-0.09222916345546617
-0.12393368649186298
-0.0747972910994339
-0.10548881845065905
-0.08803408654632427
-0.16531713404673898
-0.09446807585474759
-0.08256464115322171
-0.05245263989364668
-0.10180567663808104
-0.010547387820077025
-0.12992859204488427
-0.16998843691116106
-0.06785267598935474
-0.10687046467349415
-0.08432554148676319
-0.10191800632840309
-0.029317373836729388
-0.08889892425869861
-0.07118465678610097
-0.14241507412082388
-0.167261634350373
-0.1548744603561758
-0.05587685119208419
-0.09544236481116175
-0.10930106743353507
-0.06213129861637867
-0.13004345669605422
-0.17410479565228787
-0.13290268483398737
-0.017718634921915388
-0.10693383366149689
-0.06361912203551712
-0.07900326849863304
-0.09426486020399438
-0.07112921704730679
-0.11051670666657909
-0.09252731165500694
-0.08200746336306786
-0.04702766375000533
-0.07722310362430651
-0.11367588931977357
-0.04440133368595345
-0.04541575764221362
-0.04982100642913356
-0.07801723850522224
-0.0978821639249543
-0.10865261804566573
-0.12706202559205648
-0.10229999293016512
-0.03714601109821514
-0.10211305953933048
-0.09095556003777716
0.019568197628546224
-0.005538138795929015
-0.12127982797730641
-0.06982578302534126
-0.0899983503742594
-0.16856749885212952
-0.06012806588351194
-0.06903464653248537
-0.09685700986237622
-0.1624202608809624
-0.15407860117047933
-0.0974649823099587
-0.09386335394696466
-0.10804136375535722
-0.09761603124185259
-0.08239952436476372
-0.03777261286519096
-0.01581775702265098
-0.12454298559612198
-0.08236949898085655
-0.012600193898563816
-0.013920303621052899
-0.07562489432880737
-0.05663316604217483
-0.039422734443763874
-0.104717603514767
-0.15015259248585178
-0.07616015200661352
-0.09116180636094584
-0.11374925395534463