0.37927930390884856
0.09599921051341487
0.39144470791366626
0.3926819530164855
0.4039417407322154
0.4503224052119198
0.5074222741094028
0.29778789458495913
0.4028384384798631
0.270468554516881
0.5043024684797545
0.5281060609270771
0.3644708930116519
0.37429651835919003
0.487229775540309
0.4195224904812589
0.10451758889923468
0.4011372309116672
0.39142337270169647
0.32682845408467276
0.4084785073386876
0.618707511841577
0.354407667706074
0.4326052877201638
0.4074134008936143
0.39368841438767227
0.4679547483087655
0.3996070046300314
0.5164548991595174
0.5058042099482862
0.48931774356773944
0.49966102630917036
0.5146532892009077
0.37523470781389834
0.489809762443056
0.4431853828618506
0.3150738565586143
0.45432729202630223
0.13683038361606858
0.4499202288669718
0.4763321403244101
0.5146049567654891
0.5870328816830581
0.5417410465487404
0.20418820988498765
0.45502099887680947
0.34837259038837787
0.5667430254852384
0.5128622030624135
0.5121753494649972
0.23850001132672416
0.4928227611226788
0.20364114074380313
0.5767040477699041
0.553320415454158
0.3543725268881903
0.3886106719644417
0.24672407858050682
0.32241933822632074
0.3637783430529373
0.35051613354489997
0.4615283502429476
0.4754679187454788
0.4092716678578343
0.4145207389757527
0.4084757872015399
0.4326496131450684
0.5959358676271476
0.47511382604041474
0.254540642114936
0.460283065618074
0.21693581539675522
0.44840961975910315
0.5379856507794013
0.44439856180930554
0.5753930980361028
0.3023424665661413
0.4881768214031944
0.4884201157419098
0.504573969860104
0.5306934113770538
0.4874144348822156
0.29824359284243507
0.42002369068654427
0.44646812316463225
0.4836783741244835
0.4078969171260346
0.4762592547860328
0.3817834137571567
0.32413687422722104
0.3314277550120527
0.22511572504748412
0.26385555347355083
0.440081341190024
0.4516989119001378
0.3168767473564753
0.292057022076179
0.3737982886574246
0.36976984145725805
0.42277575604887974
0.5053901534667617
0.5547436717916614
0.38451913735440935
0.3221162463979178
0.5335933563894066
0.4947694151671872
0.4337279278684622
0.5988574956080934
0.4009470930316233
0.48891091073600634
0.2806886623376893
0.2806886623376893
0.5520321317983254
0.5508859073240607
0.5728264795323506
0.32518386575547387
0.5754665969710222
0.34642709549885387
0.44412468192162713
0.33077487553101315
0.503223676714975
0.45703393736333825
0.460903852217632
0.39613655296649236
0.3370425083094669
0.4642289687443169
0.2565631367517921
0.3622765984300864
0.425801136988738
0.32983382732194044
0.32083838838073964
0.3494405278488226
0.48345771158807227
0.3515299760503119
0.41719966645735057
0.4958533759008087
0.30064395869808935
0.43834789593788664
0.4665163818950419
0.4009462950129533
0.3647646630629676
0.28920686881425484
0.355442385872629
0.3069282766954451
0.5150065521564215
0.47155419470707205
0.5926732665370823
0.42058748852871797
0.5534876327006599
0.38256469056304404
0.5165349954783359
0.4295411213427889
0.5466610818739408
0.49236083959801435
0.4410212250273536
0.5152059292642199
0.4125372339448539
0.22775339336685507
0.4542244841196015
0.4637006499064912
0.23492989518031826
0.28368470708592297
0.4262886173075325
0.5226098157407315
0.34009057130172515
0.2663371621516599
0.3932527650433843
0.3212831539197124
0.5492375671019287
0.37159224766156496
0.22490646854519747
0.32687028332978096
0.3820323942411924
0.45500992915560107
0.3398329078061172
0.3376952344690327
0.16839521208591168
0.3828464472610521
0.27899355199108944
0.2988658353314283
0.3750343663567285
0.42264367878762027
0.43285523107666163
0.34305663630946437
0.44981348223949774
0.39904298186220694
0.18653694540181232
0.42608170165236836
0.4786209553787474
0.519857931817277
0.3534938152812167
0.33200811799114704
0.4430810834758263
0.3330282291100156
0.47438738246150775
0.4186458978079089
0.4890431299740766
0.2702227099926454
0.31076487573289213
0.302187526940083
0.5441953470915161
0.26373742094663766
0.38229827830453966
0.5814034894665963
0.32410242551223256
0.2743628320062388
0.42729037180303253
0.4889720953756295
0.4437290340653251
0.4642215531720447
0.3851203156905675
0.42130759461177847
0.22504599080131593
0.3391880843857885
0.2726239809849227
0.35255701429130437
0.4187631034785952
0.6061981411581356
0.4310986149500638
0.3316495145270748
0.4943893424960431
0.283822368385947
0.23493329133736218
0.2234686074330937
0.44847828502551995
0.26700658348359085
0.42298770115254974
0.29230979363267917
0.4711055417070195
0.41664777324218005
0.26466335855818457
0.42809565972058955
0.49719986599826266
0.4217659811689863
0.2836427269910198
0.502159872565667
0.3075954102953624
0.35961909747196485
0.5876942847957638
0.5177872896303019
0.18904294623828322
0.12101979620205838
0.43752914114067515
0.39536641496350794
0.400168963835654
0.400168963835654
0.44010730047326857
0.4432408850302874
0.13629864659459046
0.34118351640623
0.3488894886916273
0.5143571935693781
0.5083082135200553
0.44326183005092196
0.3504921801208398
0.3260614967808396
0.625240670665731
0.44557135796920333
0.4010955909905707
0.4588386809825881
0.4471003313768241
0.22807512467808966
0.43066157894963525
0.3979916851150658
0.23292632742166663
0.4145530145175275
0.441657642627618
0.2687278191923895
0.32223901724803594
0.3514963277747766
0.39818445399533176
0.5011549792972951
0.32892797830224885
0.28562357504357405
0.45978392888036407
0.5733770576483144
0.4567209748050926
0.3849611934299507
0.37425478638529996
0.47996877321816706
0.3984195041427654
0.36508011650991334
0.4567042305760647
0.5879641756170121
0.4191537389677363
0.5780786808877107
0.2587618042945874
0.2701799559305633
0.21880946123238876
0.3612425912756798
0.3979642575060056
0.21190883916694092
0.5133836261885354
0.3470094672319669
0.5002574768682241
0.1671894010165158
0.4226337198488392
0.5074820219557898
0.5034344950666793
0.21275787460845996
0.447423358768206
0.484838320171744
0.3771808531649688
0.4383354090177535
0.4522944034584195
0.3432551076603705
0.20431664977066977
0.41596154037245753
0.39785116243265684
0.5108722137487604
0.47747774332473436
0.3564231458734376
0.40954329183688254
0.3985358958977676
0.4779592440298312
0.38848058110588707
0.24246135992470264
0.24656997121188606
0.47841443720126764
0.4924587390631157
0.4937160543506296
0.42346533518036183
0.5242416091826647
0.29710829130438243
0.34551954518009087
0.3479552712608681
0.3148641614187965
0.2690080661287284
0.5023138321748805
0.43694212795312337
0.5237520980400221
0.45653135140614265
0.5041878383750107
0.3135083262612842
0.4814899465893961
0.5252322012329059
0.4422438022849687
0.40835373733153446
0.3987889178071708
0.2994793020903138
0.37035564017922884
0.35030511431326083
0.3755537069986141
0.4099419934167036
0.29274654332356853
0.17687791424313215
0.5759129584869564
0.44567772981865156
0.3998921794050821
0.46742788147835945
0.4604823590175208
0.3308509041804024
0.5026578484081288
0.6110416837356499
0.37023280807517556
0.44404974935784913
0.42048964284382584
0.35247561746018374
0.35755057293741577
0.4126660991682097
0.3436798620314402
0.2561525526765469
0.644520665166509
0.42067241266741034
0.5258362110050008
0.4831396098434493
0.34460039820198174
0.5064314352149786
0.3224448537960942
0.6056410549860463
0.38567008054441176
0.3774841862561379
0.35320411776003335
0.4705662362578371
0.4106344838786148
0.36073571279754024
0.3156330896560936
0.5138040484428374
0.5330149920571643
0.41255816682228574
0.36313470741044507
0.394771289967696
0.43139737476730605
0.22348427749640698
0.6130562629451217
0.4682943338254766
0.4438894131001881
0.6011406590759472
0.4197805931007335
0.4275187352728213
0.41508679447010544
0.37965438820547504
0.41636070110014284
0.4438441458753662
0.3534243054985706
0.49846071381869184
0.3339067447099632
0.4156242005882973
0.4202725377969935
0.4685975716361873
0.43940855907068355
0.24220485822989712
0.6011819355396006
0.4806042749365985
0.4306224331812976
0.3983034728952277
0.5023533062859697
0.567049047030619
0.33736820264037304
0.5159025624564169
0.2699410699210628
0.4703399743087833
0.5545796475239108
0.1777069177202255
0.4422215883466376
0.48389122288590725
0.38826099664631636
0.46055392475243373
0.4576078502649976
0.43181452278113835
0.6046463703340306
0.37612045667946414
0.47845264135001775
0.40719252913664916
0.5476896082755636
0.4817111265912749
0.39411659276075184
0.5007770046847705
0.4240140621883534
0.5759935144976169
0.37314800813705784
0.3640914974839484
0.3402204897685658
0.22537330558687174
0.45199994901735907
0.5351531586688838
0.40770342383120484
0.5069865179212953
0.48899658146596225
0.3455010751222939
0.5044916731419989
0.4835589141911163
0.4274982623805837
0.4763597205924406
0.5220672291316867
0.41726831162381817
0.4081869106051018
0.3946764451391352
0.5950104363501101
0.40467466754407094
0.31291045355052693
0.4116316199249292
0.4039208968979293
0.5391089034445287
0.18749121426477489
0.3410042248213495
0.5100683745442538
0.5886895590924779
0.45155681363776434
0.35628668424103316
0.4713747431289844
0.3822544761660731
0.2581623710933685
0.32342570224765144
0.43506491952630344
0.5050455834040195
0.47344784318599037
0.42909389817148547
0.46014139725567393
0.3008815348617929
0.5068233228419831
0.32157852122286423
0.528050284190939
0.20744973564173996
0.47945506906699087
0.17240986007684644
0.41208404364966567
0.37098820926036735
0.36249858682232705
0.4205442564613114
0.40573684564760343
0.3588508184962954
0.2976188330834778
0.394968482121088
0.23556157013812562
0.30661146998037314
0.48600316183156
0.5333423804796402
0.43704917519593434
0.4575102929420243
0.3790163477795782
0.36507479650057917
0.25142555212330575
0.4100151258862761
0.4377243340534964
0.3942891587790235
0.3773497066249838
0.37412984879164707
0.41251672763583824
0.330253642580572
0.3098984006787746
0.4517943731032139
0.5298443681349105
0.15143189877087015
0.38929318517701383
0.2798698522295021
0.4555017279131096
0.23670468957397994
0.4251406552893814
0.29106522324648965
0.43959727463702436
0.3606194840140505
0.3109277180535497
0.10302439233530292
0.6071277770500392
0.5373966059560447
0.2183090756624566
0.3652165822105259
0.576057557377065
0.49549680467006485
0.27292531677546916
0.4356268800125942
0.3966139229064549
0.216390824429875
0.36123710286592947
0.32634255979186466
0.42316873277462785
0.502721072105281
0.3560992257364698
0.41061713602258193
0.4390846009321496
0.5428295319102603
0.343962195801095
0.2699435288304758
0.13611753343040012
0.3291199945120815
0.5028210908991888
0.4620943145167621
0.5311378790454503
0.4464944577567023
0.4182334963969612
0.48124133406589975
0.5256544402693959
0.42198006770138985
0.3485737231511087
0.42297868906991365
0.4938237786366395
0.5410205306730778
0.25782164777126515
0.3056309194581761
0.40307776411030927
0.4070589797006768
0.45929426978907667
0.3706954087294613
0.4122732799493873
0.37718924380629526
0.3740230846545487
0.6097865609832207
0.4218468742033572
0.40179720314532846
0.3385235799491195
0.42306187065699125
0.41749441197565984
0.5088150669619305
0.37938092322578676
0.303908382151045
0.1683434725007742
0.377116001683298
0.4518702739223087
0.4254778832832411
0.27472765112465636
0.22294378050416352
0.3484607851335798
0.17179465331169352
0.06315230660830795
0.4233510697164699
0.11581566148841027
0.270151368438859
0.3097624089395826
0.44403220595504933
0.310349854390395
0.37542995988220546
0.45509016507018885
0.3425206505020967
0.19930940120248386
0.37712099758609063
0.16654017668375465
0.19669477593151818
0.44055578177679544
0.4630874524656915
0.46312285619736815
0.5151630278523454
0.5708953177448157
0.4452999310633957
0.446120431670725
0.15314096769101349
0.28178723160796004
0.22478313227514002
0.3263549862544852
0.48278153745490104
0.28216822374641204
0.4741122362760993
0.4949009436462827
0.27445886617418613
0.5381732938927933
0.3327320933573572
0.4599877287090192
0.33667276143016994
0.41701433673755295
0.485645167326109
0.3683519148433752
0.41441351263928233
0.4531528633421008
0.4087568934976767
0.4460152099175086
0.1790516183441777
0.19379502668716886
0.5676210958811718
0.2798496867768099
0.455032637691844
0.24554734488208318
0.3962765781437637
0.15529473733022692
0.4326091731909426
0.4248337828002144
0.3572762021519691
0.21541463745550626
0.14592759518922982
0.3083666035105771
0.1270906859201374
0.5109126119976086
0.43150451278825147
0.5040661589755453
0.48050195099026427
0.4868041721457054
0.23235351565139806
0.2773208775086725
0.46206388361126394
0.3597809982349786
0.30620984204701607
0.3744421158945215
0.01397051356099055
0.408296927632047
0.48852580491681413
0.33118312155912666
0.3569674538497683
0.5034103857000662
0.35697182277023487
0.591937738807639
0.4470465431555519
0.5390504772815117
0.5153168126265628
0.2372013168814956
0.36560728887300575
0.4903015416700709
0.2347410114368763
0.37995834389293187
0.5140705487428405
0.39723692891002116
0.3948466909934594
0.47096053086113354
0.4842409386238968
0.42982397694410224
0.4072329805753801
0.2957648375282097
0.24261013051077618
0.3539944376123662
0.3800025350674773
0.40179302194513317
0.3822724592219825
0.20276395622174082
0.23120859455715004
0.313477515813147
0.41039836017346704
0.07791208067326161
0.3462178841938508
0.4237698454281938
0.4171841690958007
0.506785421299355
0.27203147851768716
0.3826823340791069
0.4103304110941347
0.47836018883783565
0.3623212362603231
0.3849001314677299
0.5668068383908489
0.407384913706431
0.5638371258088803
0.3554824225261817
0.3767311434165133
0.39344458068018257
0.4483173149308984
0.3010133876572907
0.39047829473041995
0.3095059040271365
0.010031977252239033
0.47149158111681994
0.5496836570835222
0.2435571801501457
0.37581105395552683
0.4890956572126497
0.44225368509592944
0.537137719900598
0.25151176313058743
0.2004198559602519
0.377017110886402
0.4140010939528738
0.022307555854919503
0.43102467262633704
0.27048081893514
0.2068428874516819
0.14689388674001425
0.3793061575741735
0.43428302720084005
0.5372220926820613
0.44383601521790655
0.45174561161751703
0.26423334961333755
0.48453223882177
0.4143284835883193
0.4475477720179527
0.47123184444993316
0.4560935325853791
0.19012156077405562
0.3914122242489669
0.3811930117798461
0.4648293214630752
0.3973703780147495
0.5895662594432673
0.2659777874104309
0.4578182739590888
0.2896763824280273
0.2812945286975267
0.5152043595560913
0.2990248631153817
0.47925504875987746
0.2649579146639419
0.47461394992381495
0.11721456946082542
0.4663963813146637
0.4085412076268775
0.25758125417602185
0.18429254454213195
0.3871004164284641
0.32920515184277355
0.3808282987060494
0.29092181615078216
0.3340756788173086
0.2208998401564154
0.3131667419145473
0.4125166254111484
0.2925629300338223
0.21719297514966907
0.16936052046499672
0.1601208846770764
0.36863358093247467
0.14591494380736347
0.48906028686641645
0.4233586188685349
0.05108687834893233
0.5530949711620226
0.5530949711620226
0.5526795947593678
0.48197882090616984
0.26590676568180127
0.11009943270893541
0.4114559380068561
0.15384862070198158
0.4295714480019632
0.42838862809298395
0.0995141999368131
0.41094188049766767
0.23302314759155685
0.327307466927681
0.3844705525543623
0.30653219825371014
0.4232186588877306
0.5140576970907237
0.5252159925424678
0.2514697303554033
-0.2614645156130986
0.35642617090140416
0.5831613941080824
0.2231457206815043
0.39179837605422607
0.49138639706463094
0.47376145477537746
0.4110170577895357
0.26526124442763277
0.1938003644786035
0.17588455239018508
0.39327298173642533
0.3858835561144778
0.3160114732493988
0.36916814113674723
0.2018477397839884
0.47932591141989717
0.4570875051555505
0.23873285888414053
0.3909900616945817
0.128878110579274
0.40204342140751
0.31445939149622315
0.45014231444947844
0.26782125195451145
0.49014475569202465
0.45229445931387474
0.3593042264612129
0.33962962641872785
0.5470561626162382
0.3384185625179067
0.4544606982006989
0.39783412912394944
0.2832667152768156
0.500090611940638
0.32995759448728457
0.29026032133042234
0.49606032267265215
0.17822728320934988
0.5490829844765406
0.3054266359484096
0.37751317776794435
0.37928836885962847
0.31077088691708565
0.3948561531341466
0.4741510391782029
0.30888864037292674
0.24349478327234386
0.31936571484648857
0.054406943840669686
0.5513417597917081
0.32370214230944827
0.5394696016595975
0.1669044261630459
0.38277770200686273
0.24294481706230286
0.34300730741500185
0.27623504277917077
0.3882326955451374
0.5227153130284259
0.5541087307045383
0.20039111576056234
0.40953735981582656
0.40590017232617776
0.19849036314082524
0.34166278287443663
-0.04743643984890278
0.3510970061623533
0.4349101360771272
0.4461901611181349
0.4087448551442862
0.45903878408523874
0.3842597132853621
0.48144529311869516
0.3710535190341975
0.38025425230080456
0.44679943366838315
-0.06701978136750908
0.5246571097383933
0.42322844550779126
-0.05150065714491314
0.1968396747138096
0.4541938298679997
0.3946985209836364
0.20680342613437974
0.31062376292800964
0.23405659990903516
0.4792052363667614
0.28839930544059056
0.5017105525988154
0.4228502579554681
0.28580345678826813
-0.013165390380866282
0.2073994789486484
0.27771172314618997
0.34650342510728244
0.3297641814930087
0.47930885399142314
0.4081861641159602
0.4323772611117744
0.4105731199286844
0.3695980275223827
0.40642538440935244
0.46333634924827
0.2316516352751008
0.3027659565425105
0.40167274310743417
0.2760779230479745
0.5283015459298461
0.38571460065065877
0.43366164648071986
0.2052200897827151
0.3475449009019739
0.17878321589689883
0.4885735280877837
0.5004719511396574
0.4446161395654402
0.45420397603231966
0.36515416784907584
0.37360936280156287
0.4491673968114632
0.47740396684200204
0.1857909481779294
0.41041030588734256
0.4298006772230143
0.33222536710264217
0.3801769129104236
0.3515946813476277
0.5510551734716687
0.32798340335597875
0.46704481527292935
0.49548386754292095
0.4627426208257432
0.4358914369711455
0.285780313113999
0.13883646055480692
0.24875653021334854
0.39311599223465066
0.46395056108180954
0.35180779832991477
0.231305189036202
0.4148159149088866
0.2039239262834085
0.20102340301873145
0.3376440412689212
0.1671727551431056
0.45796886688846306
0.48299523662745947
0.25104086505152756
0.24403123976190422
0.22823009620708368
0.40289742681720364
0.22634804255052043
0.40861796197345535
0.28149299769969094
0.3183853739593334
0.4793465924662961
0.47952363663515585
0.3749743472146808
0.3804934668919494
0.41993381022993687
0.46860017160498835
0.20794388614439507
0.467072309619128
0.396284057413387
0.37631378936375226
0.06315243352359712
0.6031252830491275
0.09045529176891032
0.28952876585629483
0.43910935240815147
0.3693889753677422
0.22502647087811412
0.20577319879124079
0.32839835168861764
0.3089836557177359
0.35854049253147013
0.41293243098600685
0.3020303201446721
0.3842012434016428
0.12366448879730196
0.627318077909957
0.47086616496907546
0.45083901285963424
0.26229791058751695
0.22163705801303046
0.38364320276728126
0.25436348117407237
0.6040401988045501
0.29193400439171757
0.40675416233600736
0.19251740527279593
0.42730046606658995
0.2915899830269415
0.23815845028259197
0.5005350965909889
0.47889363297426174
0.4365481190034061
0.46237746693779336
0.40951160923692365
0.27773615034169985
0.39428508987394056
0.36563469599268883
0.2832159322764205
0.278267075773296
0.4218514102787904
0.27483174127281684
0.4128101968174549
0.28100231211837445
0.23717180514135783
0.502457345330239
0.2570125505072979
0.5303827159703751
0.4068429580473303
0.28033326383060864
0.16157553852361295
0.1314898505350065
0.5059297494584475
0.4502830321597648
0.381936708101616
0.5019275070941744
0.22834979224161012
0.4744216892390666
0.44561844860630545
0.3702585793883426
0.3465065833070706
0.38013577374387486
0.2645551499275335
0.3915927800625702
0.47114452231807624
0.5737263942639165
0.25637269014791964
0.09823827333362556
0.33818461660044374
0.5060230989661987
0.3327062773622631
0.16425126222854958
0.06976045084021609
0.21888527599095986
0.5447987576014859
0.3073120115906186
0.4554644322360672
0.43028961007025307
0.42422196047970673
0.3114708274499054
0.5260597989600476
0.2827830628810406
0.11747393029355901
0.40103023334420496
0.5819400235306715
0.41339668928969764
0.3087923229759032
0.47295745951591756
0.4252592301764203
0.4598141001511727
0.34782659933781945
0.2223332339412819
0.24351772886205947
0.3278630589442978
0.4908391680315542
0.3869543108750004
0.23261712955034097
0.3018782599273855
0.25575048166796277
0.5026866867980659
0.3983397369034743
0.3016271953685453
0.16829197842464738
0.3865604138588636
0.4191906512157831
0.33440256264544177
0.32416779189846456
0.3932119007142869
0.40201378888112344
0.4135807212901578
0.3234842030485393
0.4066306777809854
0.45351045757964026
0.472023014281705
0.15340464252740793
0.15371685008474145
0.23883338777801244
0.2811296920601658
-0.030851898591925497
0.16362038725685446
0.5014235715418257
0.3962907727966569
0.48062261489277464
0.43983331059916153
0.31313872721636904
0.4214582985826602
0.34944386110546655
0.22899842343287202
0.45420397603231966
0.361386081487167
0.30999704582467136
0.049400025922278656
0.5101474438211373
0.29657292100683463
0.32977466449276727
0.42414476291638137
0.25045415037789753
0.37359526616451655
0.425459892706282
0.2817410216067646
0.3100934218843746
0.3859387258002047
0.3694821919179496
0.26387723205923275
0.44778855595728767
0.4937442654703802
0.3746996076136857
0.11521018629862811
0.5619346516110899
0.23483513594908334
0.278938710876556
0.2549209225272535
0.4482793289235767
0.4605287247520129
0.41446171449274005
0.40126886020067276
0.4815853366495497
0.4744374649948654
0.17876417806504052
0.1755199251312225
0.3986324242173268
0.5777981140873774
0.4243332633271382
0.3462551102001521
0.43449020787787596
0.3168346223819666
0.4096124560273926
0.49468992707958903
0.43104636974414073
0.3451537894892124
0.10635968486567293
0.2766452461173209
0.3510293107684952
0.45526511047330215
0.5885314168536723
0.2342797503627636
0.4920359222420573
0.40507682136706025
0.19203453710738672
0.5075094739757264
0.33761135004089093
0.4483782471301312
0.2847754258652768
0.3930596755862552
0.3636368106223379
0.2982555905382911
0.12035433322421318
0.44348727998235504
0.37084792257848986
0.39083000295681686
0.31613837178548154
0.008766560454729011
0.07573523147476247
0.3890671454045673
0.38602247899384906
0.34747353489706867
0.18377120358969457
0.4503790344092766
0.42163109071040744
0.4882660220045642
0.5333295610036703
0.30809430243929203
0.2432330105298791
0.30733005128092106
0.07669444185318486
0.1584390637437315
0.35604071042865837
0.17248693061403708
0.551410755846175
0.523143707456334
0.4550388235161079
0.3275265792232527
0.44339442837130805
0.293579224549419
0.24830618026076168
0.2770596698321389
0.2634608491556931
0.37923907844704563
0.4640055955218541
0.3366859126109598
0.3492585502420291
0.295916414450638
0.4989111516928334
0.2779191220481838
0.4306735381006182
0.3016903163530297
0.4306789533323266
0.49427898501033773
0.27734298129863166
0.28466598849096114
0.451837668085904
0.31467591977798215
0.39221361367645025
0.5345614053631758
0.41703848907265084
0.3630223793995033
0.3315631206668198
0.057156274626651626
0.27022419645937734
0.4841278878429785
0.36551536795828454
0.3177727587378495
0.29164877654345345
0.33761313631854095
0.2830227296779039
0.3868422422067367
0.37588965938841024
0.4475821883068688
0.30779661085522203
0.25919588218575285
0.3758069673597395
0.3763114843951302
0.24662676265442673
0.37952353876650907
0.4043212454595874
0.43973908877091766
0.34182495576009264
0.24136474636645233
0.33768277372192546
0.3862968584236009
0.4683206759615895
0.44064453256740793
0.06030414364736725
0.554779013953532
0.4321749794480757
0.41418337743722444
0.26275657344696113
0.31735014285235386
0.30648936697673057
0.4880527050165139
0.37054823119887703
0.4905454916012624
0.43348233434140193
0.26168666107340954
0.1217558171866252
0.390169322620414
0.46800915274569
0.24275779319222657
0.17551475485233836
0.3571322658318132
0.4236218718869743
0.5149034502901202
0.29039809423063967
0.44809688853590324
0.416082848601482
0.4614479788044579
0.517214840308285
0.26870387612856983
0.4335163387418106
0.5075822404822172
0.16213522462236762
0.2900281258246661
0.37660560077833855
0.4046455868237866
0.35417161315546564
0.39713483266639754
0.3025532424756714
0.2983000538882339
0.3934839891586905
0.4067737870299362
0.4163633366281585
0.4488070015170889
0.24229168692759007
0.51856269476441
0.31962449066147347
0.19265479375766492
0.38999058719956525
0.4912290444549099
0.4841514050299177
0.4370449321285223
0.3258631589576939
-0.009211595887436252
0.2325773226718545
0.32150695609735835
0.31925017080992346
0.14676845070844624
0.41247282547115643
0.4023692946292886
0.3817863963008254
0.3098290569793778
0.43033477876782616
0.4503540674213612
0.2615601607811513
0.44070626676707597
0.19434284144398195
0.42536874929167756
0.24659963989164324
0.3517068223999612
0.30251872811063774
0.2248082475165274
0.4143348997601267
0.22129045461901864
0.20978061626364186
0.31308409150983896
0.3949282978619121
0.5107855230466706
0.5369361235827482
0.4675078079050604
0.39660700516175956
0.2845226235852467
0.38533112984091855
0.3184967279582175
0.17181467753917823
0.3014438532485062
0.36331557793486857
0.5234068352695205
0.3784299150949824
0.42180902443106877
0.24600823554371376
0.3115214427997348
0.4785363859567868
0.33383746766806865
0.23425414353614116
0.3484726724651934
0.2162260130081023
0.33045034324235123
0.44884734564592166
0.2172092294801925
0.4192759590043633
0.34016974931321553
0.20512518714973615
0.1607251602114349
0.35358603220276535
0.3784658775250762
0.36743413768005195
0.3516061388288477
0.3727758941843615
0.1954317529487759
0.34067894552077926
0.31464863479757577
-0.11074821080518704
0.4820149315495796
0.33196227741208006
0.34216265201729623
0.4062687693591012
0.25933486332197664
0.3915565043340547
0.35414940094313563
0.24368253387611882
0.3455404482507495
0.40134867064106766
0.36384721135259346
0.410655784572661
0.4951406954438177
0.3204556948446112
0.519061738791984
0.3589973283500333
0.20577237399018478
0.4076982839707486
0.33407285250912633
0.31642550090498456
0.18488817016476666
0.3129820574361355
0.4140133239426857
0.5034413912904949
0.40438827525186866
0.40082790062565543
0.29599961274762343
0.37173141767681456
0.5068117510347343
0.263345722715532
0.3010479885952936
0.3845538379607296
0.409105810663233
0.4479297246373485
-0.037028508484031275
0.32774751422533444
0.40135668508219896
0.2689571412071493
0.35368301898928495
0.30374895312302486
0.5068911954468733
0.29461333435737524
0.4895582853466471
0.4032618358713119
0.41935277721341374
0.31122966528907736
0.3997353162653739
0.4769489647708466
0.3990377933311934
0.20837558609955098
0.5193335428985102
0.3446341162483092
0.38260598874283575
0.4569072464338578
0.296275188405693
0.259019321183245
0.4921906399350524
0.3217024937171157
0.27127463246016736
0.4867508982620385
0.46808318658141734
0.49343835460462515
0.4488519616370671
0.468177040660413
0.5767265320736079
0.476852385781422
0.37712549804706896
0.1807622865270253
0.21193899108642023
0.41912740858793107
0.2204685408825019
0.32437657221434746
0.4667975228266234
0.58175216061324
0.48796457752236677
0.3318665213948946
0.19275607732299826
0.25727398169718574
0.3111770117696886
0.2096509533120322
0.4989609218500016
0.32100797126632585
0.40623509529937707
0.26003556042656095
0.2977992006643334
0.5291025621313945
0.13052375280722972
0.3664985480665735
0.43323923883163457
0.2242326998003049
0.3053652457537567
0.27657848052229184
0.3805630099847656
0.3816934181069632
0.49007482534588587
0.25979484557161225
0.3362510336184038
0.32213438023614693
0.4361925878409493
0.28242699112447245
0.10082243464389995
0.3661489481805984
0.44417430684275866
0.24271237342482532
0.3587229124337571
0.0394701220412258
0.4282269394773929
0.29189122701334946
0.4692845787975323
0.3090518981486974
0.2052239543025558
0.38235727545624243
0.18834717947804858
0.4433443989262846
0.423456818820835
0.36131691582723224
0.5041585298847215
0.457995974560364
0.3319298880258513
0.36024633092443964
0.23992255647323013
0.48132634061851776
0.277581435215834
0.15752948043726678
0.3212110074079426
0.40569145765521863
0.19823709101882026
0.5501792286185911
0.31131782366312244
0.4889987995033183
0.24311835721400488
0.4431779524965526
0.29774696691100033
0.24179427674338938
0.15289875594832003
0.2848745152621386
0.4331585180985068
0.30975129907555854
0.4282041601762516
0.04504856767561394
0.42187707291457155
0.3484683521392412
0.42732468711501553
0.20023167015054033
0.47643608807922433
0.3745275918703959
-0.057424666659556256
0.6148670432417613
0.15684775286549546
0.4465548211060709
0.23952594494985968
0.4419152640208157
0.3865452937916137
0.3570991064366174
0.5568885532111658
0.286156007130689
0.20259966777601623
0.44475837037101495
0.4053402782510213
0.3411571782068641
0.37307852763618754
0.3131650959244391
0.3820541852247508
0.2845253301516163
0.11080126102519006
0.12902968520771596
0.23788135837397473
0.4171514953011588
0.454956369798463
0.413307766205148
0.3015900887916848
0.2853854810177606
0.3046006639956603
0.37548639985092164
0.36435136997637707
0.29306014973080097
0.3446141760971544
0.32595972672212525
0.33804521274624655
0.18796046472121386
0.30382158953208604
0.44196463786552753
0.3094648292053518
0.22069584587804103
0.46070854747215245
0.3522742089570312
0.29539652956401274
0.28063366255642996
0.5307418728303195
0.2567531476335998
0.42393929917134787
0.46324764988296385
0.3292788666823687
0.3523511867135603
0.3761338415578451
0.4708771316883325
0.4417423028601845
0.42977978095787184
0.1035027124750717
0.24075202944508034
0.43538624525882424
0.48745001171260033
0.3766763400024726
0.196191511636288
0.2787502122295653
0.1557436903595173
0.2933011655298172
0.22493597019012213
0.48989144164431386
0.5170730474797494
0.4248116074703266
0.31774219864760256
0.2539278300662122
0.39896190114470764
0.32136798050739857
0.42623167181728855
0.3916910094759833
0.35262030732971994
0.41828354559651804
0.24979590188102296
0.38986819454462823
0.25544484686271063
0.4585642445479296
0.36966837090703947
0.4133981942258197
0.2942344476875306
0.4326731852902504
0.2995427081996276
0.5143175817621339
0.23109143657000875
0.4214944397202198
0.2883852197321132
0.45332377799921136
0.39762498251792744
0.5219389978011961
0.31938034590471
0.43239915151453223
0.38235945274444516
0.2903501580061567
0.13894366296199
0.3791012710062746
0.37216255721907876
0.14828739417023296
0.3075601879229457
0.3099735403531244
0.4275880021469392
0.2941849698025122
0.4190353206057382
0.12705094059484778
0.24263389342382868
0.3881194181134555
0.16150841471977684
0.4469556240869821
0.5173350694595538
0.4952312503417231
0.3904149824148068
0.22817815568857092
0.38234314533994634
0.2413750797196288
0.46055575592990483
0.299382624628567
0.21813229218949115
0.41130416590409785
0.39679912543016693
0.5366671035519296
0.3268040292829132
0.44090305322247914
0.5931751799417059
0.23154356506429608
0.44318871171230406
0.28094998224369483
0.3877595492562496
0.5314727435637835
0.339116731067051
0.41127004162182706
0.2578902953917691
0.26673279030555735
0.274442238883971
0.25292872725933846
0.3013203728183458
0.28735420823994395
0.39288386580942625
0.4052083458422706
0.38500936949912523
0.4692581355510579
0.3873512428259226
0.31233082419392333
0.30671249903944864
0.30352431671787783
0.3960580974275899
-0.07407619414381783
0.29811585077677516
0.26907628129871386
0.09174923556961911
0.3989415766576628
0.2728483593545047
0.35506053701985996
0.15680539981631103
-0.03397847356108408
0.5276991561600746
0.49918818889319394
0.5275566886092955
0.4065221191709554
0.4997670656730673
0.35914367252236934
0.14754423846341735
0.08754382595905752
0.25803169865670184
0.21111020099519606
0.4113696828877943
0.4001330777208758
0.31049812331879734
0.3393129710933429
0.3032459315857897
0.44733120107787105
0.31641611789111657
0.4847526268351788
0.34925447643720553
0.3913567536074478
0.5105383473105489
0.20620996829270055
0.3843033844544619
0.46534509382269473
0.47768899483213134
0.514159903550734
0.4603015533002235
0.354649767173567
0.45606673225582267
0.3245940176264459
0.4306733145516183
0.25803089406160196
0.33319055306671963
0.34233539419652936
0.33010613453289306
0.3354003856119576
0.23244344082086577
0.4705806460771893
0.2865094442676599
0.331293112636446
0.2343562387288508
0.4808880547473769
0.43539026637457257
0.45739716834886796
0.41872288969058014
0.5369918669448341
0.28136893034314936
0.10545056721044277
0.3774834028348708
0.3136948476329493
0.26084755040932883
0.31617202086336404
0.44777533948256476
0.3921766447856223
0.2582841474347116
0.4054677056846715
0.262710925827185
0.3385212500963102
0.29434336633426694
0.4472242406341336
0.5150803753585752
0.39496660982051685
0.5273573420511626
0.10342267788510451
0.399658620657658
0.36331722157245194
0.522019565556621
0.26433894956702386
0.45813913248412397
0.5502794017145267
0.49916319214953986
0.20039847561012136
0.3540922153648598
0.3408982071902913
0.20303897944189497
0.4187156300511775
0.42061078651758566
0.49084071575963373
0.4383444871128478
0.4294231080671929
0.4543035612761671
0.5424026064495259
0.4913612192424792
0.2266990047632388
0.4610515734493067
0.3251236291530325
0.4236389012433157
0.37215212668997544
0.4054833758289531
0.5355070247369015
0.2915190287053414
0.5116272195346607
0.42479860597393215
0.3056642862604598
0.24126780133375292
0.40496223953524846
0.46029944754734264
0.5086218399843841
0.45759241970643716
0.2705373400343061
0.5511775852610877
0.5039704028577666
0.3276798953803961
0.45466518579052567
0.5196786963847533
0.3970544126995101
0.2095175592314208
0.22905057121196992
0.517347178528361
0.5122141695499051
0.4092814046991347
0.480214953265211
0.48106386820338004
0.2752051140924274
0.4160000505295869
0.3496454364281426
0.44096395147679934
0.124000985143634
0.4190990278476615
0.4784378676486918
0.4751969420499528
0.33343518029677666
0.3779556773829984
0.3484909959616733
0.37587278202425967
-0.1584319512826854
0.4266484304790408
0.41119025617597754
0.46459334930953233
0.43840843026264364
0.4572224828534171
0.3788777580153756
0.43061737172158754
0.618566876406814
0.4074874069212673
0.24535397170158613
0.4942631884357708
0.17295950914952518
0.3263680789574078
0.5045533786726446
0.3436187002220882
0.4383634080360617
0.46616972958253977
0.46616972958253977
0.4938265295323805
0.48056586347407076
0.2895263519032989
0.3568239671438308
0.4454042453221958
0.47605480995033916
0.4984060698125587
0.4405008153177666
0.31580585712682807
0.4029732499496655
0.33151650152365963
0.19509378627825613
0.32532011214050127
0.44520186278202817
0.3828201909510504
0.3598761077029389
0.459562405927162
0.4503936324167375
0.32046553831352187
0.2999547668525291
0.47282966621357775
0.2380633709136496
0.5437927233964458
0.5428843224064082
0.08156845146629066
0.4735205056058017
0.39392993765032025
0.31544827942203923
0.4262144973678571
0.2921039185308486
0.4116331915600471
0.5045497217344206
0.5148417172727562
0.33028744818610434
0.4058083507463721
0.3990497348173815
0.44925883458260635
0.4954681544662659
0.4955190251357589
0.6008165989044674
0.4301679356650009
0.42543941736898255
0.4398996773556222
0.3702768593845855
0.5677597983143594
0.41859474063040053
0.44616624047721354
0.5693995826585854
0.2869014870307829
0.4567388502370946
0.44928384289100287
0.517126894912568
0.4546102476677929
0.508998064569357
0.4546102476677929
0.2323015047796989
0.2621904444153955
0.4717687686147998
0.27111699370410125
0.4053643802028202
0.5181774048885247
0.18032488969618843
0.5361560425928887
0.4088648305570974
0.38424574388914734
0.3911398306632685
0.504942497260079
0.4557090948241661
0.39183642293703835
0.3393391466076473
0.2471015047108427
0.46315247382242763
0.2528433902129914
0.4739591136401433
0.4609711074732444
0.33406737219682414
0.2889799096365391
0.4493135906649528
0.5009179078785653
0.5021799864526361
0.45194926810839214
0.5133375986231469
0.35715826141929474
0.17641357870923213
0.37544841937679585
0.30033783058435026
0.44660534342915176
0.10539513450085403
0.3481193625909491
0.44207393311971055
0.507832125480289
0.5503541603184472
0.3762760147434406
0.4044264534685585
0.31503183324228656
0.41383122812563194
0.4027499455472681
0.2098204056123647
0.31090783477131745
0.5127128117452637
0.5254800584935674
0.4592501480821569
0.498487990552799
0.5573554562380449
0.4381840619133438
0.29242110287123513
0.4045402874078362
0.5738168367788271
0.36188159557076366
0.3061245620384865
0.43210394777916605
0.20341177491886353
0.5723127697443982
0.42483339205654597
0.5317595781388094
0.47059132423301986
0.4261627698610059
0.2536370579418836
0.310730679170116
0.379602708959849
0.23173060503176346
0.5582384972188306
0.45571074317623467
0.38834854562539506
0.4355862274660148
0.44774638442847925
0.31380498611295615
0.3515607382630499
0.20857908690842797
0.49417715413497476
0.26936394894436455
0.1302358877412022
0.29821763093893794
0.3830609800793876
0.4522754057494234
0.46432621182812817
0.6048772194102285
0.1415693710729634
0.39475633656137205
0.17439639117712225
0.4280775316665101
0.5492729372953055
0.3521065060516896
0.2708707099754182
0.33394795639901553
0.44551658949220224
0.4345746875038929
0.3114935465926091
0.37504477682532134
0.3779584601079007
0.45487753522984087
0.4527056570862164
0.4645604912825374
0.4897788498969931
0.4764899031250554
0.4643263157843245
0.36383414613824483
0.1910341598431089
0.17336225536159366
0.37365858279349795
0.2245620541682296
0.3085087244474738
0.44768197358686335
0.565201244575268
0.3885674012252129
0.2232964770957363
0.44532375289487364
0.3296704885145788
0.4649157455256807
0.5579408725999386
0.3926365096241673
0.6131093983985736
0.40201760770268535
0.35445479882404385
0.2454581515603652
0.3869432192164512
0.4039242377920795
0.4124036577118059
0.4941393556092856
0.48190144496779763
0.2821792144593609
0.4433754489111106
0.4321418206358147
0.4502534709578774
0.40869008885427327
0.490404402661597
0.37342063550408394
0.3992509434152551
0.541909431329188
0.47589141156268944
0.166055440301484
0.35582731528506806
0.4090789152828513
0.3983167595664219
0.20798313194517137
0.23039881918537108
0.37923913000402754
0.37206711813267185
0.44827975937221504
0.30450000747344275
0.3798677511048086
0.4908349476083358
0.3053973276399258
0.47760752583091276
0.5475746284867502
0.258987784659509
0.5109280721896212
0.5077707932500454
0.35008917426190245
0.49389555830600185
0.27090670023920915
0.34821880444678943
0.3396223875605826
0.2397870414276292
0.01094789276149477
0.4888751505462423
0.5402092507590887
0.26993337379993976
0.4872409758299471
0.4017857991846906
0.47726880774020086
0.31437012049322255
0.39902397657979877
0.4355205672549059
0.44395984747733996
0.19627350006539013
0.25866422011620704
0.20204910246411356
0.5000378377163306
0.5450377266208029
0.5311997284823946
0.48256118855115426
0.33604065480911893
0.5282842835244663
0.4354121992404629
0.457184907941279
0.42927745518432747
0.4795267926169086
0.4599513790463478
0.6131172143055346
0.2639386429116126
0.19370121582134492
0.29673536015651825
0.42203652318204954
0.4311747089281588
0.43320255243191363
0.4860655730898264
0.28208614611363647
0.5088778320716114
0.4784331595572331
0.5377492299966198
0.39758778302945347
0.30048486826420884
0.2112909532800762
0.38589333629922395
0.3844556968676024
0.30083449438082055
0.4064528039277996
0.4546389062549949
0.5077407475610101
0.4138664523223612
0.2719704002372437
0.2969833320792262
0.17117919252384073
0.4189006899329129
0.4171394209118769
0.23264680839832086
0.2608652717458382
0.04880282676289782
0.34373433647187623
0.45864703263709017
0.32563163988588084
0.5161511057707362
0.5097003777217237
0.4062674577104996
0.39030263304578183
0.2572454129009315
0.5120178327665651
0.5536293421701834
0.38488337641682013
0.09433412280570408
0.39299018726624557
0.5259843526638044
0.3836773548329251
0.3527981133579239
0.42914055426613207
0.40217130654092187
0.4361309934671758
0.44035896890323184
0.3083383843603892
0.4872047796418358
0.47277272183529356
0.43482089754242376
0.2112614147706281
0.5486657214775433
0.3972142402890726
0.04775197618548899
0.5600632910768398
0.5449845889875261
0.3273406151655954
0.2541309969559965
0.34687230660829804
0.33562232966727
0.4881610215478134
0.3819954738879443
0.3887269020383106
0.3933424380931499
0.3615685696204004
0.4380464516721044
0.4449138374591314
0.2822035976940066
0.18235618850878366
0.3621566385019701
0.34573923926462446
0.42940458268051895
0.5057107260543362
0.36783425241346557
0.26380764664358525
0.3335661383220404
0.34302100623767606
0.5103718594410998
0.48345795611725917
0.5883464558483391
0.5812126770713701
0.485073159353821
0.4537333955741672
0.44249823168649277
0.47631068564732704
0.2971776426520425
0.19467671907310413
0.19634228694209055
0.34955245347901764
0.4779878011702381
0.5093809094880579
0.5142848389755518
0.24109579624794697
0.34277300434814184
0.3161346571883433
0.3935120413024725
0.34849646422515734
0.4057106268467862
0.5491254026836184
0.060473800116350174
0.4900694751360415
0.48459846548589386
0.4551269112644943
0.3947760619655371
0.31825174482552643
0.3520232348715364
0.4101960341742499
0.17496180150401108
0.4786660418966864
0.4800713369730156
0.4131942285103333
0.531816229125569
0.5154508121775747
0.28971212897866216
0.26899057649691416
0.379707273627647
0.40671102692733185
0.30867569668731865
0.33804422649728105
0.43978973017963846
0.09096943117604117
0.45886737735328786
0.24744261406508894
0.4767184463604353
0.3637389169649146
0.32791999470643507
0.3714378432176889
0.37162658453350605
0.48800355278904767
0.45649748887297753
0.2926396742650117
0.3865420555524775
0.32815719104677177
0.3276440572476502
0.37616574455423535
0.32528776367129986
0.2906016033386779
0.4748089829096435
0.38312700748856515
0.43206490889680327
0.41624701466816777
0.3782071885265015
0.3900878282385395
0.4184979840502564
0.292822490721227
0.23678577263824097
0.3875769271452546
0.464576389455362
0.5334112584569679
0.41504419932405767
0.5014890037364381
0.3868993683498385
0.2502299264842365
0.21945150844651162
0.5129067872914542
0.509413571137386
0.17529294420718955
0.3487555493220161
0.4090853347279591
0.2548165092880911
0.4794611506907972
0.46552457028853084
0.01444065117098936
0.4749555047491691
0.5797032478009418
0.38120136234092106
0.3187001586112288
0.3122772612974094
0.4859936317600646
0.3666692039252426
0.3836496890142508
0.45164249144095414
0.4722685877262385
0.4260389704307119
0.3546024945313053
0.3049819235822555
0.3510308559770161
0.41996001802907634
0.4075164754646093
0.26349747286159886
0.27857083148366923
0.3358580277170822
0.349641216877176
0.4052855756115681
0.38840766676935307
0.3398170134317592
0.21225021997629012
0.3726046714541329
0.527219960594216
0.5008955841707863
0.26163695286329514
0.39413767452028914
0.3689651843718754
0.4878661522621055
0.4271481035672219
0.2585865969545116
0.3213067796677262
0.3264114196752911
0.3632985795136021
0.5655498461984689
0.4330501841669284
0.4302589429335258
0.46123063954874277
0.3255822051244991
0.40084811411754595
0.29303147994891643
0.37293896139993515
0.41974534510172784
0.3624442890574602
0.41821014068076495
0.5369527255466882
0.245927104841269
0.5238233037995741
0.40620558104763593
0.5142946543044786
0.32688403583605785
0.4949397066323528
0.3476193332530083
0.5471459694451677
0.2137778842471718
0.4785406992618178
0.3676126078654012
0.371628224871531
0.34901140247978635
0.18782817719727418
0.1921571245010526
0.5425016607051979
0.3588097154083042
0.46920379072517343
0.4087268985638366
0.36413479828828954
0.26480668124433515
0.018406915593509154
0.43213910272565953
0.34222280290409846
0.39594918071304397
0.4873782981334498
0.4572450611670284
0.3269998659166784
0.3922000987583074
0.4544108438233277
0.4213625003317503
0.3398245626521924
0.3933432069473417
0.39170218131392875
0.3122944519335825
0.4311574968168268
0.40937420882067305
0.47373719745825504
0.3857041217554313
0.33998950721012877
0.40521072577841144
0.5044313874152018
0.3403539345004709
0.3636150404301659
0.4070109055602335
0.37969025557968555
0.3296667163976543
0.5139852247409
0.3901171255296155
0.5560823743803363
0.5664363468392022
0.5701011994269897
0.4433865259149074
0.1783327744219232
0.4113351787053691
0.2180681874558127
0.4612831310932847
0.5975069263477306
0.5339455336631929
0.46611474164156574
0.3267515855999886
0.645505948313961
0.4580847842477886
0.39927910739291117
0.4106744611711733
0.20226543156502153
0.4219228746709325
0.36382439894914004
0.5027810470131195
0.39467069300587637
0.5277178674308578
0.42401216678716613
0.32028934712429147
0.45860521150086764
0.4497817042150034
0.4233112886105356
0.4616210834744822
0.4616210834744822
0.42951106549695756
0.4595508653848231
0.33257124783639014
0.4808714572599343
0.4086476834721019
0.29531015496498214
0.3747733762375689
0.5174131139738846
0.48159413585916144
0.3870635935007249
0.29370006033988083
0.4888211120678208
0.34258148482674544
0.369485906911635
0.4429441457935016
0.5294489549802439
0.4439140397548694
0.4639875908838992
0.2984309576018104
0.4079678101037958
0.2836716555851887
0.45023471307994994
0.25865258870655505
0.3749796827998022
0.36227054930185565
0.4704125052488124
0.45700768340522274
0.38494293783042766
0.4353530638038608
0.29148000954434583
0.5906476260389332
0.34465246278409223
0.4069058053957337
0.1847642730313519
0.43639637581449164
0.3027532935859164
0.4113534350400568
0.3009255131879839
0.3894701099294055
0.3649266540591165
0.4595435344838723
0.5570623997600556
0.3682261483444458
0.2776780600640305
0.3898844037173811
0.4765863594705337
0.5299235355787959
0.5111479272094719
0.27935036178233175
0.38550223435562775
0.38010061374692394
0.2861577425600703
0.433188151126916
0.36980229846117446
0.3248953547346528
0.5587697640203472
0.17976861695396074
0.3818356162640518
0.44544109835878953
0.4797706071764731
0.34370288646853187
0.3798347791839038
0.45860069794385927
0.3728182263293459
0.39122534595914366
0.35056479447162847
0.3597978308484323
0.2804680147665658
0.16564241124750245
0.4388044087128057
0.48929820892201337
0.2441969916632103
0.15278542166016262
0.33783590497744853
0.12879340240734727
0.35190982959677997
0.40239263771688855
0.3414797397924274
0.22977804502266375
0.5330981290372662
0.18025539386487588
0.510627949863287
0.44697944660817207
0.3911369056375426
0.41805378535262805
0.4777790074903629
0.4608942937175396
0.4023597453148126
0.5019130224754991
0.45609201417610734
0.34349040860340907
0.5717276994359
0.35486321360698436
0.3069114131371862
0.33156589284810967
0.4074888735933465
0.3752361906430976
0.43450267392059727
0.4235368703210235
0.46748206520502766
0.44080838717288207
0.44737791655713716
0.26223117370862115
0.18554425342276548
0.4182617258392193
0.4409038692378991
0.30948601309694546
0.3923119842729935
0.39005142380210456
0.4503354147470353
0.4200697480464534
0.5582365172328346
0.4741906464168606
0.22869837785741254
0.44745645039517934
0.4413071535360623
0.45752355855706667
0.4150596303220614
0.4329209565885288
0.5151325678426129
0.4901608279701274
0.502120856969016
0.3973584573249563
0.4549426156858563
0.3857743139497301
0.43091669602852023
0.5992689085902853
0.37803451672863897
0.45356031367795624
0.4122693520858132
0.3590655606217804
0.3140166482711565
0.35478549234796086
0.4010438441925096
0.4108871070672938
0.4655787246943842
0.5345152612588278
0.47398375739884646
0.39349811991788713
0.5218330180448895
0.45727454098722187
0.34909632891890335
0.2998681129251608
0.38442014240967665
0.44544761778255626
0.5191642280353794
0.419382805932267
0.35533787812243267
0.43175118198372125
0.35587406678058187
0.410054235996635
0.4182345452854491
0.45904921078539285
0.4451416138403531
0.35753594911869946
0.3064871432509092
0.3805517994523162
0.4551046755303964
0.5041291326940822
0.5675710600255865
0.3810606774194781
0.27421356425079935
0.33857024668995706
0.4331231913655593
0.536193054787455
0.47457300013879744
0.24685482106640488
0.505952766579044
0.44817184203873833
0.5885794913566915
0.4096676462724996
0.4431211600108501
0.3949175434854403
0.4335710419234165
0.3746055141036827
0.5248140302907904
0.41306705233944097
0.5113893171049051
0.4451527968258422
0.38571761374914115
0.30677230860362914
0.3634222072188631
0.5072488337342538
0.3498885958813468
0.21090191621027665
0.599037456693609
0.4141733881847201
0.4714748126360003
0.3255157526743435
0.3576885093531219
0.4489802158383772
0.31633323331040597
0.43847726594113146
0.2923355223947314
0.5853097359485248
0.5166982555414277
0.4022843601413546
0.2536885027565664
0.45544719790764243
0.2332284412404998
0.323110912535745
0.26894436849719616
0.30703442214875687
0.46086257131748015
0.4337695754687724
0.46034419086528383
0.42227215059048046
0.34909602002200213
0.492399682707921
0.5168713378095293
0.3792367348222271
0.43735819099649237
0.3821637702589418
0.4703691098448811
0.4631996408469832
0.32402660492291624
0.4480450599496026
0.5206424263883669
0.29010586757420753
0.26890960767336847
0.40835057871350755
0.5255211629995614
0.5010531270483226
0.45572511621984446
0.573857756069363
0.3690678020997523
0.30446183538930816
0.6305240536086356
0.34486221199326195
0.5110770777474911
0.4391522898833619
0.4110001554192619
0.44979142487036133
0.41284775763318904
0.44057784832470476
0.29956563311596573
0.2298997736188756
0.473636239715089
0.2683053833664568
0.48944154005665763
0.4281710601225861
0.399878043767333
0.4264083565946578
0.5208568707754648
0.4634609865317292
0.4472649272592298
0.2895244850647386
0.4892603925288917
0.4538643303730147
0.30380706574561067
0.35079023793031816
0.3193324986614896
0.18448197425499768
0.40215211851805305
0.2635369392001895
0.25401011318435607
0.27828738895581995
0.48901412066445804
0.340094880656038
0.4834733771023863
0.42256115325384175
0.3707194306049713
0.5635474330056203
0.3635991913012794
0.3494333199607881
0.5243259333952972
0.38128188185729883
0.48185690435295303
0.4124609211065727
0.5581768113211608
0.3114123271359315
0.21726165343360893
0.44687544659914114
0.3821158957388684
0.34275660726319757
0.5051742918624547
0.28289383477775976
0.350288323892441
0.4492035434891443
0.5053855982203723
0.4499490668554905
0.4749328328515329
0.5761318504308768
0.3523952832652033
0.34874512275480307
0.4601920279879726
0.45841017744795537
0.4423415557824433
0.34572245515112376
0.4150469782141708
0.5173335013450097
0.35892717322812273
0.4023507165718948
0.3935015724601746
0.35173607681050445
0.3110083041809901
0.6563546729051681
0.4771472973975535
0.5611265043868701
0.4797914846710926
0.2962925131615607
0.37096410910423555
0.3805275075472071
0.305642164362131
0.4547880002061404
0.4912307447406739
0.3282077286595563
0.31823831405998926
0.3511405475449333
0.29384222301423923
0.4931952441120252
0.47898283127268376
0.3929160901317887
0.39017126312974115
0.4205239159485732
0.38959146769957653
0.39228084639454286
0.28966908414444403
0.36350420885576273
0.23401686120499066
0.47031663214161823
0.34545085239978646
0.4122583130997791
0.44042443814740645
0.431105342075916
0.5571136917316584
0.3501321630966655
0.4802901448347393
0.4560252305310728
0.3960886146460071
0.4586619890769888
0.49710204210836817
0.39710994430553825
0.5299061609522497
0.4705801872087803
0.36310466498354865
0.3170528153751647
0.39228705593746466
0.2996136423386394
0.564264502529267
0.4812593985069575
0.15108529353859657
0.4254761540621383
0.4218820104692734
0.45630998189850763
0.44369089286029273
0.304040130805333
0.4942345931233967
0.4894372330983832
0.35676180564456217
0.26127156377887495
0.3364669939218218
0.381755008009937
0.38348298107488027
0.47013611614095113
0.5355741798919229
0.5772826805084813
0.25508170519787354
0.39754990765012166
0.5521910631703438
0.46842112276218145
0.379754551306213
0.48734073054698157
0.4202653256882788
0.5063916800337258
0.2617611072107391
0.29426716386091745
0.48000593398133606
0.1990873325628345
0.23203387726615343
0.25504243476121025
0.3345295189201897
0.23325648010178113
0.3617083618069775
0.29882677439696737
0.38688560181671794
0.32978358849201805
0.3985059964928935
0.4240951309422316
0.38846775826460656
0.2801098126083559
0.5248312125211063
0.45209727666862926
0.5536606332078748
0.41099134491157324
0.4842945092899087
0.39477132501113227
0.36072819228526476
0.3772177822045297
0.23057843156772873
0.32984680041001446
0.3405848966878625
0.18436573988597094
0.0889733084500417
0.3539063697475079
0.41565556381129654
0.41708126843705884
0.47430157349670493
0.36333835230999434
0.346688023695617
0.46830039489469766
0.3351948135684466
0.47646402137768407
0.46783004287831287
0.3739766469962382
0.2317698209899467
0.1078533862945471
0.2801927264401034
0.20188408771672772
0.3012668579538348
0.5041115064399899
0.27993323416450777
0.5666659895395549
0.32586883742076345
0.044224883678717464
0.000598766615792834
0.47245252457748754
0.3570006227309418
0.3232004459376583
0.40625951933578347
0.3812030011954766
0.24299247895551968
0.4600983097237327
0.3916613060705515
0.4277690427739458
0.5725665547598677
0.3391255879388668
0.42451132722537627
0.5413697121322767
0.36884371564048113
0.4682443788008399
0.46727642627632293
0.5161770162245489
0.45842434643341334
0.3303987479531172
0.44838066818964095
0.2619605998224077
0.42534641401849577
0.4907307788716404
0.46756402923175355
0.5015317208543302
0.31665460222833763
0.2882729846335752
0.23432936188350617
0.3386419759889163
0.1798327220006012
0.6208462630783601
0.506892774451165
0.4408186796980301
0.42792551749387714
0.3881567912799653
0.30999297916083335
0.5262806778484654
0.40454988984386425
0.440298672852248
0.19045387469290154
0.35139110010258257
0.32857414157839626
0.43422142351410176
0.6201449376358894
0.5191497648628657
0.3792976048828509
0.23927992544041754
0.36052597936472586
0.20861838973447222
0.31331292681307243
0.4033042959730788
0.19359420001031424
0.48048641062888015
0.3823696025489579
0.37962184733521054
0.4820954377921433
0.3139626924883623
0.18206984256348657
0.4028892855741311
0.4067023214164158
0.35907067546146554
0.6009680074160721
0.3258602077661915
0.4381845207861985
0.37870838692522935
0.4970679973620668
0.24855962960389155
0.4127083622887805
0.41683375049469834
0.14095114388704877
0.270565761564702
0.4569891550826472
0.30922077926783753
0.5648930026695373
0.46787916909672445
0.4907975957014419
0.4390835283433704
0.24862276419740525
0.40106077895592585
0.24527683838867675
0.38419084785207414
0.4488991547653503
0.5322640535666208
0.4322990108746154
0.41121852518298696
0.5029303975697009
0.4846083343301136
0.5238993650152381
0.2070906613563941
0.4251952671871235
0.4000507790615565
0.4139907184417775
0.3828983848182872
0.3620770151843419
0.37703687309462997
0.38096425000403467
0.41980080873573955
0.15462084956779432
0.32281389251754866
0.12897167887382976
0.39964330790895186
0.25792006197527717
0.26909200204868
0.4694113063496146
0.3881959455759633
0.4327423773420483
0.38566251001475726
0.251230052879158
0.28671288209678303
0.3860741223646181
0.32605627735637654
0.2627574545572924
0.3681451294782626
0.2456366224153924
0.3069074389502471
0.3794380266712385
0.43193531043610284
0.3470094851340808
0.00647266139985081
0.3482242285768253
0.3557011914194668
0.3852859782625273
0.41845400871570865
0.10408511784682661
0.24994420934897488
0.4155734886875393
0.33087623363350205
0.24774434207521256
0.2652409110192401
0.12706452744885377
0.30392332248172893
0.37190318458826566
0.18308292510868363
0.16033583628434955
0.2959688675581045
0.31816019188334355
0.1596123601794488
0.4955506760319398
0.22158793136005683
0.1365181484469853
0.40411786911130043
0.4498157303912036
0.21384188371999735
0.33899026480777383
0.27797685916700443
0.36953020163963446
0.3623785537664471
0.29208668360836965
0.18300988334044754
0.4369559766547151
0.3068627325972635
0.29597536160312643
0.3750592174464017
0.36486409827310984
0.3192364421481023
0.18122321467804425
0.21396006430008785
0.5044514840195954
0.39969477068983106
0.4069895225274318
0.12624494998510427
0.2566998036339654
0.04988964726494194
0.4987329164802232
0.42000408643230297
0.43559672083786616
0.2851703038356632
0.43557153856604025
0.4081762914582684
0.3394429975168838
0.39621057794303605
0.4939338547305998
0.3589088988784867
0.2131007129868363
0.39831724208702196
0.2772042170183536
0.3926087326210714
0.3562971485971451
0.30395389615729596
0.30597062168728395
0.45771830639305366
0.42096463613912977
0.1320265565954819
0.4231590721124726
0.14375986169547805
0.3060637346243529
0.16674739781951664
0.25545667800608496
0.20458197418803914
0.40731164400498415
0.38890876347666975
0.2610905126172772
0.33832806565744367
0.3099155563772479
0.3824674600703234
0.357314129574926
0.4363445043546337
0.360521541133325
0.3437282645316093
0.25373765065933707
0.10658486012370516
0.13524087870903345
0.4560083548101265
0.2765131946689533
0.1784756618004122
0.34337906878434893
0.4554935391884911
0.33982666512428883
0.3460848513090291
0.459749352760744
0.43466364177678485
0.2342115732858001
0.4278263827209985
0.24412179025854597
0.28942330284448303
0.3804362603860519
0.17733695954877682
0.34569495517406756
0.38707916519507085
0.4349431543450523
0.19873503553896854
0.2867313685365944
0.17299050917833003
0.2607829289915272
0.3912999181306788
0.39926114602146556
0.1820368431110888
0.3451528354792731
0.21141254775994667
0.3995824642728505
-0.21854185263153636
0.3043428190215902
0.2704212316173975
0.3015889549843379
0.3822020070574648
0.3401568808015246
0.352797830736723
0.3238939998616417
0.4037972191299342
0.29461086321327623
0.2606548822629421
0.3432994318411744
0.23254816852949534
0.2646472866987082
0.35941667670147887
0.3448977534625235
0.42853038374438157
0.34364921515831526
0.19553447082168418
0.2769340954877749
0.344609440825557
0.46919239674884705
0.2905707144617342
0.11177939927101332
0.17023346730717137
0.22422426032990606
0.20675369389231812
0.31739208071555947
0.36406136706876024
0.2953064666013586
0.49758840454999415
0.48883009526136184
0.30457308564412966
0.3253038998604315
0.28754660182303626
0.07107481604394439
0.26966033229293973
0.3824142267461774
0.46944976894721746
0.21091395593327178
0.263654551200172
0.3451571340037869
0.4870343445399742
0.22432695466642294
0.40677482462677705
0.40270552993521624
0.2555681478405034
0.23713338417863117
0.3919213519196699
0.3962283455044679
0.4047154323422302
0.30388504912707026
0.25165424073520837
0.40635752252910334
0.24676845231094724
0.14723402402693597
0.37400751251416076
0.29386022313491644
0.2977398349713528
0.36974820549929904
0.2929617382057046
0.23372599423672502
0.370440008408091
0.3807891043758024
0.3100879670985548
0.3822142628313131
0.20873139040557653
0.23717212114298158
0.21848675393578854
0.44351387101539896
0.10288238829602303
0.3689920584812015
0.3560607114312194
0.3840301334621882
0.30697590555605936
0.039478473837341266
0.37553494173421126
0.031940155354040045
0.40841628757724185
0.24646783582264753
0.4373744189297692
0.24195196565974786
0.5802995634613075
0.34796413358050726
0.2667711669273516
0.33050184112795944
0.13932955480119513
0.26763188871506505
0.290622367249196
0.40101978189523224
0.3959936910980692
0.2978632027408735
0.40521304164431293
0.4015733357951259
0.3850136215864053
0.3476083692415258
-0.11086569920654132
0.2609737942424991
0.1707210247387675
0.39848601476549156
0.4201489354322145
0.26374236131310136
0.44116091118150125
0.262898376641175
0.15864628954638738
0.5207101473014206
0.20695489316151572
0.32723100314112064
0.4395353191184791
0.2693299729994909
0.18438288296192717
0.38714034520226714
0.3235091201755146
0.38898220555084956
0.3636825695957155
0.40403477764640616
0.4256443716014359
0.37315782900314365
0.29624866259829885
0.46146616282662206
0.20712537744944648
0.22054715269789338
0.41855203268979224
0.10778128142734011
0.31753753138837126
0.4159285097435817
0.2152053998260749
0.45186440067518296
-0.1881001096103998
0.32561152952386163
0.31081081094859264
0.111391956778216
0.43700176611974434
0.2466693948583163
0.2873463831956753
0.14188741835302865
0.27560431060204715
0.3946776279899016
0.370699654124947
0.3424487632300832
0.3628664647357234
0.27074712993797545
0.36547089034948144
0.3913086442055075
0.2457003984156373
0.34693798507675805
0.3534735947173204
0.2958559944375214
0.3818013141110171
0.014240652682215638
0.29328806426289666
0.20025715966710822
0.25557879851727283
0.45150282014673726
0.27718063875195265
0.4040065486866584
0.37627711200101
0.36932263526464776
0.17498029433959938
0.31936895877200466
0.3276634065167956
0.25405450135803775
0.2735533702651425
0.27205795204563143
0.34386815194837583
0.4297859980018063
0.41214281535003366
0.403571332526471
0.34092804239177876
0.4460286680663023
0.5442779879074315
0.23259301286781764
0.4317959192123341
0.2966472083821088
0.3231522582549924
0.3034297504015624
0.2976945918685481
0.39691220834873964
0.34470460151552307
0.36932765917271754
0.35403631447097117
0.3890054160350165
0.23046765140514103
0.3008408486022668
0.19730335631900464
0.42071427612090334
0.257282188464388
0.1708451013428799
0.1200130018911687
0.4309729542448191
0.20416716223717923
0.23927189511949043
0.35447057917424607
0.3192343685467388
0.1713201170087677
0.2350259509631113
0.29662226986370466
0.3127446388313936
0.425605272696017
0.3823185299507503
0.25292051938824345
0.10783337850658992
0.21254628062115966
0.390687149285285
0.4175717162425722
0.12940477189104793
0.295619806194644
0.34500221706364015
0.3396345994935348
0.2646938423390932
0.36352286936919265
0.35079382287525485
0.4383657986070105
0.3988066794617144
0.43148464511682777
0.40060698995112604
0.1668858755854319
0.33491133218640257
0.37397564356223295
0.31462822197465146
0.35120688566861447
0.2801090718506759
0.2557628710138401
0.40486930699847035
0.31818415286723256
0.5240260651891906
0.2946232278561096
0.4447732141484106
-0.027889408600962562
0.2753991323251205
0.25356956794530316
0.37687714911703296
0.5501613147283706
0.34678447566985726
0.3748732388423454
0.384158920639101
0.4800353051099721
0.20203712085545222
0.3167024307615618
0.4070919026447839
0.469376998493574
0.18365070276559348
0.1965200557189266
0.3662420956592427
0.3039739238105641
0.2516668992937149
0.36408882784929286
0.42863244754842256
0.23291032671168033
0.37382089136604735
0.2189804079632176
0.32476253146511114
0.12819239770463398
0.27801952168536204
0.37039054833429363
0.4757334738693925
0.318023008673211
0.4852631741831511
0.3266812305664366
0.33868183595236345
0.37270272482152783
0.0985999546853722
0.3628833709080702
0.29147294453864325
0.39517266316248745
0.28783181435981264
0.18291245486862262
0.1624096354487723
0.4159755051192711
0.4721608757903543
0.48913121785205926
0.1923456534918231
-0.0018743444069948545
0.3304718610153059
0.2640786410135654
0.36992382205007157
0.29656774506218386
0.2311535975942447
-0.0166522771409372
0.43121858684581227
0.311392266865104
0.3095756425912878
0.37956993929873833
0.20279267434932646
0.42688561062993985
0.3366190072742964
0.23455627273807467
0.2542688352322069
0.34257627037574
0.3254339505500967
0.30919758367984873
0.20432491986643553
0.4062339262018067
0.30912121209486587
0.39131628668200613
0.3706905890276024
0.43426599667203286
-0.025370143984214
0.34999909270387863
0.2968781095944183
0.26768345523616455
0.3631071292544394
0.24048685368472367
0.4571006921464493
0.4977049049721619
0.30915297693371413
0.3936823271377165
0.07987406426111665
0.329989796894277
0.2819146550237085
0.32320317366381646
0.3182143059587532
0.40110935944426185
0.056187742356188286
0.22645060201864087
0.37229765055056047
0.3370928951411326
0.43854421373140573
0.3813083238840427
0.21942154955532966
0.301086080001314
0.3654375526406007
0.2535587654417135
0.2332050861601065
0.30035135005064917
0.1845405560174298
0.35421356186727176
0.20517158441753092
0.21776689920775794
0.3344606478785597
0.3354988746528228
0.11393645637781868
0.21573198295068996
0.3900935945457477
0.35653339784674243
0.328943233111748
0.33956627838428843
0.24025404059745126
0.357191217298938
0.3103703380749736
0.43349399128519894
0.3598340550237828
0.3208690711103186
0.4019770020419684
0.35608715635043536
0.3921870039800714
0.2773789641079083
0.2660704572891429
0.21347242019943102
0.3622477823419671
0.47726475614276
0.2663224389309946
0.3048675829377375
0.23846216784960694
0.005379503342348602
0.49470744219045293
0.3684375597285134
0.2886933696846218
0.07493721877431514
0.38447338446954654
0.4379331871977594
0.22507800897793673
0.43243713792725325
0.47508732578805923
0.20433671467098802
0.3727149739970955
0.3307924764460942
0.39048677682919075
0.32595454745496244
0.22783181152884002
0.3994858042063264
0.23769425320901216
0.23092413701450532
0.18795662093869314
0.27074989785024917
0.3004010465255087
0.3392684754759464
0.30476844628189703
0.46188556110216517
0.41917807475905944
0.3885242367485521
0.28952924687250015
0.40180657624133553
0.33110800111172967
0.43806394131148024
0.330566306939174
0.30297045889496077
0.5972630918222183
0.042816297022535865
0.3330938406517252
0.3617773095461471
0.3628245394263556
0.43459072496787504
0.36922008931340455
0.29347467260329163
0.31290947272884384
0.24492272620994116
0.1819714262381119
0.2285721254614087
0.3696995378362493
0.30810627106228095
0.3794259708425505
0.3404531688411815
0.30376536890773087
0.4282240326073166
0.3783148525383613
0.4102837694787467
0.3328849767887748
0.4129378952562438
0.23721673363662943
0.4317487635055299
0.32748120975566375
0.4463510851606814
0.35219474169660187
0.2672713891494308
0.03491922527680413
0.33626286387835
0.22689762696683313
0.3526430913309484
0.27397227978859773
0.18426629328080835
0.3259026460088027
0.35023246617370807