-0.17914720363271555
-0.19910850519845508
-0.4678839029015184
-0.2896105419245332
-0.43770618772819586
-0.3847113354418281
-0.4562192509574865
-0.25400050996140816
-0.16316771627771087
-1.1102230246251565e-16
-0.26481595562733634
-0.14864103999722242
-0.2032163343295642
-0.3530946862006723
-0.35040400252861464
-0.2903661812871472
-0.2163875824223291
-0.20858767668501124
-0.1304074537191431
-0.3114956620693209
-0.1485298169017123
-0.13756710366721248
-0.1900112487930473
-0.5205243065505678
-0.377401209186984
-0.23367806557594686
-0.3763114425228984
-0.3061497676555968
-0.3550007447217072
-0.2810548104521951
-0.17152759037710452
-0.22467034937649558
-0.2770990748832841
-0.34279891495123105
-0.2276975439316808
-0.37383306510213793
-0.3049401122088991
-0.3088673749194684
-0.2182615446151561
-0.07006687839503489
-0.4163605771537931
-0.2230260564746034
-0.33615565949524623
-0.36101774643562184
-0.4073043483720327
-0.44854127814959494
-0.22310453353579346
-0.31749400724810056
-0.22976158400554145
-0.3359480167057237
-0.17653153377061656
-0.2133401909827676
-0.3727478774998668
-0.35248214350938567
-0.4079116455547571
-0.24802646164169181
-0.342336780601943
-0.3094621709622777
-0.08624441326124538
-0.08387839192766029
-0.18315035865063314
-0.7053511612650843
-0.2139987701403034
-0.2362130485702737
-0.21168670020629984
-0.3485459144247733
-0.3388352303334698
-0.3246493133875556
-0.27995083887904776
-0.27986830456067524
-0.4580738599016814
-7.401486830834377e-17
-0.27615326147735997
-0.24335931528890242
-0.2874468222398942
-0.37774907796823726
-0.1497150095466524
-0.5776524240929759
-0.23886567783076357
-0.6343720183626934
-0.26311898252778415
-0.16702666218312381
-0.18648905179586445
-0.2018934215561759
-0.41538291890160556
-0.1832235051285776
-0.3383339734754763
-0.2762292564120304
-0.3397452505082648
-0.3249482551811808
-0.25034631227512427
-0.1761400234616456
-0.317801446572852
-0.11211007245186
-0.29077409820571504
-0.32697617275874447
-0.5383149838821941
-0.16459857195908809
-0.4317122232318907
-0.41414132289109945