-0.3323839304565035
-0.48012270060859746
-0.44885590719780394
-0.40331781572740527
-0.4693914696244491
-0.4242598288541932
-0.43928272730815227
-0.3357500184280618
-0.45930595287732856
-0.5430234859282489
-0.5496394432968612
-0.5134844841216044
-0.5155297521460428
-0.4545190128747081
-0.3651285479283634
-0.7033933267987915
-0.39605368523125273
-0.22575673133541543
-0.7871145491602833
-0.11372491919705864
-0.2624326567898748
-0.20351929728903526
-0.30595927304112247
-0.4375136317153255
-0.34331645389800003
-0.3590149716778898
-0.3143650130138151
-4.0708177569589067e-16
-0.25156492293074406
-0.3181639008115534
-0.3235094026035816
-0.44461092269105523
-0.45957983672621683
-0.3866289194909711
-0.3346659224071482
-0.23789464450442707
-0.16920496000756302
-0.21036077920517418
-0.49315099199095996
-0.22789077133430588
-0.1674493838220859
-0.28433419416954553
-0.21517486393232055
-0.1935747665315746
-0.2726928493636525
-0.3455073325515472
-0.11281904928243598
-0.4336893546388146
-0.15568721768486418
-3.330669073875469e-16
-0.22361155701255536
-0.14452637070600102
-0.3039913743215744
-0.25667741416932793
-0.10709496464262218
-0.2688331132228408
-0.07685142504556139
-0.03375081255143486
-0.4016546313231424
-0.4241219981905466
-0.3663377399808015
-0.3627038563260098
-0.31834053692707615
-0.2696104691876577
-0.3303026994923065
-0.4140572563042941
-0.4167131803068236
-0.4395741038029771
-0.16988382612470193
-0.27654748130435425
-0.42259682650486075
-0.3455089760848861
-0.43204116023887784
-0.2001985805232128
-0.30526835775423367
-0.34292777542372055
-0.21558853519364218
-0.3205616840481864
-0.25806844911979276
-0.3995646140956687
-0.31689529667036037
-0.320803088595539
-0.28888801699698624
-0.39138742744492555
-0.44992221698067525
-0.2530247652469071
-0.27154866654754134
-0.19897033270819642
-0.24867961358261917
-0.34913979905507225
-0.2562295260559394
-0.3131485793742873
-0.34004177776446015
-0.46298581057130633
-0.4156458639489751
-0.475168208766357
-0.5794527572464369
-0.4814438910454728
-0.7103304173450858
-0.6913701235637207
-0.2830933440275466
-0.41843070188846143
-0.5334358973714288
-0.6174199102876715
-0.5083347794664278
-0.3342458331398858
-0.2831516031056935
-0.26785493754009654
-0.4612609555894636
-0.5043261954332648
-0.6550206406819179
-0.5231702229791866
-0.34959678073624656
-0.41045259976522325
-0.3213477313465321
-0.2928008713574605
-0.5261899691894845
-0.3239723187827115
-0.3734305269676704
-0.5456141919058441
-0.46925396220035115
-0.5080348611952076
-0.3925104958081692
-0.29951264924402965
-0.42740342047404445
-0.5831480963628917
-0.5292638723683754
-0.35745370530526877
-0.35706113949019275
-0.5430365387859204
-0.3192237612934557
-0.43566547684990165
-0.33876395235932033
-0.4292039447670063
-0.24758677429433174
-0.053933917238836025
-0.3274906390833529
-0.29248441419590315
-0.22218751247013377
-0.3027263407974895
-0.19944518186458962
-0.37843694385349624
-0.2542628356973091
-0.24898594375716387
-0.4726719689457851
-0.12247729046790239
-0.3353585638255462
-0.2816503739213138
-0.318266001651371
-0.31866630257443085
-0.1601995103169689
-0.12601551035123354
-0.14979945355644678
-0.2477984683605532
-0.2738185436988305
-0.06850322851448186
-0.0974471940487839
-0.0760335980331519
-0.47325895295044196
-0.37338866492720957
-0.35375753897214596
-0.6376491954277537
-0.511186326062061
-0.31887670262447415
-0.4456355510177411
-0.4488023214538569
-0.3364823732134504
-0.4378731667419844
-0.39984340112954364
-0.3727884386899672
-0.4222019757138674
-0.4014979549363863
-0.3026264196544365
-0.2623058645507054
-0.4686176105716765
-0.33657207161442454
-0.4261968596599403
-0.2649382604608645
-0.26350492459326064
-0.27257922033060844
-0.3796686301456507
-0.3127172570984598
-0.46043571026174207
-0.402818679942982
-0.4331234442364045
-0.4466518007763363
-0.5113704739852227
-0.4866329869454232
-0.30333994744063997
-0.39099879857027287
-0.34866473735183373
-0.3530046381112072
-0.279546511817799
-0.4470814098115809
-0.4496845046221591
-0.25323835931832583
-0.13257661313514282
-0.4741944268277738
-0.3828083323076485
-0.35631472515522467
-0.3244586849999974
-0.34809432971904214
-0.3960842807170828
-0.3867407822301259
-0.472935028127076
-0.43975689753882796
-0.26713768504565166
-0.35807332676260534
-0.6611670157305353
-0.5224254831921255
-0.43788730729431835
-0.426699873169126
-0.22434738041551608
-0.40570667363730395
-0.2684446526982514
-0.40120925092265264
-0.2792236920303572
-0.30559598267535404
-0.47036955034537253
-0.3413997992064508
-0.4611624261789357
-0.31123284287081776
-0.10701726501127541
-0.3919975119939926
-0.5480300146569473
-0.3907443946018898
-0.2750224396980311
-0.4930611773124732
-0.41507038620158393
-0.3218511111220855
-0.435991495274206
-0.2521057500443753
-0.48383587114921567
-0.4421457581086534
-0.3541662097463813
-0.4309292120348816
-0.2634659865655638
-0.25444193588592745
-0.22755244950285272
-0.15640568671651411
-0.2987724583050819
-0.38043615875579173
-0.22858626286195216
-0.3169399603808416
-0.33877411616094716
-0.3292829101304943
-0.2829342156415015
-0.32154942877444054
-0.4192392358145839
-0.3132774671802067
-0.4574498930903244
-0.2328831226993544
-0.4061949662030766
-0.44518886918937567
-0.302310913193742
-0.4935099405588901
-0.5255665506026808
-0.4784603174199303
-0.37630466932075574
-0.5058664635572866
-0.3792251542873227
-0.38024602537512375
-0.6376711024328773
-0.3695102513465819
-0.5158363617001054
-0.5537526792251297
-0.44022820403391544
-0.5446114550682646
-0.5036373986529564
-0.586251093659326
-0.4837895002949564
-0.5138874360009067
-0.35532322447624587
-0.3652000776304713
-0.015806287999686145
-0.10226666813374455
-0.01659997751752013
-0.2013241120419658
-0.15762399469899546
-0.16975583258955582
-0.07987319421480106
-3.4487779062824005e-16
-2.9341608507950565e-16
-0.5304543731008482
-0.3907259303679215
-0.18738306893338763
-0.0918358593595525
-0.2955999581062794
-0.1961380866745936
-0.3558932186761097
-0.3776937419756656
-0.2550098581830167
-0.2886333210467135
-0.41585381479548944
-0.3059396873188385
-0.38565409657799027
-0.32071163354204696
-0.21624143178648114
-0.38607696490299537
-0.0602342374965749
-0.24609753341844862
-0.37531487884496395
-0.280244732787874
-0.29589119342114245
-0.2688808303384864
-0.32959360797971016
-0.36896212471295664
-0.13014963598747373
-0.25967700691427287
-0.14426081475574426
-0.5208381184190707
-0.23873583550008065
-0.45173956639661617
-0.4028926774286939
-0.3016969487640483
-0.09247250912584698
-0.304627561539622
-0.3043490537562717
-0.240476702300219
-0.37068478617652717
-0.2237637507800901
-0.35844081947566186
-0.2903544716957006
-0.13477886587983523
-0.33195349796989077
-0.3470407013527817
-0.41855089320769945
-0.5982160247225022
-0.25402682841585816
-0.44480671227355456
-0.3934843236367966
-0.3662231571802183
-0.4434688335496623
-0.25920449937223144
-0.2556509441337177
-0.41517666406560677
-0.3067289915302381
-0.1429706576556174
-0.43391886532856505
-0.3300795903400555
-0.38843275016138784
-0.3553609097956518
-0.2973711870173478
-0.12222836054260043
-0.2018122922793454
-0.37652739706683225
-0.196904782333458
-0.5395430099939191
-0.4868440950788097
-0.4317919506783609
-0.22725209944758046
-0.35926589527068314
-0.3715569916585965
-0.3831926848068518
-0.29440337870808403
-0.28794026876569495
-0.12745229788468437
-0.19779056826466723
-0.2737347289281898
-0.22863143564785426
-0.2813161660443725
-0.1728527198908384
-0.28914762631930235
-0.2366093448341352
-0.40443240288167015
-0.35958041805403507
-0.5143549250166378
-0.42368759096804787
-0.4435906733374053
-0.3509114685479632
-0.2604042243630531
-0.3174633073419975
-0.2940525649894984
-0.47386786401683223
-0.3535312945575137
-0.2408172232338856
-0.17299069252648538
-0.2294029091004266
-0.404399415833368
-0.3176870166929341
-0.09848161841777946
-0.1450378204856469
-0.45690984800589063
-0.22384274269678395
-0.19776394976228673
-0.1885261527961515
-0.2648413696545292
-0.41769841452376305
-0.3961520883608086
-0.17485208054939735
-0.11532904928478668
-0.388747610310613
-0.32847583865191105
-0.16926383366127873
-0.19333643256215463
-0.26582473942979545
-0.31683506689279134
-0.22443643761957568
-0.08825869966488357
-0.24349144110867443
-0.24747742210309592
-0.28816706637025896
-0.3679740071712707
-0.25616351029354967
-0.2337524548457803
-0.29793074108568607
-0.2299287504515619
-0.4491520263275988
-0.21439780923724225
-0.26364390608498756
-0.2050586260026894
-0.2712171241541679
-0.2502274219980831
-0.3729292664990811
-0.1549278247160589
-0.3404529790779796
-0.3642658268037618
-0.2785452262236961
-0.3341619135215881
-0.37351081023988214
-4.440892098500626e-16
-0.42784808584326206
-0.4700306237674308
-0.376209142255502
-0.27063466712323103
-0.34160991959018355
-0.34809880696510237
-0.46581588513402905
-0.3950211968239884
-0.39240619323565945
-0.3503478420529853
-0.5570227044724657
-0.33214729766676615
-0.2791870171928941
-0.45762234804566576
-0.3785106586053477
-0.3577252911649648
-0.3824533157445269
-0.3556807832481739
-0.39582678300242846
-0.5378299198381241
-0.5097764925945392
-0.5292089774327406
-0.3364205834839687
-0.4076649245034932
-0.34829102138865764
-0.5265677616446209
-0.2927667330167582
-0.4634693331889488
-0.4372314795077437
-0.3777704202440626
-0.31398987300628506
-0.1968614223682623
-0.16246898387187197
-0.30179000759416386
-0.16556654080304617
-0.1402718588123789
-0.27949941208379603
-0.3892478112805679
-0.5258801467323564
-0.5190855634459756
-0.5169074074505811
-0.5601578609914064
-0.41998900129503186
-0.6490396802541573
-0.4519927510003571
-0.3528978946535053
-0.3691331569185421
-0.6669310536732839
-0.4816000869108992
-0.49924756461811987
-0.2567311982968586
-0.2960218677631339
-0.31102449056959747
-0.2623511135356875
-0.21104502942952627
-0.12066132867550027
-0.1087838300911329
-0.23466812148877347
-0.01889995482394418
-0.25169725863259734
-0.298366719534571
-0.21329222069804007
-0.43981983250181944
-0.3352618754762815
-0.3174182610071984
-0.27088670318345653
-2.5620531337503615e-16
-0.07354712157816759
-0.48858136266258884
-0.1744349033672204
-0.10841859747612853
-0.3019430483271954
-0.16622220041159858
-0.250507189445549
-0.17762227451500306
-0.299413808176977
-0.27065808927090607
-0.19950361824038707
-0.19806808196356732
-0.20738143035873088
-0.35894070864688854
-0.3074429062903515
-0.3348372329869546
-0.3273915521383234
-0.3010232021711538
-0.28477883421639905
-0.3790616239702427
-0.223668868863944
-0.3457332567951377
-0.1500544915783124
-0.47684479381277217
-0.3202986265721453
-0.3284120586056246
-0.4015997082841277
-0.2460231500620135
-0.21190384490635697
-0.4148829988257304
-0.18075629939595197
-0.34368264230114537
-0.4324650556523542
-0.4522873926371716
-0.29346921752030974
-0.3642120116630023
-0.36662472992277706
-0.4981573313184443
-0.24842403126355547
-0.29678738762049167
-0.40035660183599237
-0.4254755016896354
-0.06812774121455238
-0.43010274707779367
-0.4957685844450927
-0.28223533816503127
-0.2624739955190165
-0.13826160548608016
-0.3626416805048696
-0.40383434874889523
-0.4605938729675008
-0.2545246596878406
-0.36585131347463906
-0.5221776664403655
-0.36732296878891146
-0.5075857722989878
-0.48560431184522646
-0.4234787301004542
-0.3602557964860324
-0.365300582301142
-0.591453753827395
-0.4294745304886737
-0.5642269078113983
-0.3204641083161339
-0.28192177931208356
-0.23913651372360176
-0.42696799738580277
-0.4424204003262682
-0.4084746845289116
-0.33198186068111785
-0.3661639572330443
-0.2029188135181103
-0.3679031884480081
-0.14838236571078423
-0.35428876987543795
-0.37163461392980396
-0.3880505837638881
-0.3000471503065451
-0.16584130863014981
-0.3938972597739595
-0.3762906391569743
-0.3959956863679324
-0.39254983193456267
-0.31174113135694576
-0.19860124669808066
-0.39089796780547165
-0.5291436250561079
-0.09721701216939498
-0.503513063860295
-0.450748060497036
-0.2841273245831154
-0.4774354033607772
-0.28034641472298466
-0.4830140520135554
-0.1397237713884418
-0.2256818692163334
-0.15653417182020235
-0.33657956049695725
-0.30640089733266135
-0.10550652880490011
-0.33381390090708457
-0.17993913411305365
-0.5149571736033038
-0.20377263895685882
-0.19559479624943868
-0.2843755083027889
-0.09989338596179977
-0.14917136563746256
-0.3264850053916144
-0.29932529699513605
-0.3272171554468733
-0.3697011460167444
-0.16846082625884246
-0.33652364631760184
-0.3187958695656255
-0.3334348705019844
-0.3506512369132314
-0.2149359682777061
-0.25686822207707
-0.2722803595054925
-0.6369019137814583
-0.42131688383981514
-0.41591107995409643
-0.5571806232042285
-0.3567543951480207
-0.38712400627429977
-0.2924906100515204
-0.4341506994984821
-0.40981373193065124
-0.3511346641627452
-0.45224689255511913
-0.4513371402751326
-0.42194293383375026
-0.2760521129149137
-0.1567405614026744
-0.26260236835822465
-0.2451294373341902
-0.36477552628653775
-0.2213255463163953
-0.15237815630438065
-0.2981003678572294
-0.28055813666604923
-3.515706244646329e-16
-0.1354117115817172
-0.3125128444877196
-0.2683035510729795
-0.3567734669913744
-0.5275115809188011
-0.39209479955758025
-0.2479726284520467
-0.2903765538623497
-0.3090162957911123
-0.19809175651101563
-0.2566096744657276
-0.5447750336923465
-0.31647312507422554
-0.3757103323713905
-0.2189948435969478
-0.4487540712994279
-0.108356029672432
-0.43896588015223853
-0.21102550288227503
-0.6180049160083182
-0.4590475797319662
-0.5149484944348194
-0.5630945188340373
-0.46384003717700384
-0.48513635663886573
-0.6029464754119251
-0.3310938304006119
-0.4586007755965832
-0.5319185363280177
-0.5492580302596861
-0.44340410726122503
-0.5744559283221953
-0.5017045192123024
-0.3751573493401015
-0.7961129080694475
-0.35011816049894573
-0.19219509017790234
-0.7291792539932931
-0.20264308039739828
-0.2867841016989422
-0.22456486307158147
-0.372604234201541
-0.5254732078106228
-0.23883523605558843
-0.34380001509160896
-0.2593327375711913
-0.31625763771614734
-0.22769309378136846
-0.2899237935929277
-0.3212088199005362
-0.28055095322619783
-0.4245342190930842
-0.3086992641601532
-0.34525732005581583
-0.23789464450442707
-0.15636548226402655
-0.3158461546781405
-0.47463487259580706
-0.23096530200804888
-0.11044968190909162
-0.1363318889316631
-0.11821841153129628
-0.178845535934154
-0.1250628998631033
-0.3906948855194352
-0.11281904928243598
-0.39052324514677245
-0.20081653164073338
-0.13989219745045836
-0.11062524920988061
-0.11631677487722938
-0.32650114326988744
-3.928481471750554e-16
-0.12384602015948074
-0.11215875150479657
-0.07685142504556139
-0.17928287991064862
-0.3861980516087964
-0.4241219981905466
-0.23396727930706526
-0.4906556984081861
-0.4362983177918694
-0.2836784987036257
-0.3379455498906734
-0.32171541600393727
-0.3456273244083664
-0.446437630580399
-0.2618493561676564
-0.35552874110021065
-0.42134006112809297
-0.390081518869037
-0.3924925571904541
-0.2805118876637589
-0.3270547332055505
-0.3779159318989943
-0.323478754905904
-0.26010597059634355
-0.4849419084618318
-0.4059807548611195
-0.4606177895244998
-0.30778320259632425
-0.2582901497668033
-0.39138742744492555
-0.41793150425461595
-0.22600318997362806
-0.28722759950816584
-0.26302014131226836
-0.2364168324811097
-0.4492121311317177
-0.2562295260559394
-0.27908856493968237
-0.5611724255946975
-0.5099503378012228
-0.42331816438449565
-0.4243318744045286
-0.3959390187280377
-0.5285612861242919
-0.68242324139129
-0.7674639674996607
-0.30058297736344747
-0.468464103693174
-0.5070749631779143
-0.5648255316946257
-0.5672076782451794
-0.42905610353855583
-0.33957375413464486
-0.23740683031663362
-0.5097636007822262
-0.5553328230190537
-0.6601275385043651
-0.5590732084327882
-0.5151221375597814
-0.41026834384351973
-0.3711274844400379
-0.39112848875383543
-0.5957342224443246
-0.4157336590013401
-0.2457442632352692
-0.5753110333170631
-0.3796950246626692
-0.5004128180069906
-0.3112285132419562
-0.3620234331832459
-0.44067307107270476
-0.5287283311670906
-0.481435745155495
-0.38805324685045317
-0.36861468800481895
-0.6329936194359554
-0.3205063522804117
-0.3492377680295335
-0.34678769701294276
-0.3331906247992724
-0.21955743777446138
-0.037344036255165476
-0.20974940438812714
-1.9984014443252818e-16
-0.08498095443443757
-0.28012345853328574
-0.25770803067636416
-0.284826323283603
-0.22961491250377503
-0.32313106788523566
-0.363569422108938
-0.10533128573715694
-0.23003073619792955
-0.4517813146821771
-0.28013093743508694
-0.33362957544925803
-0.1626329716221611
-0.20653406975448174
-0.4477133807869978
-0.3175280542072999
-0.3024955234308508
-0.12024895260966353
-0.18920447662066558
-0.14602487532873606
-0.5216328094491577
-0.32553465873506765
-0.45042741916623724
-0.6481518684627728
-0.5306615603421313
-0.2355223540783761
-0.5486818076842934
-0.4563017370458671
-0.2680246418729101
-0.44011628075349485
-0.41327449016471224
-0.3603140502522096
-0.4734176137124105
-0.6328864104024187
-0.3515739636304892
-0.30258544709540947
-0.40777481007545663
-0.3493574313453273
-0.38755915000708013
-0.25502972637373106
-0.22337506500456578
-0.35404700593954225
-0.3220915273511897
-0.34715227593057263
-0.47872065642134415
-0.38353680405621826
-0.43315156078264044
-0.3063429023769447
-0.49364998201475424
-0.5508048871950019
-0.2963451070849958
-0.40505474564012256
-0.377311583749277
-0.35451654918505676
-0.3664118320068973
-0.5034220729562124
-0.4496845046221591
-0.25668206456947823
-0.3949887810552201
-0.552698576329122
-0.4631672767130644
-0.39071129556348694
-0.38404054764600287
-0.2509980859353527
-0.45215575480069653
-0.3984174416796474
-0.44416439525157425
-0.4580769046914546
-0.35893875330544006
-0.2856696811202877
-0.5947147929630096
-0.4647021145308736
-0.37080755082999267
-0.43099086783106727
-0.31841408366318297
-0.6069417188053431
-0.3190182970134779
-0.4896850687590512
-0.31648752109033224
-0.22285259229338494
-0.4730608531383098
-0.39854007368219563
-0.487451088344019
-0.34376061466971136
-0.2154054009611298
-0.4078882157826863
-0.5552263638422873
-0.5097440123022161
-0.32278360004335604
-0.5074079023827458
-0.37445690561147776
-0.21519735158656833
-0.45538653323717093
-0.19919732073248214
-0.38321564805281677
-0.4029018061356367
-0.4160406566703694
-0.4600796195363333
-0.26294150832010865
-0.15582374517713488
-0.1766636637588249
-0.14372635122569005
-0.32332161449204694
-0.19837494694823943
-0.2668735908508067
-0.35411547600889737
-0.3213383859568417
-0.348336080508754
-0.23839290698532103
-0.3375757942627225
-0.30972930681073435
-0.290770998794189
-0.34176039640889955
-0.3080488090804683
-0.37677920968050393
-0.3327971184041387
-0.292572173320114
-0.47270936447350254
-0.5222636832187566
-0.4156808538582522
-0.3464608198843404
-0.4329499485536343
-0.2692100995322693
-0.42502008573334477
-0.6327165995460285
-0.3456126465094994
-0.43042995369163567
-0.5781087496276174
-0.4696031739329941
-0.5207557699487799
-0.5164719097789854
-0.5595214122397801
-0.467302927093144
-0.5421608528872167
-0.41976176334903265
-0.4211500405694446
-0.12112312338621797
-0.11272352383799734
-0.01659997751752013
-0.3284898082896931
-0.13431712863621978
-0.2572522301920158
-0.20722102323131603
-0.046360411876134364
-0.23574002927081933
-0.371320156923379
-0.32773000909324335
-0.16665489115072563
-0.2294113097098833
-0.27942847628994893
-0.17433081859625899
-0.32005658337919346
-0.25951265582525235
-0.18925853373015106
-0.2531432600891812
-0.25005051469549777
-0.1906979136326453
-0.2958434900976438
-0.27847739500577395
-0.20882216854908328
-0.38607696490299537
-0.11757151250113718
-0.2716632076198858
-0.20879916710592647
-0.29079915569579995
-0.40445872492929336
-0.30962290357230826
-0.29331470209652455
-0.438065599316748
-0.11333494075446258
-0.31662724317297714
-0.07400729723251011
-0.4440936312519198
-0.22576638894282336
-0.20088947480792085
-0.2764852876666139
-0.3524058259890846
-0.295155018338072
-0.31942392554231525
-0.23469047772353863
-0.32221359867432864
-0.4213136246052412
-0.2237637507800901
-0.2966354963987518
-0.1761479797685668
-0.13122795339540338
-0.1813749477357307
-0.4481906914040062
-0.8058580477994041
-0.48689548764235646
-0.26093602982710085
-0.37035415941227734
-0.4982763391006851
-0.39340564235075054
-0.3792303018771024
-0.16018170975129511
-0.334216334844015
-0.2649416058648312
-0.23170683337836717
-0.11192740487723107
-0.28962753475783054
-0.09137612505571084
-0.40181149369354213
-0.33724299253850054
-0.3753590875747925
-0.22012858138724434
-0.2131142410399244
-0.3893016822207571
-0.26814598546831386
-0.5409656762761405
-0.5832091705219017
-0.42923456811645266
-0.1386223979419569
-0.5103802406585958
-0.5206448647954155
-0.2505352728545755
-0.4269860141145433
-0.352720396823461
-0.2047834156346845
-0.16880358461633058
-0.26573972344383184
-0.24391050232171668
-0.37672271684827485
-0.1728527198908384
-0.3239050300950554
-0.2643664717881706
-0.35285694672899476
-0.5987813854932751
-0.5335119138461869
-0.43359714861002024
-0.49590942997194626
-0.36273956002679675
-0.2604042243630531
-0.2859695754274657
-0.30507097901266
-0.3980923958998416
-0.3470443552945134
-0.37193447408342156
-0.17370148596410928
-0.3328805072689453
-0.43736663238667917
-0.18100255237854335
-0.2003208273589477
-0.16202543902838737
-0.2156215672238595
-0.08436647568980207
-0.17507580046331525
-0.13887676996382511
-0.1033623626416129
-0.39463740182632295
-0.5010730704249224
-0.22366536479051402
-0.30503377959468475
-0.43167333630599053
-0.3521980752798945
-0.23796780140456364
-0.19594236643502963
-0.28183658965544967
-0.37049127686069977
-0.2200087217828944
-0.19358364359784885
-0.2782627012242299
-0.22365609666859318
-0.2567859586752654
-0.3863994170240033
-0.43176400707053036
-0.288419679411942
-0.31440740100289893
-0.256800395275153
-0.4365526029719968
-0.35924054297271074
-0.3551682637093216
-0.26691024454549733
-0.34421491915437613
-0.17101857521422523
-0.3334843853725798
-0.26564776844287236
-0.37086394891147517
-0.3692036170076091
-0.2754363354216083
-0.39955547225350113
-0.41311084664173914
-0.39996825641076267
-0.48946735055477797
-0.42079148028864505
-0.3310021636579584
-0.2409316920985444
-0.37842511342277935
-0.3614874355418966
-0.4193684372666789
-0.37817901912702967
-0.5510947920665106
-0.3574488628913872
-0.31464575347662155
-0.2941775657769801
-0.19687027043552577
-0.48377654541163523
-0.42720002946780133
-0.35888035255759265
-0.3486073121351456
-0.33981832909931514
-0.43608745820840217
-0.5016208174179457
-0.5498308255376065
-0.5023426407829753
-0.3499864236718586
-0.4216013316735605
-0.38642607225322884
-0.5099006166982643
-0.41383409616238576
-0.42649314355667106
-0.45256527812935404
-0.41524462083694036
-0.2172246600931914
-0.18340761884869758
-0.17308725200871192
-0.22719329000369076
-0.15833931070322185
-0.1513254925807748
-0.2506966384843978
-0.3564400599838096
-0.6011796522433903
-0.5326793411515924
-0.4167095086684839
-0.5834685998725906
-0.4219225071294975
-0.7153530140335271
-0.4938702030123319
-0.3673511209283153
-0.4217967462197703
-0.39129384694035
-0.42488361596660795
-0.4605866257160346
-0.3219079180487725
-0.3287548519796488
-0.2316582718655039
-0.19309827236093616
-0.28756840454076193
-0.04737098653777948
-0.18320475101433947
-0.25199248947209896
-0.074976126429999
-0.17984598048827985
-0.30983382048148067
-0.34270245509643527
-0.30972930681073435
-0.32227361719762276
-0.35185325219144375
-0.27581716233155923
-0.16728667481376586
-0.15311891461210322
-0.47939585679392704
-0.20516796587514124
-0.23131398058682592
-0.2149962427601434
-0.28809225471599503
-0.227327456508153
-0.11479398488604513
-0.28614929372624126
-0.2687908101157223
-0.1849556862140087
-0.3727779176133476
-0.22338738556145976
-0.3919783781121138
-0.3264895584976108
-0.3270836703992846
-0.3787665022576883
-0.3333799978053534
-0.3069550196591656
-0.4292530407094669
-0.2606386024575601
-0.3554166436671258
-0.17078286969216147
-0.4747651456190909
-0.368544635961287
-0.2957028103681633
-0.3477534226612846
-0.21502991928675927
-0.13866201196871583
-0.37770309171797545
-0.1667025750330534
-0.3351146492932236
-0.4178212132222281
-0.5433836949448753
-0.40124693069914996
-0.33238530003788525
-0.3558286970570809
-0.5138114415790416
-0.30362324384930744
-0.2658758772869262
-0.34161958193396075
-0.368496024933237
-0.029546669212815926
-0.3878063735653444
-0.32987618486843656
-0.3075595213337685
-0.35122910598209445
-0.1641345526744517
-0.3429969938382181
-0.3387534280402546
-0.40143783430524377
-0.2545246596878406
-0.5228789626816756
-0.6258990520779287
-0.5186290985610824
-0.4705471244447227
-0.43875112177548775
-0.3225084542892262
-0.3748797637834034
-0.34953766776800516
-0.570834916761969
-0.4735825281267178
-0.5403335361035528
-0.3594158390860251
-0.23144458951966967
-0.465909337423779
-0.28001090638570764
-0.37388884125372
-0.020452341319744792
-0.28951968725226473
-0.22248149894429348
-0.2861581070208872
-0.07398689943144052
-0.0689651382608082
-0.23377815462306764
-0.5239403618867073
-0.37305814250151004
-0.3407979050320123
-0.17938632677321512
-0.35891011724506305
-0.367250465755541
-0.39420591742752936
-0.3878192933019864
-0.3915636968489301
-0.20491469823357097
-0.3979078790179916
-0.595137685108868
-0.17346550237816052
-0.5260158626725653
-0.6140838127001053
-0.2841273245831154
-0.6276522534737651
-0.23352753377570465
-0.5107109649193143
-0.2061511676082071
-0.143044006248596
-0.12959664495779727
-0.2986637615315932
-0.25096084064774465
-0.19830400640242515
-0.3176192459923424
-0.13151218380435753
-0.414236071520393
-0.13245594977547015
-0.12086558919169135
-0.24026872618655173
-0.6545363838805948
-0.29611951307535417
-0.4062601028724516
-0.28177801038836975
-0.28355852022183103
-0.38881435311600193
-0.24546135008612024
-0.3060927999263375
-0.3262018339860412
-0.3314548985582914
-0.29943571586176737
-0.2617510103413237
-0.30608557256628927
-0.22669112714675702
-0.6218455623691984
-0.3873446001801575
-0.33355061610432035
-0.47578193601181445
-0.32089943281213124
-0.3523757232559127
-0.31198448133531187
-0.4375499011873687
-0.4588818343715678
-0.382015934686959
-0.4214870681717351
-0.48660921447437216
-0.40914963815761984
-0.2760521129149137
-0.4135786773270134
-0.3887169135498544
-0.3153622942645869
-0.06539582070327953
-0.2117621385135501
-0.23245078119783286
-0.29108201828148567
-0.3279907449237058
-3.515706244646329e-16
-0.21668960895050138
-0.34142082035224913
-0.3119835059870727
-0.41748299969908204
-0.4265474421328989
-0.41027195873103933
-0.2283403694353409
-0.4015512806240169
-0.21762561144527098
-0.24169670725529752
-0.17143451351953154
-0.4597108128940713
-0.33468494151144307
-0.2965506702703244
-0.29050120966592735
-0.32482990658571903
-0.13069023599408416
-0.40763572079593324
-0.2196978125707132
-0.46687661930734664
-0.4855995426937555
-0.5415849017935486
-0.5170634423465901
-0.4897573993469319
-0.4093403650172415
-0.6106028088463799
-0.3328552315458172
-0.4317267340343893
-0.5534409525683398
-0.5434580851729566
-0.5173763467175996
-0.4708894363306201
-0.5065133110725111
-0.391227701788691
-0.7086894404876088
-0.35955537136495014
-0.2407108055133968
-0.7561471751030457
-0.12336989193698647
-0.1804444964911096
-0.22906142067125895
-0.2869259080281428
-0.4397849037245291
-0.2779333626410109
-0.3287455347136657
-0.2923957771323545
-0.14302794818245232
-0.2199019818195325
-0.3518496450874339
-0.3092208439466802
-0.4733030327920813
-0.3713654835948495
-0.2852051994430803
-0.2659470832785822
-0.20062366519702912
-0.18034316113646634
-0.21036077920517418
-0.4482598213898934
-0.21825914208991443
-0.21901265702006179
-0.2698417159647983
-0.19447710202633223
-0.10684952121310892
-0.22375526675989668
-0.2836122183400181
-0.11281904928243598
-0.5329717679685283
-0.17320844601264282
-3.330669073875469e-16
-0.12330729138579713
-0.0571535655609449
-0.2194445654375503
-0.25667741416932793
-1.4802973661668753e-16
-0.1862257368692382
-0.07685142504556139
-0.17928287991064862
-0.3850545103454361
-0.4241219981905466
-0.3331412326052784
-0.46897990737861656
-0.4427440945888807
-0.2779887062730057
-0.29892153800416527
-0.4140572563042941
-0.3500925126865044
-0.39704928704752945
-0.3254909385530228
-0.3325215584325212
-0.41955130403443874
-0.4259596415877739
-0.38808277056742874
-0.32634396629171486
-0.31500645512299036
-0.3707986291945218
-0.22857774363539926
-0.276603336706008
-0.184345155800119
-0.2557029109514064
-0.3564422352423169
-0.3395623018174426
-0.38538480213654663
-0.39138742744492555
-0.41793150425461595
-0.35162977128181283
-0.2818015558377563
-0.19897033270819642
-0.17294002971625852
-0.4632641883049413
-0.2562295260559394
-0.2681045796285183
-0.4723446809675068
-0.6156713726487976
-0.43573049379412593
-0.4936988163675451
-0.4154767015459031
-0.5430305194750356
-0.7038338653715874
-0.7181747197125036
-0.2452273292073874
-0.4230262730098674
-0.5575627099937632
-0.5827537831002032
-0.5059956152501236
-0.421758149648851
-0.33957375413464486
-0.22942975876466012
-0.513415806028039
-0.49263515353670223
-0.7139454083766269
-0.573911998857737
-0.363413112416601
-0.4682567133582978
-0.3723177373122332
-0.33633772637737913
-0.5434394235743119
-0.3304332216528189
-0.32796629966085583
-0.6033345062633301
-0.47239760691190935
-0.32244840049035184
-0.3824555853529443
-0.38122350211655975
-0.4238036450373235
-0.47416802489118526
-0.5060899666911244
-0.3144022057600681
-0.3105898762989864
-0.5352830447088861
-0.3035143716641223
-0.3393872323731408
-0.22846969534619266
-0.3358634475926017
-0.1980313509231378
-0.06823174098113195
-0.27104929526197813
-1.9984014443252818e-16
-0.09381832955119022
-0.25498163846285954
-0.1338371358369961
-0.42346598513991646
-0.09009937088577212
-0.36957381872305545
-0.35200664993757025
-0.13126657805124442
-0.3043684967983962
-0.27261089196649463
-0.31634252239254834
-0.32090409631231465
-0.15978170052607996
-0.12601551035123354
-0.22354895957553414
-0.2875931843965985
-0.37959634825754235
-0.12161950826759785
-0.1848071480015938
-0.12980100321205243
-0.47495170392841046
-0.3239216033525066
-0.37559834729367714
-0.5741057312021722
-0.4712490034812617
-0.3108533165321311
-0.32010408879348146
-0.4589370249818828
-0.34941421367165515
-0.4251072904472909
-0.41394565384360893
-0.35680299956914213
-0.4768730522946372
-0.5075550620604842
-0.3296992959374613
-0.29337991101387556
-0.44191247715508
-0.3265640267964348
-0.3351345308637037
-0.2263703043614509
-0.26350492459326064
-0.28004315977845945
-0.32986126242780484
-0.27866196200893756
-0.4463535416329182
-0.40410491570938795
-0.4256428624046181
-0.49358109347309953
-0.5073268675862243
-0.5239577783613267
-0.36375817156066736
-0.4729247752682631
-0.3739487840188189
-0.3753771892302346
-0.33547185747015534
-0.5227410011756122
-0.4133831064744873
-0.2131574590380412
-0.3220632764899148
-0.43959923295035364
-0.42830267846652403
-0.40628629941057987
-0.3129170083554007
-0.23256976591937584
-0.3960842807170828
-0.385047502966913
-0.39614006166881843
-0.4337023641623844
-0.3179690492226079
-0.31235106304833055
-0.5883356214523762
-0.5224254831921255
-0.4574180749076894
-0.4797103538024029
-0.22434738041551608
-0.4702536757591678
-0.22608919446432965
-0.4513973137993933
-0.20220901550499473
-0.259636725240489
-0.4566290029998211
-0.3550143393910602
-0.444607917648229
-0.3325750503921732
-0.10816919027198052
-0.3388693045803043
-0.5552263638422873
-0.44072356992297484
-0.2852950115276127
-0.4910593086299066
-0.3858393659055292
-0.1831620966027977
-0.3499342263796467
-0.162075500691408
-0.4416717006664767
-0.42520470856658693
-0.42901825191831655
-0.418266781179078
-0.26259606603233915
-0.21557586581072824
-0.05644579337214694
-0.1657351024464711
-0.25937329012391963
-0.29295031081394185
-0.2209800291361032
-0.33745921216841723
-0.3813193817261632
-0.286255693185865
-0.2553355922023619
-0.36053935728956366
-0.3417431606492643
-0.27041805688484655
-0.33207375589800403
-0.23896464075170673
-0.4251252625704388
-0.3398319671135274
-0.356056491242086
-0.5357156690634209
-0.512243571557891
-0.48576688912381993
-0.3667675566602328
-0.45311770741219076
-0.3045987983469505
-0.38024602537512375
-0.6520045689660475
-0.3810434995248189
-0.4483290980590965
-0.5706138763805273
-0.43106819774608046
-0.559667128611292
-0.5046321477487673
-0.5839083804529006
-0.49041874358436666
-0.4874733096307631
-0.41785618677050124
-0.41588442307392126
-0.08641042084975219
-0.13314058311456556
-0.08810995729617307
-0.40043510348203354
-0.15601821181411096
-0.16975583258955582
-0.1244854474896063
-3.4487779062824005e-16
-0.1701949973826238
-0.4329205694941254
-0.2769424932602404
-0.10562840113309027
-0.22050709409467598
-0.2505661499439018
-0.18934476900188713
-0.2671495266153777
-0.2544138807782486
-0.19983350602691782
-0.055079237199712416
-0.22061148632232577
-0.21657798859395377
-0.2775924962520987
-0.25929381897334436
-0.26296817270899303
-0.38607696490299537
-0.0602342374965749
-0.22998156589232968
-0.26336661730538197
-0.2897203528359852
-0.20698717266654895
-0.28459507968196146
-0.18999637508368797
-0.3763500835466067
-0.12329260520017124
-0.25821976722072854
-0.1767282358356856
-0.46681167546831503
-0.2492191768488511
-0.4571146674163277
-0.3247441263313537
-0.31709444665167663
-0.10886842041856175
-0.28400914302666436
-0.14652959431891716
-0.32912457535291434
-0.4307470338790141
-0.2237637507800901
-0.2988082933067337
-0.24871487220144467
-0.09501036927679421
-0.17154772327081752
-0.34405459788246434
-0.47124400929536653
-0.4862958626387424
-0.2187041828381467
-0.3731036860598857
-0.18372574713706258
-0.3774508846254159
-0.4331017909999254
-0.15684346350022166
-0.24527117950059454
-0.2879732444035704
-0.2453396170735928
-0.13874632441095447
-0.3073135632625905
-0.09137612505571084
-0.43468107162893366
-0.36416467668238167
-0.3174989644602767
-0.11713096355050061
-0.2145508810851503
-0.34828087180482514
-0.19795832724254012
-0.5077659162486581
-0.5382587141074541
-0.44813470332984556
-0.3617505293442511
-0.3578139647513394
-0.5415066903723753
-0.23204479552758095
-0.3039861243524094
-0.25152724976831237
-0.14197047785478462
-0.1506353497676094
-0.25872001354269125
-0.21156324298158077
-0.2864790325394664
-0.1728527198908384
-0.34846099265346625
-0.243306016907189
-0.3801387412821405
-0.4090245790602602
-0.5142934949804641
-0.38787854467109034
-0.46850546272916915
-0.37323449321232893
-0.2604042243630531
-0.26231628523942807
-0.26575198193190097
-0.43189505945380413
-0.3510460861605311
-0.3067226062847219
-0.1901030725323374
-0.2505438898931695
-0.4243034579251322
-0.12054182053097573
-0.17825692614223348
-0.16202543902838737
-0.5084081928207029
-0.21285409394770113
-0.062340813289781624
-0.2409099989513646
-0.19295059245437363
-0.4365208314755946
-0.4592545212990732
-0.2147676571043009
-0.32864132585502487
-0.39942471604732194
-0.38858099097929577
-0.2558419968411116
-0.19333643256215463
-0.373089263859763
-0.34289483372735236
-0.2200087217828944
-0.19358364359784885
-0.30723422786560545
-0.316599328357805
-0.2595240164201258
-0.3765226495483409
-0.38791710860230877
-0.2989591152062372
-0.3816215890518884
-0.30829520913156366
-0.48763349897802905
-0.26446085270877595
-0.3497469644354368
-0.2789583898460853
-0.3471722650969208
-0.3120894530330349
-0.3701863223259428
-0.1772286761140135
-0.4003826184959497
-0.37207035469754923
-0.3715069241969726
-0.34674090638534405
-0.372605224476604
-0.3129849763630431
-0.5381229421329669
-0.4180422153861065
-0.38812018975679463
-0.2409316920985444
-0.3945615795458423
-0.34809880696510237
-0.44525331402093943
-0.3950211968239884
-0.5606386582650196
-0.323303399127625
-0.5130624190537166
-0.3167670963057381
-0.2508116154711167
-0.522444034875302
-0.3729838430877616
-0.40104368514026156
-0.34390425483978976
-0.4002587977859149
-0.40205545603152093
-0.47506831679718187
-0.5171099500361588
-0.4755363341896441
-0.3508475778656381
-0.4716316005359342
-0.3529376764133832
-0.5263817595663522
-0.37088021521047965
-0.4255211461222683
-0.418072951793326
-0.4450408530914155
-0.2362865092531523
-0.17078298399479366
-0.06250421166711283
-0.18911026007911513
-0.05066243324131378
-0.15456349057271343
-0.22200835132856747
-0.2538048422985603
-0.6930814886273197
-0.4968523840042448
-0.43699936405251594
-0.6060373381695227
-0.43932437434431904
-0.7233017490909674
-0.45363498798008706
-0.3528978946535053
-0.3167472533100787
-0.4128956058660898
-0.45240746162643786
-0.5517684277764039
-0.2567311982968586
-0.35928911855047313
-0.16982810287987518
-0.2483354010104347
-0.17950500277568268
-0.11162149079917585
-0.14150653621037249
-0.2941439798685507
-0.09232542308859981
-0.19694053233142983
-0.24110401340632523
-0.31129019004760705
-0.3880748830423174
-0.30978857227181156
-0.407693959195223
-0.30291707148184754
-0.1718089503328074
-0.07658531832719581
-0.4257892579714606
-0.1931779734501523
-0.14296922075006255
-0.1959325464972087
-0.24351338272333292
-0.27655760550972935
-0.237414079610465
-0.2484005242011219
-0.21501682654086438
-0.23364442589223847
-0.1571118876659431
-0.22338738556145976
-0.31961142075659355
-0.3607076285602261
-0.35717093586169407
-0.3791596779350829
-0.22525160762025537
-0.2802700042601573
-0.401554668144741
-0.30462305256891004
-0.3554166436671258
-0.207037262082014
-0.37135040566090627
-0.3047942793106608
-0.34113392845609136
-0.3632349676206634
-0.1775148939996684
-0.15974608301050264
-0.34820718954362273
-0.21579182408411066
-0.34368264230114537
-0.44264913207147405
-0.4969973646936983
-0.2569138536039886
-0.34324915470188816
-0.2910389430843859
-0.5153543035047335
-0.2850952552159877
-0.23496984359251216
-0.41108348660478283
-0.4029079813955812
-0.12385720826317415
-0.4145515849799342
-0.32778264439100546
-0.3075595213337685
-0.2916827779812866
-0.07581425175452355
-0.36900510403412734
-0.38573795146357853
-0.5545410603727122
-0.2545246596878406
-0.4504110156499696
-0.6134892003466682
-0.4083544286678242
-0.5012599616162839
-0.5054063594703052
-0.335898055054679
-0.4005223234847715
-0.35165127146012326
-0.5982171195725376
-0.4793463094857219
-0.559986040572352
-0.36767962547590766
-0.35497619311346834
-0.19853656181646281
-0.42408224789457527
-0.38196919607377267
-0.3265217226464662
-0.22958582836593103
-0.25519916887630467
-0.21795135513176583
-0.3304775244523108
-0.15245087708614358
-0.36639218121016043
-0.5312029316249007
-0.3592218519514952
-0.3584335465726636
-0.15132830219675675
-0.3392437589155368
-0.392452754714309
-0.38162575429163387
-0.4089979367361209
-0.4356972045176518
-0.20491469823357097
-0.38587416778023437
-0.5403694502341813
-0.17346550237816052
-0.5025754280591195
-0.49270665108587497
-0.2841273245831154
-0.5253782004199868
-0.4083756968947187
-0.5012955719859029
-0.16210622146223128
-0.1389716883050058
-0.1548004148587021
-0.2111032789174257
-0.2524221075725905
-0.23422800084210169
-0.2512575311719581
-0.1368086011792391
-0.48511820859748994
-0.28814426011355854
-0.17471109754887507
-0.1743200599061111
-0.21255395569159716
-0.29611951307535417
-0.4440956445226718
-0.29474626561310363
-0.3274165668571819
-0.34774183245113366
-0.16610500374284343
-0.2993548294037749
-0.3274224876176532
-0.29084647420856097
-0.30798448782142546
-0.18928572429774065
-0.2615743847285957
-0.2829013796238425
-0.5442851461699377
-0.3214392403147116
-0.40443859450146735
-0.5037073969869139
-0.4281174335375446
-0.40238025609554484
-0.3511897565938055
-0.4146239594938696
-0.35259642384110584
-0.47519464991699983
-0.45796492119625726
-0.44996913997617843
-0.36925137437848143
-0.22062469645471414
-0.3602018885587635
-0.25965385886645453
-0.16094800163771988
-0.34310840068733917
-0.10874400675944734
-0.23833229545710913
-0.27149740976461467
-0.1814186949507096
-3.515706244646329e-16
-0.26799369823196123
-0.3025102902200745
-0.2681406503816226
-0.31681610304074315
-0.4553666594193021
-0.4008967703032887
-0.28546081925299804
-0.3792308841157853
-0.2955538208429997
-0.24169670725529752
-0.1756691356943014
-0.4340927534798093
-0.301748570064179
-0.27190302805482486
-0.2827681310557967
-0.3523673268049873
-0.05200608953428868
-0.44398688491345606
-0.21762561130143265
-0.5587492157977544
-0.4596863325324049
-0.5184505057656679
-0.47327994226728703
-0.45117824448649196
-0.5485823103156404
-0.5720195360952802
-0.3303833833189349
-0.45847028358738157
-0.5380108849340043
-0.49381294835826245
-0.5654566398795909
-0.41909657483007007
-0.5083212651278094
-0.3998647903254322
-0.7065156171967626
-0.32461233943580925
-0.2582112278156453
-0.7561471751030457
-0.11699044603693512
-0.27554019167476673
-0.20963430759069585
-0.3081766813644929
-0.47892333420209043
-0.29169735297726274
-0.3679528421560462
-0.28733459288584284
-0.25852423227297117
-0.23128065884192486
-0.29137244767130344
-0.32151980028438915
-0.5188374435690327
-0.41567097382650103
-0.3212441003345912
-0.3552701892977307
-0.23656342815007494
-0.24591956207687377
-0.18427879707575665
-0.4102555171578144
-0.26489720619455515
-0.13157050703035883
-0.2345917004170995
-0.19447710202633223
-0.18355021240339187
-0.22375526675989668
-0.251776017719393
-0.11281904928243598
-0.5154839895523143
-0.15283066219045793
-0.13989219745045836
-0.17512479183149954
-0.12287597387077508
-0.3151347699342299
-0.3164532055034284
-1.4802973661668753e-16
-0.2605560204555712
-0.10732563211124246
-0.17928287991064862
-0.43875594749062463
-0.4241219981905466
-0.2735011061665165
-0.4016620261365136
-0.40229242778872004
-0.23394522086834085
-0.33264703125090145
-0.28676676580103844
-0.38392094098350016
-0.3709355438032174
-0.26403738012217093
-0.25578299657284664
-0.4164211975137182
-0.3511971246555063
-0.4167435539937028
-0.2801211582032552
-0.28598637167955376
-0.36496201697433306
-0.4456013631199907
-0.33709394170294177
-0.3443927530929453
-0.24754180873179155
-0.301316086874553
-0.44588446574083823
-0.3279174276100282
-0.39138742744492555
-0.41793150425461595
-0.3158345015619695
-0.2762118742438337
-0.23873669178188767
-0.16250218635368394
-0.4691471723015497
-0.2562295260559394
-0.2594775028331279
-0.5397605759491879
-0.43057843512383615
-0.43573049379412593
-0.4414626474798059
-0.39193835325599047
-0.5042896457519731
-0.6990242096871132
-0.747293530987391
-0.34339590615700805
-0.43562103772231603
-0.5035958946980624
-0.5607940932166458
-0.5250913283443969
-0.48967394890982974
-0.40279175160167746
-0.24358349168199597
-0.4833598108574635
-0.5335972708384009
-0.6861272198987018
-0.5396295056686654
-0.3635195866233608
-0.47986561759760504
-0.3919297885458241
-0.3911620093949885
-0.43045412421736395
-0.3806241182746338
-0.2350231349597964
-0.47880306273164086
-0.42107273138261914
-0.5080348611952076
-0.3570424259743828
-0.28995459277339963
-0.390824011715627
-0.4741906357084413
-0.5124484935257698
-0.3621002000820298
-0.3990207836161268
-0.5718753065341194
-0.3248820977346864
-0.4022338410418702
-0.34692095507959225
-0.4200579289114857
-0.19704355997934359
-0.11617962583374043
-0.1925398076903202
-1.9984014443252818e-16
-0.078978361654277
-0.3288081169265225
-0.13318919810010274
-0.33106780690968823
-0.16180174721226487
-0.36435305201506296
-0.41171848651380905
-0.07011170038117369
-0.3199386564911408
-0.4462479970205103
-0.27167883728314624
-0.41195859610888985
-0.17115235325139574
-0.19145364306598245
-0.39322837888031253
-0.236621443690492
-0.4277523484723035
-0.25179165892128813
-0.18163819633748152
-0.036032436142784625
-0.47831535933799346
-0.5323848066200787
-0.4698118406486361
-0.6694896989958674
-0.5581850847191651
-0.33503683162764586
-0.4252449506565071
-0.44120912940386664
-0.3076689774585769
-0.4350422013283225
-0.43121386370177683
-0.37510714647435883
-0.48594363604799173
-0.5060812562671987
-0.3403935410706238
-0.2568364498687126
-0.4665744463195724
-0.33283596049911063
-0.38746377485643946
-0.2611086960629696
-0.2502082332894494
-0.2838003365910622
-0.30405283385076554
-0.33821042353540437
-0.4428328997023154
-0.12956763810931898
-0.4242556123821961
-0.4899505755577378
-0.5100628030601535
-0.5165231131789992
-0.36137278269773315
-0.4947179914657913
-0.3525990481403923
-0.358304005936751
-0.2786215082735038
-0.5196290856877932
-0.34374005146166065
-0.26493808244333605
-0.3123850613715504
-0.5716808465944344
-0.30189739958461026
-0.39403935103312365
-0.39151203645539356
-0.28500346191562204
-0.3524814181130255
-0.40057693636111497
-0.4535710267999739
-0.4212281950851806
-0.35893875330544006
-0.2780926342734861
-0.5617006093361729
-0.4732241599635287
-0.47220266651401316
-0.4259350513352565
-0.22434738041551608
-0.5200412830018974
-0.297751622483906
-0.4071154354496784
-0.29894281581183635
-0.26410104296842657
-0.500460767011193
-0.32740473124914843
-0.4163192545336339
-0.34376061466971136
-0.10816919027198052
-0.3845958018530561
-0.5486623684076443
-0.45178543317196734
-0.30680205210756517
-0.48656238556935794
-0.3858683028203311
-0.19018070676467155
-0.33389231628906657
-0.20526567184251354
-0.37788746583512645
-0.3694919524699237
-0.3689833860403421
-0.41388751820149017
-0.2634659865655638
-0.1917171911324661
-0.05644579337214694
-0.1730408468679036
-0.3058526219303445
-0.34451515992691656
-0.2207664696855152
-0.36740536432170706
-0.3213383859568417
-0.32567656308787357
-0.25216276868625526
-0.3280039541032365
-0.19383883587729225
-0.261141391705484
-0.2934810018888193
-0.298004575084996
-0.395232542129574
-0.40927753803167477
-0.243189327157978
-0.5045907379439551
-0.5148805184643781
-0.43921249292864706
-0.33613002673040576
-0.4161504605073367
-0.2501023056408836
-0.4114180791215513
-0.6503336590226131
-0.39345673268140113
-0.41698558936993313
-0.5803194447750549
-0.48830126521139083
-0.5389249896819008
-0.5127664910392041
-0.5929313643159556
-0.4644739434852019
-0.5013255859689059
-0.37827250741849594
-0.488051220189562
-0.08641042084975219
-0.21688991421345466
-0.08810995729617307
-0.31415415167057215
-0.16903631346728268
-0.2618054113668458
-0.1670009420577347
-0.008647373356047611
-0.16539637151580538
-0.5733865656084961
-0.33659674622825253
-0.10976136606984657
-0.18693439867615388
-0.30162395155011323
-0.2044247519950136
-0.1755576646362079
-0.2320957600501436
-0.18816641432968187
-0.18814632288265926
-0.18470856980260147
-0.23505111281569238
-0.27902212441866814
-0.284277499659578
-0.20882216854908328
-0.3829642337030489
-0.11757151250113718
-0.2537470638395357
-0.26743416786384083
-0.20064910042252504
-0.28927616711354787
-0.3317032572613827
-0.2119879684734988
-0.4128659217582199
-0.12329260520017124
-0.31155210482112844
-0.11364895692101747
-0.45995866208216274
-0.2156585059059752
-0.4654111237476292
-0.3243679741761822
-0.34638181610940816
-0.09910001499083929
-0.346484626978931
-0.212766178341732
-0.30812294899147014
-0.32627878607344035
-0.15328276858005432
-0.33994008498311606
-0.17963571666694458
-0.11204227051990662
-0.23640165092979326
-0.3751447327470857
-0.5321202126050354
-0.5656081205889928
-0.35899077437255683
-0.37281466843755723
-0.40894178917806295
-0.4167904102808231
-0.442706019492693
-0.27510651615802434
-0.3242715164549655
-0.3655514269933631
-0.2384649206471939
-0.19027668801118638
-0.3653953924350466
-0.2645038094408556
-0.44441138456069423
-0.33890370888084825
-0.2975008060469325
-0.2461595190720071
-0.21763552343416465
-0.30620777208969524
-0.19559145926767843
-0.5471944088637345
-0.5250422691557114
-0.4695855369405614
-0.2069248620738652
-0.3689573228621427
-0.5434311857695986
-0.2716971310549603
-0.3488129932387815
-0.3375007266823201
-0.2047834156346845
-0.15220854626002975
-0.3049412375778609
-0.24385150028727595
-0.3647314503794763
-0.1728527198908384
-0.2909938580403685
-0.259088435585524
-0.3146282746840826
-0.3651838204934588
-0.502786503657577
-0.4321030727414917
-0.49590942997194626
-0.32435499521901606
-0.2604042243630531
-0.26047967516122633
-0.21659852427808904
-0.4227077517324618
-0.35860352404576634
-0.2523113516653396
-0.23801258286784313
-0.24750009903997977
-0.43736663238667917
-0.19768683994685332
-0.1909138420414997
-0.20189163685449413
-0.1736719060637162
-0.27912340480915376
-0.19776394976228673
-0.17781589257712985
-0.09230019658155798
-0.3920630680575137
-0.4257335644586827
-0.3047626869205279
-0.30350138903539825
-0.3925946400214467
-0.3405109862375205
-0.21175185166691646
-0.19333643256215463
-0.3260394970903999
-0.3664918098052114
-0.2200087217828944
-0.3084588448195098
-0.28191635995772674
-0.23391925950780687
-0.2360146974780074
-0.3765226495483409
-0.46533371684572555
-0.2647322766045469
-0.2634950504158766
-0.26584013668855966
-0.376192963811106
-0.24654746321411783
-0.34858932606642357
-0.2677547182819661
-0.3129648126496849
-0.17101857521422523
-0.3270187441661593
-0.27055736937004404
-0.41305399554366634
-0.37583574922132
-0.33451793246439154
-0.38721376987827666
-0.43147288604397194
-0.22522932538725288
-0.6279214271592155
-0.4633091197057718
-0.28907390170909913
-0.3310068268272587
-0.410794531757391
-0.1754110081528814
-0.4535001444732707
-0.42279171284552464
-0.5410635267326337
-0.3360802421341004
-0.44033803047291864
-0.30145735276614055
-0.260216386310109
-0.48377654541163523
-0.3670590152114094
-0.3392292970779464
-0.33512468636990733
-0.4493783007536588
-0.41747471736035624
-0.5226793849557941
-0.582873765012395
-0.5227143245588204
-0.3440160930765169
-0.4206571100663385
-0.3499780316444455
-0.49210427637127374
-0.4607611104792738
-0.4908566226665209
-0.4211401912802596
-0.43307906659158996
-0.48181102706152673
-0.17978630692138958
-0.1570083602363313
-0.28086494210106605
-0.19340738806983096
-0.15792211454906216
-0.24397692066312401
-0.3180461628705637
-0.5754776171914098
-0.5325195187016186
-0.40389746536615095
-0.5865502304972042
-0.48199737482021926
-0.789012832735108
-0.46864827411529947
-0.3486539518343046
-0.4217967462197703
-0.3896864426494673
-0.4504989786755295
-0.5190504150894383
-0.2567311982968586
-0.3545644962678288
-0.26749512650708657
-0.26589425989503906
-0.3153983124254894
-0.09025372645022563
-0.19297002217044268
-0.23765819743687241
-0.09842175402211796
-0.16300787162936686
-0.30557484586656075
-0.4093793912217904
-0.19383883587729225
-0.322754905708096
-0.3209227379212869
-0.3174569270983071
-0.13416981022579205
-0.0934537865716437
-0.4172967345927658
-0.08014441396658743
-0.15373219205592656
-0.2822300651703472
-0.22969178410431373
-0.2799703697530003
-0.10316116241447615
-0.27014587555980735
-0.28720470417795135
-0.1903663831407694
-0.17339720385973803
-0.22338738556145976
-0.3876822006519556
-0.3074429062903515
-0.3373763398208955
-0.3736757424513705
-0.3321780081116066
-0.2873549531518577
-0.4122497867040759
-0.25758902778503256
-0.3554166436671258
-0.17257731503062987
-0.18210986448895586
-0.32746211681756277
-0.3210717538914841
-0.3694683893929848
-0.17150669810176272
-0.15745319691171905
-0.3273445218746859
-0.20169149205833267
-0.34597928602514866
-0.42672482447617477
-0.5493483204867108
-0.3462535149105333
-0.3263232677796209
-0.35079636552071086
-0.58750269543536
-0.2582974322223472
-0.3360536410998117
-0.3855946426109541
-0.281109365926012
-0.1272449952831171
-0.34981121451933467
-0.2624797161154226
-0.3018113334966418
-0.13858319295629196
-0.19432524191316597
-0.314094311556407
-0.2807891173531745
-0.42580230610469394
-0.2545246596878406
-0.40622477890865816
-0.5463521969717461
-0.4588236361016065
-0.4093040320820104
-0.47739023333603814
-0.3720664215832502
-0.39573450844500213
-0.37629836531932337
-0.5495981040250308
-0.467708964112456
-0.5264210705348313
-0.2832852040063531
-0.3326011855404815
-0.35116705113064095
-0.4250599254543433
-0.38424311535737965
-0.3565608430263325
-0.3337828702465399
-0.32394014388499975
-0.2303287512557118
-3.4160708450004814e-16
-0.21772583974624118
-0.3170771254272473
-0.49238367001663835
-0.36556724068956153
-0.3199016141717645
-0.15132830219675675
-0.31748671719443666
-0.3573047085100314
-0.40771121786997744
-0.3931705417790259
-0.42263819747066134
-0.36459362672198037
-0.37999820718420513
-0.5565501153831848
-0.17198919164715276
-0.48273656545137056
-0.48059196466877335
-0.2841273245831154
-0.5087804519510787
-0.3951363773901047
-0.48444632005324145
-0.1938410535851768
-0.2966052198510917
-0.1418487205726041
-0.26212109074991363
-0.28195881594951794
-0.27777869039985686
-0.3176192459923424
-0.16444528318642512
-0.44512410909542344
-0.23359349847066424
-0.16454605277141182
-0.24210543596191686
-0.1993073509490129
-0.2592202631681859
-0.39633764974819025
-0.30106175508794325
-0.2951480477989784
-0.37538079281179726
-0.18005695156273177
-0.3440607661792958
-0.340835588237073
-0.27520697316024006
-0.33608492579696586
-0.22204219083664176
-0.24921352623922435
-0.23124515705108262
-0.6476657220214714
-0.48386466848681026
-0.41109066610217654
-0.5209453667829244
-0.4491642475966385
-0.2928515130912147
-0.2924906100515204
-0.40746391792583236
-0.4656498593285896
-0.41422710301637505
-0.4776909958841214
-0.4553830781953124
-0.3564791703981776
-0.17978658843726533
-0.3141306674607578
-0.37386696170628825
-0.34747864030487857
-0.29242321623756745
-0.16339273776800378
-0.21590177496326168
-0.32053008701578073
-0.20282980215475635
-3.515706244646329e-16
-0.29782283247200797
-0.1951300261308342
-0.26342366232143044
-0.336132276118223
-0.4429161958627388
-0.44446957849946045
-0.19918241281063576
-0.40719725204940677
-0.2548774357284094
-0.24169670725529752
-0.27920168476864443
-0.42322570291548967
-0.36255163333961954
-0.2509365789110416
-0.34760784783044474
-0.3671856425110944
-0.09744956056564123
-0.3984916999550737
-0.2638054975897406
-0.44183628506903283
-0.5087520871784399
-0.5410402228165945
-0.5738317802665062
-0.4646516566364648
-0.5517785021741874
-0.555683897361944
-0.3563531929372819
-0.4468590894734643
-0.553634529024644
-0.47934892282549607
-0.4937064286482359
-0.4708894363306201
-0.5535883772532509
-0.3831803267416951
-0.6960623830998466
-0.3464933066975301
-0.27647457427984645
-0.7291792539932931
-0.12336989193698647
-0.22484762243869108
-0.2248520087040048
-0.35970887404797564
-0.4241362449231194
-0.25184344464076164
-0.34380001509160896
-0.30620770032086875
-0.177825068058276
-0.2146811831299956
-0.3276400198213544
-0.3057838530423059
-0.48700609922699856
-0.3863051227618933
-0.3223543697988184
-0.31961243695634395
-0.20062366519702912
-0.16920496000756302
-0.21036077920517418
-0.4123867021072364
-0.22221901789693183
-0.21901265702006179
-0.22940500484966386
-0.1589588302359261
-0.15580711189473168
-0.17692264722831197
-0.22203060671713384
-0.11281904928243598
-0.498390516301562
-0.17320844601264282
-3.330669073875469e-16
-0.1648840440418566
-0.026208456444007003
-0.14476381427993815
-0.25667741416932793
-1.4802973661668753e-16
-0.2278324714334453
-3.265361837132813e-16
-0.17928287991064862
-0.4377819492695152
-0.4241219981905466
-0.3733514139525544
-0.5419302315632849
-0.455008486279146
-0.26183471005295245
-0.2986425097919443
-0.3364625353080488
-0.33257016782605164
-0.41881047659127235
-0.30692946768581936
-0.3253517385160596
-0.41955130403443874
-0.38869977286244844
-0.3878427410210506
-0.37102498242076537
-0.28818538227228746
-0.37066837222434545
-0.46230520512656786
-0.348204186142851
-0.22731111754825892
-0.2443726185192545
-0.27559400283563135
-0.31492637365678644
-0.34395329932979446
-0.39138742744492555
-0.41793150425461595
-0.34185086135117704
-0.2818015558377563
-0.19897033270819642
-0.11483729837931529
-0.4332425079455808
-0.2954480716971869
-0.2681045796285183
-0.4723446809675068
-0.3800519506493669
-0.4442742628576538
-0.411295194146352
-0.4313464287366149
-0.5518422262865916
-0.6629237728989884
-0.729583472690891
-0.22661422175537743
-0.4093676998742215
-0.49570746323444753
-0.5862293657613604
-0.5351126218662409
-0.40306383037700333
-0.21100127580254652
-0.24358349168199597
-0.47664255475135886
-0.5421404414306276
-0.6810772281335415
-0.5629724988831845
-0.3755970582538719
-0.4820874647150145
-0.3757007676533687
-0.3373321149778981
-0.4727385759497534
-0.37847711859762495
-0.3213721652430035
-0.525235817754123
-0.4475188228355053
-0.5004128180069906
-0.3824555853529443
-0.36782943993795286
-0.37346670327747544
-0.45874900187034273
-0.5318145044510942
-0.32489612211377533
-0.3538017846498067
-0.5825111672941389
-0.3294215193681333
-0.3636901087408793
-0.19643731396516567
-0.34797278134459736
-0.15919320198141532
-0.11479733179227918
-0.31255002070372595
-0.17821044986530976
-0.078978361654277
-0.3027263407974895
-0.160376720672128
-0.2761608342925437
-0.12631094339347673
-0.30364855668638885
-0.3440405204650271
-0.12376277159445548
-0.32621661736002217
-0.36906161559930173
-0.31634252239254834
-0.3468522274031598
-0.1805707671391514
-0.20452010033671839
-0.361646826161216
-0.30684305815133883
-0.42428643624852547
-0.12161950826759785
-0.19876119089371463
-0.10531155960017431
-0.4741298255204346
-0.33716690370644753
-0.4481999290436115
-0.56121993662237
-0.5579261549126496
-0.363419896728952
-0.38677741979346375
-0.49417317282822076
-0.40621714319195074
-0.45307775251252647
-0.4163244263368189
-0.3726260464745094
-0.4121077001436715
-0.481098545868995
-0.3619898622136475
-0.3289940737998424
-0.4379380622242835
-0.3418999801253878
-0.37989169044475374
-0.25509363564242743
-0.1599144148094935
-0.3082932785025495
-0.2975441541742815
-0.325017439062728
-0.45363686515307394
-0.402818679942982
-0.4368898130020917
-0.5975538163183719
-0.4398742891966367
-0.564320706173751
-0.29928022685176653
-0.5060193949576308
-0.37234970472401374
-0.3619054060024762
-0.33547185747015534
-0.5551440098507011
-0.3746193851748287
-0.2607978277945397
-0.3564885911480018
-0.47648340513274584
-0.435898338042653
-0.4148332307757305
-0.39073709748116237
-0.22804350317384678
-0.3960842807170828
-0.3711289122274224
-0.39801447314205013
-0.4257021121156919
-0.2740027133735614
-0.3401094938996775
-0.605311051880061
-0.5224254831921255
-0.5120917225216766
-0.405697642840067
-0.22434738041551608
-0.4343042663752751
-0.28136974710417983
-0.4130784066526877
-0.28735090078260295
-0.259636725240489
-0.4856187469473012
-0.48325546291803056
-0.45415799730275674
-0.35704713284961237
-0.10816919027198052
-0.4078882157826863
-0.5552263638422873
-0.4430061247991541
-0.30728203427406464
-0.48665116645126016
-0.35789029766182734
-0.17169463635816914
-0.3534023393237865
-0.162075500691408
-0.4151048032883097
-0.4001752434042173
-0.3635241914637806
-0.40569978666497974
-0.2984125252096395
-0.21557586581072824
-0.05644579337214694
-0.14372635122569005
-0.3023115115635623
-0.2769903464904474
-0.1902203962129308
-0.37534707165779163
-0.26214456090214744
-0.286255693185865
-0.2611639582729944
-0.36053935728956366
-0.3417431606492643
-0.25147545423669604
-0.3487033204956382
-0.25964682469481276
-0.3856478064517399
-0.39855077290639
-0.2896031102289447
-0.445493667288616
-0.5107984441693956
-0.4454090192053435
-0.31718604349806345
-0.4611874453627527
-0.2879338758336285
-0.38024602537512375
-0.5676226533943154
-0.38409150967906963
-0.45554095296673625
-0.5276054421702003
-0.4585292634573915
-0.5567074513355046
-0.47844937400139775
-0.5545018525735995
-0.44450853123947853
-0.4866652743896262
-0.37827250741849594
-0.4280875576602811
-0.019093752080370837
-0.17043753762789654
-0.01659997751752013
-0.34705344176340663
-0.2053574497271545
-0.2618054113668458
-0.1670009420577347
-3.4487779062824005e-16
-0.1701949973826238
-0.4507468930044258
-0.404294007428787
-0.12384368876525213
-0.18145768551991523
-0.22199069611584837
-0.2044247519950136
-0.2741577462255595
-0.19697848637053042
-0.17314606814011277
-0.20590088101111292
-0.22061148632232577
-0.24245495902399028
-0.2782541881463288
-0.26999442685512115
-0.204052971991714
-0.5223536265498474
-0.1886726655991815
-0.24010057221540843
-0.2616463819621151
-0.3380374035687354
-0.2715208906425286
-0.28459507968196146
-0.26114290423512837
-0.3770467532885066
-0.11333494075446258
-0.211418292519251
-0.11311163382447163
-0.47477076497152143
-0.23178854051800077
-0.4365534734233757
-0.31683679374270163
-0.3508482929513345
-0.09517303149334266
-0.29096121865742114
-0.20575251491182941
-0.30530838598976456
-0.3805359805107827
-0.15773219944890307
-0.29369691987357305
-0.24110468857259215
-0.10327135461674762
-0.2654892950225183
-0.41616314721257114
-0.7304356032585367
-0.5846605176667545
-0.22724395156998212
-0.4005795808306392
-0.38879127549493087
-0.445933299669688
-0.4428252672025863
-0.12401201876227187
-0.3680936622206879
-0.39474717290383615
-0.24815305280317218
-0.2231255320634157
-0.3150427916369773
-0.25121543055140844
-0.4150720085650054
-0.34409407078890136
-0.2941165189766943
-0.19935679085634359
-0.24516834815366959
-0.42827330697213717
-0.19559145926767843
-0.5362524567552716
-0.5587808891209447
-0.4713445857708954
-0.24981736766709978
-0.3605587471392708
-0.4406048275481787
-0.2647253651577764
-0.3467519716011839
-0.23906861700183457
-0.1835395890003038
-0.1506353497676094
-0.2937605392009798
-0.26869961813495424
-0.286721834673335
-0.1728527198908384
-0.3191922171306558
-0.2739156316123097
-0.31449437014407433
-0.3906678111297206
-0.5014529509575599
-0.4220628098897533
-0.46850546272916915
-0.3732004181501352
-0.2604042243630531
-0.26352574331076206
-0.18282345885081658
-0.44404737448607434
-0.3343893611812687
-0.273701493617565
-0.25481863636161944
-0.2505438898931695
-0.4243034579251322
-0.17464718562646125
-0.19451595158759288
-0.1450378204856469
-0.3960099069205872
-0.06909346227631578
-0.16103247126969134
-0.17771225433848636
-0.19295059245437363
-0.41375730804896405
-0.43934998118611907
-0.15016559424103784
-0.30503377959468475
-0.5276866646159042
-0.3730570761762453
-0.23796780140456364
-0.19333643256215463
-0.3260394970903999
-0.3388376904725362
-0.2200087217828944
-0.19358364359784885
-0.29446331133013637
-0.2975739057834299
-0.29524406211539417
-0.3765226495483409
-0.42604377886152983
-0.3290307096089054
-0.33857122869184403
-0.31077185302364085
-0.43932329858910957
-0.3816280406588164
-0.39325357035698
-0.33378859681765527
-0.3703525871072087
-0.3264685668721129
-0.34258236465063996
-0.19838548573145123
-0.5392705592880032
-0.39743050988986917
-0.33442070363683185
-0.34674090638534405
-0.4010505236090852
-0.3129849763630431
-0.49836140085397884
-0.3636649086855051
-0.3663251843154439
-0.27737221583765204
-0.341071740669128
-0.30164315060281477
-0.3695506980719144
-0.36252574256949716
-0.5015732194225191
-0.3292504862256938
-0.48227320897921566
-0.299097887658895
-0.2238713586468407
-0.48377654541163523
-0.3096256158388823
-0.37381179437855594
-0.30461752583563884
-0.4002587977859149
-0.43058680332708216
-0.4393699937030007
-0.5412214437697863
-0.4967275689576836
-0.3632189227589717
-0.4446464987364051
-0.37628113105453675
-0.4921445386409901
-0.39634010445692813
-0.439827073196162
-0.4274628506029596
-0.48819976283455024
-0.28201143551496644
-0.20682881095267386
-0.10283924648992125
-0.35748383782025983
-0.2237623538218414
-0.14771989217247644
-0.32642350467455405
-0.2683708118620562
-0.6545544817566226
-0.5369426265895985
-0.3912195305297954
-0.5351149948842231
-0.4415193373881562
-0.7249077662007589
-0.4437036363669849
-0.3528978946535053
-0.4451806933819865
-0.4106499033504272
-0.4441790137861935
-0.44467181389534116
-0.2567311982968586
-0.3666328919670516
-0.17002975021925024
-0.2683529214367939
-0.2816459817136641
-0.11162149079917585
-0.14150653621037249
-0.24977740394819845
-0.09166173508900428
-0.1484395452838056
-0.3333851718626582
-0.2446392434513182
-0.3880748830423174
-0.34013624923406904
-0.3828499698924144
-0.20834301820259107
-0.1718089503328074
-0.0934537865716437
-0.39734861933926496
-0.08014441396658743
-0.22152799079780114
-0.1597879816960225
-0.23797691901581486
-0.24316949592093565
-0.12752807305682187
-0.22846527998512678
-0.3308273754409584
-0.1766624867504842
-0.15149289458196624
-0.22338738556145976
-0.32768881981407627
-0.3607076285602261
-0.2959051130420808
-0.3791596779350829
-0.24414672698224663
-0.2867153092494572
-0.42273758391552596
-0.27958976413392667
-0.3554166436671258
-0.22016857153255076
-0.2721088108716723
-0.3274723537131826
-0.271068611524398
-0.387929325646642
-0.22598922558215023
-0.24128958348841442
-0.32056593968657654
-0.2805220506436324
-0.3351146492932236
-0.45422629915679397
-0.5162591983887213
-0.29346921752030974
-0.3453918920012004
-0.2910389430843859
-0.5153543035047335
-0.26639373924782445
-0.2328190972938863
-0.4048918125272819
-0.42982288787770945
-0.1272449952831171
-0.3585435154501716
-0.4107388146650496
-0.3075595213337685
-0.3274872965632687
-0.10684070405730811
-0.3463061994469241
-0.3438441310283262
-0.5606363355470633
-0.35615570623913645
-0.5181255688896678
-0.5678767133085949
-0.48446657457317804
-0.5293295799964247
-0.41621985092459385
-0.34174968666546757
-0.40968271766150854
-0.3427011449792348
-0.577372657808066
-0.4806112983272506
-0.5588526872629027
-0.2630293604668237
-0.22471287837224282
-0.23913651372360176
-0.41722386237007647
-0.36789575812770947
-0.2674128032562604
-0.3290440272084828
-0.22980512365299882
-0.21795135513176583
-0.48640741883446775
-0.015974647151103354
-0.3443877415785313
-0.3934576849001558
-0.35013035981474944
-0.34726406976087554
-0.15132830219675675
-0.38372474819577834
-0.394072450266199
-0.4093705561574279
-0.392759822255559
-0.4356972045176518
-0.20491469823357097
-0.4138825910423396
-0.5565148262755307
-0.20596262011889094
-0.5260158626725653
-0.47455682999774734
-0.2841273245831154
-0.6006518913331557
-0.4448227779982603
-0.4170163722746344
-0.16210622146223128
-0.2440308163199494
-0.1548004148587021
-0.27519479488171256
-0.2932049983408005
-0.19474271681282318
-0.2512575311719581
-0.15328322379460874
-0.4540385947914038
-0.2265603975620057
-0.26307296274391995
-0.20443348633721065
-0.21255395569159716
-0.29611951307535417
-0.3264850053916144
-0.2714062274460467
-0.26826481950404674
-0.31972862428550225
-0.16610500374284343
-0.3158986399602211
-0.28832092451778785
-0.28930539004310707
-0.3591020476123952
-0.1396703342069332
-0.2615743847285957
-0.28025545731420076
-0.6541378474315226
-0.4619638660032812
-0.36619742205208283
-0.49161398045665106
-0.4491642475966385
-0.3728880212214029
-0.3051531810992352
-0.38484805181147114
-0.3918759032945385
-0.33450895460995994
-0.4776909958841214
-0.48244491776849446
-0.3572101297159872
-0.17978658843726533
-0.1506552686236562
-0.26048655131242326
-0.18154575280893342
-0.31705591525179583
-0.10874400675944734
-0.11141285594362366
-0.28057320212195985
-0.14358204177250652
-3.515706244646329e-16
-0.12112575067379366
-0.34142082035224913
-0.2681406503816226
-0.31681610304074315
-0.5896723358813365
-0.41887894209536936
-0.2795043776050182
-0.3669326543507836
-0.23402727266619072
-0.16628709160774013
-0.24343029459658508
-0.3751718609145031
-0.3356581124987506
-0.23007954657063515
-0.2967460227290243
-0.35269392901237157
-0.09584192450540421
-0.2739207655173075
-0.216016984935996