-0.17914720363271555
-0.199108505198455
-0.46788390290151866
-0.28798199052575313
-0.43770618772819586
-0.3847113354418283
-0.4562192509574865
-0.254000509961408
-0.16316771627771087
-1.1102230246251565e-16
-0.26481595562733634
-0.14864103999722272
-0.2032163343295642
-0.3530946862006723
-0.35040400252861476
-0.2903661812871472
-0.2163875824223291
-0.20858767668501133
-0.1304074537191431
-0.3114956620693209
-0.13715992493049167
-0.19652502928368243
-0.1900112487930473
-0.5205243065505678
-0.36777160719014373
-0.23367806557594686
-0.39422996697845275
-0.3061497676555968
-0.36864923965302
-0.2810548104521951
-0.17152759037710452
-0.2246703493764956
-0.2770990748832841
-0.34279891495123105
-0.275072480654119
-0.37383306510213793
-0.3049401122088991
-0.3468514319561966
-0.2182615446151561
-0.07006687839503489
-0.4163605771537932
-0.2230260564746034
-0.3465797029081837
-0.36101774643562184
-0.40730434837203283
-0.4485412781495951
-0.22310453353579346
-0.3174940072481007
-0.2566146784623187
-0.3359480167057237
-0.17653153377061673
-0.2133401909827676
-0.3727478774998668
-0.3524821435093858
-0.4154857235435607
-0.24802646164169193
-0.3527686706059966
-0.3094621709622777
-0.08624441326124538
-0.08387839192766029
-0.18315035865063314
-0.7053511612650843
-0.2139987701403034
-0.2362130485702737
-0.21168670020629984
-0.34854591442477356
-0.3388352303334698
-0.3246493133875556
-0.26625228041681415
-0.27986830456067524
-0.44318702130445153
-7.401486830834377e-17
-0.27615326147735997
-0.2520833791134475
-0.30215074428539407
-0.37774907796823715
-0.1497150095466524
-0.5776524240929759
-0.23886567783076357
-0.6343720183626934
-0.26311898252778415
-0.16702666218312381
-0.18648905179586445
-0.19804378087224697
-0.41538291890160556
-0.18322350512857782
-0.3383339734754763
-0.2762292564120304
-0.339745250508265
-0.34337958006150054
-0.25034631227512427
-0.168107312943231
-0.3292511343545303
-0.11211007245186
-0.29077409820571504
-0.3269761727587445
-0.5383149838821941
-0.16459857195908809
-0.4317122232318906
-0.41414132289109945
-7.401486830834377e-17
-0.5242779179890611
-0.3210157814503702
-0.3494286956324674
-0.4385063975273172
-0.383943227315606
-0.43927487122467185
-0.44848692480620195
-0.3127947432985067
-0.1907671816972402
-0.3955169877940328
-0.3341295436280672
-0.3374362533372092
-0.43166268895093873
-0.22439544797168118
-0.5002393719728329
-0.24382443802939105
-0.2387805588397919
-0.367500867443314
-0.05200190490448702
-0.29446296673434635
-0.20869337643014432
-0.2749689555080512
-0.42110931524245104
-0.25969282834055785
-0.3910645881118746
-0.3244927143108287
-0.5275478570485193
-0.2825795719703341
-0.30374498397609423
-0.437923330793977
-0.08386064801793833
-0.3242024386380327
-0.44173461164124606
-0.27537299918102004
-0.26078264985578886
-0.25400591898699304
-0.3116768773373792
-0.18707058764592926
-0.4765954301852495
-0.3308205122121403
-0.17592847273989082
-0.14461619625729752
-0.22107003345353157
-0.5307996651377253
-0.3375545929374809
-0.5316614392251298
-0.22961697838295383
-0.25879946383441066
-0.2583110688946954
-0.555379906808826
-0.3030916895588926
-0.3338209009564745
-0.4068843405434408
-0.12198903335521083
-0.37059755182752996
-0.12326758382803006
-0.2602980562132905
-0.23146676487077217
-0.30695883359412424
-0.45143190117519316
-2.9605947323337506e-16
-0.24128300727259172
-0.4811337194501384
-0.48737113065404186
-0.4290138044939099
-0.26206859997113935
-0.20516777332464778
-0.20591664905098445
-0.3903015883043105
-0.41907699020928135
-0.34941247389804303
-0.1685444560983679
-0.35407484517905985
-0.20034454889719444
-0.3736588190416842
-0.20787687194298382
-0.1368482059447147
-0.2503618889534573
-0.20170331571540287
-0.2604194232250243
-0.3913185104715873
-0.4837355707346969
-0.19647364245765675
-0.30582094272532045
-0.21869942281266364
-0.26109630454975125
-0.3204263421260647
-0.4611877640757158
-0.30524226577346975
-0.3202325947485539
-0.20509756500944154
-0.6444882212761778
-0.4496098854348603
-0.5729173753387167
-0.43171113460006594
-0.19487820998667954
-0.21470490508948084
-0.14320511497514596
-0.3749959673617064
-0.26444476006298906
-0.3124778371994534
-1.356939252319636e-16
-0.3583971047334272
-0.2040577015295576
-0.3316240736653987
-0.35940489626327293
-0.2012962129987102
-0.40257640939796674
-0.29510446085852476
-0.14722666387635003
-0.2600201078613058
-0.056903032537520444
-0.21891079062908297
-0.22512881380205574
-0.3172138034414304
-0.424132326683445
-0.24261118819292943
-0.33515703988302276
-0.3202201696247195
-0.3769246705215945
-0.21483138510803115
-0.11770572867429319
-0.3915974235448266
-0.24983598887065334
-0.05823868869067061
-0.31171173168263505
-0.19555875260167888
-0.3484986563995179
-0.2928747997041537
-0.6108625910493488
-0.3171536392527103
-0.4057603933815502
-0.05369687738262762
-0.5606793305004653
-0.2510720950188968
-0.2527066395294978
-0.42092285167401106
-0.26298765045900235
-0.23963589621701442
-0.22986960958463115
-0.3990124324576847
-0.32465645412499594
-0.3802735944474305
-0.38221754615097797
-0.1865464051833692
-0.6163241217726337
-0.22958894308890976
-0.4989589659277918
-0.3190097230471963
-0.24931372050054224
-0.5026922641120809
-0.17596094927541334
-0.2929840670307592
-0.3389629424349512
-0.2786646035506446
-0.28270675092053027
-0.3717374082693882
-0.32992922173240535
-0.1813122526642867
-0.3661906356970208
-0.39627921373487335
-1.1102230246251565e-16
-0.3308549932188815
-0.3190060543161215
-0.31698161650506873
-0.25179163003261346
-0.5383166779985992
-0.4665711440393494
-0.38069058571118997
-0.23593178659438174
-0.43841392485756786
-0.24227556012529908
-0.05200190490448702
-0.3242656228576869
-0.47588479105646875
-0.3534419691258425
-0.3557200813062327
-0.22639312014347962
-0.3681914050531333
-0.19047554587334042
-0.4221636376876308
-0.1780438162939654
-0.30683176256920236
-0.3582127880413661
-0.27722537505414135
-0.21184646416342004
-0.26558152716294214
-0.33933438398460375
-0.4191960517493317
-0.33355667158933777
-0.26812863241650986
-0.4154938523745254
-0.2824271742382707
-0.43568110639857166
-0.24825844991016677
-0.5140582778056555
-0.33269441899421065
-0.24347457502403164
-0.45603350267440074
-0.4102911613458427
-0.3620201775175971
-0.3490865994826318
-0.2877302172351676
-0.08387839192766029
-0.4179756804060553
-0.34266153036691466
-0.1396453177839711
-0.19619822358679395
-0.35255430255318315
-0.11074051578477953
-0.34851233203421045
-0.48212044562653855
-0.24946513032344833
-0.26664407400901435
-0.3063216274220787
-0.49903370211011516
-0.3930627557100761
-0.4784647848908994
-0.4232683299463786
-0.30137180262470886
-0.39074579838258094
-0.3420867912679349
-0.46381244879464906
-0.26591738450763663
-0.3556695901835207
-0.3332989154892337
-0.39992571516129743
-0.28010155235498035
-0.2685988117857264
-0.056734709930006025
-0.39050784070354666
-0.18158397811101412
-0.18823132158221415
-0.396463723798827
-0.40555830054962555
-0.32190224020211544
-0.5166387037331273
-0.41161412809243675
-0.3732780403091971
-0.3194809643677774
-0.26644887446362064
-0.29073312778140853
-0.3810658713308019
-0.48897342356849954
-0.2746433253926329
-0.3223991475132112
-0.3455230187468396
-0.13503978844243755
-0.2826772922111598
-0.34558490152059645
-1.9737298215558337e-16
-0.24256745676800695
-0.3579084349422441
-0.3419492363375225
-0.20748941353311326
-0.44872598299813987
-0.43647687070170044
-0.30291790526332174
-0.2782231351632243
-0.3888024487663234
-0.3382253785322878
-0.2877914128969874
-0.34911796767190495
-0.3475673460813981
-0.20339705538400885
-0.40964496795054917
-0.3595812596184553
-0.08332808099216694
-0.08199250159762221
-0.3595659975777218
-0.2560748225299247
-0.3528895261007947
-0.5871328331308262
-0.27479474131558623
-0.27238472262749813
-0.4978763703123168
-0.24256013364504558
-0.22524645134223076
-0.14046028658965215
-0.4318328598425501
-0.11823816473989578
-0.36190923274676995
-0.3696972810707037
-0.3618354882795818
-0.4485412781495951
-0.48459319552283736
-0.4647614701591753
-0.16012767259883018
-0.16172441701192403
-0.5809755672624739
-0.5265786488960071
-0.3522307157604249
-0.19855161604410043
-0.49821504479431106
-0.31163781052030354
-0.3366288698375429
-0.31508081921518627
-0.19400684192260925
-0.3162211598808197
-0.19282495132544003
-0.3175320463025685
-0.2959379958678949
-0.2351186337803747
-0.19318897907047747
-0.3285838219457452
-0.2673892618798892
-0.2389681203706319
-0.31235977437349555
-0.4326069634906101
-0.33081181944370897
-0.274255838050018
-0.37259630444261915
-0.4428922142599961
-0.3610164448852343
-0.1707839397436585
-0.23790772326466866
-0.329391600466984
-0.2947263175467044
-0.4821478016280337
-0.40731213358661483
-0.29628164968778453
-0.3225930675257358
-0.48780439336008197
-0.22723037958164533
-0.34806910924238316
-0.21942518799517052
-0.29762895908497283
-0.26590182654066175
-0.39390383511540017
-0.2468258318966947
-0.1465772954792248
-0.19676098787881227
-0.22320109024295642
-0.31811436272526583
-0.12318328354773574
-0.2952360609773568
-0.3078021907123809
-0.027189540054203404
-0.4251525650928421
-0.3617988086909004
-0.29881352816359685
-0.521880014968425
-0.2352193276623378
-0.26105890749028066
-0.11213126242719365
-0.15151415295394455
-0.42937139900605364
-0.3767133222642714
-9.516197353929913e-17
-0.3992457853198092
-0.3734028829452242
-0.1358885539864153
-0.2578170435032009
-0.06747852130754971
-0.5064097058525301
-0.4326755436626776
-0.3070238029883838
-0.21426438081033167
-0.19376101600617304
-0.35135084263652927
-0.2827267588443931
-0.29719898151030866
-0.3725016555274001
-0.4232217220044728
-0.3218168756173301
-0.4461979991098889
-0.0567125542958876
-0.07352840382057747
-0.16184416269198207
-0.4617457286923783
-0.3604851437004682
-0.5526296404073953
-0.16368613904946178
-0.3980348002172195
-0.3408218553004931
-0.35410515055547703
-0.2735833603951211
-0.36488880410377844
-0.3687967409737095
-1.7886926507849745e-16
-0.1264188351819191
-3.4892723631076343e-16
-0.12244281010202172
-0.4304525628045697
-0.3024901100327418
-0.4858270504464577
-0.4944030024171636
-0.3665440242804832
-0.27234168059795943
-0.2347471854709557
-0.3179286975485879
-0.21207698731937327
-0.11465565744680531
-0.3306535244105653
-0.31258825082243824
-0.361963487230184
-0.5588619202218776
-0.330757130809173
-0.0
-0.1711597282176142
-0.32515432206990724
-0.3222181044573394
-0.38392955700460873
-0.48476319721003486
-0.39680568246334075
-0.3977029928588755
-1.1102230246251565e-16
-0.2980871947434217
-0.2793218678055249
-0.3954166575218205
-0.29958351201753813
-0.5610123843059275
-0.45633412252073696
-0.4686931523109906
-0.3215931821313513
-0.28735229808117985
-0.35243920011629426
-0.29950170042138663
-0.41412801990318554
-0.4225237750681563
-0.2941807171809028
-0.38915796025424065
-0.49141864765117593
-0.37502306343983516
-0.48680577472540615
-0.5231746478978215
-0.3918833599959909
-0.5794079041623216
-0.10633022378255488
-0.3876947770521321
-0.21775711506536463
-0.26262789379811746
-0.46298711680856
-0.45829030147056654
-0.3094961028667264
-0.403585801809363
-0.17622642640927375
-0.2605910077813795
-0.25033973921041547
-0.251982083361721
-0.7868944907042135
-0.42402910329534926
-0.2419977915840215
-0.34698029377407563
-0.4289613034609903
-0.3922474436055841
-0.3499730964105817
-0.23840509261884657
-0.3619519442858462
-0.6137363686110674
-0.30065321374512033
-0.4542236408223326
-0.5632447352071284
-0.5116225594556469
-0.3662506000546395
-0.15978638770613918
-0.35442035404433553
-0.3370422107069422
-0.19617103693479448
-0.261682629453171
-0.2408715091105147
-0.17553780299306324
-0.4941951808242563
-0.2562514907174202
-0.3984627898137654
-0.5563480276516733
-0.536829513761496
-0.3050548940073186
-0.1798440860486842
-0.12626562133648547
-0.27780447876553543
-0.3410474344926106
-0.35038263036524747
-0.2601650939718007
-0.3148955441365246
-0.12370492123836058
-0.3682615427950085
-0.3425518709794864
-0.6323825774673507
-0.2937634622534444
-0.5868867532227562
-0.44997734649031024
-0.501069388263601
-0.16316072204232007
-0.27545564175347736
-0.32237885376913555
-0.2996883512190474
-0.31208235978356735
-0.30629304341247904
-0.3222807106924556
-0.17480272579505796
-0.14607508146699533
-0.3732642119522009
-0.29647310375015173
-0.42256129976036616
-0.3906488619806265
-0.5135315258511741
-0.29807730029840834
-0.4566249193801786
-0.44285751221596187
-0.2705994555862018
-0.3777214256626201
-0.44338302456667905
-0.34091314232541065
-0.3617963629902729
-0.23040037755201329
-0.39395600463339314
-0.05027196298974375
-0.264828747031226
-0.49541737320584117
-0.09527548980522897
-0.3395796939988021
-0.2706989581884602
-0.4785780527451197
-0.6185470259654197
-0.3412363165356117
-0.23078455715251237
-0.12624100528861332
-0.3787909027692645
-0.36391602888361163
-0.2811492197990591
-0.2460641001552918
-0.12318328354773574
-0.24854161863951
-0.36523328436851726
-0.40494329738282947
-0.1688522352420371
-0.32611393447917447
-0.16873045268792403
-0.2558061784318308
-0.26963044600051633
-0.23581183061945926
-0.1777676237277387
-0.47804915255048946
-0.42520707567929483
-0.26344443513274
-0.44521389819163565
-0.27209075984766323
-0.37765615878071096
-0.3405066688010399
-1.4802973661668753e-16
-0.30252833026616954
-0.1996517880273332
-0.3022488730760467
-0.30306954039635714
-0.4637586618304955
-0.2889963024727527
-0.27060440330365315
-0.3851077216431294
-0.36531223793361056
-0.35344513753546164
-0.15738244589139913
-0.11585308080006604
-0.6114861976638535
-0.5819657814479949
-0.5317630316311559
-0.27647010566755764
-0.4643546947559748
-0.498988825324058
-0.23814137168452204
-0.2102837022940009
-0.3196466519178102
-0.45922478989419196
-0.3303282557085336
-0.27780319431616135
-0.15777248072871314
-0.3705354856533541
-0.3836020056516099
-0.2903586757322802
-0.33841240025044445
-0.35101106038546637
-0.4633743406423927
-0.4307478608729099
-0.32443378383892113
-0.37984479822193473
-0.4451953569693515
-0.3775657867714261
-0.4383110464175708
-0.3834479597105885
-0.2468953426109019
-0.20811898777589824
-0.3011173932982347
-0.4349842912183065
-0.424972076452534
-0.44313681996073884
-0.33811626755638874
-0.32410798674425345
-0.23381095414655761
-0.1762791696138597
-0.5720823250389032
-0.33776217304473216
-0.7291286430474103
-0.40739000572695777
-0.5362723674739553
-0.26209574455926304
-0.15931520857979273
-0.3464977018411446
-0.4116845150703104
-0.26990694028471446
-0.2357784923997955
-0.2590842195130727
-0.3639786510153902
-0.322168928800249
-0.15123340682673833
-0.37001855648060544
-0.3110257259056777
-0.33949604888988677
-0.2615361176923156
-0.5201932146597575
-0.3255281761208708
-0.4681035320262064
-3.191891195797325e-16
-0.42755758105165814
-0.2424999698566322
-0.41822019518298253
-0.2914192752720715
-0.33452126091745304
-0.2670172042045083
-0.28181641628657544
-0.5201433628445931
-0.47219743346312104
-0.26688688428622664
-0.2471751432308822
-0.38021201077143063
-0.24900552109175533
-0.49976071926523824
-0.21489525134426582
-0.28590607642551696
-0.17365506990663912
-0.25907329463645234
-0.5001836874144856
-0.3104891449751578
-0.3774898576278082
-0.3075652719411791
-0.2673148558569463
-0.251425401249695
-0.45418409172694435
-0.3063622808901671
-0.43444138433127316
-0.283415735937004
-0.11377414828079394
-0.22149560991686246
-0.5999105145657256
-0.22526430776342318
-0.27126095353425894
-0.32080529306484395
-0.3152887045222722
-0.2842110927894455
-0.3997425155091819
-0.12303861198905272
-0.30368745083145127
-0.2880278636824506
-0.3035551462411975
-0.5323842941664022
-0.39986550664467
-0.21514275601862592
-0.1723343497855907
-3.996802888650564e-16
-0.23447009154069495
-0.38510738392353344
-0.22805327188336577
-0.31052477858256455
-0.3002711891005005
-0.5825631750517101
-0.7760800231590765
-0.22176239044030477
-0.2702201467479022
-0.3746962346020185
-0.21273733409229365
-0.29926950105048905
-0.5233555946904296
-0.25033851795716894
-0.45997679589931145
-0.30490205069267295
-0.3593453395958405
-0.34172654559879617
-0.20428811777463776
-0.4427783277998722
-0.28304527428908527
-0.30559559723788954
-0.6626227595954073
-0.21023068474587014
-0.3397216307426217
-0.240820784459631
-0.23245101069335045
-0.24758595860746416
-0.2500325620660658
-0.4293637330121567
-0.31241905741507864
-0.2935002685865592
-0.18955720892661504
-0.5157396554790666
-0.26701232742726044
-0.1628836389778688
-0.25347183336825857
-2.2204460492503132e-17
-0.4374026414185217
-0.2104895478485709
-0.37601113936463915
-1.1102230246251565e-16
-0.2977421011861405
-0.4231212053145316
-0.35802986516491175
-0.4286487693172343
-0.2573753640768788
-0.5087071088570159
-0.26000103986577344
-0.1364710150634988
-0.42175996815318567
-0.33486071221259067
-0.5456306612613305
-0.22639789782737135
-0.5373035898074775
-0.25513279160705443
-0.3052620350331541
-0.2653877271685504
-0.3270139525512318
-0.4176693402558667
-0.36475557771192957
-0.39253550868895276
-0.42493841299340834
-0.4161337420014371
-0.29119338753231777
-0.24991591564286264
-0.34401932079631625
-0.1754589696738369
-0.4505360505549646
-0.2559029326741968
-0.3410158164334417
-0.24441852255296836
-0.4549849518095792
-0.5319895565996282
-0.380952635099604
-0.2427733101468948
-0.09643858697085804
-0.2316852877972448
-0.4329446551337972
-0.3247539654978104
-0.42017709428273436
-0.16610575446684145
-0.3270621144507824
-0.4645365981473001
-0.31791742036874665
-0.32637468708825207
-0.24514144846989738
-0.4100791490344022
-0.31625263596548714
-0.3698489680593468
-0.14071039685255582
-0.35156322400174606
-0.4586036091543846
-0.47005330729622274
-0.4937245762517599
-0.3541214127743373
-0.312210043698909
-0.25693188138628026
-0.283390182392385
-0.3593215635002632
-0.2319801215204043
-0.39224890397747025
-0.7014251154508917
-0.34882387193630915
-0.27321174982852736
-0.2579830718785352
-0.3062783833487316
-0.2786329325711929
-0.16526339393811762
-0.2717525197438916
-0.4479614113826201
-0.1564591961592965
-0.45728013265253104
-0.2588042451339309
-0.4455070573925025
-0.2996067170671813
-0.4851450557771763
-0.4749360901134797
-0.6606981920234477
-0.18120733874526598
-0.2756999900621597
-0.18655448073801043
-0.17753699493876732
-0.33072761579526244
-0.3343503217738569
-0.3394323752855676
-0.3150451166603819
-0.3300403501044582
-0.3134042425681067
-0.43112592835746466
-0.35412602131120463
-0.2522278174892643
-0.45409712625639165
-0.24846989437834455
-0.3252090548898756
-0.33033032138368834
-0.33749001437147863
-0.3451683311977663
-0.27834982068758124
-0.19632279210077958
-0.2528990975818101
-0.4603503204588782
-0.17977772323586982
-0.458911199444252
-0.1969367826776147
-0.035720958505534896
-0.2782889300799449
-0.21874432031160762
-0.3054466606640749
-0.21970721761332085
-0.44727056392085945
-0.3668951845383358
-0.15101263531259737
-0.28508543461674785
-0.2782176900696747
-0.2237898376637641
-1.1102230246251565e-16
-0.20107183961453562
-0.2486913176183801
-0.2214149272397285
-0.1317997689775314
-0.46101717707444156
-0.1898126098302587
-0.3362955586101502
-0.5606371399785143
-0.38346918506408023
-0.2807555101192411
-0.4162997545376849
-0.4729004689471862
-0.17750472220195496
-0.28146677919531465
-0.23544470115979152
-0.45777773029845076
-0.37754181468714626
-0.2851269488398201
-0.20910877044049692
-0.40983447241868154
-0.35135130577222856
-0.15450044870186355
-0.4302752839734195
-0.30873161655376713
-0.462382975742019
-0.3932391852190863
-0.4512976979990585
-0.3003287094036527
-0.21994287883263253
-0.21341009717747284
-0.31091387571309154
-0.25500239534929026
-0.4043541736160216
-0.31823481243484636
-0.3145131583953397
-0.5577169729073428
-0.36424451898308663
-0.24068731832721982
-0.2482156660024976
-0.23235228917552547
-0.4173872678264006
-0.23250150841403386
-0.33292112375921407
-0.11283241017630291
-0.2739264587017211
-0.4174240425116696
-0.5158120167106519
-0.33643755907864703
-0.38033381275482453
-0.2615250105502401
-0.2303346300738292
-0.3759775888627138
-0.19617103693479448
-0.29859843270653746
-0.2132620086825214
-0.27505075945802443
-0.5839655942399229
-0.33127947165310284
-0.4118013032647634
-0.3734292369262906
-0.3085143264948158
-0.17944700372986314
-7.401486830834377e-17
-0.2599390532613065
-0.24004909526183182
-0.24370251393574602
-0.354322370054821
-0.1539390977195716
-0.2914294051575992
-0.19030499112142377
-0.3030831806084844
-0.21445190431625244
-3.1086244689504386e-16
-0.13983456064807204
-0.2963522053410096
-0.4615623197338924
-0.35176805418611323
-0.42334448484580145
-0.06688457824157108
-0.28392849123589403
-0.3193697419439665
-0.2361108433299956
-0.10896716356176102
-0.2993531097251042
-0.27614122061016155
-0.5066787859562119
-0.6288786723888784
-0.3340496268231178
-0.3125257188271965
-0.4678785945972468
-0.22325226834366618
-0.41876452544301523
-0.6045218577507532
-0.43673227785918867
-0.4298448116768206
-0.5185022822025689
-0.5802600636954373
-0.2823958976361504
-0.47456017408036855
-0.361599372231172
-0.6734603648886148
-0.5993867818887664
-0.5192041292833476
-0.11040730166437025
-0.27887624339233896
-0.2052905149470159
-0.5053377490183576
-0.32598549693882173
-0.12256585389698717
-0.27794216072371086
-0.5074665524633365
-0.534311199008877
-0.3952114676279632
-0.2881365686407603
-0.5209980872857888
-0.4596473185122419
-0.20069975697305825
-0.3116189047611591
-7.93016446160826e-17
-0.19894666559346935
-0.1571367050624416
-0.3623620944612004
-0.1948617596666691
-0.353036362598275
-0.42705506431932566
-0.3207057465229941
-0.6178342649363067
-0.5134362579188525
-0.4808954483567003
-1.850371707708594e-16
-0.5278783954811154
-0.5296680970759545
-0.4068822217270181
-0.5376158618803447
-0.355777392905631
-0.3043709340802835
-0.5021314833612088
-0.3058416923881283
-0.3467254685118395
-0.41669928400016554
-0.4610275113423136
-0.47677908790441076
-0.2333938560012458
-0.31989123185957646
-0.5475903727865882
-0.4888474134454541
-1.332267629550188e-16
-0.3918593526974291
-0.45240602744079395
-0.37517707885513085
-0.3704625754725911
-0.2849563065128469
-0.6962061149828791
-0.13711292520649354
-0.48974967472149683
-0.2815463694850509
-0.3763386433254709
-0.5173433173302505
-0.4136219596371619
-0.24279898504221292
-0.34633020945685516
-0.2823958976361504
-0.32939868935035566
-0.5431792951493253
-0.16283504468387144
-0.6237463598814166
-0.3734465319397605
-0.39959866801555305
-0.4445385283485761
-0.19157827313216425
-0.07210584097965939
-0.2613519678967805
-0.150650619254201
-0.46104920358427465
-0.2598826000360077
-0.48320973489149155
-0.7809432040629216
-0.33085519571577965
-0.41819975673527665
-0.43252555346799826
-0.30069964912777547
-0.48832681550172624
-0.439070415648044
-0.18642763876948826
-0.5098680848054756
-0.49482140874622915
-0.42088514407399213
-0.48237729504335364
-0.43090500848466745
-0.5239740046796408
-0.23548959001912764
-0.29703396107144264
-0.3340504780262726
-0.34934425472575087
-0.40360329004197004
-0.464330126544116
-0.41668525178107607
-0.3573958839667438
-0.4997159004927551
-7.401486830834377e-17
-0.36354084422067906
-0.21329551089756077
-0.507116778932221
-0.37468525834281463
-0.42615239753681283
-0.39536513547003277
-0.4499276095224568
-0.4371005631225319
-0.518618338784502
-0.60281809161461
-0.43880327061320556
-0.47032070925337394
-0.4253280090568365
-0.7830363924260609
-0.5269359190489928
-0.35956626421749976
-0.25983302907521005
-0.4035302789803446
-0.6893080663532982
-0.3161630236191768
-0.30897887773508315
-0.32756045426006464
-0.23609994407333534
-0.6065658887094822
-0.44076640987704074
-0.4608265063127057
-0.3428314880644837
-0.2643494460630761
-0.39142621165781233
-1.850371707708594e-16
-0.34512192949814635
-0.445601464771462
-0.6613039384724783
-0.509835917086339
-0.5928591523984171
-0.6673322550375226
-0.5423324747792514
-0.44424994482696095
-0.483691765414606
-0.31610916664978606
-0.31985725158479444
-0.25668149716034905
-0.5102361227891358
-0.20909735798328488
-0.13959907464564209
-0.43736660970939656
-0.33429870486925617
-0.46353965767400074
-0.368884774965627
-0.25495533389169756
-0.3414093932778865
-0.3157879044201209
-0.26360341900033074
-0.3843816361735169
-0.07640316112326788
-0.5990606427175107
-0.42083085628989253
-0.4204364159395505
-0.46998014843697516
-0.3948690152448487
-0.4480349395714353
-0.33591515239951064
-0.11143147238431697
-0.35018982159217427
-0.2644094245068752
-0.27571698378376835
-0.5512276173765842
-0.34123681939817246
-0.38527288910786467
-0.4584696307207077
-0.4195992465501895
-0.5833242858564619
-0.43788803524709385
-0.1746235443464925
-0.3007372138514967
-0.48618568341516694
-0.29250091795400923
-0.43677045141649856
-0.4255520825240265
-0.35557112399432567
-0.44132820943398404
-0.4515333229711964
-0.4178293096887065
-0.47527388268455295
-0.5100872600826848
-0.614180299219142
-0.2061648395377324
-0.5045647045260996
-0.5244767176128686
-0.38947867903815947
-0.21135966984169657
-0.19512835777037243
-0.4092429215270318
-0.5755794535160087
-0.1382029871007223
-0.5159767031249082
-0.19525741676250452
-0.6927048873544828
-0.4589944481835197
-0.5465977765909592
-0.30883916468814365
-0.4145554685594903
-0.31057110477650496
-0.4648947982856253
-0.42496667990852005
-0.3745163399908498
-0.4581282257129763
-0.3018885822239961
-0.4187566652940457
-0.41408057597203896
-0.3960041964046934
-0.6379671950308096
-0.4102042557321073
-0.4709715936675679
-0.2316945269288989
-0.25065216254212935
-0.2544703287040635
-0.37481198435847185
-0.4952319702613312
-0.5873087994174966
-0.33787577633997085
-0.3960489891033419
-0.29305125400885895
-0.7513404026915668
-0.4150227149807228
-0.37328882893789933
-0.4466121141176099
-0.06065144066910238
-0.5039113450883965
-0.15457311827775475
-0.20502027766128908
-0.27328438223731855
-0.025816006205945135
-0.3540945790100699
-0.42088514407399213
-0.4385093229868355
-0.37600707018320195
-0.22156514788686624
-0.22776890126092006
-0.22286160100422553
-0.3750999115356813
-0.505420322339051
-0.3589765337121596
-0.559143196481922
-0.12672327391780253
-0.40187316928813527
-0.18975604962685436
-0.4331034961478499
-0.4357438758120725
-0.11680045459897104
-0.39187811796008015
-0.26133330033444935
-0.46671866435613685
-0.3991453320148749
-0.26565113792806927
-0.3306297925794909
-0.24354924051783375
-0.4467235640237651
-0.43836233270174646
-0.1727386022420317
-0.43267700965342354
-0.23836065519698194
-0.37379124811019687
-0.42991877287431485
-0.1352440528981942
-0.38303723455612015
-0.5143687661855633
-0.4731625345137874
-0.09396198220867638
-0.23031780898053636
-0.18210182397681413
-0.27344211630988374
-0.4139330205073542
-0.5039013344433053
-0.42639498055373765
-0.3326497515458018
-0.5691015173401023
-0.1944226213745564
-0.4566255824358371
-0.36522270614102886
-0.16244434526942517
-0.5169525841460616
-0.30343513952125994
-0.5291491627803276
-0.2823202843218526
-0.39333404260155036
-0.15685330219220162
-0.36108780042077737
-0.3658543338948367
-0.4373437816772728
-0.32468575661340093
-0.33709600723702227
-0.45240061265672593
-0.25454573282720766
-0.3185352064679926
-0.20233491485426575
-0.36991937422842835
-0.48068838329590496
-0.5504028098558214
-0.3332809045008963
-0.5864683345209399
-0.4589823246289895
-0.5013135263292401
-0.5570212921112099
-0.4577642926933298
-0.759634649267814
-0.36147386871190856
-0.3802574281714771
-0.4493758743750212
-0.2862933126298907
-0.3584817487820293
-0.3776462195047453
-0.42807319182908155
-0.5965879191480737
-0.5198910477748429
-0.34333692566022306
-0.4742116978967535
-0.4328297295377803
-0.39649423892740326
-0.5197679100971003
-0.39749128925260835
-0.4240727273014595
-0.28964454405552764
-0.38653988304825054
-0.358439740914057
-0.23994683300278588
-0.6352896637319835
-0.16919807047358654
-0.5229438032084867
-0.6563246530577813
-0.4120039263757179
-0.498029808769508
-0.3799308971731853
-0.20174025084897182
-0.5178637635085928
-0.4392247077374807
-0.5004595996105422
-0.5070368018542385
-0.41514809764591587
-0.14666052016805814
-0.36187843125014374
-0.37047945077198446
-0.4003297580612115
-0.39979769384945324
-0.47577842016278604
-0.013203228746676756
-0.4311134244252771
-0.33951713765836516
-0.2368418931509591
-0.5863954705076275
-0.30260722169622095
-0.4214292498215015
-0.32391410682153915
-0.41139848138381835
-0.5697727087788002
-0.46499318350787633
-0.3939406807865376
-0.3017172436624456
-0.5228139645698555
-0.4230241322156901
-0.37174920170682424
-0.5182394307509003
-0.3087509990884058
-0.49121663807497695
-0.6528606206119978
-0.48303393074958406
-0.41957502560170673
-0.476867029375462
-0.383514129380406
-0.211049569083024
-0.37507388071584896
-0.5119505683956187
-0.4362475653173238
-0.45990887198810354
-0.4010315295286676
-0.5094719399103228
-0.3987392177576885
-0.4929787146597493
-0.41668132822957127
-0.38990588563224354
-0.46745707925280683
-0.2210319511987229
-0.33726601824331737
-0.25657012932517226
-0.4099658980699836
-0.2855420905611235
-0.4476269275430405
-0.48928266380038593
-0.41728484772258784
-0.5253798708931415
-0.5130183254469867
-0.36750977819521374
-0.40762875673970206
-0.44383666135611843
-0.4802810219205516
-0.3554234475732111
-0.34494242990099905
-0.28925656326035687
-0.22486694340820548
-0.5633145106405987
-0.6051612133075158
-0.3425175454219662
-0.3827145072238632
-0.09794375469857795
-0.5115169711398738
-0.32609599431490904
-0.42119326380282945
-0.2820565469454338
-0.22383460949732076
-0.13154091981282917
-0.39015604770123735
-0.4725245005786166
-0.4739203146582937
-0.19369387598030535
-0.3964411816043707
-0.2281737042258008
-0.7207318815781499
-0.34271734210095045
-0.555495643403032
-0.31569089281637785
-0.46938709420405517
-0.43141494501542155
-0.40764809607048036
-0.3870080434182243
-0.3580678575233191
-0.30748788928639326
-0.6611774969658442
-0.09949778456757065
-0.6284676803190313
-0.2458763111845976
-0.09674644058880655
-0.3058416923881283
-0.09086977834236219
-0.33594604401763545
-0.3813685908962805
-0.4308074515170881
-0.23002661866979407
-0.4010315295286676
-0.5938081208113366
-0.6164772890266085
-0.3890821442525783
-0.32572153128251846
-0.4820479321698146
-0.4337781952985207
-0.4170023376660924
-0.28294156750735444
-0.2770930862904885
-0.4598556915917156
-0.5678513354855227
-0.3415832438019813
-0.4632003027483751
-2.590520390792032e-16
-0.231281931497651
-0.13957667291245926
-0.5344877217650832
-0.5608247140044728
-0.4964578425090389
-0.34426711817428657
-0.37935901514332193
-0.4755811124128897
-0.27026681399317065
-0.353443586999177
-0.4554053644807569
-0.3471916689979113
-0.26039881992022235
-0.39553197267575646
-0.5339873902874537
-0.6323101671330759
-0.3407746401700413
-0.3855692856957402
-0.5137591056778444
-0.688818590247059
-0.5035314540582679
-0.5944799633632092
-0.679044504732591
-0.4180477623493193
-0.40008509689648286
-0.4278765154811093
-0.3733540731990593
-0.4840841603923126
-0.35168457907852846
-0.46582385509253643
-0.3983033174184848
-0.46929063884374417
-0.25238764575397904
-0.27343498417507006
-0.24998581038190715
-0.4591121830841529
-0.35738546216692174
-0.4501264493215001
-0.5168119471196322
-0.4912380578155212
-0.34679211767273255
-0.40616072622215715
-0.2634902717284565
-0.457165887977848
-0.16542279118592976
-0.4933541651522645
-0.19476528808791088
-0.16020156180546247
-0.3978411584295453
-0.22410959275881592
-0.24071024222467202
-0.25693053914120306
-0.16371666396502527
-0.46347886777289293
-0.29177094879211257
-0.16857880656238228
-0.4767490945681676
-0.27458495738005734
-0.5318896586236623
-0.1825549878952786
-0.06961799776339231
-0.47468199314030735
-0.3096055774309618
-1.4802973661668753e-16
-0.3375354218226383
-0.46250841687472616
-0.3944793905157455
-0.3890105617361546
-0.24727965013422495
-0.2829841641283005
-0.20032617552983595
-0.38409499607361824
-0.13916320817082659
-0.2163583063782935
-0.36701535564415305
-0.20998880209085302
-0.1392766880322616
-0.3785332168511142
-0.40424844217799333
-0.22842762022067842
-0.19623707881991848
-0.18345393896756337
-0.1357720742674111
-0.38913647768962456
-0.15847018499310211
-0.3164384933307735
-0.2515013523335757
-0.18136576506993954
-0.18494391637551308
-1.1102230246251565e-16
-0.3169226126568062
-0.7151327095399209
-0.3220523756677454
-0.23333249067976264
-0.19961922914891983
-0.2515180425578976
-0.19018330670918626
-0.32154253824452605
-0.09860334860952918
-0.36651767521403344
-0.32447085815338444
-0.263972507894757
-0.5979443525931242
-0.38350154901762357
-0.3798258497738842
-0.29634422860717236
-0.4332233475113198
-0.18719303292411
-0.21876064345740748
-0.4026680424971854
-0.1804967326378779
-0.24521873906762515
-0.367332013954575
-0.42191481450294416
-0.3087803534183179
-0.26303080124441414
-0.3146148618548397
-0.376305700285584
-0.12515749822368044
-0.32046325416666704
-0.152045759431828
-0.21194295217864978
-0.7414874691656397
-0.3102286197741925
-0.5003669181858313
-0.20970862383365357
-0.4483926518636713
-0.4367761743145617
-0.23443000300885886
-0.232610034128361
-0.07313963547997673
-0.31750307483151524
-0.24154900290906214
-0.25014095812613474
-0.36151178587059624
-0.14599444684653592
-0.407098946074897
-0.19507520222730199
-1.1102230246251565e-16
-0.35090494743926554
-0.4848168320214149
-0.399707144811939
-0.2973664269303703
-0.21853506610260984
-0.2043387955270943
-0.2735297022770151
-0.41347187812544917
-0.3413271286047731
-0.23526786523536639
-0.1933240796432466
-0.2962120781903277
-0.33718160703006994
-0.42389763755814047
-0.18578107189000462
-0.09739213394510349
-0.41248239964510147
-0.3523007491650592
-0.42728486658113557
-0.2979461859273485
-1.9032394707859823e-16
-0.32775380713928637
-0.31237951559879584
-0.2628886569273955
-0.3174339107057668
-0.3920789989791938
-0.31869479263084743
-0.3249106631728633
-0.3672065938112025
-0.229397027402606
-0.09202369037871275
-0.13907098749258034
-0.41411167856766146
-0.3716243989437785
-0.2769998290898001
-0.2758216826684009
-0.3374523379364234
-0.19429423073886976
-0.23470416982564593
-0.20968791378026536
-0.25761137710689663
-0.31640777614635796
-0.16870337692859236
-0.19694585796583705
-0.4495132898823908
-0.5262656238607728
-0.24818692339702822
-0.17281182988741997
-0.4388552590567652
-0.20661053311636207
-0.2946084089777816
-2.220446049250313e-16
-0.4293971930515035
-0.39432046515905755
-0.4321963119814075
-0.25732322848865086
-0.35964041284275067
-0.31484509773500985
-0.3066763086336948
-0.7495457816367065
-0.1969957400835936
-0.39712291736124805
-0.32066406261495867
-0.2079556050542589
-0.5372152629956879
-0.38283252929999717
-0.17324412726806612
-0.3802884040329254
-0.4115582717156787
-0.27189792275095354
-0.1909973274290729
-0.36570547243549945
-0.21302244640783524
-0.44527267211522287
-0.25241383838810305
-0.19274565461916332
-0.5234836123599836
-0.3518448905516638
-0.22082661325171385
-0.2693745691505476
-0.3216539176458718
-0.37701836719875237
-0.31501692787369834
-0.2030200443140885
-0.3472426566767971
-0.2831752914771946
-0.18750446679416224
-0.4856236715763848
-0.37732492621841596
-0.16508419111047418
-0.11084437235786988
-0.416119706362509
-0.32041850158308943
-0.3411253950615668
-0.4447497124933633
-0.20022956164363231
-0.2684008845689365
-0.44717532404028143
-9.868649107779169e-17
-0.3010862633114017
-0.2503072492040818
-0.7883564359991
-0.44541645898533655
-0.19773257100504063
-0.13109436051739187
-0.1604420694799735
-0.14039702444780616
-0.3285848068740304
-0.02315862350349414
-3.774758283725533e-16
-0.22325718362859465
-0.347040682272255
-0.33068946835307234
-0.2463732237199303
-0.5269239801556881
-0.17016743812603363
-0.4208731875504962
-0.4075077801776002
-0.012933322340179399
-0.06453032993277939
-0.294199259283705
-0.4719135882170604
-0.32614568840409
-0.310695569405282
-0.11575507972386102
-0.33051027805814337
-0.26464016217130404
-0.2301418036537912
-0.2255481797513954
-0.25697698538625774
-0.22694686515069146
-0.2832740298838485
-0.2464909751058028
-0.2358548922641469
-0.2964180972287058
-0.6017609301110493
-0.2820168272171723
-0.2734614253715645
-0.25620995911438826
-0.3025484532821258
-0.18774549762545636
-0.18809832178207775
-0.31175230592945474
-0.3755822532756147
-0.19424901700259264
-0.09117655880246225
-0.31331107176591644
-0.24436777749139607
-0.4458784956161021
-0.6210634431074905
-0.377113880008714
-0.5378539395676524
-0.5382125976602531
-0.5372362206488399
-0.4557302293933004
-0.19469863574261215
-0.08598895837117596
-0.007461087561730378
-0.19446252087653457
-0.2881412828199619
-0.2826657836172267
-0.3735719420499089
-0.25634542239531044
-0.1061819879550953
-0.26115009519168836
-0.5658347106723173
-0.41518823233298163
-0.35616870633733083
-0.2063696003569561
-0.10551651889149334
-0.31604357369884034
-0.30043319699409066
-0.3499070569651874
-0.27587089907109064
-0.18158005692120374
-0.3147446149287997
-0.27305486300455967
-0.14429005429927255
-0.31012216954033683
-0.4663345793086568
-0.4777359213184879
-1.727013593861355e-16
-0.38820816441705674
-0.24601798941306297
-0.0513003936438865
-0.3888539281904092
-0.3169337169787154
-0.14765420649112282
-0.3219211171683899
-0.4894543776643347
-0.18393739447969892
-0.18522130180389337
-0.3962058989704906
-0.1274235600827454
-0.15869476967052026
-0.28102944821932524
-0.3074642286924689
-0.1909915489844319
-0.31010083265899974
-0.432275144192123
-0.44649126460207006
-0.3576690882150379
-0.12741018043395685
-0.4131921476448613
-0.16305125955178582
-0.17800680428796906
-0.24054491451771529
-0.5094025922711489
-0.4829947194211976
-0.24993842143134049
-0.2271364495048924
-0.16173762582890816
-0.21270935697579596
-0.3291465549714364
-0.1894676603213661
-1.2111523905001707e-16
-0.46807241419700424
-0.49119763275415884
-0.35509801493158827
-0.07867864155366862
-0.3761443334252297
-0.42376007013407796
-0.2851138138453729
-0.013694579933375825
-0.3590487045347104
-0.2971462430800454
-0.3333640292384944
-0.3309171166247245
-0.24593685287665218
-0.28234546008532735
-0.33975695544061263
-0.3542766862033349
-0.3441531135688703
-0.45376294297485953
-0.5598226947422396
-0.26454619621178227
-0.26713578754061246
-0.19505812685596158
-0.336292809919486
-0.15861935021646537
-0.14967672835698143
-0.31121663458177906
-0.3238591514765193
-0.3341428556776037
-1.850371707708594e-16
-0.3810449568658215
-0.17281463827443022
-1.0092936587501423e-16
-0.3035486843923604
-0.2866347724419127
-0.22817480867086376
-0.4015613461210009
-0.2766390638760705
-0.2879698412724866
-0.33097846423582267
-0.13036414335484828
-0.23106407751997254
-0.31890951137756846
-0.10954061509616185
-0.44618780028163696
-0.20956349683469075
-0.4437391223018496
-0.21956767362323862
-0.3522604336806787
-0.45739137831650056
-0.35524520428242184
-0.24072805732989933
-0.4860883356888262
-0.4986097505707948
-0.2515310251067435
-0.3695372713699633
-0.5820843254652348
-0.305492812604543
-0.4913143384994719
-0.3518061311587304
-0.3131770752677489
-0.45857818403529327
-0.45859133366988225
-0.19466818815323036
-0.3438112290112334
-0.1469931977961955
-0.3082775102281638
-0.34558330678999255
-0.32839746310921825
-0.2526736779157139
-0.35635080560304827
-0.23964356294102643
-0.3013909882782507
-0.5217567573525389
-0.19959651775808956
-1.1102230246251565e-16
-0.413346431627591
-0.4126484657574145
-0.2013893409461798
-0.2671465042554194
-0.3250196229067318
-0.2539536088284759
-0.38078005020776273
-0.33039370002324264
-0.2525824972480846
-0.31928591971872483
-0.18674936144040918
-0.37508394415572116
-0.23425925902863698
-0.434130275089958
-0.18925248187648114
-0.3709030317061801
-0.4512695944046439
-0.2877234798859888
-0.16693956873923718
-0.36679203916225067
-0.49706521631680095
-0.3229891966892642
-0.671065921060856
-0.4035754313009686
-0.5172430445099793
-0.4266947860413257
-0.29419413555436363
-0.37726930238823775
-0.40450191255466955
-0.4412232229608234
-0.2233028352528152
-0.2975553164086667
-0.21564768438965523
-0.2499417507891691
-0.4016673774886677
-0.3845389737769182
-0.33864111869008096
-0.4096085641211224
-0.33839669482055595
-0.3010572639425082
-0.13539233865939482
-0.22926205435145858
-0.25324330540540185
-0.22540553781736086
-0.35186236469776005
-0.34776021270561813
-0.23192211147381234
-0.4974249544250444
-0.20965687488378756
-0.18379233465347428
-0.15584488875834118
-0.371108459876575
-0.29574221640954546
-0.457683418900431
-0.2857083660924409
-0.30755746863087213
-0.3598271498546382
-0.434878022330946
-0.2828922256295965
-0.445387337472336
-0.19755710810506855
-0.13918040694331282
-0.3195687529968869
-0.4762055302319794
-0.2890680660453056
-0.4157192037879531
-0.37396180383384336
-1.9032394707859825e-16
-0.39521926336558516
-0.34116122028220713
-0.08594817399497873
-0.30322252820194
-0.3556872100392257
-0.22962344845641275
-0.18734315143895475
-0.5242481975189747
-0.4991514843178959
-0.2717184655827315
-0.49056227440346334
-0.2781881089126723
-0.5217738475203707
-0.2599422786979158
-0.23103703685541727
-0.4185220059243339
-0.24363451040216824
-0.3542987222436233
-0.34945538331024195
-0.11313892141472502
-0.0842262827843014
-0.2598588226481716
-0.25322515444185567
-0.31901044145939605
-0.33172724809101845
-0.31996746342079324
-0.35696939851043036
-0.26644405115726516
-0.31000836419543043
-0.5393834339172776
-0.451898283246097
-0.23958737443203867
-0.09392567153112125
-0.08352975106319184