0.9479345679283142
0.9721465110778809
0.9238156676292419
0.9370251893997192
0.9135019183158875
0.9362603425979614
0.9397345185279846
0.9348443746566772
0.9794602394104004
0.9999999403953552
0.9754749536514282
0.9772493243217468
0.9665895700454712
0.961161196231842
0.9425960779190063
0.9501711130142212
0.9703772068023682
0.959987998008728
0.9753713011741638
0.9321521520614624
0.9737349152565002
0.973437488079071
0.9799606800079346
0.8903096914291382
0.927348792552948
0.9603183269500732
0.9493719935417175
0.9749475717544556
0.9124404788017273
0.9567808508872986
0.9706891775131226
0.9732168316841125
0.9820361733436584
0.9371997117996216
0.9661164879798889
0.9475517272949219
0.9623578786849976
0.9506515264511108
0.9720472097396851
0.983640193939209
0.9392181634902954
0.9725204706192017
0.9340894818305969
0.951691210269928
0.9013696908950806
0.8927246928215027
0.9760459661483765
0.9387948513031006
0.9666916131973267
0.9318944215774536
0.9702857136726379
0.9735928177833557
0.9345591068267822
0.9319929480552673
0.9264950156211853
0.9605414867401123
0.9342604279518127
0.9539920091629028
0.981011688709259
0.9914218187332153
0.9672991633415222
0.9091072678565979
0.9582791924476624
0.9232515692710876
0.9692001938819885
0.9425807595252991
0.9531863927841187
0.9517146944999695
0.9306008219718933
0.9604402184486389
0.9274431467056274
1.0000001192092896
0.9252437949180603
0.9702087044715881
0.9295737147331238
0.9332204461097717
0.9922049641609192
0.9012404084205627
0.957051157951355
0.9480276107788086
0.9500902891159058
0.98284912109375
0.9674404263496399
0.9751737117767334
0.9570307731628418
0.9780543446540833
0.9587531089782715
0.9496459364891052
0.924619734287262
0.9451532363891602
0.9541439414024353
0.9785811305046082
0.9290200471878052
0.9897781014442444
0.9531808495521545
0.9508962631225586
0.8968533873558044
0.9818799495697021
0.9262115359306335
0.9000722169876099
0.9961675405502319
0.892587423324585
0.9366015791893005
0.9710274934768677
0.9220796823501587
0.8906848430633545
0.926735520362854
0.9291279911994934
0.9689294695854187
0.9777897596359253
0.9168710112571716
0.9270225167274475
0.9600207805633545
0.9069889187812805
0.9504364728927612
0.9192917943000793
0.93567955493927
0.9772025942802429
0.9225327372550964
0.9943262934684753
0.9433797597885132
0.97243732213974
0.9650185704231262
0.8945978879928589
0.9484533071517944
0.9121911525726318
0.9516777396202087
0.9241223931312561
0.9342662692070007
0.9449824094772339
0.9357483386993408
0.9644212126731873
0.9444933533668518
0.9237316846847534
0.9527890086174011
0.9567734599113464
0.9581122994422913
0.962171733379364
0.9700158834457397
0.9265385270118713
0.9548322558403015
0.9790919423103333
0.9848668575286865
0.9539223313331604
0.9114288091659546
0.9499030113220215
0.9420869946479797
0.9559568762779236
0.9432060718536377
0.9410396218299866
0.9235580563545227
0.9193364381790161
0.9375430345535278
0.9404194355010986
0.9729341864585876
0.9385066628456116
0.9646815061569214
0.9493294358253479
0.9661483764648438
0.9691565036773682
0.8970460295677185
0.9999998211860657
0.962711751461029
0.9304770827293396
0.897511899471283
0.9228708744049072
0.9525222778320312
0.9526248574256897
0.9789445996284485
0.9338948726654053
0.9216791987419128
0.9477033019065857
0.9955236315727234
0.9348835945129395
0.9752059578895569
0.9302291870117188
0.9666210412979126
0.9500777125358582
0.966218113899231
0.971693217754364
0.9413590431213379
0.9170731902122498
0.9115522503852844
0.9809749722480774
0.9605721235275269
0.9761520624160767
0.9468691349029541
0.9088959097862244
0.9181155562400818
0.9438591599464417
0.9336596727371216
0.970719575881958
0.9356462955474854
0.918815553188324
0.9079399108886719
0.8919020891189575
0.9672935605049133
0.965584397315979
0.9696336388587952
0.9331787824630737
0.9625287055969238
0.9288671016693115
1.000000238418579
0.891501784324646
0.9644414782524109
0.947496771812439
0.9386774897575378
0.9516882300376892
0.9382758140563965
0.9734077453613281
0.9544305205345154
0.9739518165588379
0.9971639513969421
0.9598677158355713
0.9488436579704285
0.9302135109901428
0.9108229279518127
0.9531121850013733
0.9365983605384827
0.9628427028656006
0.9463430047035217
0.9765527248382568
0.966747522354126
0.9397353529930115
0.9616406559944153
0.9898576140403748
0.9553181529045105
0.9611763954162598
0.9320867657661438
0.964388906955719
0.9261960983276367
0.9294659495353699
0.9010156989097595
0.9990297555923462
0.8780344724655151
0.9527060985565186
0.9518834352493286
0.9203888773918152
0.9558154344558716
0.9578148126602173
0.9674227237701416
0.9128029346466064
0.9422460198402405
0.9155385494232178
0.9202394485473633
0.9685720801353455
0.931381106376648
0.9509583711624146
0.8863921761512756
0.9427052736282349
0.9874925017356873
0.9351411461830139
0.9763520359992981
0.9507152438163757
0.9443225264549255
0.9505451917648315
0.9527832865715027
0.9316984415054321
0.9641674757003784
0.988542377948761
0.9430978894233704
0.9030563235282898
1.0
0.9369498491287231
0.9481183886528015
0.918175995349884
0.953727126121521
0.8995680809020996
0.938841700553894
0.9179015159606934
0.9719148874282837
0.951666533946991
0.9559199810028076
0.9943262934684753
0.9266432523727417
0.8960551023483276
0.9295317530632019
0.9294583201408386
0.9824613928794861
0.9452683925628662
0.9637424945831299
0.9012669324874878
0.9554442167282104
0.9532691836357117
0.9221481680870056
0.9589667320251465
0.9754656553268433
0.9358672499656677
0.944920539855957
0.9260789155960083
0.9378623366355896
0.9344261288642883
0.9409958720207214
0.9586615562438965
0.918634295463562
0.9703278541564941
0.9339996576309204
0.9548038244247437
0.9705521464347839
0.9194173812866211
0.932388186454773
0.9501476883888245
0.9264710545539856
0.931201696395874
0.9914218187332153
0.9477776288986206
0.9665390253067017
0.9821555614471436
0.9437863230705261
0.9325055480003357
0.9826335310935974
0.9424280524253845
0.9178220629692078
0.9791010618209839
0.9214146137237549
0.9453383088111877
0.8766186237335205
0.9468873739242554
0.8987258672714233
0.9526658654212952
0.9495772123336792
0.9483269453048706
0.9248278737068176
0.9259575009346008
0.9684401750564575
0.9325257539749146
0.9287007451057434
0.9249125719070435
0.9267456531524658
0.9330868721008301
0.9941021203994751
0.9299830794334412
0.9546918869018555
0.9671012759208679
0.9185370206832886
0.943791925907135
0.9564979672431946
0.8950424790382385
0.9139992594718933
0.933154284954071
0.9538772702217102
0.9411325454711914
0.9582903385162354
0.9327312707901001
0.9216831922531128
0.9623755216598511
0.9354181885719299
0.9173439145088196
0.9798921346664429
0.9352463483810425
0.951706051826477
1.0
0.9745145440101624
0.9448723793029785
0.9289418458938599
0.9445015788078308
0.9245114922523499
0.9318118691444397
0.959360659122467
0.9313557744026184
0.9482690095901489
0.952236533164978
0.9542761445045471
0.9400995969772339
0.9201366901397705
0.9645471572875977
0.9215327501296997
0.9217734932899475
0.9760079979896545
0.9799296259880066
0.9441889524459839
0.9732380509376526
0.9186930656433105
0.9341749548912048
0.9612841606140137
0.9639384150505066
0.9525444507598877
0.9766990542411804
0.9724361300468445
0.9870835542678833
0.9158495664596558
0.9857945442199707
0.9281370639801025
0.9303860664367676
0.9502986073493958
0.8927246928215027
0.933527946472168
0.9667346477508545
0.9578104615211487
0.9755842089653015
0.9214780330657959
0.8892154693603516
0.9157881140708923
0.9787610769271851
0.9126372933387756
0.9294832348823547
0.9457709789276123
0.9637035727500916
0.9819874167442322
0.9401978850364685
0.9668709635734558
0.9436620473861694
0.9571561813354492
0.9599424004554749
0.960777997970581
0.9411659240722656
0.9616786241531372
0.967649519443512
0.9240913987159729
0.9375558495521545
0.9517980813980103
0.9338663816452026
0.9347558617591858
0.9286426305770874
0.96038419008255
0.9620580077171326
0.9651684165000916
0.9595077037811279
0.925171434879303
0.9219361543655396
0.9506469368934631
0.9379584193229675
0.9257756471633911
0.8795656561851501
0.9544508457183838
0.9502360820770264
0.9616235494613647
0.9467889666557312
0.9155473709106445
0.9063210487365723
0.9513096809387207
0.9785995483398438
0.9829076528549194
0.9511753916740417
0.9320067763328552
0.9976016283035278
0.9445428848266602
0.9725521206855774
0.9970317482948303
0.9153174161911011
0.9177908897399902
0.9560486674308777
0.9044892191886902
0.9441331028938293
0.9414792656898499
0.9858637452125549
0.958126962184906
0.9269988536834717
0.9320629835128784
1.0000001192092896
0.9162643551826477
0.9309309720993042
0.989109992980957
0.933489978313446
0.9947685599327087
0.9035251140594482
0.906544029712677
0.9185612797737122
0.9593108296394348
0.9607787132263184
0.9709537625312805
0.9621216058731079
0.9418457746505737
0.9025828242301941
0.9334705471992493
0.9461919665336609
0.8998832702636719
0.9858618378639221
0.9862240552902222
0.9677429795265198
0.921147882938385
0.9227026700973511
0.8796894550323486
0.9911924004554749
0.9301413893699646
0.9473746418952942
0.9312781691551208
0.9451310634613037
0.94859778881073
0.9547180533409119
0.9999999403953552
0.9920440316200256
1.0000001192092896
0.980141282081604
0.9417727589607239
0.9728390574455261
0.93821781873703
0.9263001084327698
0.9296243190765381
0.9618303179740906
0.9814018607139587
0.9522519111633301
0.9517181515693665
0.9735310077667236
0.9381945133209229
0.9606180191040039
0.9331592321395874
0.9155921936035156
0.9333626627922058
1.0
0.9658709168434143
0.9466884136199951
0.9481396079063416
0.927009642124176
0.9411325454711914
0.9290187954902649
0.9271433353424072
1.000000238418579
0.9540077447891235
0.948369562625885
0.9154932498931885
0.9613633751869202
0.9109352827072144
0.9234002232551575
0.947899341583252
0.935741126537323
0.966911256313324
0.9371283054351807
0.9312447905540466
0.919796884059906
0.9448525905609131
0.9403926134109497
0.9479678869247437
0.930152952671051
0.9146804213523865
0.919837236404419
0.8959927558898926
0.9143275618553162
0.9101962447166443
0.9909171462059021
0.9117825031280518
0.961938202381134
0.9675332903862
0.9110774993896484
0.9539505243301392
0.9421877861022949
0.9007426500320435
0.9827923774719238
0.9589953422546387
0.9633554220199585
0.952150821685791
0.9097850918769836
0.8877425193786621
0.9603663682937622
0.9439364075660706
0.9307922720909119
0.9422674179077148
0.9615439176559448
0.9483367204666138
0.9309709668159485
0.8964530825614929
0.9190217852592468
0.9091662764549255
0.893218457698822
0.9169071316719055
0.9226626753807068
0.937839925289154
0.9422624111175537
0.9477471113204956
0.9749560356140137
0.9393578767776489
0.9540415406227112
0.9557849764823914
0.9158812761306763
0.9560070037841797
0.9191538691520691
0.9437734484672546
0.9553406834602356
0.9527726173400879
0.9609596729278564
0.9736313819885254
0.9486950635910034
0.9342759847640991
0.9361529350280762
0.9499872326850891
0.9047431349754333
0.9782660603523254
0.937450647354126
0.931638240814209
0.9098190069198608
0.9443904757499695
0.911424458026886
0.922226071357727
0.9111019968986511
0.968437135219574
0.9526768922805786
0.939399242401123
0.9463390707969666
0.9574178457260132
0.946532666683197
0.9302577376365662
0.9573049545288086
0.9506016969680786
0.9417539834976196
0.9526640176773071
0.9448976516723633
0.9405859112739563
0.9161571264266968
0.9549445509910583
0.9021346569061279
0.9220277070999146
0.9633339643478394
0.9334822297096252
0.9219849705696106
0.9380885362625122
0.9050694108009338
0.9534016847610474
0.9001599550247192
0.9938550591468811
0.9640974998474121
0.9091139435768127
0.9873864650726318
0.9185253977775574
0.9512007236480713
0.9155427813529968
0.902057945728302
0.9331369996070862
0.9579452872276306
0.9782412052154541
0.913800835609436
0.9300425052642822
0.9396101832389832
0.9458441734313965
0.9976016283035278
0.9373034238815308
0.9420517683029175
0.9214145541191101
0.9611949920654297
0.9622706174850464
0.9646905064582825
0.9502703547477722
0.943268895149231
0.9678846001625061
0.9665947556495667
0.9239378571510315
0.9125673174858093
0.9527313113212585
0.9359310269355774
0.9915661215782166
0.9542672634124756
0.9602500796318054
1.0
0.948613166809082
0.9729300141334534
0.9461731314659119
0.9649213552474976
0.8942003846168518
0.9420030117034912
0.9289295673370361
0.9615386724472046
0.9467189311981201
0.9224114418029785
0.9712512493133545
0.9951452612876892
0.9174669981002808
0.9365794658660889
0.9101828336715698
0.9106476306915283
0.9236117005348206
0.9046469926834106
0.9509992599487305
0.9614742398262024
0.9421797394752502
0.8955623507499695
0.9432925581932068
0.9614414572715759
0.9842157959938049
0.9268636703491211
0.9509425163269043
0.9087058901786804
0.941545307636261
0.945727527141571
0.9384080767631531
0.8988612294197083
0.969931423664093
0.9356315732002258
0.926432192325592
0.9558581709861755
0.9385387301445007
0.9475777745246887
0.9467375874519348
0.97091144323349
0.9133096933364868
0.931018054485321
0.9151443839073181
0.921690046787262
0.9506922364234924
0.9562328457832336
0.9464157223701477
0.9802141189575195
0.9269123673439026
0.9514098167419434
0.9089338779449463
0.9160701632499695
0.9070107936859131
0.9686086773872375
0.9727916121482849
0.9292194247245789
0.9115847945213318
0.9565935134887695
0.9645493030548096
0.9554085731506348
0.9318957924842834
0.941800057888031
0.9770638346672058
0.92634117603302
0.943228542804718
0.9397310614585876
0.9531159996986389
0.9267686009407043
0.8832511305809021
0.9250030517578125
1.0
0.9196391105651855
0.9675880670547485
0.8988888263702393
0.9735730290412903
0.9320144653320312
0.9517064690589905
0.9730937480926514
0.8799846768379211
0.899457573890686
0.9550151824951172
0.9741564393043518
0.9309086799621582
0.9484090209007263
0.9058573842048645
0.9539357423782349
0.9559981822967529
0.9710583090782166
0.9605132937431335
0.8786643147468567
0.950073778629303
0.9233459234237671
0.9136909246444702
0.9545696377754211
0.9476799368858337
0.8986589312553406
0.9489730596542358
0.9487314224243164
0.9611814022064209
0.9658418893814087
0.9578264355659485
0.9098175168037415
0.9706732034683228
0.9598817229270935
0.9566441178321838
0.9373106956481934
0.9287589192390442
0.9453302621841431
0.980717122554779
0.9566431045532227
0.9448558688163757
0.9221988916397095
0.909055233001709
0.9171666502952576
0.9524449110031128
0.9687445759773254
1.0000001192092896
0.9733872413635254
0.9378204941749573
0.9594984650611877
0.9556479454040527
0.9668357372283936
0.9269564151763916
0.9290550351142883
0.9551948308944702
0.9358082413673401
0.9414172768592834
0.9410458207130432
0.937670886516571
0.9207901358604431
0.9450281858444214
0.9179491400718689
0.9531139135360718
0.9358764290809631
0.941619873046875
0.9672378897666931
0.9224215149879456
0.967927098274231
0.9459939002990723
0.8761370182037354
0.9679540395736694
0.932122528553009
0.9422939419746399
0.9566962718963623
0.9694710969924927
0.9758040904998779
0.9383151531219482
0.9568707942962646
0.9464001655578613
0.9567561745643616
0.9103671908378601
0.9417277574539185
0.9872459173202515
0.9637768864631653
1.0000001192092896
0.9112610220909119
0.9715139865875244
0.9345992207527161
1.0000001192092896
0.9473376870155334
0.9377821683883667
0.926335334777832
0.8898630738258362
0.9311690330505371
0.9229587912559509
0.9663323163986206
0.9855388402938843
0.9285491704940796
0.9312503337860107
0.9152092933654785
0.9562678337097168
0.9089047312736511
0.9595608711242676
0.9327569603919983
0.9452230334281921
0.9605900049209595
0.9158918857574463
0.9448806643486023
0.9042221307754517
0.9254719614982605
0.9512763619422913
0.9318053126335144
0.9438468813896179
0.954129695892334
0.9599273800849915
0.9051081538200378
0.957310140132904
0.9409211277961731
0.9619233012199402
0.9213181734085083
0.900774359703064
0.9346157908439636
0.9585800170898438
0.9852690696716309
0.9500498175621033
0.9473674893379211
0.9321936964988708
0.8909951448440552
0.9844710826873779
0.9389532804489136
0.9023274183273315
0.909437358379364
0.9393229484558105
0.9623289704322815
0.9181221723556519
0.9240404963493347
0.9221735596656799
0.9786393046379089
0.9341151714324951
0.9279584288597107
0.9358893632888794
0.9192207455635071
0.9156843423843384
0.946341335773468
0.985761821269989
0.947945773601532
0.9286639094352722
0.9647932052612305
0.9424933195114136
0.915482759475708
0.9402914643287659
0.9307366013526917
0.9439184069633484
0.9475588798522949
0.9591708779335022
0.9583817720413208
0.9523106813430786
0.9172500967979431
0.949742317199707
0.9327825307846069
0.9213360548019409
0.9328439831733704
0.9604734778404236
0.9201357364654541
0.9120044708251953
0.9023987054824829
0.9695700407028198
0.9511528611183167
0.9663368463516235
0.9695731401443481
0.9442626237869263
0.944722056388855
0.916932225227356
0.9486809372901917
0.959412693977356
0.9560918807983398
0.918268620967865
0.9423438906669617
0.9705706834793091
0.9249576926231384
0.956212043762207
0.9484617710113525
0.8978281617164612
0.9410941004753113
0.9318912625312805
0.9501155614852905
0.9656538367271423
0.9647757411003113
0.9265857338905334
0.9731329083442688
0.8683127164840698
0.959739089012146
0.9903557300567627
0.9220685958862305
0.9459501504898071
0.9648326635360718
0.9592186808586121
0.9073114395141602
0.9396138191223145
0.9754765629768372
0.9381251335144043
0.9509456157684326
0.9721426367759705
0.9856795072555542
0.9710051417350769
0.9691505432128906
0.939428448677063
0.9739123582839966
0.9240431189537048
0.9351453185081482
0.9436467289924622
0.9007184505462646
0.9403558373451233
0.9125187397003174
0.9162001013755798
0.8823529481887817
0.9683552384376526
0.9418990015983582
0.9840152859687805
0.9272635579109192
0.9223023056983948
0.9304510354995728
0.9548972845077515
0.9385613799095154
0.9423846006393433
0.9595471620559692
0.909893810749054
0.9617844223976135
0.9340316653251648
0.9214493036270142
0.9542754292488098
0.9667606353759766
0.9876767992973328
0.9566048383712769
0.9512691497802734
0.9485092163085938
0.9351521134376526
0.9497366547584534
0.9286106824874878
0.9023736715316772
0.9606066346168518
0.9707928895950317
0.9559199810028076
0.9350048303604126
0.9397816061973572
0.9523326754570007
0.9394801259040833
0.9918028712272644
0.9537622332572937
0.9106119871139526
0.8910956978797913
0.9610514640808105
0.9569358825683594
0.9528034925460815
0.9667724370956421
0.9364743232727051
0.9749560356140137
0.9472045302391052
0.9737768173217773
0.9539090394973755
0.927854061126709
0.9316504597663879
0.929155170917511
0.8787071704864502
0.9446259140968323
0.9664320349693298
0.9999999403953552
0.9410256743431091
0.9472267627716064
0.9474231600761414
0.9439677596092224
0.971449613571167
0.9533628225326538
0.9661300778388977
0.9377304315567017
0.9619768857955933
1.0000001192092896
0.9805458188056946
0.9359328746795654
0.9120625257492065
0.9310834407806396
0.9129721522331238
0.9920058846473694
0.9673523902893066
0.9217089414596558
0.9733054041862488
0.9898994565010071
0.9409151077270508
0.9432312846183777
0.9298062324523926
0.9361928701400757
0.9490464925765991
0.9499452710151672
0.93529212474823
0.9714272618293762
0.9450176954269409
0.9183077216148376
0.9124680757522583
0.8864925503730774
0.9102229475975037
0.8866366147994995
0.9435195326805115
0.911186933517456
0.9265161752700806
0.8704317212104797
0.8953548669815063
0.9073311686515808
0.9795394539833069
0.965503990650177
0.9646371603012085
0.9151851534843445
0.9492599368095398
0.96534663438797
0.9480119347572327
0.9254916906356812
0.8923047780990601
0.9561237692832947
0.9453126192092896
0.9078683853149414
0.9004440903663635
0.9705085158348083
0.9665817022323608
1.0
0.9686018228530884
0.9704849123954773
0.9487509727478027
0.9573996663093567
0.961571455001831
0.9275504946708679
0.9517513513565063
0.8861585855484009
0.9137825965881348
0.9403731822967529
1.0
0.9040502309799194
0.9059760570526123
0.9163989424705505
0.8985499143600464
0.9331087470054626
0.9432132244110107
0.9039714336395264
0.9552993774414062
0.9751712083816528
0.922781229019165
0.9030482172966003
0.9042721390724182
0.9730418920516968
0.9353415369987488
0.8866876363754272
0.9293487071990967
1.000000238418579
0.9161890149116516
0.9627057909965515
0.9114894270896912
0.9373752474784851
0.9522654414176941
0.8901082277297974
0.9919222593307495
0.8992307782173157
0.9332940578460693
0.9387506246566772
0.9100105166435242
0.9423635005950928
0.9768551588058472
0.933132529258728
0.9435195326805115
0.9397310614585876
0.9206413626670837
0.9830218553543091
0.9164970517158508
0.9248486757278442
0.9191606044769287
0.9022617936134338
0.9688020944595337
0.9973692297935486
0.9706428647041321
0.9615499377250671
0.8973721265792847
0.9432539343833923
0.9009310007095337
0.885053813457489
0.9534576535224915
0.9059656858444214
0.9246506690979004
0.964082658290863
0.9255537390708923
0.9005144834518433
0.9384635090827942
0.9319305419921875
0.9128871560096741
0.9495013952255249
0.9198819994926453
0.9183091521263123
0.9010682106018066
0.9534334540367126
0.94593346118927
0.9407317042350769
0.9386109113693237
0.9190453290939331
0.917875349521637
0.9116647839546204
0.915242075920105
0.8992851376533508
1.0000001192092896
0.9308024644851685
0.9503222703933716
0.9034801721572876
0.9321984648704529
0.9555624723434448
0.9239771962165833
0.8958389163017273
0.9060217142105103
0.8974761962890625
0.9049682021141052
0.9466876983642578
0.9267376661300659
0.9364556670188904
0.906070351600647
0.9071448445320129
0.9466369152069092
0.9323704838752747
0.900306761264801
0.8897015452384949
0.9334143400192261
0.9386399388313293
0.9532688856124878
0.9612319469451904
0.8941864371299744
0.9071542024612427
0.9099598526954651
0.9425599575042725
0.9714269638061523
0.9440237283706665
1.0
0.9334678053855896
0.9300017356872559
0.8975018262863159
0.8904063105583191
0.9013722538948059
0.893654465675354
0.8799362182617188
0.9381864070892334
0.9034101366996765
0.9430736899375916
0.9384720921516418
0.9561553001403809
0.9016574621200562
0.9660729169845581
0.9870705604553223
0.9006566405296326
0.9367855787277222
0.9114292860031128
0.924916684627533
0.9530344009399414
0.9423536658287048
0.961269199848175
0.9196505546569824
0.9053295850753784
0.9795076251029968
0.9225649237632751
0.9536205530166626
0.9509890675544739
0.8979409337043762
0.956034243106842
0.9102407693862915
0.9375460743904114
0.9861491322517395
0.9216375946998596
0.9410912990570068
0.9543946981430054
0.9401383399963379
0.9164564609527588
0.9226082563400269
0.9234158992767334
0.9253183007240295
0.9107599854469299
0.921576201915741
0.9816972017288208
0.9156587719917297
0.9087815284729004
0.9512917399406433
0.9137933850288391
0.9302491545677185
0.922696590423584
0.9400660991668701
0.8989676237106323
0.9339373707771301
0.9182469248771667
0.9253689646720886
0.8944702744483948
0.9650610685348511
0.9246498346328735
0.8889116048812866
0.9389166831970215
0.9617733955383301
0.9733851552009583
0.9079533219337463
0.9310219883918762
0.9733293056488037
0.9029538631439209
0.9648765325546265
0.871705949306488
0.931593656539917
0.9302354454994202
0.9767446517944336
0.9251789450645447
0.9621442556381226
0.9242789149284363
0.9344016313552856
0.9000515937805176
0.8793550133705139
0.9544642567634583
0.9135076403617859
0.9094259142875671
0.9048287272453308
0.8712798357009888
0.925435483455658
0.9110074043273926
0.9693124294281006
0.9381541609764099
0.9644628167152405
0.9274062514305115
0.9167386293411255
0.8863153457641602
0.9177466034889221
0.9252845048904419
0.9537928104400635
0.8925963640213013
0.9171836972236633
0.93330979347229
0.9158646464347839
0.9940284490585327
0.9044598340988159
0.9781616926193237
0.959988534450531
0.9635626077651978
0.9986476898193359
0.9427931308746338
0.9495013952255249
0.9122306704521179
0.932415783405304
0.9790821075439453
0.9749664664268494
0.9297674894332886
0.933692216873169
0.9451044797897339
0.947798490524292
0.8825793862342834
0.9894824624061584
0.9262117743492126
0.9773434400558472
0.9149098992347717
0.9223465323448181
0.997543215751648
0.9376564621925354
0.9632322788238525
0.9271219968795776
0.9351334571838379
0.9351376295089722
0.9349266290664673
0.9806967377662659
0.9145386219024658
0.892672061920166
0.9763057827949524
0.9333398938179016
0.9458804130554199
0.9357700347900391
0.9215863943099976
0.982502281665802
0.9624775648117065
0.9517534375190735
0.9020661115646362
0.978256106376648
0.9564093351364136
0.9478240013122559
0.9667040109634399
0.9193500280380249
0.9182112812995911
0.9226802587509155
0.9136341214179993
0.9164137244224548
0.9543545246124268
0.923169732093811
0.9283736944198608
0.9643080234527588
0.9031555652618408
0.9418590068817139
0.8893527388572693
0.9496740102767944
0.9469350576400757
0.975369393825531
0.9345594644546509
0.9145026206970215
0.9045649170875549
0.9418653249740601
0.9465387463569641
0.8950804471969604
0.9598458409309387
0.9310781955718994
0.9743353128433228
0.932976484298706
0.8944522738456726
0.8868449926376343
0.9159959554672241
0.8697555065155029
0.947212278842926
0.8959296345710754
0.885886013507843
0.9078686237335205
0.8792211413383484
0.9457598328590393
0.9204285144805908
0.9179328083992004
0.9587686061859131
0.914047360420227
0.9193700551986694
0.9574221968650818
0.8973415493965149
0.9108465313911438
0.9610419273376465
0.9237812161445618
0.9229398965835571
0.9187793135643005
0.9010846614837646
0.9504580497741699
0.9217408895492554
0.9503656625747681
0.9460656046867371
0.9558383226394653
0.9662876725196838
0.9055025577545166
0.9861822724342346
0.9055927991867065
0.9417068362236023
0.9162709712982178
0.9024665355682373
0.9418527483940125
0.9586499333381653
0.9107670783996582
0.8886286616325378
0.938355565071106
0.9255408644676208
0.9187792539596558
0.9869402647018433
0.9459963440895081
0.9153508543968201
0.9160716533660889
0.9164518117904663
0.9351315498352051
0.9903849959373474
0.9264532923698425
0.9222168326377869
0.9618401527404785
0.8810865879058838
0.9463849663734436
0.9171983599662781
0.950351357460022
0.8815804123878479
0.9056418538093567
0.888211190700531
0.925738513469696
0.9490460157394409
0.9245137572288513
0.9007702469825745
0.937906801700592
0.9148842692375183
0.9508140087127686
0.8770990371704102
0.9138714075088501
0.9128026366233826
0.9104012846946716
0.8944665789604187
0.9105819463729858
0.9567744731903076
0.9471639394760132
0.9193445444107056
0.9227819442749023
0.9255470633506775
0.8899338841438293
0.8980276584625244
0.9356761574745178
0.9106634855270386
0.9125165343284607
0.9446761012077332
0.8851354122161865
0.9631187319755554
0.931118905544281
0.9586653709411621
0.9195230007171631
0.9418558478355408
0.9313651323318481
0.9206386804580688
0.9192784428596497
0.894630491733551
0.9072555303573608
0.9346460700035095
0.9133890271186829
0.9192010164260864
0.9242667555809021
0.9543463587760925
0.9230577349662781
0.9552420377731323
0.9797713756561279
0.9260975122451782
0.9025856852531433
0.9291181564331055
0.9132144451141357
0.9924597144126892
0.8779855370521545
0.913005530834198
0.8904765844345093
0.9353513717651367
0.9473089575767517
0.9863000512123108
0.9486718773841858
0.9330006837844849
0.8977733850479126
0.9611651301383972
0.9362624883651733
0.9632824063301086
0.8768811821937561
0.927726686000824
0.8944531083106995
0.9576327204704285
0.934101939201355
0.9613314867019653
0.9243176579475403
0.925131618976593
0.9289409518241882
0.9468370676040649
0.8983500599861145
0.9778820872306824
0.8875892758369446
0.9668169021606445
0.9989924430847168
0.9552993774414062
0.991280734539032
0.9193243980407715
0.9295958876609802
0.9190098643302917
0.9684783816337585
0.8899338841438293
0.9150444865226746
0.8942663073539734
0.918171763420105
0.9462307691574097
0.9351361393928528
0.9199667572975159
0.9470685124397278
0.9660238027572632
0.966297447681427
0.913784384727478
0.9440336227416992
0.9265044927597046
0.9433190822601318
1.0000001192092896
0.9741410613059998
0.9760791659355164
0.942672610282898
0.9240871071815491
0.902086079120636
0.9562603235244751
0.9494963884353638
0.9288767576217651
0.964489221572876
0.9340882301330566
0.891354501247406
0.9298235774040222
0.9583680629730225
0.8984439969062805
0.9058019518852234
0.9475204944610596
0.9180681109428406
0.9257004261016846
0.8800873160362244
0.8900334239006042
0.9222320318222046
0.901256799697876
0.8248063921928406
0.9249926805496216
0.9470224976539612
0.9262732267379761
0.9214826226234436
0.9204322099685669
0.9328872561454773
0.9144371747970581
0.9123106598854065
0.9165388345718384
0.9525265693664551
0.9462400078773499
0.9465854167938232
0.9311310052871704
0.9237316250801086
0.9197633862495422
0.9016247987747192
0.8793256878852844
0.9560955166816711
0.9342808127403259
0.9478195905685425
0.9140306115150452
0.9949756860733032
0.8961272835731506
0.9646315574645996
0.9709221720695496
0.9401364326477051
0.9720173478126526
0.9844930171966553
0.9387519955635071
0.9826887249946594
0.9302770495414734
0.9349461197853088
0.9196966886520386
0.9248982667922974
0.9669249057769775
0.947148859500885
0.9784509539604187
0.987801194190979
0.9442043304443359
0.920370876789093
1.0000001192092896
0.9336771368980408
0.9099342823028564
0.9145135879516602
0.9191265106201172
0.9427486658096313
0.9360061287879944
0.9765185713768005
0.8946835994720459
0.9691336154937744
0.9671115875244141
0.9344995021820068
0.9548134207725525
0.955396294593811
0.9466764330863953
0.9111015200614929
0.9574499130249023
0.9625388979911804
0.9729111194610596
0.9795128703117371
0.931584894657135
0.9693969488143921
0.9317353963851929
0.9706118702888489
0.9703615307807922
0.9786106944084167
0.9999999403953552
0.942538321018219
0.9351416826248169
0.9281712174415588
0.9650385975837708
0.9558497071266174
0.9633963704109192
0.9786449670791626
0.9689590930938721
0.9819391965866089
0.9369661808013916
0.9271410703659058
0.9610015153884888
0.8720129132270813
0.9325346350669861
0.9511435627937317
0.948342502117157
0.914513111114502
0.9691423773765564
0.9581634402275085
0.9162537455558777
0.9770427346229553
0.9792783260345459
0.9563876986503601
0.9151223301887512
0.9669999480247498
0.9482787251472473
0.9519523978233337
0.9254227876663208
0.9837524890899658
0.9357991218566895
0.9776444435119629
0.9745982885360718
0.9059097170829773
0.9234157204627991
0.8865854740142822
0.9677709937095642
0.9257914423942566
0.9203922748565674
0.9694914817810059
0.9590609669685364
0.9754750728607178
0.9417527318000793
0.9644641280174255
0.9538692235946655
0.9452900886535645
0.9776053428649902
0.9161039590835571
0.9740393757820129
1.0000001192092896
0.9325338006019592
0.938071072101593
0.9318750500679016
0.9350392818450928
0.9690633416175842
0.9576073884963989
0.956299364566803
0.9081804752349854
0.9208125472068787
0.9387609362602234
0.9613476395606995
0.947053849697113
0.9233124256134033
0.9327260851860046
0.986180305480957
0.9852823615074158
0.9161024689674377
0.9428005814552307
0.9361178874969482
0.9631639122962952
0.9999998807907104
0.925764262676239
0.937134325504303
0.964729368686676
0.931316614151001
0.9065259695053101
0.9521684050559998
0.9414302706718445
0.9411835670471191
0.9500760436058044
0.9742366075515747
0.9995845556259155
0.9469852447509766
0.9122759699821472
0.9579564929008484
0.9391028881072998
0.9541300535202026
0.9698191285133362
0.9451401233673096
0.9692404270172119
0.9585129618644714
0.9537137746810913
0.9608680009841919
0.9613726735115051
0.9285638332366943
0.9088360667228699
0.9672736525535583
0.9650475382804871
0.9210242629051208
0.9531917572021484
0.9486690759658813
1.0000001192092896
0.9326087236404419
0.9438638091087341
0.9384119510650635
0.9775341153144836
0.9229679703712463
0.9572874307632446
0.9475254416465759
0.9113401174545288
0.9663808941841125
0.948247492313385
0.9435749053955078
0.961855411529541
0.8890023827552795
0.9234405159950256
0.9760692715644836
0.9536995887756348
0.9379655122756958
0.9647234082221985
0.9682548642158508
0.9335036873817444
0.9558340907096863
0.909479558467865
0.9497118592262268
0.9667434096336365
0.9193502068519592
0.93691086769104
0.9664888381958008
0.9550084471702576
0.9179842472076416
0.9173751473426819
0.9451949596405029
0.9777660369873047
0.9258753061294556
0.9404590129852295
0.9684619903564453
0.9089559316635132
0.9208980202674866
0.9757723212242126
0.9823362231254578
0.9296216368675232
0.9394297003746033
0.9535328149795532
0.9248029589653015
0.9816016554832458
0.9620882272720337
0.8990386724472046
1.0000001192092896
0.9510207772254944
0.9484530091285706
0.9511757493019104
0.9109510183334351
0.9633951783180237
0.9766992926597595
0.9731611609458923
0.9884878396987915
0.942602276802063
0.9939838647842407
0.9999997615814209
0.93118816614151
0.9203273057937622
0.9518541693687439
0.9396991729736328
0.9223712682723999
0.9852890968322754
0.9173253774642944
0.9258492588996887
0.9977715611457825
0.9830248355865479
0.9765529036521912
0.9049288630485535
0.9309919476509094
0.955159604549408
0.9621162414550781
0.9458324313163757
0.932955265045166
0.9479192495346069
0.9728705883026123
0.9485937356948853
0.9450838565826416
0.9528128504753113
0.946792483329773
0.9506723880767822
0.9460001587867737
0.9062418937683105
0.9552947282791138
0.9634131789207458
0.9699931144714355
0.944185733795166
0.9728716611862183
0.9800767302513123
0.9230765700340271
0.9138209223747253
0.9726183414459229
0.9923379421234131
0.9869745373725891
0.9577732086181641
0.9284347891807556
0.9375268816947937
0.9607942700386047
0.892315149307251
0.9094110131263733
0.8836767077445984
0.9064363837242126
0.9531804323196411
0.9915581345558167
0.997706413269043
0.9919189214706421
0.9467078447341919
0.963355302810669
0.943739652633667
0.9621230363845825
0.9807125926017761
0.9553480744361877
0.920185923576355
0.9252334237098694
0.951780378818512
0.9606474041938782
0.9864529371261597
0.9591012597084045
0.9695115685462952
0.9007790684700012
0.9513049721717834
0.976258397102356
0.920864462852478
0.9475072026252747
0.961398720741272
0.9319888949394226
0.9006645679473877
0.8918160796165466
1.0
0.9328489303588867
0.9583547115325928
0.9877317547798157
0.9283329844474792
0.9449978470802307
0.9524566531181335
0.9375693202018738
0.897060751914978
0.9730435609817505
0.9767369627952576
0.9545649290084839
0.9675168395042419
0.9731549024581909
0.9517662525177002
0.9506007432937622
0.9712406396865845
0.9426997900009155
0.9574063420295715
0.9018117189407349
0.9501676559448242
0.983377993106842
0.9196922183036804
0.96978759765625
0.953420877456665
0.9590922594070435
0.9115747213363647
0.9261471033096313
0.9525152444839478
0.9460336565971375
0.9688898921012878
0.9742421507835388
0.9520117044448853
0.9609172344207764
1.0
0.9325963854789734
0.904584527015686
0.9430433511734009
0.9842141270637512
0.9075849056243896
0.910804808139801
0.9679699540138245
0.9979590773582458
0.898077130317688
0.938459038734436
0.9550487399101257
0.9503480792045593
0.9628239274024963
0.9530823230743408
0.9434806108474731
0.943629801273346
0.9457858800888062
0.9338681101799011
0.898759126663208
0.9640313982963562
0.9661455750465393
0.9659349322319031
0.9331284165382385
0.9933395385742188
0.9782571792602539
0.9228860139846802
0.9384921193122864
0.9115886092185974
1.0000001192092896
0.9374786019325256
0.9740031361579895
0.9992184638977051
0.9484143853187561
0.922727644443512
0.9569868445396423
0.9125964045524597
0.9623720645904541
0.9483271837234497
0.936100959777832
0.9881819486618042
0.9426483511924744
0.9347444176673889
0.9740842580795288
0.9123467206954956
0.9804895520210266
0.9234364628791809
0.9718835949897766
0.923317015171051
0.9341397285461426
0.9293879866600037
0.9633767008781433
0.9280101656913757
0.9144778847694397
0.966081976890564
0.9031292200088501
0.9080944061279297
0.9583475589752197
0.9377356767654419
0.9508471488952637
0.9372308850288391
0.9215362071990967
0.9439116716384888
0.9773064851760864
0.9426308274269104
0.9656341671943665
0.933567225933075
0.9238578677177429
0.9736360311508179
0.963650643825531
0.9279845356941223
0.9640660881996155
0.9489989280700684
0.9147151112556458
0.9499667286872864
1.000000238418579
0.9198008179664612
0.951104998588562
0.9560163617134094
0.950473427772522
0.9522846341133118
0.9595948457717896
0.9276944994926453
0.9395612478256226
0.9603143930435181
0.9573155641555786
0.9657299518585205
0.9401285648345947
0.9616134762763977
0.9320061206817627
0.9712705016136169
0.9504266381263733
0.8966938853263855
0.9503611326217651
0.9628317356109619
0.93476802110672
0.929827094078064
0.9467342495918274
0.8870877623558044
0.9069092869758606
0.884386420249939
0.9191884994506836
0.9574242830276489
0.9456901550292969
0.9095782041549683
0.9187436103820801
0.9676180481910706
0.9495192766189575
0.9631180167198181
0.9526428580284119
0.9474686980247498
0.9578470587730408
0.9529731869697571
0.8842610120773315
0.9514809846878052
0.9545081853866577
0.9771721363067627
0.9767080545425415
0.9503225088119507
0.9656157493591309
0.9255459904670715
0.9453836679458618
0.9713539481163025
0.8881000876426697
0.9802237749099731
0.9770231246948242
0.9772396087646484
0.9471167325973511
0.9516468048095703
0.9096075296401978
0.9647341966629028
0.9524117112159729
0.9686803221702576
0.9367174506187439
0.9614911079406738
0.9104090332984924
0.9604778289794922
0.9844035506248474
0.9455926418304443
0.911801278591156
0.9422223567962646
0.9062734246253967
0.9316030144691467
1.0000001192092896
0.9460039138793945
0.9351198673248291
0.9989539384841919
0.9709317088127136
0.9371950626373291
0.9632710218429565
0.9673997759819031
0.8814335465431213
0.9167483448982239
0.9200391173362732
0.9569560885429382
0.9594590067863464
0.9096742272377014
0.9758548736572266
0.9512995481491089
0.9367768168449402
0.9559573531150818
0.9381987452507019
0.9662964940071106
0.9840521216392517
0.9886981844902039
0.9304826855659485
0.9310582280158997
0.9402358531951904
0.9559981822967529
0.9594694972038269
0.9117255806922913
0.9583397507667542
0.9388365149497986
0.9338589906692505
0.9290787577629089
0.9517616629600525
0.9921756982803345
0.9854791164398193