0.947605311870575
0.9375660419464111
0.8929786682128906
0.9490917921066284
0.9284478425979614
0.9176244139671326
0.9293657541275024
0.8855524659156799
0.9287976622581482
0.9171292781829834
0.937978208065033
0.9591916799545288
0.9168742299079895
0.8847233057022095
0.9361066818237305
0.9417303800582886
0.9555677175521851
0.9502273201942444
0.8903576731681824
0.9249119758605957
0.9455915689468384
0.9775166511535645
0.9525477290153503
0.9199195504188538
0.9055424928665161
0.9593157172203064
0.9536406397819519
0.9654874205589294
0.9666793942451477
0.9622769355773926
0.9999999403953552
0.9873507022857666
0.9912339448928833
0.9137992262840271
0.980773389339447
0.9588826298713684
0.9267547726631165
0.8779571652412415
0.9357683658599854
0.9803380966186523
0.9713970422744751
0.9744274020195007
0.9441273808479309
0.9750602841377258
0.9597347378730774
0.9572833180427551
0.9417627453804016
0.9423476457595825
0.96800297498703
0.9560971260070801
0.9451991319656372
0.9396047592163086
0.9157755970954895
0.9405617117881775
0.9702869653701782
0.9391682147979736
0.9510359764099121
0.9240882396697998
0.9387590885162354
0.9012393355369568
0.9130653142929077
0.9801552295684814
0.8871298432350159
0.8865654468536377
0.9069576263427734
0.9579903483390808
0.9436131715774536
0.9419746398925781
0.8969659805297852
0.9620673060417175
0.9401136636734009
0.9744634628295898
0.9313094615936279
0.9649243950843811
0.9009673595428467
0.9822931885719299
0.9499632716178894
0.9696027040481567
0.9557223916053772
0.9735370874404907
0.948171079158783
0.9445827007293701
0.8962284922599792
0.9507333040237427
0.9541337490081787
0.9572972655296326
1.000000238418579
0.956300675868988
0.935540497303009
0.9059750437736511
0.9269675016403198
0.8566296696662903
0.8990420699119568
0.937915027141571
0.8961894512176514
0.9598366618156433
1.0
0.8954861164093018
0.929703414440155
0.9426949620246887
0.9864088296890259
0.9187590479850769
0.9306502342224121
0.9131445288658142
0.961173415184021
0.9560750126838684
0.9172714948654175
0.9558714032173157
0.9466632604598999
0.9119063019752502
0.9509864449501038
0.9509864449501038
0.9282422661781311
0.9570236802101135
0.9533013701438904
0.9553833603858948
0.976875364780426
0.9729526042938232
0.9871531128883362
0.9152909517288208
0.9297844171524048
0.9367097616195679
0.9446682929992676
0.911980390548706
0.9200338125228882
0.9624664187431335
0.9101686477661133
0.9508459568023682
0.9693693518638611
0.9056054353713989
0.935523271560669
0.9178813695907593
0.9694063663482666
0.9010442495346069
0.9190490245819092
0.9314369559288025
0.9582733511924744
0.9081303477287292
0.9103900790214539
0.9707590937614441
0.9618126749992371
0.9396322965621948
0.8535754680633545
0.981878399848938
0.9349046945571899
0.9273073077201843
0.9704175591468811
0.9049177169799805
0.9393967986106873
0.9012250900268555
0.9246493577957153
0.9435758590698242
0.9532734751701355
0.9888498783111572
0.9208340644836426
0.9023921489715576
0.9784913063049316
0.9197244644165039
0.9495547413825989
0.9208800792694092
0.9575821757316589
0.9114144444465637
0.902306854724884
0.9130359292030334
0.9521061778068542
0.9198533296585083
0.9054645895957947
0.908196747303009
0.939659595489502
0.9668505787849426
0.9550163745880127
0.8545873165130615
0.9532177448272705
0.9282994866371155
0.9296371340751648
0.9059922099113464
0.8814702033996582
0.9140527248382568
0.9090585112571716
0.9160584211349487
0.9180449843406677
0.9381232857704163
0.9455018639564514
0.9642561674118042
0.970219612121582
0.9170632362365723
0.866465151309967
0.9405267834663391
0.9948342442512512
0.9622454047203064
0.8754156827926636
0.9004561305046082
0.9743529558181763
0.9018459320068359
0.9513647556304932
0.9313730001449585
0.9436906576156616
0.9651193022727966
0.9447261095046997
0.8813561797142029
0.945262610912323
0.9105387330055237
0.9669504165649414
0.9704669713973999
0.934791088104248
0.9466938376426697
0.9999998211860657
0.9187501072883606
0.9289366006851196
0.942160427570343
0.9410390853881836
1.0000001192092896
0.9057706594467163
0.9131768941879272
0.9940193295478821
0.9226242899894714
0.9535582065582275
0.9914382696151733
0.9005228281021118
0.8691091537475586
0.9045220017433167
0.9056400060653687
0.9515371322631836
0.9227375984191895
0.9043724536895752
0.8962326049804688
0.9171832203865051
0.8656221032142639
0.9256340861320496
0.9728568196296692
0.873163640499115
0.9336880445480347
0.9453181624412537
0.9407818913459778
0.859448254108429
0.9565200805664062
0.9191179871559143
0.925590455532074
0.9612129330635071
0.9485761523246765
0.9018518328666687
0.9659308791160583
0.9257315397262573
0.9712557792663574
1.000000238418579
1.000000238418579
0.8940942287445068
0.9374856352806091
0.959143340587616
0.9357578754425049
0.9447518587112427
0.9273325204849243
0.9646152257919312
0.9482061266899109
0.9204531908035278
0.9355509281158447
0.9787077307701111
0.9353614449501038
0.9272505640983582
0.918121874332428
0.9227855801582336
0.93706214427948
0.9122902750968933
0.9172794222831726
0.8877571225166321
0.9999999403953552
0.9108197689056396
0.8545475006103516
0.9005680680274963
0.8925673961639404
0.946219265460968
0.9789914488792419
0.939460277557373
0.8577114939689636
0.9663680195808411
0.974087655544281
0.8756446242332458
0.9999998211860657
0.9149311780929565
0.9200849533081055
0.9195119142532349
0.9726753234863281
0.9066437482833862
0.9678469300270081
0.9228376150131226
0.9852657318115234
0.9072233438491821
0.9164120554924011
0.890899121761322
0.9528622627258301
0.9898648262023926
0.8509281873703003
0.9734193682670593
0.9025284051895142
0.9184574484825134
0.9637276530265808
0.9446229338645935
0.9398494958877563
0.9512056112289429
0.9489749073982239
0.9425033330917358
0.9124492406845093
0.9448949694633484
0.9890161156654358
0.9163464307785034
0.9358729720115662
0.8825328946113586
0.953880786895752
0.8815291523933411
0.9444855451583862
0.9617626667022705
0.9230130910873413
0.9589093923568726
0.9645972847938538
0.9475271105766296
0.9396598935127258
0.9360026121139526
0.8496240973472595
0.9277976155281067
0.9019045233726501
0.9352063536643982
0.9438934922218323
0.9153607487678528
0.9045311808586121
0.9445591568946838
0.933722734451294
0.9127544164657593
0.9412841796875
0.9442519545555115
0.9178910851478577
0.936357855796814
0.9006776809692383
0.9759916067123413
0.9284778833389282
0.9561101794242859
0.9829623699188232
0.9520548582077026
0.9204097986221313
0.9119663834571838
0.9569203853607178
0.9368182420730591
0.8963075876235962
0.9162827730178833
0.8993902802467346
0.9419171214103699
0.8819761872291565
0.9460407495498657
0.9699583649635315
0.9403761029243469
0.9104375839233398
0.943075954914093
0.8921777009963989
0.9758589863777161
0.9664908051490784
0.9414910078048706
0.8762819766998291
0.9064005613327026
0.8671077489852905
0.9399641752243042
0.932420015335083
0.8991085886955261
0.9000536203384399
0.9561015963554382
0.9956761598587036
0.9359778761863708
0.9690009355545044
0.9593419432640076
0.9557778835296631
0.8911009430885315
0.9808345437049866
0.8919500112533569
0.9319043755531311
0.9140016436576843
0.9708600044250488
0.9863196015357971
0.9517382979393005
0.9420981407165527
0.9143005013465881
0.9532070159912109
0.9315223097801208
0.9484441876411438
0.924568235874176
0.9327887296676636
0.9483053088188171
0.9565429091453552
0.8776214122772217
0.9048117399215698
0.9805018901824951
0.9440896511077881
0.9108349084854126
0.9348924160003662
0.9825642704963684
0.9466994404792786
0.9551267623901367
0.9496955275535583
0.9321134090423584
0.9370332360267639
0.9410363435745239
0.9441353678703308
0.9548294544219971
0.95014488697052
0.9046236276626587
0.9742438793182373
0.9330273866653442
0.964290976524353
0.9732682108879089
0.9611890912055969
0.9759198427200317
0.9238000512123108
0.9755142331123352
0.9968445897102356
0.943505048751831
0.9484112858772278
0.897460401058197
0.9256296753883362
0.9030874967575073
0.8879461884498596
0.9397386908531189
0.977169930934906
0.8966501951217651
0.9794077277183533
0.9361897706985474
0.9332374334335327
0.9621224403381348
0.9310198426246643
0.9251829981803894
0.9240568280220032
0.9589322209358215
0.9535827040672302
0.9452270865440369
0.9128286838531494
0.9193637371063232
0.9631640911102295
0.8889268636703491
0.9402137994766235
0.9467709064483643
0.9034010171890259
0.9636647701263428
0.9609360098838806
0.9325307607650757
0.9382232427597046
0.9261061549186707
0.9614754915237427
0.9682983756065369
0.9336453676223755
0.9556494951248169
0.9109476804733276
0.929839551448822
0.9823907613754272
0.9487513899803162
0.9110382795333862
0.929294228553772
0.9175341129302979
0.9463602900505066
0.9444051384925842
0.8884615898132324
0.9137881994247437
0.9290215373039246
0.901548445224762
0.9143412113189697
0.9434590935707092
0.9301175475120544
0.8773741126060486
0.8834620714187622
0.9462734460830688
0.9623586535453796
0.9365482926368713
0.940805971622467
0.9609423875808716
0.8817617893218994
0.9588983654975891
0.953341007232666
0.8925320506095886
0.8758384585380554
0.9128574728965759
0.9249234199523926
0.9398545622825623
0.9038414359092712
0.926443338394165
0.9395378232002258
0.9318767189979553
0.9459818601608276
0.9046715497970581
0.9144790768623352
0.829889178276062
0.9201422929763794
0.9573315978050232
0.9633861184120178
0.9354574680328369
0.9145797491073608
0.9062098264694214
0.9262493848800659
0.9207456111907959
0.8946443796157837
0.9594016671180725
0.9365196824073792
0.9554996490478516
0.9529803991317749
0.8917267918586731
0.91038578748703
0.9092928171157837
0.8900330066680908
0.9616283178329468
0.8832509517669678
0.957994282245636
0.9441651105880737
0.9653570652008057
0.8607640266418457
0.9452154040336609
0.9267462491989136
0.9600071310997009
0.956488311290741
0.9572659730911255
0.8747323155403137
0.9792342782020569
0.9276198744773865
0.9409576654434204
0.9715023636817932
0.9270022511482239
0.9058266878128052
0.9050576686859131
0.9510772228240967
0.8997616767883301
0.870997428894043
1.0
0.9286240935325623
0.9314019680023193
0.9960208535194397
0.8735379576683044
0.9220413565635681
0.9279816746711731
0.9857887029647827
0.8681293725967407
0.817132830619812
0.9690886735916138
0.8960366249084473
0.9320932626724243
0.9700576066970825
0.960411548614502
0.8962454795837402
0.9307928681373596
0.9457299113273621
0.9628307223320007
0.9136847257614136
0.949865996837616
0.9217280745506287
0.8793942928314209
0.9329542517662048
0.9134496450424194
0.9006108045578003
0.8486366868019104
0.9046676754951477
0.9904226064682007
0.91180419921875
0.8931719064712524
0.8963536024093628
0.9599856734275818
0.9688918590545654
0.9399211406707764
0.9533776044845581
0.8724263906478882
0.909576952457428
0.9248409271240234
0.9429245591163635
0.9720446467399597
0.9149494171142578
0.8467101454734802
0.8850429058074951
0.9134641885757446
0.9142841100692749
0.9617708325386047
0.9038069248199463
0.9253758192062378
0.8549697995185852
0.8705886006355286
0.9490670561790466
0.8609680533409119
0.9050820469856262
0.909878134727478
0.9804030656814575
0.9116450548171997
0.8996447324752808
0.9125456213951111
0.9231321811676025
0.8983433842658997
0.9922428727149963
0.8844689130783081
0.8779304027557373
0.9549587368965149
0.9457693696022034
0.9676176309585571
0.8627315163612366
0.9999998807907104
0.8297584652900696
0.9512454867362976
0.8631042242050171
0.8568674325942993
0.895297646522522
0.8839975595474243
0.9340940713882446
0.9062539935112
0.9083359241485596
0.9488822221755981
0.9115039706230164
0.9589678645133972
0.9203963279724121
0.9452608227729797
0.9154062271118164
0.9528121948242188
0.9386969208717346
0.9674618244171143
0.851729691028595
0.9403634071350098
0.9204289317131042
0.9599387049674988
0.9423537850379944
0.8672370910644531
1.000000238418579
0.9342061281204224
0.9415267705917358
0.9367924928665161
0.8905413746833801
0.9426871538162231
0.8274590373039246
0.9057166576385498
0.9097738265991211
0.8801849484443665
0.9106056094169617
0.8800238370895386
0.9640151262283325
0.9321928024291992
0.9832289218902588
0.9507341384887695
0.9207332134246826
0.9356144666671753
0.9194695949554443
0.9051795601844788
0.951433539390564
0.8652276992797852
0.8891674280166626
0.9169562458992004
0.8848326802253723
0.9935255646705627
0.9220319986343384
0.882190465927124
0.9061347246170044
0.9161439538002014
0.9145000576972961
0.9922615885734558
0.9019079208374023
0.9642253518104553
0.9483526945114136
0.9450007081031799
0.9443821310997009
0.9633749723434448
0.9751343131065369
0.9139935374259949
0.8987113833427429
0.9099640250205994
1.0000001192092896
0.9209686517715454
0.8970514535903931
0.9657166600227356
0.9452938437461853
0.9837337732315063
0.8284234404563904
0.9123817086219788
0.9027554392814636
0.9421423077583313
0.9465007185935974
0.8987444043159485
0.8710074424743652
0.8879797458648682
0.8872529864311218
0.8926786184310913
0.9325386881828308
0.8705872297286987
0.9519233703613281
0.9249958395957947
0.9512401223182678
0.9999998807907104
0.9497653245925903
0.9580016732215881
0.9195161461830139
0.8959508538246155
0.8833046555519104
0.9702690243721008
0.9306764602661133
0.9596943855285645
0.9471579194068909
0.9823381900787354
0.9761872291564941
0.8506569266319275
0.9338107705116272
0.9347392916679382
0.9302942752838135
0.908696174621582
0.9441704154014587
0.8796743154525757
0.890214741230011
0.9915173649787903
0.9463279247283936
0.97641921043396
0.8832308053970337
0.929509162902832
0.9068921804428101
0.9025024175643921
0.919647753238678
0.9397051334381104
0.9036118388175964
0.9642349481582642
0.9383140802383423
0.9026697874069214
0.966240406036377
0.9461220502853394
0.9110966324806213
0.9425126314163208
0.8570504188537598
0.9422839283943176
0.9525073766708374
0.9842770099639893
0.9448599815368652
0.8764516711235046
0.8421335816383362
0.9454932808876038
1.0000001192092896
0.9354857802391052
0.9337911009788513
0.9444952607154846
0.9089137315750122
0.915889322757721
0.9388989210128784
0.9316337704658508
0.9632796049118042
0.9520740509033203
0.9494331479072571
0.8945020437240601
0.9019401669502258
0.8844491243362427
0.9441565871238708
1.0000001192092896
0.9703028798103333
0.9246137738227844
0.9426707029342651
0.8981075882911682
0.8716289401054382
0.8935353755950928
0.9161761403083801
0.8559902310371399
0.9434677958488464
0.9120239615440369
0.9431315660476685
0.9413905739784241
0.8542855978012085
0.8964663147926331
0.8871465921401978
0.8490898609161377
0.9369961023330688
0.9233165383338928
0.8393334746360779
0.9728924632072449
0.9728924632072449
0.9625213742256165
0.9723236560821533
0.8928616642951965
0.8610228300094604
0.9606622457504272
0.85710608959198
0.9088512659072876
0.9426497220993042
0.8717427849769592
0.9511266946792603
0.930269718170166
0.8994519114494324
0.89841628074646
0.9149147272109985
0.9127117991447449
0.9701521992683411
0.9539040923118591
0.8856306076049805
0.9999998807907104
0.9003922939300537
0.9465304613113403
0.9049007296562195
0.9282892942428589
0.9431662559509277
0.9487886428833008
0.9327479600906372
0.9024989008903503
0.8807322978973389
0.9009943604469299
0.9467597603797913
0.9109153747558594
0.8843766450881958
0.9386429190635681
0.8767930865287781
0.9385674595832825
0.9999997615814209
0.8596921563148499
0.9573992490768433
0.9458323121070862
0.8664944767951965
0.8695445656776428
0.9516724348068237
0.9585367441177368
0.9178907871246338
0.9016069173812866
0.8629150390625
0.8570502400398254
0.96556556224823
0.8840784430503845
0.8964992165565491
0.942945659160614
0.9141948223114014
0.9838392734527588
0.9297254085540771
0.8954731225967407
0.9459845423698425
0.8557868599891663
0.947228729724884
0.968925416469574
0.9999999403953552
0.9812591671943665
0.8973786234855652
0.9344643354415894
0.8758031725883484
0.8666143417358398
0.8946177959442139
0.8746155500411987
0.9114667773246765
0.9519681930541992
0.9212653040885925
0.9080986976623535
0.9068403840065002
0.9570989608764648
0.8858555555343628
0.9349799752235413
0.9035478234291077
0.9406140446662903
0.938391387462616
0.9940890073776245
0.8858363628387451
0.9222716093063354
0.9166957139968872
0.9076979160308838
0.869411289691925
0.8476575016975403
0.9576327204704285
0.9768512845039368
0.91782546043396
0.915784478187561
0.9273796081542969
0.8622588515281677
0.8760201930999756
0.9418129324913025
0.9387613534927368
0.9352818727493286
0.9170705676078796
0.9882896542549133
0.8744694590568542
0.8892782330513
0.9103245139122009
0.9247822165489197
0.9329437017440796
0.8800459504127502
0.9291034936904907
0.9297594428062439
0.9087643623352051
0.8972944021224976
0.8950590491294861
0.9869592785835266
0.9715909361839294
0.8505493998527527
0.9349581003189087
0.9456441402435303
0.9108339548110962
0.9025224447250366
0.9662529826164246
0.8691210150718689
0.9161913394927979
0.9419119954109192
0.925250768661499
0.9297713041305542
0.9405285716056824
0.878406286239624
0.9747577905654907
0.9492402076721191
0.9371771812438965
0.9290560483932495
0.952207624912262
0.9168878197669983
0.8660488724708557
0.9402286410331726
0.9381393194198608
0.9752536416053772
0.9739869236946106
0.948664128780365
0.9080794453620911
0.9492422938346863
0.929348886013031
0.9030174016952515
0.9062088131904602
0.852205216884613
0.9275608658790588
0.9618807435035706
0.9601908326148987
0.9410533308982849
0.8839994072914124
0.9468833804130554
0.906920313835144
0.9386892318725586
0.953119695186615
0.9677485227584839
0.887118399143219
0.8908390402793884
0.8194661736488342
0.8809227347373962
0.907825231552124
0.9829558730125427
0.920352041721344
0.8589989542961121
0.932689905166626
0.9174839854240417
0.9046265482902527
0.9086856842041016
0.878492534160614
0.9040650725364685
0.9541559815406799
0.872855544090271
0.9054365754127502
0.9554369449615479
0.9999998807907104
0.9168962240219116
0.8954782485961914
0.9060748219490051
0.8590686917304993
0.9159832000732422
0.9223718643188477
0.9492862820625305
0.921720027923584
0.9574801325798035
0.9073970317840576
0.8728790879249573
0.9247259497642517
0.932453453540802
0.8896241784095764
0.8414586186408997
0.9939213991165161
0.9671424031257629
0.9749395847320557
0.942359983921051
0.9458683133125305
0.8309632539749146
0.9424881339073181
0.9508466720581055
0.9408417344093323
0.9493299722671509
0.9523089528083801
0.9519320130348206
0.8955889344215393
0.8922976851463318
0.985670268535614
0.9640308618545532
0.9426612854003906
0.9184427857398987
0.8490356206893921
0.8745567202568054
0.9561801552772522
0.9718871712684631
0.9259210824966431
0.9161962866783142
0.952601969242096
0.9015989303588867
0.8986169099807739
0.8587604761123657
0.927663266658783
0.9488037824630737
0.9808962941169739
0.9110753536224365
0.9199861288070679
0.9275454878807068
0.9359573721885681
0.9580115079879761
0.9037746787071228
0.9303102493286133
0.927922785282135
0.8995999097824097
0.9465039968490601
0.876479983329773
0.8663689494132996
0.8775966763496399
0.9413607716560364
0.9539713859558105
0.9607208371162415
0.8315522074699402
0.8658773899078369
0.9409465789794922
0.9143180847167969
0.9160498380661011
0.9171655774116516
0.9616321921348572
0.8687313795089722
0.9085890650749207
0.9524125456809998
0.9519174695014954
0.9855487942695618
0.869886040687561
0.9038357734680176
0.9479535222053528
0.9326561689376831
0.8745277523994446
0.940001904964447
0.8320029973983765
0.9283497333526611
0.9800198078155518
0.889333963394165
0.856220543384552
0.8916738629341125
0.8948708772659302
0.9382143020629883
0.8953653573989868
0.9314022660255432
0.9660124182701111
0.8876572847366333
0.9014933109283447
0.9047024846076965
0.8766366243362427
0.7993913292884827
0.9329584240913391
0.9850434064865112
0.9302447438240051
0.885806143283844
0.9071776270866394
0.8902562260627747
0.948945939540863
0.9537369608879089
0.906879723072052
0.918377697467804
0.9862187504768372
0.9639143347740173
0.9588534832000732
0.8971177339553833
0.8977735042572021
0.9263214468955994
0.9447816610336304
0.9248112440109253
0.9072747826576233
0.8884580731391907
0.9391987919807434
0.922775387763977
0.9239628911018372
0.9123594760894775
0.923583984375
0.960560142993927
0.898324191570282
0.9361887574195862
0.9592833518981934
0.9477061033248901
0.9459246397018433
0.860748827457428
0.876812219619751
0.8828860521316528
0.8597351908683777
0.942343533039093
0.9875264763832092
0.9516093134880066
0.896682858467102
0.955246090888977
0.9522116184234619
0.943182110786438
0.9439329504966736
0.9790535569190979
0.902871310710907
0.9080794453620911
0.9348099231719971
0.8942959904670715
0.8305817246437073
0.9747104048728943
0.9797282814979553
0.8701494932174683
0.9518499970436096
0.9285304546356201
0.9270520806312561
0.9207277894020081
0.9524338841438293
0.9306656718254089
0.9329032897949219
0.932956874370575
0.8976706266403198
0.9401179552078247
0.8948875069618225
0.8622699975967407
0.9078093767166138
0.964150071144104
1.0
0.9005231261253357
0.8851995468139648
0.9355800151824951
0.875874400138855
0.9272535443305969
0.941178023815155
0.9314356446266174
0.9344764947891235
0.8823509216308594
0.8759014010429382
0.8785864114761353
1.0000001192092896
0.9189454317092896
0.9772233366966248
0.9636843204498291
0.8781479597091675
0.9386841058731079
0.9564080834388733
0.9438299536705017
0.9208620190620422
0.8914557099342346
0.8882977962493896
0.904973566532135
0.9346164464950562
0.947124719619751
0.8516263365745544
0.9392510056495667
0.9817650318145752
0.8916680812835693
0.9132654666900635
0.8722764253616333
0.9524948596954346
0.7800767421722412
0.9307559728622437
0.8867645263671875
0.8930206298828125
0.9400864243507385
0.9072675704956055
0.9431328177452087
0.9331238865852356
0.9229883551597595
0.8930581212043762
0.8599163889884949
0.8809430599212646
0.9072474837303162
0.9061264395713806
0.8889217972755432
0.9301222562789917
0.9161789417266846
0.9199565052986145
0.9031811952590942
0.9088430404663086
0.9521232843399048
0.8021758198738098
0.9597958922386169
0.9128578901290894
0.8829197287559509
0.8706315159797668
0.95296311378479
0.9293949604034424
0.9306604862213135
0.9158188700675964
0.8891087770462036
0.9634660482406616
0.9351572394371033
0.9010959267616272
0.8156583905220032
0.8141030073165894
0.8882398009300232
0.877446711063385
0.9003229737281799
0.871497631072998
0.9189070463180542
0.8489975333213806
0.9024968147277832
0.8802951574325562
0.9249995946884155
0.9562146067619324
0.9170864224433899
0.8558855056762695
0.9119352102279663
0.900483250617981
0.9182249307632446
0.9168609976768494
0.9513861536979675
0.884795606136322
0.8964583277702332
0.9274162650108337
0.9790409207344055
0.9200487732887268
0.8984160423278809
0.9246546626091003
0.8723165988922119
0.8497464656829834
0.8959019780158997
0.8661313652992249
0.9302140474319458
0.9198651313781738
0.8869680166244507
0.9178686141967773
0.9495716691017151
0.9675055742263794
0.8639726042747498
0.9080943465232849
0.8906734585762024
0.9217512011528015
0.9037703275680542
0.856803834438324
0.9836862683296204
0.8959090709686279
0.954248309135437
0.9547857046127319
0.8895303010940552
0.9922680258750916
0.934302031993866
0.9113414883613586
0.8749294877052307
0.8871931433677673
0.8762246370315552
0.9290388822555542
0.9166028499603271
0.8889374732971191
0.909791111946106
0.829421877861023
0.9384103417396545
0.8891905546188354
0.9347769618034363
0.8686174750328064
0.895621657371521
0.8853596448898315
0.9691149592399597
0.943888247013092
0.9089083671569824
0.9905220866203308
0.9790552854537964
0.9019613265991211
0.9364722371101379
0.9385399222373962
0.9292163252830505
0.9427598714828491
0.9358047842979431
0.9607931971549988
0.968228280544281
0.9460447430610657
0.862712562084198
0.9513062834739685
0.8733336925506592
0.9055432081222534
0.9598531126976013
0.8494078516960144
0.8914353847503662
0.9238740801811218
0.8991802334785461
0.9090291857719421
0.9137861132621765
0.8094714283943176
0.9170272350311279
0.8645855784416199
0.8876903653144836
0.9660769104957581
0.8884970545768738
0.8965972065925598
0.9239516854286194
0.9024021625518799
0.8818819522857666
0.8810065984725952
0.9539898037910461
0.9182020425796509
0.9355577230453491
0.9389356970787048
0.9027589559555054
0.944230318069458
0.9207448363304138
0.9068664908409119
0.9210827350616455
0.9430873990058899
0.8594706058502197
0.9123469591140747
0.896675169467926
0.8976911902427673
0.9279313087463379
0.9266218543052673
0.8683347702026367
0.8773131370544434
0.902533233165741
0.9227269887924194
0.9167688488960266
0.9293883442878723
0.9133284091949463
0.8719520568847656
0.9198462963104248
0.9132412672042847
0.8877426385879517
0.9172504544258118
0.9252303838729858
0.918491005897522
0.9074636101722717
0.9201862215995789
0.9165487885475159
0.8663780093193054
0.9226943254470825
0.9274396300315857
0.8755272626876831
0.8910770416259766
0.8591248393058777
0.9275999665260315
0.9055034518241882
0.8911027908325195
0.9175401926040649
0.9208704829216003
0.9054134488105774
0.8298776149749756
0.9720545411109924
0.9496908187866211
0.900007963180542
0.9313831925392151
0.9608545899391174
0.9475646615028381
0.9623534679412842
0.8701402544975281
1.0
0.92572420835495
0.9079100489616394
0.8925355672836304
0.9709615707397461
0.9388570189476013
0.9371538758277893
0.8873517513275146
0.9319185614585876
0.8476837277412415
0.8938984870910645
0.8971423506736755
0.9197080135345459
0.9275086522102356
0.8738874197006226
0.9290100336074829
0.9188377261161804
0.8919596672058105
0.920647382736206
0.844555675983429
0.8430259823799133
0.8746923208236694
0.8653696775436401
0.9438576698303223
0.9287816882133484
0.8931349515914917
0.8757293820381165
0.9256911277770996
0.8913587331771851
0.9488579034805298
0.8766628503799438
0.925339937210083
0.9541276097297668
0.9010122418403625
0.9423739314079285
0.9139601588249207
0.888160765171051
0.9616165161132812
0.8438016176223755
0.9307659268379211
0.8236689567565918
0.9514433145523071
0.8927127122879028
0.9593846201896667
0.8923438787460327
0.8960421681404114
0.884660005569458
0.8587437272071838
0.8357568979263306
0.929486870765686
0.8434287309646606
0.9759827256202698
0.8761985301971436
0.8874785900115967
0.9003468155860901
0.9873294234275818
0.9380947947502136
0.9938328266143799
0.9031832814216614
0.8608499765396118
0.9399765133857727
0.9181954264640808
0.9011009335517883
0.906615674495697
0.9162282347679138
0.9072437882423401
0.9597716927528381
0.9044230580329895
0.8746441006660461
0.855500340461731
0.9282470345497131
0.9081827402114868
0.8755277991294861
0.9104224443435669
0.9214165806770325
0.9048771262168884
0.8458507061004639
0.8648598194122314
0.904332160949707
0.9479118585586548
0.8425304889678955
0.9384222626686096
0.8800638318061829
0.9181240797042847
0.8550180196762085
0.9026601314544678
0.9741901159286499
0.8266313672065735
0.918041467666626
0.9823293685913086
0.8564854860305786
0.9209677577018738
0.8523223400115967
0.8752241730690002
0.8733999729156494
0.9219622611999512
0.9085367321968079
0.973595142364502
0.958397626876831
0.893318772315979
0.9456368684768677
0.8355686068534851
0.9112767577171326
0.9408655166625977
0.8706296682357788
0.8984878063201904
0.8925501704216003
0.8828830718994141
0.9149801731109619
0.9393941164016724
0.8980741500854492
0.8661351799964905
0.7742903232574463
0.9038407802581787
0.8764601945877075
0.8798340559005737
0.9018341898918152
0.987581193447113
0.9396860599517822
0.8684964179992676
0.959714412689209
0.8971872925758362
0.9348077178001404
0.9819774031639099
0.9272038340568542
0.9683992862701416
0.8928218483924866
0.8194958567619324
0.9241747260093689
0.8646486401557922
0.897932231426239
0.8893917798995972
0.8999505043029785
0.8777280449867249
0.8995612859725952
0.9174818396568298
0.9340869784355164
0.9827486276626587
0.8749502897262573
0.9550098180770874
0.9247524738311768
0.9438719153404236
0.9337500333786011
0.919955313205719
0.8843975067138672
0.9591981172561646
0.8955783247947693
0.9138296842575073
0.9803704023361206
0.9334554076194763
0.9479491710662842
0.9129078984260559
0.9503970742225647
0.8817614316940308
0.898329496383667
0.9124286770820618
0.8666213154792786
0.8562458157539368
0.9366050362586975
0.9070942997932434
0.9427962899208069
0.8803962469100952
0.9086813926696777
0.8961760997772217
0.8756856918334961
0.9302110075950623
0.8935458064079285
0.9432551264762878
0.8996390700340271
0.9784672856330872
0.9137769341468811
0.8868795037269592
0.9298210144042969
0.9481052756309509
0.8844345211982727
0.9551676511764526
0.9352348446846008
0.9156120419502258
0.9602046608924866
0.8409833312034607
0.8356544971466064
0.9340758919715881
0.9023920297622681
0.843443751335144
0.9083659052848816
0.9507918953895569
0.9039295315742493
0.8871740102767944
0.9235348701477051
0.9388641119003296
0.9705846905708313
0.8637670874595642
0.9198011755943298
0.9403676390647888
0.8879850506782532
0.9119768738746643
0.9403800964355469
0.9881763458251953
0.9204719066619873
0.8341084718704224
0.8803178071975708
0.9084922075271606
0.9210366010665894
0.8906939029693604
0.8696744441986084
0.8796281814575195
0.8125670552253723
0.870789110660553
0.9094906449317932
0.9177947044372559
0.9312899112701416
0.9108319878578186
0.88942551612854
0.9412156939506531
0.8938799500465393
0.877102255821228
0.8972920775413513
0.9357012510299683
0.9203518033027649
0.9648066759109497
0.9545973539352417
0.9360513687133789
0.8743865489959717
0.9658927917480469
0.8872259259223938
0.894436776638031
0.8398377895355225
0.9096914529800415
0.8380429744720459
0.9516974687576294
0.8622450828552246
0.9162963032722473
0.8737266659736633
0.9877864718437195
0.9198508262634277
0.9255182147026062
0.9242832660675049
0.9225770235061646
0.941565215587616
0.9037237167358398
0.9537820816040039
0.9067875146865845
0.8979521989822388
0.8700137138366699
0.8974565267562866
0.9039210081100464
0.8911634683609009
0.8821728825569153
0.9318996667861938
0.8864983320236206
0.8471638560295105
0.8889700770378113
0.875267744064331
0.9289385080337524
0.9599928855895996
0.9108850359916687
0.8562233448028564
0.8427988290786743
0.8925825357437134
0.8598784804344177
0.9250778555870056
0.857760488986969
0.8649608492851257
0.9007259011268616
0.9433923363685608
0.9117698073387146
0.9085103273391724
0.9075080752372742
0.938612163066864
0.8983883261680603
0.9543742537498474
0.8903534412384033
0.923121988773346
0.9113081693649292
0.964447021484375
0.9125271439552307
0.8482271432876587
0.9557198286056519
0.9155906438827515
0.8651471734046936
0.8772403597831726
0.8718578815460205
0.9522026181221008
0.9507843255996704
0.922573447227478
0.8566038012504578
0.9129006862640381
0.8671734929084778
0.8778310418128967
0.9135386943817139
0.9286892414093018
0.8800449967384338
0.9545155167579651
0.9059910774230957
0.8908798694610596
0.923637866973877
0.9047789573669434
0.9215747117996216
0.9014410972595215
0.8620478510856628
0.9311255216598511
0.9447378516197205
0.9688108563423157
0.9272359609603882
0.9286721348762512
0.897849977016449
0.8548768758773804
0.9230799078941345
0.9005073308944702
0.8854722380638123
0.8918549418449402
0.9947328567504883
0.8898864388465881
0.9378012418746948
0.8414629101753235
0.8830821514129639
0.872622549533844
0.9508364200592041
0.9222165942192078
0.8991233706474304
0.9485563039779663
0.8490375876426697
0.8583841919898987
0.8985204696655273
0.9477684497833252
0.9681355953216553
0.93804532289505
0.8944938778877258
0.9065281748771667
0.8873251080513
0.8784822225570679
0.8714015483856201
0.9431838989257812
0.8649664521217346
0.8573404550552368
0.9066449999809265
0.8639979362487793
0.9360888600349426
0.9683921337127686
0.925636351108551
0.9148377180099487
0.9016286134719849
0.910994827747345
0.9137119054794312
0.8904905319213867
0.9462432265281677
0.9268499612808228
0.8401304483413696
0.9255112409591675
0.8808449506759644
0.8257562518119812
0.9116800427436829
0.9568573236465454
0.8674837350845337
0.8730877637863159
0.8633464574813843
0.8964581489562988
0.9266464114189148
0.8972654938697815
0.8994638323783875
0.9757637977600098
0.9369186758995056
0.9807339906692505
0.8638829588890076
0.8976024985313416
0.9391635656356812
0.9706645607948303
0.8771194815635681
0.9457426071166992
0.9162606596946716
0.9080603122711182
0.8471912145614624
0.8936393857002258
0.8751376271247864
0.9229738116264343
0.9320802092552185
0.9258593320846558
0.9717159271240234
0.9425756335258484
0.9495406746864319
0.9502530694007874
0.949182391166687
0.8860423564910889
0.9385133981704712
0.9213317036628723
0.9044620394706726
0.9709827899932861
0.9315770268440247
0.9271662831306458
0.9197840690612793
0.8814631104469299
0.9559280276298523
0.9246857762336731
0.892770528793335
0.875429630279541
0.9157809019088745
0.9418984055519104
0.9803305864334106
0.9153280854225159
0.9180752635002136
0.8947382569313049
0.9430726170539856
0.9304148554801941
0.9480316042900085
0.9368135929107666
0.9259722232818604
0.8886507153511047
0.9081514477729797
0.9729917049407959
0.9688969850540161
0.987091064453125
0.9251457452774048
0.9232534766197205
0.9061285257339478
0.9124153256416321
0.9329800009727478
0.9465502500534058
0.896891176700592
0.9294058680534363
0.9415227770805359
0.900129497051239
0.940710186958313
0.8983318209648132
0.9382259249687195
0.9120125770568848
0.929301917552948
0.9453035593032837
0.9163302779197693
0.9456382393836975
0.9453582763671875
0.9209353923797607
0.9427680969238281
1.000000238418579
0.9538679122924805
0.8404572010040283
0.901340126991272
0.945446252822876
0.8838032484054565
0.920630931854248
0.9506707191467285
0.9113407135009766
0.9488459825515747
0.9811899065971375
0.9811899065971375
0.9662848711013794
0.9622966051101685
0.875609815120697
0.9752965569496155
0.9756231307983398
0.9329531192779541
0.9514384269714355
0.9724531173706055
0.9321339130401611
0.927104115486145
0.9573767185211182
0.935482382774353
0.91335529088974
0.8924532532691956
0.9741799235343933
0.9844200611114502
0.9112734198570251
0.9096952080726624
0.9719460606575012
0.9302003383636475
0.9387996792793274
0.8586168885231018
0.9487918019294739
0.9494494795799255
0.9415422677993774
0.9555440545082092
0.8886690139770508
0.9449714422225952
0.9626427888870239
0.8660858869552612
0.9270550012588501
0.9478559494018555
0.9486103057861328
0.9579681158065796
0.9170156717300415
0.9233085513114929
0.918480634689331
0.928704559803009
0.9315722584724426
0.9289818406105042
0.9469708800315857
0.9676495790481567
0.9722970128059387
0.9480164051055908
0.9558475017547607
0.9251644015312195
0.9388750791549683
0.957720935344696
0.9170151352882385
0.9221779704093933
0.9744623899459839
0.9425925016403198
0.9110987186431885
0.9069318175315857
0.9110987186431885
0.9340991973876953
0.9077335596084595
0.9706717729568481
0.9400209188461304
0.9772843718528748
0.9598296284675598
0.9348198771476746
1.000000238418579
0.9259745478630066
0.9371134042739868
0.9360264539718628
0.9308812618255615
0.9311962723731995
1.0000001192092896
0.8653268814086914
0.8867133855819702
0.8925281763076782
0.8972457051277161
0.955848217010498
0.9300079941749573
0.9086341261863708
0.8889928460121155
0.9292159676551819
0.9595359563827515
0.9575348496437073
0.9164714813232422
0.9275116920471191
0.9420362114906311
0.9999996423721313
0.9753493666648865
0.9584916234016418
0.9676409363746643
0.9378791451454163
0.9214375615119934
0.9604225754737854
0.9404830932617188
0.9553107023239136
0.9347076416015625
0.9547000527381897
0.9030404686927795
0.9325363039970398
0.9031292796134949
0.9551783204078674
0.9335590600967407
0.9365498423576355
0.932550311088562
0.9421751499176025
0.9367296099662781
0.9536930322647095
0.9401689767837524
0.9342420697212219
0.9839869737625122
0.9895702004432678
0.9397785067558289
0.9156913161277771
0.9326523542404175
0.916234016418457
1.0
0.9396553039550781
0.9881178736686707
0.9764062166213989
0.9390179514884949
0.9018741846084595
0.9215309023857117
0.9171285033226013
0.9069058299064636
0.982994794845581
0.9237629175186157
0.9236916303634644
0.9467976689338684
0.9658485651016235
0.9292661547660828
0.8643559217453003
0.9077906012535095
0.950789213180542
0.9244999885559082
0.8842334151268005
0.968721866607666
0.8745342493057251
0.9378461837768555
0.9174351096153259
0.9972916841506958
0.8943367600440979
0.8795247673988342
0.9230801463127136
0.9774101972579956
0.935842752456665
0.9314074516296387
0.8176356554031372
0.8921691179275513
0.927556574344635
0.9442635178565979
0.9046430587768555
0.9160282611846924
0.9313711524009705
0.9108561873435974
0.943335771560669
0.9435858130455017
0.9332534670829773
0.9314183592796326
0.9477993249893188
0.9709517955780029
0.8982866406440735
0.8888188004493713
0.9167145490646362
0.9019224047660828
0.9005438089370728
0.9001414775848389
0.9778806567192078
0.9668331742286682
0.9613719582557678
0.9407291412353516
0.9337090849876404
0.9519420862197876
0.9333888292312622
0.9409465789794922
0.9873775243759155
0.9049091935157776
0.884689211845398
0.8964973092079163
0.9043161869049072
0.9364253878593445
0.9478747844696045
0.9254035949707031
0.9543454051017761
0.8969517946243286
0.947037398815155
0.9297623038291931
0.8868934512138367
0.9405045509338379
0.9291179776191711
0.8919629454612732
0.9059011936187744
0.9453811049461365
0.9766488671302795
0.9415236115455627
0.9222413301467896
0.905750036239624
0.9815389513969421
0.9356832504272461
0.9790816903114319
0.9288506507873535
0.9351401329040527
0.8694390654563904
0.9260450601577759
0.9129408597946167
0.9592339396476746
1.0000004768371582
0.9846435189247131
0.9654852151870728
0.8957638144493103
0.9393628835678101
0.9319356083869934
0.9543482065200806
0.9433905482292175
0.8421674370765686
0.9054650068283081
0.8938361406326294
0.8976342082023621
0.8784469366073608
0.9542416930198669
0.8889910578727722
0.9112933874130249
0.8667932748794556
0.8923830389976501
0.9330138564109802
0.940798282623291
0.9716529846191406
0.9108949303627014
0.9583885669708252
0.9224523305892944
0.9218186140060425
0.8606652617454529
0.9464737772941589
0.973689079284668
0.9709683656692505
0.984889030456543
0.9672285914421082
0.9737104773521423
0.9475047588348389
0.9046222567558289
0.9479416608810425
0.9557004570960999
0.8897470831871033
0.9509517550468445
0.8933671116828918
0.8789961338043213
0.8974020481109619
0.8945053815841675
0.942718505859375
0.9004262089729309
0.9519503116607666
0.8605903387069702
0.9304216504096985
0.8818301558494568
0.9615771770477295
0.9279793500900269
0.9223198890686035
0.9344322085380554
0.9270291328430176
0.8991483449935913
0.8921548128128052
0.9095639586448669
0.9131999015808105
0.9419050812721252
0.9734805226325989
0.8978154063224792
0.9019304513931274
0.9767752885818481
0.9049118161201477
0.9516116976737976
0.8727564811706543
0.8532847762107849
0.946571409702301
0.9056127667427063
0.9449925422668457
0.9341644048690796
0.8854290843009949
0.9257730841636658
0.9282621145248413
0.9693631529808044
0.9326653480529785
0.9567943811416626
1.0
0.8680483102798462
0.9206457138061523
0.9691375494003296
0.9545855522155762
0.9573068022727966
0.9408172369003296
0.9447806477546692
0.9200238585472107
0.9239911437034607
0.9004018306732178
0.8861899375915527
0.9753706455230713
0.9055704474449158
0.9402534365653992
0.8682094216346741
0.9658320546150208
0.9030733108520508
0.8154279589653015
0.981901228427887
0.9823468327522278
0.9277737140655518
0.890026330947876
0.9106470346450806
0.9173186421394348
0.9196621775627136
0.935015082359314
0.9351098537445068
0.9457816481590271
0.9442254900932312
0.9355314373970032
0.9179518222808838
0.865776002407074
0.9005486369132996
0.9547705054283142
0.9396682977676392
0.9213046431541443
0.9763584136962891
0.886042594909668
0.9219576120376587
0.9372231960296631
0.9078286290168762
0.9957383275032043
1.0
0.9862675666809082
0.9161377549171448
0.9174686670303345
0.9581959247589111
0.9918505549430847
0.9808246493339539
0.9100620150566101
0.9181935787200928
0.923183798789978
0.958718478679657
0.9331859946250916
0.9694732427597046
0.9687506556510925
0.907016932964325
0.8824142813682556
0.9599677920341492
0.9697980880737305
0.9384208917617798
0.9105713367462158
0.9642627239227295
0.8826751708984375
0.9806408286094666
0.9332014918327332
0.9037986397743225
0.811405599117279
0.9189019203186035
0.9068382382392883
0.9170638918876648
0.9025047421455383
0.8857007026672363
0.9710525274276733
0.9838643074035645
0.8836924433708191
0.9807210564613342
0.9177991151809692
0.9517644047737122
0.9560868740081787
0.9281061887741089
0.8952262997627258
0.8717139363288879
0.9832407832145691
0.9296698570251465
0.9577528238296509
0.895774245262146
0.9850358366966248
0.9467799663543701
0.9149100184440613
0.9347673058509827
0.9097773432731628
0.933308482170105
0.9720057845115662
0.9167508482933044
0.9439215064048767
0.931284487247467
0.9096149206161499
0.907238245010376
0.8910973072052002
0.8740054965019226
0.9473152160644531
0.9068125486373901
0.9360892176628113
0.9109662175178528
0.9110165238380432
0.9339251518249512
0.938956618309021
0.8859463930130005
0.9134781956672668
0.9431871771812439
0.9648256301879883
0.9636661410331726
0.8961514830589294
0.972733736038208
0.9406793117523193
0.9795702695846558
0.8994733691215515
0.9083880186080933
0.9588139653205872
0.9014014601707458
0.8950372934341431
0.9226782321929932
0.9085251092910767
0.9417376518249512
0.9351980090141296
0.9454849362373352
0.9535309076309204
0.9433498382568359
0.8954078555107117
0.8635109663009644
0.9063876271247864
0.9205048084259033
0.9294852614402771
0.9295667409896851
0.8360918164253235
0.9443286061286926
0.9248328804969788
0.9420990347862244
0.8437649011611938
0.9496411085128784
0.9310348033905029
0.9196774959564209
0.8443368673324585
0.9437682032585144
0.9611098170280457
0.9006834626197815
0.9442803859710693
0.9374305605888367
0.903245210647583
0.900461733341217
0.9143890142440796
1.0000001192092896
0.9504305124282837
0.9461801052093506
0.9377437233924866
0.9402740597724915
0.9565768241882324
0.9043066501617432
0.8687190413475037
0.9234790205955505
0.863520622253418
0.9139305949211121
1.0000001192092896
1.0000001192092896
0.9262836575508118
0.9359980225563049
0.9237295985221863
0.9141334295272827
0.9675386548042297
0.9086270332336426
0.9470412731170654
0.9035607576370239
0.9388220310211182
0.9613699316978455
0.9518625736236572
0.9378068447113037
0.8776238560676575
0.9456397294998169
0.9510661959648132
0.9262551069259644
0.9296929836273193
0.9661552906036377
0.8998904824256897
0.9411642551422119
0.9381026029586792
0.9330971240997314
0.913165271282196
0.8600655198097229
0.9449971318244934
0.9556070566177368
0.8833330273628235
0.932513952255249
0.9532540440559387
0.9871963262557983
0.8971479535102844
1.0000001192092896
0.9411643147468567
0.9140097498893738
0.9067537188529968
0.9632951021194458
0.9334595799446106
0.9202717542648315
0.9595572352409363
0.9828275442123413
0.9253484606742859
0.9154239892959595
0.9337510466575623
0.9263004660606384
0.8823564648628235
0.9143646359443665
0.9072579145431519
0.9157472848892212
0.921392560005188
0.895496129989624
0.9118146896362305
0.9780960083007812
0.9637802243232727
0.9025428295135498
0.926539421081543
0.8829315304756165
0.9323355555534363
0.9781498312950134
0.90162193775177
0.9187048673629761
0.9563907980918884
0.9723398089408875
0.941238522529602
0.9807080626487732
0.9060736894607544
0.907826840877533
0.8836089968681335
1.000000238418579
0.9140700101852417
0.9553841948509216
1.0000001192092896
0.9863405227661133
0.9256833791732788
0.8472453355789185
0.9089392423629761
0.9305539727210999
0.9202240705490112
0.9697005748748779
0.9275419116020203
0.9082813858985901
0.9714518785476685
0.9409297108650208
0.9286700487136841
0.9132894277572632
0.9182059168815613
0.9142332077026367
0.9477759599685669
0.9477759599685669
0.9084571599960327
0.8810808062553406
0.9228792190551758
0.9176161885261536
0.9411754608154297
0.9319775700569153
0.9439747333526611
1.0
0.9483199119567871
0.9232417345046997
0.9137992262840271
0.977241575717926
0.877016544342041
0.9338451027870178
0.9181284308433533
0.9278010725975037
0.9749049544334412
0.9447276592254639
0.8924030065536499
0.934230625629425
0.9033491015434265
0.8961334824562073
0.9487432837486267
0.8949958086013794
0.9293975234031677
0.8858336806297302
0.9384711384773254
0.9355867505073547
0.9106916189193726
0.9042032361030579
0.9429017305374146
0.9190385341644287
0.9584916830062866
0.9343893527984619
0.9469882249832153
0.8619174361228943
0.8915126323699951
0.910081684589386
0.9222893118858337
0.9139719605445862
0.9123371839523315
0.9603357911109924
0.895832359790802
0.9038982391357422
0.9317452311515808
0.9347323179244995
0.9344731569290161
0.9243413209915161
0.910839319229126
0.9250219464302063
0.8907219767570496
0.9143065214157104
0.9481167197227478
0.92127525806427
0.9085893034934998
0.9393693208694458
0.852026104927063
0.9104294180870056
0.9337444305419922
0.9473122954368591
0.8656255006790161
0.9451619386672974
0.9928380846977234
0.9145517945289612
0.8943132758140564
0.9090080857276917
0.917611837387085
0.9245414137840271
0.9500566124916077
0.9633755683898926
0.9427837133407593
0.8654125332832336
0.8907257914543152
0.9339256286621094
0.860992431640625
0.86097651720047
0.8897222280502319
0.9383506774902344
0.9146941304206848
0.9505770802497864
0.9053489565849304
0.9126075506210327
0.9521653056144714
0.9564009308815002
0.9140303134918213
0.910085141658783
0.9260948896408081
0.9999998211860657
0.9734848737716675
0.9080507159233093
0.9736250638961792
0.9675363898277283
0.9401504397392273
0.8882516026496887
0.9219194650650024
0.9403529167175293
0.8618584871292114
0.8740541934967041
0.951111376285553
0.9296448826789856
0.8976276516914368
0.9269282817840576
0.8626734614372253
0.9028404355049133
0.8884252905845642
0.9213212132453918
0.9511098265647888
0.908767819404602
0.928480327129364
0.9174781441688538
0.874420702457428
0.9570811986923218
0.911963701248169
0.9028743505477905
0.9253073930740356
0.9315412044525146
0.920168936252594
0.9288955926895142
0.9303387999534607
0.9489597678184509
0.9465227723121643
0.9538244605064392
0.917439877986908
0.9348878860473633
0.9658339619636536
0.9589588046073914
0.9469013214111328
0.9547363519668579
0.903992772102356
0.888795793056488
0.9165164828300476
0.9705005288124084
0.8895884156227112
0.9005452990531921
0.9056150317192078
0.9508063197135925
0.8891718983650208
0.9199833273887634
0.9309237003326416
0.9352807998657227
0.9842244386672974
0.9706439971923828
0.8437301516532898
0.9269896745681763
0.9280964136123657
0.9591726660728455
0.9457685947418213
0.9093136191368103
0.9413446187973022
0.9484182000160217
0.8767005205154419
0.940828263759613
0.9453228116035461
0.9504500031471252
0.9314389228820801
0.8918313384056091
0.9383922219276428
0.9411172270774841
0.9340284466743469
0.973492443561554
0.9186707735061646
0.8720305562019348
0.8742418885231018
0.9252533316612244
0.907447338104248
0.9393372535705566
0.9060373902320862
0.9100472927093506
0.9315182566642761
0.9264665246009827
0.9365631937980652
0.9559972882270813
0.9914758801460266
0.9476566910743713
0.8981013298034668
0.9808093905448914
0.9119053483009338
0.9315787553787231
0.9473565220832825
0.9284053444862366
0.9321943521499634
0.9367650151252747
0.9480615258216858
0.8575078845024109
0.8374341726303101
0.9914841055870056
0.9133322834968567
0.9394100308418274
0.9200596213340759
0.912876307964325
0.8747410774230957
0.8789595365524292
0.9350515007972717
0.8887723088264465
0.9482256770133972
0.963451623916626
0.8953229784965515
0.9678344130516052
0.9252270460128784
0.9025446772575378
0.8970674872398376
0.9246041774749756
0.892493724822998
0.896872341632843
0.9463288187980652
0.9035671949386597
0.926307737827301
0.9648758172988892
0.9245157241821289
0.9274720549583435
0.9499144554138184
0.9032334089279175
0.9664984941482544
0.9564722180366516
0.9164830446243286
0.9016914963722229
0.9072577357292175
0.977827787399292
0.8488762974739075
0.9272884726524353
0.8953238725662231
0.9586858749389648
0.9234394431114197
0.8877333998680115
0.9624398350715637
0.9294171333312988
0.9277254343032837
0.9747671484947205
0.9096212387084961
0.9317219257354736
0.8374283909797668
0.8919373750686646
0.9322257041931152
0.9274167418479919
0.9241130352020264
0.9094119668006897
0.8900848031044006
0.9341434240341187
0.9396936893463135
0.9204046130180359
0.9702771902084351
0.946754515171051
0.9003812670707703
0.9655624032020569
0.9172748923301697
0.9530765414237976
0.8897557854652405
0.927845299243927
0.9384769797325134
0.9300082921981812
0.9158443808555603
0.9010211825370789
0.9232577085494995
0.9493751525878906
0.9238312840461731
0.8371052145957947
0.8664683103561401
0.9171342253684998
0.9544049501419067
0.947706401348114
0.9507467746734619
0.9175125360488892
0.9559285640716553
0.9097989201545715
0.8660142421722412
0.9221857190132141
0.9291123747825623
0.9352481365203857
0.9813867211341858
0.9247469902038574
0.9126293063163757
0.933994472026825
0.9382449388504028
0.8836010098457336
0.8794302344322205
0.9131323099136353
0.882142961025238
0.9253367185592651
0.9440320134162903
0.9355140328407288
0.9461191296577454
0.887951135635376
0.9188185334205627
0.9218541979789734
0.928281843662262
0.9276828765869141
0.919707179069519
0.958626389503479
0.871003270149231
0.9176138043403625
0.973659873008728
0.9188424348831177
0.9434860348701477
0.9046076536178589
0.9148512482643127
0.9003332257270813
0.9667604565620422
0.9654440879821777
0.9844451546669006
0.925841212272644
0.9664817452430725
0.9182115793228149
0.9211400747299194
0.9333227276802063
0.9513267278671265
0.9424529671669006
0.873161792755127
0.9406506419181824
0.9081636071205139
0.8813270926475525
0.9617091417312622
0.9785332083702087
0.90208500623703
0.9431211948394775
0.9605150818824768
0.9769535660743713
0.9282678365707397
0.894061267375946
0.9117863774299622
0.9226276278495789
0.9716393351554871
0.9266662001609802
0.9654737114906311
0.9063845276832581
0.8940192461013794
0.941949188709259
0.8890058398246765
0.9443951845169067
0.9514132142066956
0.898219645023346
0.9196282029151917
0.8818740248680115
0.8685117959976196
0.9307760000228882
0.9711766242980957
0.9164630770683289
0.9343289732933044
0.9197308421134949
0.8681640625
0.924730122089386
0.9085197448730469
0.826360821723938
0.9080114364624023
0.8870428204536438
0.9206535220146179
0.9359016418457031
0.9284483194351196
0.9434136748313904
0.9566188454627991
0.921301007270813
0.9046787023544312
0.9228301644325256
0.9265632033348083
0.8851667046546936
0.8905208706855774
0.9237502813339233
0.9467258453369141
0.8779247403144836
0.9894446730613708
0.9641674160957336
0.9126501679420471
0.920942485332489
0.9489970803260803
0.8790625929832458
0.9295868873596191
0.8125083446502686
0.9236088991165161
0.9233119487762451
0.8508225083351135
0.8617000579833984
0.8620936274528503
0.9661976099014282
0.8727563619613647
0.9107365608215332
0.8957329988479614
0.9763742685317993
1.0
0.880621075630188
0.9444303512573242
0.9086953997612
0.8817084431648254
0.9554851651191711
0.9115679860115051
0.9635381698608398
0.8945081233978271
0.926035463809967
0.9262887239456177
0.9526245594024658
0.8428926467895508
0.8575489521026611
0.9413672089576721
0.8987152576446533
0.8756511211395264
0.8641093373298645
0.9695293307304382
0.9914513826370239
0.9316426515579224
0.9558941125869751
0.8836698532104492
0.8949272036552429
0.9202693104743958
0.8975864052772522
0.9078894853591919
0.9297508597373962
0.9786872863769531
0.9151872396469116
0.8829001784324646
0.9713308811187744
0.9024987816810608
0.9119439125061035
0.940200686454773
0.9293395280838013
0.9718228578567505
0.9494948983192444
1.000000238418579
0.9677387475967407
0.922468364238739
0.9081554412841797
0.9172941446304321
0.8962059617042542
0.8947487473487854
0.9701053500175476
0.9848006367683411
0.936741828918457
0.939037024974823
0.9781616926193237
0.9347937703132629
0.8947998881340027
0.9529038667678833
0.9431010484695435
0.8901143074035645
0.9328616857528687
1.0000001192092896
0.9162601232528687
0.9348347783088684
0.9385539293289185
0.8579908609390259
0.9199546575546265
0.9178634881973267
0.8881202936172485
0.9695794582366943
0.9662700891494751
0.9125503301620483
0.9096416234970093
0.9025046229362488
0.8532212376594543
0.9833113551139832
0.9329189658164978
0.9461245536804199
0.9512566328048706
0.9172715544700623
0.8836448788642883
0.9642760157585144
0.9493057131767273
0.940288245677948
0.9082494974136353
0.856446385383606
0.8869236707687378
0.9656723141670227
0.9704471826553345
0.9283822774887085
0.8782919049263
0.9134151339530945
0.9154159426689148
0.919582188129425
0.9137912392616272
0.9346866011619568
0.9001062512397766
0.922571063041687
0.9446794986724854
0.9442852139472961
0.917971670627594
0.9295199513435364
0.8830908536911011
0.9412501454353333
0.9649295806884766
0.8899053335189819
0.9631437063217163
0.8938211798667908
0.9149026870727539
0.905143678188324
0.947021484375
0.925440788269043
0.9525578618049622
0.9123354554176331
0.9073747992515564
0.8867987990379333
0.9401880502700806
0.9527350068092346
0.9405824542045593
0.923839271068573
0.9126176238059998
0.9520092010498047
0.8909540772438049
0.9295588135719299
0.9226720333099365
0.911585807800293
0.9039973616600037
0.9749428033828735
0.9464922547340393
0.9122808575630188
0.9309096336364746
0.9113768935203552
0.9463478326797485
0.8976424932479858
0.9042673707008362
0.9520209431648254
0.9202829003334045
0.8929607272148132
0.8849665522575378
0.8740058541297913
0.8910737633705139
0.900300145149231
0.8381560444831848
0.8473683595657349
0.8860703706741333
0.8491541743278503
0.8577517867088318
0.9300448894500732
0.9194427728652954
0.873407781124115
0.9116197824478149
0.8692399859428406
0.7933006882667542
0.8136732578277588
0.8723570108413696
0.8621640801429749
0.8454388380050659
0.8729690313339233
0.8709432482719421
0.8275768160820007
0.901667058467865
0.8571981191635132
0.8989947438240051
0.9128843545913696
0.8839073181152344
0.8355076313018799
0.8541607856750488
0.8906182050704956
0.8133490681648254
0.8847925066947937
0.8936591744422913
0.8648223876953125
0.8528339862823486
0.8177375197410583
0.8317055106163025
0.9044787287712097
0.8638208508491516
0.8536390066146851
0.7799655795097351
0.8814151287078857
0.8659361004829407
0.806907057762146
0.9461291432380676
0.892693042755127
0.8807122707366943
0.9444249868392944
0.9514239430427551
0.8620553612709045
0.9238119721412659
0.8620811104774475
0.8564215302467346
0.8548930287361145
0.9221411347389221
0.909635066986084
0.9100598096847534
0.7721337676048279
0.7913493514060974
0.8877807259559631
0.8490993976593018
0.9215428233146667
0.8197360038757324
0.8788453936576843
0.8881030678749084
0.879540205001831
0.8895376324653625
0.8593666553497314
0.8951847553253174
0.8765389323234558
0.9173180460929871
0.8558101058006287
0.9887477159500122
0.8430662155151367
0.9613996148109436
0.9214106798171997
0.8590890765190125
0.8789022564888
0.9729160666465759
0.8192749619483948
0.8530229330062866
0.8882484436035156
0.8521593809127808
0.8779743313789368
0.8567939400672913
0.9096403121948242
0.8052887320518494
0.8828717470169067
0.9309876561164856
0.8618597388267517
0.8571938276290894
0.7990847229957581
0.8541145920753479
0.8198140859603882
0.8575891852378845
0.8758791089057922
0.8606036901473999
0.8951694965362549
0.8629714846611023
0.9156489968299866
0.897842526435852
0.8760841488838196
0.860800564289093
0.9149664044380188
0.8433949947357178
0.9414173364639282
0.9252018332481384
0.9383561015129089
0.8481791615486145
0.9571596384048462
0.8568920493125916
0.8366603255271912
0.8633686304092407
0.9658448696136475
0.9252216219902039
0.8422953486442566
0.8925973773002625
0.88303542137146
0.8827306032180786
0.8608127236366272
0.8284129500389099
0.8697167038917542
0.8822055459022522
0.8002415299415588
0.8430428504943848
0.9451364278793335
0.8256127834320068
0.8393805623054504
0.8741182684898376
0.8174912929534912
0.8448363542556763
0.8880603313446045
0.9006850123405457
0.8142828941345215
0.9154068231582642
0.8505164384841919
0.9206731915473938
0.890505313873291
0.8553582429885864
0.8106797933578491
0.8639711737632751
0.881872296333313
0.8323627710342407
0.8104764819145203
0.8792486190795898
0.8766725063323975
0.8781291246414185
0.8586697578430176
0.843013346195221
0.8360896706581116
0.9271015524864197
0.8960452675819397
0.726304829120636
0.894300103187561
0.8776260614395142
0.8297831416130066
0.9281473755836487
0.880232572555542
0.941469132900238
0.8891697525978088
0.8792333006858826
0.8500035405158997
0.8307701349258423
0.8232365846633911
0.8477317094802856
0.8908997774124146
0.8819066286087036
0.9156527519226074
0.8858217000961304
0.8382030725479126
0.8790741562843323
0.8783760666847229
0.9227006435394287
0.8347054123878479
0.8902083039283752
0.8999651074409485
0.9386438727378845
0.9823622703552246
0.8665696978569031
0.9032561182975769
0.8259620070457458
0.839771032333374
0.9554911255836487
0.9069844484329224
0.8632258176803589
0.8577833771705627
0.8422192931175232
0.8393102288246155
0.8750961422920227
0.8799100518226624
0.8675335049629211
0.8853903412818909
0.9248969554901123
0.9148396849632263
0.9566982388496399
0.863278865814209
0.9189570546150208
0.8226621747016907
0.8618728518486023
0.8716675043106079
0.8594661355018616
0.8806962966918945
0.849659264087677
0.8166460394859314
0.8467170000076294
0.7696104049682617
0.9380873441696167
0.8451558351516724
0.8905090093612671
0.8471736907958984
0.9294317364692688
0.8677763938903809
0.9421429634094238
0.8568066358566284
0.8466439843177795
0.8871241807937622
0.832886815071106
0.9116224050521851
0.8363169431686401
0.9132140278816223
0.9005126953125
0.8171214461326599
0.8359372019767761
0.8549638390541077
0.8370157480239868
0.7837591767311096
0.8439912796020508
0.890801191329956
0.867855966091156
0.8880378603935242
0.865795910358429
0.840542733669281
0.8954247832298279
0.8006962537765503
0.8835431933403015
0.8904210925102234
0.9144262671470642
0.9187100529670715
0.8756166100502014
0.9688040018081665
0.8988016843795776
0.8846368193626404
0.9322629570960999
0.8184977769851685
0.9219826459884644
0.8788195252418518
0.8463227152824402
0.9519513845443726
0.8573314547538757
0.8960842490196228
0.8992437720298767
0.8736831545829773
0.9188429713249207
0.8644217252731323
0.8618343472480774
0.86660236120224
0.9334254264831543
0.8377124071121216
0.8372998237609863
0.8755242228507996
0.8763781189918518
0.8381783366203308
0.8524055480957031
0.9301113486289978
0.8947614431381226
0.9007716178894043
0.9655603170394897
0.8457561731338501
0.8742009997367859
0.9751469492912292
0.804405927658081
0.8485703468322754
0.8719815611839294
0.8477874994277954
0.8987979888916016
0.8980860114097595
0.8855883479118347
0.8507561087608337
0.8919057250022888
0.8619661927223206
0.8755897283554077
0.8921072483062744
0.8847535252571106
0.8624801635742188
0.8518193364143372
0.8665957450866699
0.8709551692008972
0.8425155878067017
0.8771727681159973
0.8885144591331482
0.8945826888084412
0.8472825884819031
0.9784101843833923
0.900934636592865
0.8968138694763184
0.8522573113441467
0.9038605093955994
0.8411481380462646
0.8842685222625732
0.8697689771652222
0.8339900970458984
0.8812789916992188
0.8672572374343872
0.9379869699478149
0.9373652935028076
0.9140920639038086
0.8893187642097473
0.9386468529701233
0.8590080738067627
0.8569930195808411
0.8111583590507507
0.8936801552772522
0.8648114800453186
0.9398233890533447
0.8463003039360046
0.9593665599822998
0.8453225493431091
0.9110129475593567
0.8703281879425049
0.8298461437225342
0.8646724224090576
0.8801130056381226
0.8959351181983948
0.8606582880020142
0.8267678618431091
0.8076883554458618
0.9496974945068359
0.9007655382156372
0.9079064726829529
0.8785454630851746
0.8414124250411987
0.786386251449585
0.9115207195281982
0.8512493371963501
0.8349194526672363
0.9244221448898315
0.8947938680648804
0.8237728476524353
0.9132432341575623
0.8218607306480408
0.8482966423034668
0.9392748475074768
0.8651502132415771
0.8460607528686523
0.8581400513648987
0.8154001832008362
0.9290717244148254
0.9302427768707275
0.9218180179595947
0.8522089123725891
0.915046215057373
0.9101472496986389
0.8852512240409851
0.7764816880226135
0.9481532573699951
0.8661736845970154
0.8569139838218689
0.8511942028999329
0.8371501564979553
0.8415073752403259
0.8762159943580627
0.8867374062538147
0.9048962593078613
0.8842142224311829
0.8665896058082581
0.8652933835983276
1.0000001192092896
0.885238528251648
0.868248701095581
0.9128752946853638
0.8343042731285095
0.8545222878456116
0.8769452571868896
0.9237334132194519
0.9564681649208069
0.8201689720153809
0.9206902384757996
0.9769156575202942
0.8427923321723938
0.9010279178619385
0.9027850031852722
0.8618266582489014
0.864218533039093
0.9430661797523499
0.9236757159233093
0.7928661108016968
0.8897621631622314
0.8483617901802063
0.9040747284889221
0.8605309128761292
0.8224664330482483
0.8585608005523682
0.9582889676094055
0.8723439574241638
0.934063196182251
0.8461306691169739
0.8483772873878479
0.8169699907302856
0.9127519130706787
0.904641330242157
0.8753169178962708
0.9007548689842224
0.8434130549430847
0.8212209939956665
0.7612375617027283
0.8317850828170776
0.8943738341331482
0.8952213525772095
0.8426353335380554
0.9556399583816528
0.8582881689071655
0.881766140460968
0.8868433237075806
0.8339990377426147
0.8118900060653687
0.8749111890792847
0.877200186252594
0.8756024837493896
0.8407859206199646
0.8512800335884094
0.8856973052024841
0.8587825894355774
0.8669720888137817
0.8864190578460693
0.8502352833747864
0.901893675327301
0.9233593344688416
0.8290391564369202
0.8490291833877563
0.881218433380127
0.751440703868866
0.8913586735725403
0.8669798374176025
0.9024779796600342
0.9110353589057922
0.8137970566749573
0.8681788444519043
0.8525366187095642
0.826718807220459
0.8780427575111389
0.8917210102081299
0.972467303276062
0.8568189740180969
0.8642480373382568
0.8293877243995667
0.8514416813850403
0.8608168959617615
0.8772034645080566
0.8379625082015991
0.9040631651878357
0.9301401376724243
0.8022828698158264
0.8977752327919006
0.7998563051223755
0.8645203709602356
0.8676110506057739
0.9056808352470398
0.844127893447876
0.8569239974021912
0.8008962273597717
0.8667638897895813
0.8375347256660461
0.8634318113327026
0.8247866630554199
0.8069984912872314
0.8290350437164307
0.9785158634185791
0.8081833124160767
0.9164199233055115
0.7889105677604675
0.8592526912689209
0.8773193359375
0.8069396615028381
0.8869900107383728
0.837776243686676
0.8947614431381226
0.8703052401542664
0.9355496168136597
0.9059671759605408
0.9180818200111389
0.8859773278236389
0.8279274702072144
0.9322910308837891
0.8374479413032532
0.8766292333602905
0.8516174554824829
0.9458537697792053
0.9163764119148254
0.8587403893470764
0.8609926104545593
0.9437792897224426
0.8670631051063538
0.9144848585128784
0.8986764550209045
0.8542027473449707
0.9663414359092712
0.8555760383605957
0.8664447069168091
0.8766506910324097
0.8897570371627808
0.881439745426178
0.8932456970214844
0.8746486902236938
0.8481296896934509
0.86456698179245
0.8780537247657776
0.8389567136764526
0.8971666097640991
0.8193358182907104
0.8809835314750671
0.8267210721969604
0.8399352431297302
0.8858679533004761
0.8786487579345703
0.7968348860740662
0.8950309753417969
0.907177209854126
0.8546798229217529
0.842049777507782
0.9423761963844299
0.8482704758644104
0.9966157674789429
0.8512230515480042
0.913701593875885
0.9410896301269531
0.9782341122627258
0.8372470140457153
0.8384268879890442
0.8654288053512573
0.8954620957374573
0.8645724058151245
0.9028702974319458
0.8627176284790039
0.7640872001647949
0.8266907930374146
0.8982986211776733
0.8564919829368591
0.8757246732711792
0.9005258083343506
0.9212506413459778
0.9480053186416626
0.906904399394989
0.8703594207763672
0.9073662161827087
0.8763627409934998
0.9030596017837524
0.795425295829773
0.8991812467575073
0.8853299617767334
0.9235436916351318
0.835912823677063
0.8421604037284851
0.9062473177909851
0.9158985018730164
0.8506008982658386
0.8516888618469238
0.8741665482521057
0.8724333643913269
0.9814706444740295
0.8998326063156128