0.9101194143295288
0.8522006869316101
0.6660418510437012
0.7801267504692078
0.632629930973053
0.8703100085258484
0.6671218276023865
0.8193845152854919
0.9025120139122009
0.9999997019767761
0.7382382154464722
0.890910804271698
0.8594949841499329
0.8291294574737549
0.7078731656074524
0.7667772769927979
0.8706256747245789
0.8047823905944824
0.9485812187194824
0.7057473659515381
0.8845639228820801
0.8656472563743591
0.9098429679870605
0.5698894262313843
0.7558984160423279
0.7551647424697876
0.7183643579483032
0.7209232449531555
0.7549641728401184
0.6613779067993164
0.882120668888092
0.8628062605857849
0.8437588810920715
0.7641872763633728
0.8476141691207886
0.6447159647941589
0.8686412572860718
0.8299415707588196
0.8587167859077454
0.9112910032272339
0.6417956352233887
0.7605998516082764
0.7970442771911621
0.7117033004760742
0.706104576587677
0.647742748260498
0.8392022848129272
0.7174196839332581
0.8597314953804016
0.7278447151184082
0.9231035113334656
0.8482359647750854
0.7520261406898499
0.7707575559616089
0.6766648292541504
0.887292742729187
0.71434485912323
0.7135018706321716
0.9301635026931763
0.9617159366607666
0.8425194621086121
0.4072575271129608
0.8751283884048462
0.745780885219574
0.8408811092376709
0.7023059725761414
0.7815032601356506
0.8253408074378967
0.7245175242424011
0.6568171381950378
0.6843132972717285
1.0000001192092896
0.7007031440734863
0.8392626643180847
0.8146147131919861
0.7494415044784546
0.8068660497665405
0.5211321711540222
0.7857104539871216
0.4002779722213745
0.7748206853866577
0.9473184943199158
0.7547109127044678
0.8902125358581543
0.7394768595695496
0.8639082908630371
0.680178701877594
0.8298463225364685
0.7401958703994751
0.6911605000495911
0.8324487805366516
0.874789297580719
0.7888484001159668
0.905215322971344
0.7286108732223511
0.786226749420166
0.6660881042480469
0.809208869934082
0.731256365776062
0.6612196564674377
1.000000238418579
0.6106693744659424
0.7397834658622742
0.6096764802932739
0.5455412864685059
0.7345342040061951
0.6287278532981873
0.6503981947898865
0.8212084770202637
0.9053953886032104
0.7409823536872864
0.6790300011634827
0.7651136517524719
0.5793189406394958
0.8036144375801086
0.47949662804603577
0.7411432862281799
0.9123644828796387
0.7262322306632996
0.858631432056427
0.7820868492126465
0.88649582862854
0.8279606103897095
0.72065669298172
0.8354185819625854
0.7036542296409607
0.7631053328514099
0.5840044617652893
0.8304895162582397
0.8000367283821106
0.5833357572555542
0.826877772808075
0.7607683539390564
0.6801764965057373
0.7420506477355957
0.8388698101043701
0.7651225328445435
0.8142685890197754
0.846106767654419
0.5690553784370422
0.7397810220718384
0.9072626829147339
0.8638172149658203
0.8863898515701294
0.6001076698303223
0.7332050204277039
0.5839890837669373
0.7681534886360168
0.823602020740509
0.7086469531059265
0.49112698435783386
0.6789249777793884
0.7329651117324829
0.6652277708053589
0.9224842190742493
0.7496392726898193
0.8702872395515442
0.820222795009613
0.8287925720214844
0.8075811862945557
0.5409557223320007
0.9999999403953552
0.7932454943656921
0.6053159236907959
0.6618055105209351
0.6780766248703003
0.7724664807319641
0.880780816078186
0.8264846205711365
0.5681896805763245
0.638778567314148
0.7346949577331543
0.9718152284622192
0.7463160157203674
0.8618986010551453
0.6576880216598511
0.8888282775878906
0.7920746207237244
0.8826674818992615
0.7907794713973999
0.7681020498275757
0.5949037671089172
0.6323561668395996
0.8602632284164429
0.7738514542579651
0.8469310998916626
0.7481239438056946
0.7792364358901978
0.6198174357414246
0.6928101181983948
0.7002711892127991
0.8152565360069275
0.5733813643455505
0.6532977819442749
0.4141342341899872
0.7525393962860107
0.8366459012031555
0.8897427916526794
0.8383943438529968
0.7442548871040344
0.8359681367874146
0.6693536043167114
0.9999996423721313
0.7936512231826782
0.8635547757148743
0.6416832804679871
0.7466753125190735
0.8533900380134583
0.6583653092384338
0.7797244191169739
0.8575417995452881
0.7716494202613831
0.9731301069259644
0.8607358336448669
0.8810359835624695
0.7685271501541138
0.6348875164985657
0.8351763486862183
0.7206682562828064
0.8343685269355774
0.6864390969276428
0.8535057902336121
0.8218759298324585
0.6509731411933899
0.7614036798477173
0.982293426990509
0.7976580262184143
0.8203052282333374
0.7326204180717468
0.8593718409538269
0.3879302144050598
0.5435646772384644
0.7258747220039368
0.9715571403503418
0.6252947449684143
0.8028704524040222
0.766294538974762
0.6225022077560425
0.8028979897499084
0.7719215750694275
0.850544273853302
0.6738010048866272
0.8021944761276245
0.6627941727638245
0.6537505388259888
0.8805829882621765
0.5895638465881348
0.7656043767929077
0.5815396904945374
0.7618162631988525
0.8436627388000488
0.6216233372688293
0.8887829780578613
0.718669593334198
0.7967106103897095
0.805158257484436
0.7859095931053162
0.7131752967834473
0.8300475478172302
0.9257779121398926
0.7219881415367126
0.6455886960029602
0.9999994039535522
0.6794748306274414
0.7390022277832031
0.6843581199645996
0.7293089628219604
0.551770031452179
0.649868369102478
0.7620829939842224
0.786237895488739
0.6980525851249695
0.8147915601730347
0.858631432056427
0.6697184443473816
0.680810272693634
0.7483615279197693
0.6974170207977295
0.8126682043075562
0.7325639724731445
0.7460450530052185
0.5965395569801331
0.8025684356689453
0.7157416343688965
0.6089100241661072
0.7864161133766174
0.7828753590583801
0.8337424993515015
0.5860153436660767
0.7292597889900208
0.7024551033973694
0.7703292369842529
0.698520302772522
0.7229137420654297
0.6533792614936829
0.8745665550231934
0.7020118832588196
0.8587852716445923
0.8118317723274231
0.6370681524276733
0.7283975481987
0.7149655222892761
0.7952221035957336
0.7468920946121216
0.9617159366607666
0.5630273818969727
0.8326734900474548
0.9200135469436646
0.7972508668899536
0.8057324290275574
0.9191380143165588
0.754193127155304
0.6362922191619873
0.7852985858917236
0.7359283566474915
0.7629861831665039
0.6586436033248901
0.722076416015625
0.6787720322608948
0.691798985004425
0.7591834664344788
0.6853777766227722
0.699546754360199
0.6152957677841187
0.8458600044250488
0.6820482015609741
0.7114956378936768
0.6631890535354614
0.7168653011322021
0.7027150392532349
0.8953233361244202
0.669787585735321
0.8859935998916626
0.8503144979476929
0.7016361355781555
0.7572563290596008
0.6405512094497681
0.5895419716835022
0.6606155037879944
0.7135445475578308
0.731941819190979
0.8111668229103088
0.8523837327957153
0.7032853364944458
0.590697169303894
0.7310498356819153
0.8066108822822571
0.6805208921432495
0.9097051620483398
0.6980903744697571
0.716428816318512
1.0
0.7450754046440125
0.6144071221351624
0.7044638991355896
0.8814787268638611
0.7040455341339111
0.6542873978614807
0.6891958117485046
0.7672838568687439
0.748772382736206
0.8081269860267639
0.7669830918312073
0.6459184288978577
0.739366352558136
0.7044529914855957
0.7525309324264526
0.7761205434799194
0.8965877890586853
0.9438724517822266
0.6075672507286072
0.8262839913368225
0.6833543181419373
0.4948978126049042
0.8920273184776306
0.7617478966712952
0.5235268473625183
0.8862076997756958
0.8017914295196533
0.9402201771736145
0.6687586307525635
0.8673983216285706
0.7290477752685547
0.7671285271644592
0.7264783978462219
0.647742748260498
0.665206789970398
0.7237759828567505
0.8299373984336853
0.851932942867279
0.5721633434295654
0.5378326773643494
0.702897310256958
0.8765336275100708
0.5839024186134338
0.7332683205604553
0.7579035758972168
0.8121999502182007
0.80284184217453
0.6650970578193665
0.8663954138755798
0.7920976281166077
0.7647690176963806
0.8468585014343262
0.809749186038971
0.7139542698860168
0.7420499324798584
0.893704354763031
0.8136584162712097
0.6928167939186096
0.8583202362060547
0.7161356806755066
0.704319953918457
0.686738133430481
0.6341140270233154
0.840576171875
0.8263924717903137
0.6943373084068298
0.7827184200286865
0.5373724699020386
0.6668472290039062
0.7550246715545654
0.7601612210273743
0.6170138120651245
0.8576366901397705
0.7652047276496887
0.7662171125411987
0.7071608901023865
0.6821928024291992
0.6450159549713135
0.7917930483818054
0.9595857858657837
0.9149768352508545
0.7830513715744019
0.7317767143249512
0.9674637913703918
0.7218735814094543
0.7957441806793213
0.9525456428527832
0.674188494682312
0.732088029384613
0.7707054018974304
0.6219756007194519
0.7506330609321594
0.7280709147453308
0.8952080011367798
0.8586297035217285
0.6506895422935486
0.6633791923522949
1.0
0.7352128624916077
0.7207980751991272
0.9419781565666199
0.7879643440246582
0.9447799324989319
0.5922545194625854
0.6619443297386169
0.7686299681663513
0.8722668290138245
0.8007926940917969
0.6410090923309326
0.7885943651199341
0.7710146307945251
0.7489259243011475
0.6331967711448669
0.7463659048080444
0.6465367674827576
0.9537783265113831
0.9518404006958008
0.8754332661628723
0.6263879537582397
0.6859089732170105
0.5639704465866089
0.9338853359222412
0.66017746925354
0.6628693342208862
0.6420192718505859
0.8364691138267517
0.7059621214866638
0.7547149658203125
0.9999998807907104
0.8342597484588623
1.0
0.7967883348464966
0.6940006613731384
0.8173801302909851
0.6104345321655273
0.739171028137207
0.6778115034103394
0.797562301158905
0.8137909173965454
0.6690514087677002
0.82195645570755
0.9286254644393921
0.6696782112121582
0.7856141328811646
0.7115796208381653
0.5672407150268555
0.7581705451011658
1.0000001192092896
0.779497504234314
0.6772906184196472
0.7829977869987488
0.7071559429168701
0.4995112121105194
0.7026705741882324
0.596462070941925
0.9999998807907104
0.8402102589607239
0.7653300166130066
0.7182649970054626
0.8189581632614136
0.6222394704818726
0.6016704440116882
0.6943218111991882
0.7179123759269714
0.8095097541809082
0.7678841948509216
0.7879738211631775
0.6643602252006531
0.5612083077430725
0.7914411425590515
0.7387644648551941
0.6961948871612549
0.7288910150527954
0.6409646272659302
0.6022800803184509
0.6382039189338684
0.5327028632164001
0.9393347501754761
0.754686176776886
0.8378207087516785
0.7643486261367798
0.6295157670974731
0.5940548181533813
0.7647502422332764
0.6988471150398254
0.7616275548934937
0.7818296551704407
0.7569787502288818
0.7255426049232483
0.5998744964599609
0.6519907712936401
0.8752767443656921
0.6987419128417969
0.743122935295105
0.6896584630012512
0.7866470217704773
0.7764581441879272
0.7618920803070068
0.6340077519416809
0.7360799908638
0.5555912852287292
0.5411244630813599
0.681408166885376
0.8050460815429688
0.9121559262275696
0.7915674448013306
0.6520137190818787
0.8457844853401184
0.8406462669372559
0.8118351697921753
0.8637621402740479
0.6808881759643555
0.7490753531455994
0.6372770071029663
0.5821787118911743
0.732018768787384
0.7560391426086426
0.8130483031272888
0.8701267838478088
0.8221384286880493
0.7647643685340881
0.7496752738952637
0.833631157875061
0.658943235874176
0.790898859500885
0.7197830080986023
0.7883451581001282
0.5291250348091125
0.8256812691688538
0.5009059906005859
0.6511526107788086
0.6313031911849976
0.9100176692008972
0.788765013217926
0.6576345562934875
0.7553425431251526
0.7335785031318665
0.768338680267334
0.7518396377563477
0.8705838322639465
0.9278692603111267
0.7495134472846985
0.7188846468925476
0.6465582251548767
0.6431511640548706
0.6187891364097595
0.7937222123146057
0.5774723887443542
0.5836318731307983
0.7761748433113098
0.7563652396202087
0.6813124418258667
0.7495216131210327
0.6438751816749573
0.8666535019874573
0.6994572877883911
0.9018795490264893
0.8004612326622009
0.5613876581192017
0.9251461029052734
0.6774386167526245
0.8309552669525146
0.5553207397460938
0.5352464318275452
0.7740253806114197
0.7521297931671143
0.8865846991539001
0.7795543074607849
0.7237724661827087
0.7616947293281555
0.8231666684150696
0.9674637913703918
0.8350284099578857
0.7052807211875916
0.7152377963066101
0.7097265720367432
0.7866018414497375
0.7642632722854614
0.7481302618980408
0.8142115473747253
0.8682161569595337
0.8790438771247864
0.5775310397148132
0.6592052578926086
0.754633367061615
0.7007675170898438
0.8313817381858826
0.7666366100311279
0.8177927732467651
1.000000238418579
0.6702537536621094
0.8482187390327454
0.7852079272270203
0.8248589038848877
0.513698160648346
0.800299346446991
0.8631769418716431
0.5164421796798706
0.5954445004463196
0.7257513403892517
0.8660974502563477
0.8507661819458008
0.46710577607154846
0.47081372141838074
0.5285958051681519
0.8321788311004639
0.5998094081878662
0.6363316178321838
0.74017333984375
0.7883406281471252
0.8161728382110596
0.6383788585662842
0.7410919070243835
0.778908908367157
0.895895779132843
0.6729592084884644
0.5524687170982361
0.783290684223175
0.6769712567329407
0.6287884712219238
0.432662695646286
0.6622779965400696
0.6974027156829834
0.7654097676277161
0.6222438216209412
0.595668613910675
0.6822953820228577
0.6715326905250549
0.8384895324707031
0.8053927421569824
0.7133306860923767
0.7407560348510742
0.5947759747505188
0.6316038966178894
0.6955589056015015
0.771248996257782
0.8092114925384521
0.9103085398674011
0.5229520201683044
0.7844547033309937
0.42432084679603577
0.6371736526489258
0.629594624042511
0.7554041743278503
0.8186488747596741
0.7075861692428589
0.5814568400382996
0.774919331073761
0.8532700538635254
0.7661401033401489
0.6778807640075684
0.703525185585022
0.9227171540260315
0.637654721736908
0.7857273817062378
0.7511595487594604
0.8366847038269043
0.5591942667961121
0.5613762736320496
0.7023634314537048
0.9999998211860657
0.7024381160736084
0.7548416256904602
0.6435168981552124
0.7751877903938293
0.7142038345336914
0.7730673551559448
0.7141155004501343
0.649694561958313
0.6289522647857666
0.793003261089325
0.8492828607559204
0.7195407748222351
0.765441358089447
0.5906021595001221
0.768939733505249
0.8089407086372375
0.8655727505683899
0.6261364221572876
0.554058313369751
0.7642062306404114
0.6928082704544067
0.7956341505050659
0.8610653281211853
0.7683722376823425
0.7092447280883789
0.7301896214485168
0.6671261787414551
0.7577307820320129
0.9456687569618225
0.8224239945411682
0.5708355903625488
0.7619577646255493
0.7750480771064758
0.770682156085968
0.7227998971939087
0.7624881267547607
0.7557476162910461
0.9193812012672424
0.7860352993011475
0.6879593133926392
0.7126531600952148
0.6405304074287415
0.70186448097229
0.8361728191375732
0.8053748607635498
1.0000001192092896
0.8192716836929321
0.5654056668281555
0.8592638969421387
0.74666827917099
0.7485215663909912
0.5605689287185669
0.3531883656978607
0.8120210766792297
0.8308817148208618
0.6651098132133484
0.7931041121482849
0.7147498726844788
0.5442546010017395
0.8319931030273438
0.6169140338897705
0.8128176331520081
0.8648506999015808
0.6783484816551208
0.8524487614631653
0.6318591237068176
0.8519433736801147
0.7823951244354248
0.4929147958755493
0.8034044504165649
0.6606669425964355
0.7687820792198181
0.7772872447967529
0.8625211715698242
0.8776425719261169
0.7030951380729675
0.7407553195953369
0.77809739112854
0.8378190398216248
0.6075477004051208
0.8293638229370117
0.9290275573730469
0.8349714875221252
1.000000238418579
0.6133958697319031
0.7383067607879639
0.7302634119987488
0.9999995231628418
0.7116380333900452
0.6949456334114075
0.7427886724472046
0.5499109029769897
0.7291396856307983
0.6091395616531372
0.7932906746864319
0.8517436981201172
0.5934476852416992
0.7904383540153503
0.6273579001426697
0.8299736976623535
0.6644548177719116
0.7835369110107422
0.7499149441719055
0.7863253951072693
0.7324228882789612
0.6164703369140625
0.666275680065155
0.652655839920044
0.6735374331474304
0.6389369368553162
0.7254376411437988
0.734473705291748
0.7070589661598206
0.8258200287818909
0.6674816012382507
0.7790423035621643
0.7928990721702576
0.8875831961631775
0.660698413848877
0.5595437288284302
0.5881877541542053
0.8075845837593079
0.9456014633178711
0.7321165204048157
0.6726189851760864
0.6860606074333191
0.6337023973464966
0.8792269825935364
0.708106279373169
0.49899211525917053
0.6396198868751526
0.7580041885375977
0.851327657699585
0.6473594307899475
0.7808917760848999
0.7788722515106201
0.8764814734458923
0.7685633301734924
0.6280251145362854
0.5310938954353333
0.7297953963279724
0.7737286686897278
0.7238737940788269
0.7895464301109314
0.7191333174705505
0.5934111475944519
0.7946439385414124
0.7214692234992981
0.42381250858306885
0.7730436325073242
0.6512110829353333
0.7924806475639343
0.7064603567123413
0.8416696190834045
0.8877947330474854
0.828682005405426
0.6365194916725159
0.8719271421432495
0.6552133560180664
0.8015962839126587
0.5810319781303406
0.8402858376502991
0.6388992071151733
0.7037696242332458
0.4822790324687958
0.7931728959083557
0.7239853739738464
0.7923481464385986
0.8094987869262695
0.730503499507904
0.7110806107521057
0.7302584648132324
0.7351272702217102
0.7565997838973999
0.750684380531311
0.6385502219200134
0.550395667552948
0.7133740186691284
0.6371792554855347
0.7992801070213318
0.767189085483551
0.5709543228149414
0.7233284115791321
0.6562819480895996
0.7450612783432007
0.8050736784934998
0.8156576752662659
0.650919497013092
0.8324809670448303
0.6563290953636169
0.8385401368141174
0.9646354913711548
0.8211617469787598
0.8423379063606262
0.7532868385314941
0.7874711751937866
0.6595030426979065
0.7220414876937866
0.9171900749206543
0.7126871347427368
0.8393775224685669
0.8409222960472107
0.9999997019767761
0.855731189250946
0.8382565379142761
0.6913108825683594
0.8441853523254395
0.7011830806732178
0.8062107563018799
0.756102442741394
0.6053825616836548
0.7246741056442261
0.804114580154419
0.6962214708328247
0.5292456150054932
0.8947467803955078
0.8160247802734375
0.9002898931503296
0.616176962852478
0.6952107548713684
0.7360265254974365
0.8006575107574463
0.7349978685379028
0.7422494292259216
0.904979407787323
0.571536123752594
0.8324633240699768
0.6216217279434204
0.6611420512199402
0.5184155106544495
0.8474031686782837
0.8565455079078674
0.832322359085083
0.7963080406188965
0.7748060822486877
0.5905787944793701
0.7718654274940491
0.7824961543083191
0.5019435882568359
0.7903981804847717
0.8431094288825989
0.8297533988952637
0.7462860345840454
0.6810027360916138
0.7899088859558105
0.7365065813064575
0.9151957035064697
0.766979455947876
0.6879413723945618
0.6291756629943848
0.7996412515640259
0.7374138832092285
0.6710924506187439
0.8336549401283264
0.6670630574226379
0.8457844853401184
0.7570427656173706
0.8302715420722961
0.8298537731170654
0.5328569412231445
0.7735360860824585
0.6105514168739319
0.7729137539863586
0.8440777063369751
0.9029567241668701
0.9999999403953552
0.7956349849700928
0.8408138155937195
0.7688212990760803
0.6715571284294128
0.8926833868026733
0.8269370198249817
0.8455871939659119
0.7667627930641174
0.8010845184326172
1.0
0.815284252166748
0.8226101994514465
0.6463058590888977
0.7099632024765015
0.6317647099494934
0.9499550461769104
0.7804344892501831
0.6514681577682495
0.7904835939407349
0.9116549491882324
0.7388384938240051
0.8198763132095337
0.6149818301200867
0.5283263921737671
0.7006756663322449
0.8450842499732971
0.554103434085846
0.8841017484664917
0.7581173777580261
0.5236903429031372
0.6637812852859497
0.6470086574554443
0.6457429528236389
0.4902722239494324
0.8033758997917175
0.5888459086418152
0.687054455280304
0.5328025817871094
0.4790700376033783
0.6267472505569458
0.9075496196746826
0.8550533652305603
0.8294003009796143
0.5312935709953308
0.7416195869445801
0.9382189512252808
0.7091878652572632
0.6120846271514893
0.5631359219551086
0.759706437587738
0.8383826017379761
0.559577226638794
0.6748557686805725
0.816337525844574
0.7673419713973999
1.0
0.8981911540031433
0.8107243180274963
0.7121475338935852
0.8239361047744751
0.7308244705200195
0.721824586391449
0.710384726524353
0.5857411026954651
0.6266749501228333
0.7324371337890625
0.9999997615814209
0.5976676940917969
0.6500934958457947
0.7209669947624207
0.5803905129432678
0.747181236743927
0.7975003719329834
0.5602463483810425
0.6823781728744507
0.6927187442779541
0.6093274354934692
0.5711676478385925
0.5082796216011047
0.8074262142181396
0.7536353468894958
0.5072236657142639
0.5846096277236938
1.000000238418579
0.6789865493774414
0.47970572113990784
0.7815861701965332
0.7187486886978149
0.8167291283607483
0.38675689697265625
0.906197190284729
0.6085303425788879
0.7735632658004761
0.652182400226593
0.5543444156646729
0.7785492539405823
0.8165401816368103
0.8238151669502258
0.8033758997917175
0.7546711564064026
0.6025405526161194
0.7523099780082703
0.5491805672645569
0.7542321681976318
0.6935238242149353
0.6575925946235657
0.7559905052185059
0.9229351878166199
0.8462249636650085
0.9069957137107849
0.6249051094055176
0.8214704394340515
0.5811852216720581
0.3892829716205597
0.6969514489173889
0.6332172155380249
0.6098048686981201
0.7244958281517029
0.6761608123779297
0.6781371831893921
0.8896788358688354
0.6429789066314697
0.5467404127120972
0.6818665862083435
0.6675392985343933
0.6567491888999939
0.6515300273895264
0.8901020288467407
0.7148861885070801
0.6775547862052917
0.7089542746543884
0.6954736709594727
0.6289205551147461
0.7091794013977051
0.659771203994751
0.6117091178894043
1.000000238418579
0.7355641722679138
0.8342529535293579
0.614601194858551
0.7984282970428467
0.7309815287590027
0.7203013300895691
0.6237144470214844
0.6083626747131348
0.6149325370788574
0.5374849438667297
0.6450312733650208
0.6973535418510437
0.5989717245101929
0.4836580753326416
0.6000881791114807
0.7123426795005798
0.7035292387008667
0.7161785364151001
0.5254018902778625
0.7209553718566895
0.6946092247962952
0.6872687935829163
0.6953165531158447
0.6200124621391296
0.739719808101654
0.6399110555648804
0.7391558289527893
0.8433930277824402
0.721885621547699
0.9999997615814209
0.7075338959693909
0.6356662511825562
0.5237399935722351
0.5572537779808044
0.5250284075737
0.5125256180763245
0.6128502488136292
0.6484894156455994
0.6269294023513794
0.682656466960907
0.7334275245666504
0.8092675805091858
0.42249611020088196
0.7705346345901489
0.9093495607376099
0.5949087738990784
0.7915441393852234
0.659069836139679
0.6717696189880371
0.798984169960022
0.7615574598312378
0.754569411277771
0.7328213453292847
0.7309399843215942
0.8926363587379456
0.5152761340141296
0.5225273966789246
0.6500837206840515
0.6096966862678528
0.5890933275222778
0.6922600865364075
0.7288727164268494
0.929108202457428
0.7264183759689331
0.7750481963157654
0.7937936782836914
0.6343868374824524
0.7410969138145447
0.7176827788352966
0.6395058035850525
0.6488447785377502
0.5968766212463379
0.7204896807670593
0.728667140007019
0.7419488430023193
0.6557416319847107
0.7534520626068115
0.6589504480361938
0.6231390237808228
0.7112561464309692
0.6450775265693665
0.6704825758934021
0.6757152676582336
0.5758633613586426
0.6447308659553528
0.5443102717399597
0.7730583548545837
0.5283604860305786
0.5690540671348572
0.7361642122268677
0.830556333065033
0.867585301399231
0.6615517735481262
0.663281261920929
0.8897435665130615
0.5936093330383301
0.7641676068305969
0.34761378169059753
0.6577624082565308
0.47660765051841736
0.8450021743774414
0.6720585227012634
0.750612735748291
0.6459113359451294
0.6729731559753418
0.7299801707267761
0.6827712655067444
0.6227452754974365
0.7068262100219727
0.6592098474502563
0.7503687143325806
0.3859325349330902
0.6363815665245056
0.6941897869110107
0.8212863802909851
0.7442759871482849
0.8872467279434204
0.6897882223129272
0.6051591634750366
0.5838093161582947
0.73366379737854
0.6030458211898804
0.7548457384109497
0.4042120575904846
0.7255357503890991
0.6915943622589111
0.6888318061828613
0.9074301719665527
0.608929455280304
0.8327927589416504
0.8546630144119263
0.7673861384391785
0.9493781328201294
0.6854404211044312
0.6818665862083435
0.7411981821060181
0.6953713893890381
0.7366193532943726
0.8778126835823059
0.8471632599830627
0.7625031471252441
0.5957953333854675
0.6252606511116028
0.575467586517334
0.9112809896469116
0.6834237575531006
0.7530749440193176
0.6137430667877197
0.686042845249176
0.9343132972717285
0.7072552442550659
0.8195966482162476
0.6725911498069763
0.6964043974876404
0.714573085308075
0.7087327837944031
0.9185398817062378
0.6398600339889526
0.6111513376235962
0.8678784370422363
0.7102878093719482
0.806167721748352
0.7819358110427856
0.6956210732460022
0.9129640460014343
0.7632495164871216
0.5624122619628906
0.7380850315093994
0.9186823964118958
0.7230890989303589
0.7978361248970032
0.7850611805915833
0.7543267011642456
0.6821397542953491
0.7003320455551147
0.7888882756233215
0.5025954842567444
0.8818150162696838
0.6734176278114319
0.7133583426475525
0.825754702091217
0.6104603409767151
0.6490808725357056
0.6034181714057922
0.7126095294952393
0.6442105770111084
0.8887965679168701
0.8001026511192322
0.7904039621353149
0.4907994568347931
0.7954997420310974
0.7094557285308838
0.7138508558273315
0.7549042701721191
0.7818422913551331
0.8876156210899353
0.7055917978286743
0.7248725891113281
0.5421754717826843
0.6811387538909912
0.5725492835044861
0.5875726342201233
0.5961942076683044
0.6129055619239807
0.6877002716064453
0.3401273190975189
0.7914015650749207
0.6583866477012634
0.6043058633804321
0.6727540493011475
0.6820140480995178
0.6365070939064026
0.5717238187789917
0.5158410668373108
0.668181300163269
0.650180459022522
0.6343324184417725
0.546400785446167
0.6626743674278259
0.5950688123703003
0.6132726073265076
0.6947532892227173
0.7833436131477356
0.6552209258079529
0.7737576961517334
0.8526418805122375
0.5728951692581177
0.9050239324569702
0.6048896908760071
0.5651487708091736
0.6496261358261108
0.6403148174285889
0.731579601764679
0.83714359998703
0.6595155596733093
0.7346075773239136
0.6142175793647766
0.6420824527740479
0.602995753288269
0.8807972073554993
0.7893455624580383
0.69271320104599
0.6071887016296387
0.6550993323326111
0.696322500705719
0.9829308986663818
0.7065233588218689
0.7376547455787659
0.78949373960495
0.5456613302230835
0.7127812504768372
0.6847097873687744
0.750470757484436
0.7290613651275635
0.5252725481987
0.5938102602958679
0.6162150502204895
0.7335318922996521
0.6147140860557556
0.6794591546058655
0.6339841485023499
0.5977699756622314
0.7528064846992493
0.6522733569145203
0.5409678220748901
0.584358811378479
0.6186888813972473
0.6099435091018677
0.6845548748970032
0.8257456421852112
0.6468433737754822
0.6314932703971863
0.6699098348617554
0.7094168066978455
0.7069852352142334
0.6404094099998474
0.7059656381607056
0.6092904210090637
0.6708953976631165
0.7584444880485535
0.7071765065193176
0.8298269510269165
0.7392687201499939
0.7136629819869995
0.568505585193634
0.6785150766372681
0.682805597782135
0.6183454394340515
0.7002183198928833
0.6641344428062439
0.700591504573822
0.7275814414024353
0.6341649889945984
0.6538694500923157
0.6882335543632507
0.8380464911460876
0.6915429830551147
0.7541323900222778
0.8693434596061707
0.5764064192771912
0.6431513428688049
0.7020555734634399
0.6084407567977905
0.9350681900978088
0.5847523808479309
0.7453051805496216
0.6544545292854309
0.8170251250267029
0.8750450611114502
0.9281058311462402
0.7063361406326294
0.5787608027458191
0.6231265068054199
0.8435415625572205
0.6267340779304504
0.9052016139030457
0.37915468215942383
0.6806989312171936
0.5892269015312195
0.7829576134681702
0.5444318056106567
0.7545314431190491
0.657056987285614
0.6611848473548889
0.7236288189888
0.8085412979125977
0.47663286328315735
0.8784874081611633
0.40032729506492615
0.712492048740387
0.9737164974212646
0.6823781728744507
0.951345682144165
0.6948310136795044
0.6373264193534851
0.7211822271347046
0.8520277142524719
0.7069852352142334
0.49504777789115906
0.5017164349555969
0.6335415244102478
0.7714905142784119
0.5037437677383423
0.700065016746521
0.731181800365448
0.7441596984863281
0.826499342918396
0.6975405812263489
0.5378877520561218
0.6509807109832764
0.6997084617614746
1.0000001192092896
0.8548817038536072
0.8566821813583374
0.6114838719367981
0.4412453770637512
0.5924442410469055
0.7935173511505127
0.74685138463974
0.6658886075019836
0.8301084637641907
0.6744317412376404
0.6790162324905396
0.7329488396644592
0.7283267378807068
0.748080313205719
0.6264439225196838
0.5462052226066589
0.778786838054657
0.717889666557312
0.563136637210846
0.4356357753276825
0.7131315469741821
0.49972647428512573
0.46590960025787354
0.7238360047340393
0.7502270340919495
0.6545496582984924
0.7381344437599182
0.6941348910331726
0.7043419480323792
0.7090666890144348
0.7051517963409424
0.6398988366127014
0.828300416469574
0.8021637797355652
0.7907183766365051
0.6588097810745239
0.6467128992080688
0.6904438138008118
0.6095168590545654
0.6455125212669373
0.7202936410903931
0.6538236737251282
0.783932626247406
0.719291627407074
0.9743325710296631
0.6385753154754639
0.8840382099151611
0.8751987814903259
0.7368725538253784
0.9080144166946411
0.792956531047821
0.8056684732437134
0.6622267961502075
0.8281481266021729
0.7602636218070984
0.8333922624588013
0.6388683915138245
0.8053908348083496
0.6308028697967529
0.8305439949035645
0.9457322955131531
0.6023949384689331
0.7778093218803406
1.0000004768371582
0.7760927677154541
0.5845657587051392
0.7011404633522034
0.7825257778167725
0.8099700212478638
0.7750620245933533
0.8085321187973022
0.7159833908081055
0.8648261427879333
0.8295369148254395
0.5784968137741089
0.8418582677841187
0.9526327252388
0.6772818565368652
0.7493442296981812
0.8228084444999695
0.8464866280555725
0.8712146878242493
0.9275369644165039
0.6644924879074097
0.8292997479438782
0.7561740279197693
0.8151646256446838
0.7951223254203796
0.9159507155418396
0.9999997019767761
0.7274049520492554
0.5955063104629517
0.7976471781730652
0.8307707905769348
0.8735811710357666
0.805579662322998
0.8682745099067688
0.803752601146698
0.8691107630729675
0.762033224105835
0.7901950478553772
0.7102553844451904
0.6389945149421692
0.7302796840667725
0.7412934303283691
0.7770845293998718
0.6140350103378296
0.8414116501808167
0.7731625437736511
0.7767362594604492
0.8522449731826782
0.8271913528442383
0.7310461401939392
0.7410716414451599
0.7538132667541504
0.7914115190505981
0.7624311447143555
0.7699300646781921
0.8253053426742554
0.6939054131507874
0.9024624228477478
0.8360872268676758
0.5993168354034424
0.7168375849723816
0.5868717432022095
0.8416875004768372
0.7082812786102295
0.5821180939674377
0.8430109024047852
0.7881516218185425
0.917747437953949
0.7331705689430237
0.665226936340332
0.7596516013145447
0.7091050744056702
0.94306480884552
0.7598187923431396
0.8186892867088318
1.0
0.7555236220359802
0.7311305999755859
0.6327360272407532
0.7731454372406006
0.8419641852378845
0.8553661108016968
0.7823354601860046
0.6805354952812195
0.7590275406837463
0.7749360203742981
0.8453654050827026
0.6959748864173889
0.6427674889564514
0.6961942315101624
0.9231915473937988
0.9292985200881958
0.745718777179718
0.7133134603500366
0.7329726219177246
0.7546290159225464
0.9999998807907104
0.7602076530456543
0.7062837481498718
0.7936464548110962
0.7947342991828918
0.6285923719406128
0.8354566097259521
0.7425295114517212
0.6271064281463623
0.7998459339141846
0.9071585536003113
0.9940975904464722
0.7016053795814514
0.6643890738487244
0.7681922912597656
0.7393336892127991
0.7695778012275696
0.9032540917396545
0.8677523732185364
0.8009695410728455
0.738456666469574
0.758996307849884
0.8430255651473999
0.8884673714637756
0.7011436223983765
0.6809487342834473
0.8696221709251404
0.8939539790153503
0.6101491451263428
0.8520563840866089
0.7781055569648743
0.9999998807907104
0.7384638786315918
0.6743674874305725
0.634279191493988
0.8004827499389648
0.7592766284942627
0.7869058847427368
0.7658389806747437
0.42447492480278015
0.918499767780304
0.6034900546073914
0.7603096961975098
0.8715245723724365
0.597706139087677
0.689655601978302
0.9240425825119019
0.7009890675544739
0.6311452984809875
0.8366361260414124
0.9038464426994324
0.7226410508155823
0.8120599389076233
0.6394670605659485
0.796329140663147
0.8930869102478027
0.5837386250495911
0.6349319219589233
0.8946131467819214
0.8094402551651001
0.7397316098213196
0.7494563460350037
0.7243211269378662
0.8814655542373657
0.7330037355422974
0.8087764382362366
0.8479450941085815
0.6835597157478333
0.7398145794868469
0.9046838879585266
0.8546440005302429
0.668344259262085
0.792521595954895
0.6365439295768738
0.6895667314529419
0.8209843039512634
0.7573812007904053
0.6788403391838074
1.000000238418579
0.8441092371940613
0.8141055703163147
0.502189040184021
0.6121110916137695
0.7774725556373596
0.8986949324607849
0.9256806373596191
0.9472110271453857
0.6575509905815125
0.9738402366638184
1.0000001192092896
0.725088894367218
0.6939448714256287
0.7384556531906128
0.8273420333862305
0.5733302235603333
0.9232282042503357
0.6905389428138733
0.7015456557273865
0.976967453956604
0.9133612513542175
0.6945217251777649
0.6174789667129517
0.6958411931991577
0.7761240005493164
0.8918980956077576
0.7301880717277527
0.8326228260993958
0.7906554341316223
0.8530657887458801
0.7951945066452026
0.7644006013870239
0.8244423270225525
0.7490094900131226
0.8077483177185059
0.6379678845405579
0.661677896976471
0.856268584728241
0.7409412264823914
0.8335986137390137
0.7735670804977417
0.8954832553863525
0.8970221877098083
0.7917813658714294
0.7357416152954102
0.8455384969711304
0.8884997963905334
0.6611872315406799
0.7069306969642639
0.6562227010726929
0.723732590675354
0.7149655818939209
0.6788022518157959
0.5994300246238708
0.6634165048599243
0.5806854963302612
0.8377153873443604
0.9464054703712463
0.9907418489456177
0.7597362399101257
0.7056511044502258
0.7939838171005249
0.6474934816360474
0.781795084476471
0.9221495389938354
0.8251292109489441
0.5785732865333557
0.7003763318061829
0.7614661455154419
0.7933965921401978
0.9652987122535706
0.7605176568031311
0.8412675857543945
0.754437267780304
0.780941903591156
0.8847830891609192
0.7689856886863708
0.7689704895019531
0.8586110472679138
0.8138563632965088
0.6324335932731628
0.6725668907165527
1.0
0.7113067507743835
0.8332518935203552
0.994851291179657
0.7077853679656982
0.7057256698608398
0.8637396097183228
0.7639868259429932
0.686706006526947
0.8859298825263977
0.9130522608757019
0.7402448058128357
0.7225783467292786
0.8562867045402527
0.7943318486213684
0.7599550485610962
0.8348050117492676
0.7985810041427612
0.5497480630874634
0.6822800040245056
0.7703896164894104
0.8679589629173279
0.6835976839065552
0.896695077419281
0.9415573477745056
0.8008039593696594
0.6153196692466736
0.6440389156341553
0.8164194822311401
0.8474505543708801
0.8841814398765564
0.8266501426696777
0.6874349117279053
0.8314852118492126
1.0
0.623038113117218
0.6739485263824463
0.7129272818565369
0.9364270567893982
0.7557307481765747
0.7135283946990967
0.7138385772705078
0.9714189767837524
0.7167801260948181
0.7120952606201172
0.858353853225708
0.7396448254585266
0.7091047167778015
0.7923756837844849
0.6689524054527283
0.7176170945167542
0.6943932771682739
0.6111668944358826
0.5745576620101929
0.8167544603347778
0.7037476897239685
0.8423124551773071
0.8286488652229309
0.9612001180648804
0.908878743648529
0.702154815196991
0.7767586708068848
0.7820773720741272
1.000000238418579
0.7927098870277405
0.9053560495376587
1.0000001192092896
0.7785049080848694
0.7807611227035522
0.7567870616912842
0.7619195580482483
0.7761772274971008
0.7347415685653687
0.7797752022743225
0.7703225612640381
0.7615525126457214
0.7401925921440125
0.772584080696106
0.6917881369590759
0.8685015439987183
0.7682989239692688
0.8352537751197815
0.7688928842544556
0.6970006227493286
0.6971065998077393
0.8532924652099609
0.5697172284126282
0.6453695297241211
0.7174074053764343
0.760184645652771
0.5909298062324524
0.7720909118652344
0.5849178433418274
0.7586236000061035
0.7853389978408813
0.6850632429122925
0.6326438188552856
0.839467465877533
0.7009044885635376
0.8994473814964294
0.7943127155303955
0.7368291616439819
0.7038056254386902
0.8220873475074768
0.7611202597618103
0.8259055614471436
0.7922981381416321
0.5353795886039734
0.7743666768074036
0.9999998807907104
0.6616130471229553
0.7263783812522888
0.7322778701782227
0.8386375904083252
0.7454787492752075
0.8334926962852478
0.7473345398902893
0.762775719165802
0.7883296012878418
0.8665784001350403
0.8663666248321533
0.7272944450378418
0.8698168992996216
0.47668537497520447
0.91214919090271
0.813335120677948
0.6530341506004333
0.6366105079650879
0.8969763517379761
0.7377942204475403
0.6738972663879395
0.7820388674736023
0.5457935333251953
0.6707280874252319
0.5916385650634766
0.5982386469841003
0.7515954971313477
0.7914883494377136
0.7205950617790222
0.5817342400550842
0.7219275236129761
0.8101131319999695
0.8215609788894653
0.7903414964675903
0.6980904340744019
0.7450940012931824
0.6194325089454651
0.716508150100708
0.7176669836044312
0.813141942024231
0.8205534815788269
0.8558558821678162
0.8404797911643982
0.8102609515190125
0.7781378030776978
0.8190547227859497
0.8087433576583862
0.5953185558319092
0.8776876330375671
0.8334283828735352
0.8599469065666199
0.7028145790100098
0.7908217310905457
0.6531674861907959
0.8657267093658447
0.8752480149269104
0.7999401688575745
0.6665845513343811
0.8228769302368164
0.6239897012710571
0.8517122864723206
0.8941767811775208
0.7748827338218689
0.7292923927307129
0.7578588128089905
0.6143121123313904
0.7325626015663147
1.0
0.713800311088562
0.7469450235366821
0.9696191549301147
0.7018116116523743
0.6293361783027649
0.8631913065910339
0.8908202648162842
0.5844020843505859
0.6279602646827698
0.682500958442688
0.7043257355690002
0.77472984790802
0.6037639379501343
0.801546037197113
0.8615184426307678
0.7026417255401611
0.7433887720108032
0.709570050239563
0.7546290159225464
0.9455996155738831
0.9447170495986938
0.8315609693527222
0.7459453344345093
0.697492778301239
0.7234336733818054
0.6741005182266235
0.7675662040710449
0.7725943326950073
0.7305660247802734
0.6584791541099548
0.7149248123168945
0.8412285447120667
0.9615855813026428
0.8592839241027832