0.9479836225509644
0.9218170046806335
0.9194195866584778
0.9290788173675537
0.9114894270896912
0.9344175457954407
0.9152482748031616
0.9326952695846558
0.9180760383605957
0.9168590307235718
0.922633945941925
0.9297502040863037
0.9250649809837341
0.91552734375
0.9345499873161316
0.8413042426109314
0.9163523316383362
0.9628307819366455
0.9031577706336975
0.9807206392288208
0.972022294998169
0.9709370136260986
0.959172248840332
0.931673526763916
0.9301706552505493
0.9652057886123657
0.9116736054420471
1.0000003576278687
0.9561352133750916
0.9320811033248901
0.9466058015823364
0.9193969368934631
0.9165829420089722
0.9153904914855957
0.9054877758026123
0.9442090392112732
0.971940815448761
0.9820237159729004
0.928331196308136
0.9653181433677673
0.9551916718482971
0.9580331444740295
0.9520237445831299
0.9233424663543701
0.9286958575248718
0.9505191445350647
0.9892176985740662
0.9531155228614807
0.9608334302902222
0.9995728731155396
0.9740021824836731
0.8793858885765076
0.9680781960487366
0.9797992706298828
0.9742036461830139
0.9457547664642334
0.9906051158905029
0.9956830143928528
0.9220272898674011
0.8993955850601196
0.9546229839324951
0.9189358353614807
0.9481306672096252
0.9506304264068604
0.9476320147514343
0.8906674981117249
0.9243707656860352
0.9091313481330872
0.957563579082489
0.9457606077194214
0.9237940311431885
0.9444310069084167
0.8888766765594482
0.960942804813385
0.9438831210136414
0.9495013356208801
0.977321445941925
0.9330113530158997
0.9560673832893372
0.9308490753173828
0.9428696036338806
0.9486644864082336
0.9400479197502136
0.8978951573371887
0.9178647994995117
0.9620792865753174
0.9641064405441284
0.9657121300697327
0.9646382331848145
0.9057633280754089
0.9510993957519531
0.9578816294670105
0.9495084285736084
0.9103599190711975
0.9163946509361267
0.9157532453536987
0.8923680782318115
0.9062750935554504
0.9030628204345703
0.8810719847679138
0.9497045278549194
0.935113251209259
0.919867217540741
0.9031876921653748
0.8837838768959045
0.9140621423721313
0.9740807414054871
0.9311659932136536
0.9245047569274902
0.9216865301132202
0.8919159173965454
0.9229261875152588
0.9316505789756775
0.9438433051109314
0.9338151812553406
0.939225971698761
0.9226614832878113
0.9375662803649902
0.9604411721229553
0.8896563053131104
0.9269796013832092
0.9169884324073792
0.9394978880882263
0.9427053332328796
0.9056997299194336
0.8491390943527222
0.9013628363609314
0.9378646016120911
0.9543535709381104
0.9129260778427124
0.9356514811515808
0.910714328289032
0.9227122664451599
0.905764639377594
0.9497583508491516
0.9945583343505859
0.9315933585166931
0.9769818782806396
0.9612902998924255
0.95933598279953
0.9529895186424255
0.9090395569801331
0.9637934565544128
0.9047054648399353
0.9249943494796753
0.9804537296295166
0.9537522792816162
0.934804379940033
0.9581520557403564
0.963223397731781
0.9677592515945435
0.9931129813194275
0.9765899181365967
0.9704491496086121
0.9705153107643127
0.9940172433853149
0.9811467528343201
0.9911918640136719
0.9227650761604309
0.908505380153656
0.9448103308677673
0.8761410713195801
0.895219624042511
0.9576303362846375
0.9038916826248169
0.9518451690673828
0.9669169783592224
0.9337393641471863
0.9259037971496582
0.9016929268836975
0.9398961663246155
0.8971268534660339
0.9083824157714844
0.951387882232666
0.8988473415374756
0.9318897724151611
0.9018464088439941
0.9358886480331421
0.9586288332939148
0.9368330240249634
0.924583911895752
0.9190711379051208
0.9082577228546143
0.9663285613059998
0.9328123331069946
0.9274672269821167
0.9245591163635254
0.9034422636032104
0.9491806030273438
0.9420745372772217
0.9395488500595093
0.910219132900238
0.9328497648239136
0.9240257740020752
0.9381884932518005
0.9609318375587463
0.9781551361083984
0.9402270913124084
0.9205450415611267
0.9324784874916077
0.9501892328262329
0.9293980598449707
0.9450379610061646
0.9236345291137695
0.9138749837875366
0.8769605755805969
0.9441065788269043
0.9426286220550537
0.9229485988616943
0.9382375478744507
0.9451044797897339
0.9330938458442688
0.9643581509590149
0.8764992952346802
0.929114043712616
0.9410716891288757
0.9353234767913818
0.9546412229537964
0.9110983610153198
0.9253196716308594
0.916408121585846
0.9386723637580872
0.9718777537345886
0.9481887221336365
0.938199520111084
0.8973113894462585
0.9421753287315369
0.9011070132255554
0.9019737243652344
0.9566062092781067
0.8757908344268799
0.9509681463241577
0.8902754187583923
0.9055217504501343
0.9321112036705017
0.9306149482727051
0.9373982548713684
0.9760264158248901
0.9219866394996643
0.9491706490516663
0.9328700304031372
0.9231719970703125
0.9628491401672363
0.9530105590820312
0.9280476570129395
0.9288079142570496
0.9385758638381958
0.9170920252799988
0.9328867197036743
0.9644308686256409
0.9090617299079895
0.9491298794746399
0.9196666479110718
0.8753284811973572
0.9376030564308167
0.8895470499992371
0.896232545375824
0.9240111708641052
0.94605553150177
0.9238765835762024
0.933346152305603
0.9618549942970276
0.9051929116249084
0.9250143766403198
0.8995749354362488
0.9101884365081787
0.891250729560852
0.8755260109901428
0.8766424059867859
0.8813851475715637
0.9147011041641235
0.8815190196037292
0.9128326773643494
0.9278252720832825
0.9992648363113403
0.987025260925293
0.9956792593002319
0.9574337601661682
0.9900160431861877
0.9871522188186646
0.9940376877784729
1.0000001192092896
0.9999999403953552
0.8764057159423828
0.924708366394043
0.9682170748710632
0.9963386654853821
0.9150248169898987
0.946944534778595
0.9501253962516785
0.9211090207099915
0.954068124294281
0.9635017514228821
0.9291550517082214
0.9570627808570862
0.9406377077102661
0.9446167349815369
0.981094479560852
0.9460383653640747
0.9883602261543274
0.9723848700523376
0.9341491460800171
0.9572851657867432
0.9695683717727661
0.9799543023109436
0.9483813643455505
0.9293199181556702
0.9653869867324829
0.9583362936973572
0.9580832123756409
0.9217740893363953
0.9838113784790039
0.9147260785102844
0.926414430141449
0.9094007611274719
0.9958758354187012
0.9345011115074158
0.9350208640098572
0.9706122279167175
0.9102903604507446
0.9711689949035645
0.8661729097366333
0.9378966093063354
0.9789143800735474
0.9422241449356079
0.9441422820091248
0.922339677810669
0.9384340047836304
0.9540449380874634
0.9207204580307007
0.935235857963562
0.9057264924049377
0.9283036589622498
0.9636102914810181
0.96696537733078
0.9414658546447754
0.9489802122116089
0.9780977368354797
0.9050100445747375
0.935853123664856
0.9332666993141174
0.9274863004684448
0.9535223245620728
0.9687924385070801
0.9548320174217224
0.9584129452705383
0.9653246998786926
0.8876975178718567
0.9343606233596802
0.9097043871879578
0.9620751738548279
0.9212707281112671
0.9571506977081299
0.9153104424476624
0.9171920418739319
0.9110806584358215
0.9807285070419312
0.9646841287612915
0.9652805328369141
0.9456200003623962
0.9287877678871155
0.9720065593719482
0.9385847449302673
0.9478945732116699
0.9456210136413574
0.9205335974693298
0.8683216571807861
0.9292924404144287
0.924629271030426
0.9122898578643799
0.9699106812477112
0.9051393866539001
0.9505440592765808
0.8948112726211548
0.9138899445533752
0.9680578112602234
0.9347395300865173
0.9517712593078613
0.921912670135498
0.8900982141494751
0.9887118935585022
0.9514085650444031
0.9468556046485901
0.9543513655662537
0.9865818619728088
0.9614824652671814
0.9819561839103699
0.9141806960105896
0.9167563915252686
0.9670378565788269
0.9868978261947632
0.9239149689674377
0.933405876159668
0.9623361825942993
0.9818292260169983
0.9605205059051514
0.948513925075531
0.9660957455635071
0.994596004486084
0.952339768409729
0.9482013583183289
0.9275931715965271
0.9486151337623596
0.9668463468551636
0.9546809792518616
0.9275491237640381
0.95363849401474
0.93348628282547
0.9652596712112427
0.9613991379737854
0.9541426301002502
0.9375922083854675
0.9822068810462952
0.9499028325080872
0.9352293014526367
0.9305189847946167
0.9275162816047668
0.9347236156463623
0.9289266467094421
0.8969718813896179
0.9674503803253174
0.9468816518783569
0.8912999033927917
0.9330055117607117
0.9182755947113037
0.946560263633728
0.9467280507087708
0.9226956963539124
0.9341508746147156
0.9326905012130737
0.9238869547843933
0.8893209099769592
0.9121765494346619
0.9682965874671936
0.9328358769416809
0.9121730327606201
0.8993992209434509
0.9348457455635071
0.9459286332130432
0.9299847483634949
0.9148674607276917
0.9374606609344482
0.9265842437744141
0.9381735324859619
0.9072030186653137
0.951076328754425
0.9075549244880676
0.9572480320930481
0.8990625739097595
0.9141169190406799
0.9133211970329285
0.9332356452941895
0.9647204279899597
0.974364697933197
0.94453364610672
0.9744076728820801
0.9730371832847595
0.9167734980583191
0.8948253989219666
0.9159009456634521
0.9168601632118225
0.9232301712036133
0.9169019460678101
0.9008282423019409
0.8835915923118591
0.9188427925109863
0.920158326625824
0.909156084060669
0.8902255892753601
0.932216465473175
0.9085006713867188
0.9367769360542297
0.9389942288398743
0.9422285556793213
0.9415878653526306
0.9479314684867859
0.9777350425720215
0.9767237305641174
0.9660639762878418
0.992206871509552
0.9484823942184448
0.9475038647651672
0.9774765372276306
0.9319704174995422
0.9384398460388184
0.9450708031654358
0.9566553235054016
1.0
0.9949471950531006
0.9343478083610535
0.9650930166244507
0.9852991700172424
0.9369815587997437
0.9660807847976685
0.9467984437942505
0.970104992389679
0.9382320046424866
0.9683078527450562
0.9584817290306091
0.9670681357383728
0.9732019305229187
0.9193145632743835
0.9579134583473206
0.9333395957946777
0.9336641430854797
0.9454867243766785
0.918020486831665
0.9118584394454956
0.9397743344306946
0.9549596309661865
0.9750324487686157
0.9115681648254395
0.9536455869674683
0.9141516089439392
0.9391674399375916
0.9596754312515259
0.9563614130020142
0.9119547605514526
0.9734718799591064
0.9475519061088562
0.9141830205917358
0.9143334031105042
0.9629386067390442
0.9097746014595032
0.9462932348251343
0.9134780764579773
0.9216915369033813
0.9466526508331299
0.9227561354637146
0.9566417932510376
0.9929606914520264
0.9571176767349243
0.909144937992096
0.9612642526626587
0.9531457424163818
0.9775419235229492
0.9172913432121277
0.915913462638855
0.9029528498649597
0.9725139141082764
0.9260703921318054
0.9086776375770569
0.9347996711730957
0.9156755208969116
0.9336881041526794
0.9290961623191833
0.9450975060462952
0.9140476584434509
0.8801812529563904
0.9329530000686646
0.9019243717193604
0.9348065257072449
0.9692171216011047
0.9672220945358276
0.960930585861206
0.928931713104248
0.946056067943573
0.9279805421829224
0.9233158826828003
0.9708271622657776
0.9661278128623962
0.968017041683197
0.9308311343193054
0.9495224952697754
0.9038504958152771
0.9493244886398315
0.9714912176132202
0.8931218385696411
0.9146180152893066
0.8933862447738647
0.9198315739631653
0.9623048305511475
0.9510627388954163
0.9248762130737305
0.8814263343811035
0.9903131127357483
0.897580623626709
0.911591649055481
0.9456586241722107
0.9137093424797058
0.9419358372688293
0.848667562007904
0.984961986541748
0.9613725543022156
0.9721997976303101
0.9355270862579346
0.889580249786377
0.9891351461410522
0.9406973123550415
0.9765357971191406
0.8604356646537781
0.9715090990066528
0.964582622051239
0.9252059459686279
0.9528417587280273
0.9550839066505432
0.9303861260414124
0.940804123878479
0.9262226819992065
0.9472267031669617
0.9681551456451416
0.9331755638122559
0.9420748949050903
0.9201525449752808
0.9434729814529419
0.9332324266433716
0.9609352350234985
0.9479169249534607
0.8945726156234741
0.9338316917419434
0.9161313772201538
0.8892722129821777
0.9808390736579895
0.9489038586616516
0.951595664024353
0.9228821396827698
0.9302132725715637
0.9407352209091187
0.9317554831504822
0.9200997352600098
0.913166344165802
0.9628118276596069
0.9434006810188293
0.9179649353027344
0.9646404981613159
0.9460772275924683
0.9823365211486816
0.9805068969726562
0.9193205237388611
0.9652985334396362
1.0000001192092896
0.9728894233703613
0.9770767092704773
0.9315173029899597
0.9568925499916077
0.9126296043395996
0.8929018974304199
0.9498128890991211
0.953806459903717
0.9514923691749573
0.9818422794342041
0.9483246207237244
0.9254229068756104
0.9522101879119873
0.9183707237243652
0.9546177983283997
0.9255819916725159
0.9854329824447632
0.9083555340766907
0.9658337831497192
0.9117366075515747
0.9267778396606445
0.9021646976470947
0.9134765863418579
0.9204889535903931
0.9304500818252563
0.9078967571258545
0.9420150518417358
0.9273368120193481
0.9086875915527344
0.9304285049438477
0.9346051812171936
0.9302393794059753
0.9282600283622742
0.9318878054618835
0.8346878290176392
0.9271738529205322
0.9658046364784241
0.915742039680481
0.9756513833999634
0.9602553844451904
0.9558013081550598
0.9497194886207581
0.9160434007644653
0.9600147008895874
0.9598254561424255
0.927575945854187
0.9679362177848816
0.9136218428611755
0.9373732209205627
0.9391924142837524
0.9358201622962952
0.9172462821006775
0.9449911117553711
0.9045148491859436
0.9442090392112732
0.9758651256561279
0.9533932209014893
0.9334429502487183
0.9662677645683289
0.9881160259246826
0.9790846109390259
0.9597216248512268
0.9664198756217957
0.9861456751823425
0.944511353969574
0.9892176985740662
0.9256094098091125
0.9504265189170837
0.9943183064460754
0.9535858631134033
0.9835032820701599
0.9591917395591736
1.0
0.9864850044250488
0.9832663536071777
0.9906051158905029
0.9868741035461426
0.9248122572898865
0.8993955850601196
0.9686428904533386
0.9044178128242493
0.9369151592254639
0.9680324792861938
0.9423267245292664
0.9046109318733215
0.9292526245117188
0.9033803343772888
0.9401129484176636
0.9328900575637817
0.9205193519592285
0.9419417977333069
0.8967475891113281
0.9518912434577942
0.951350212097168
0.9419309496879578
0.9635149240493774
0.9379527568817139
0.946703314781189
0.9231848120689392
0.9090458750724792
0.9658825993537903
0.9487798810005188
0.8978951573371887
0.9182295203208923
0.9787178635597229
0.9634424448013306
0.9616502523422241
0.9684683680534363
0.9028085470199585
0.9510993957519531
0.9578563570976257
0.9292719960212708
0.912377655506134
0.9260513782501221
0.9242976903915405
0.9248989224433899
0.9011063575744629
0.9105138182640076
0.879873514175415
0.9500136971473694
0.932757556438446
0.9253587126731873
0.8976550102233887
0.8836310505867004
0.9110576510429382
0.9759253263473511
0.9310922622680664
0.9265133142471313
0.901091456413269
0.8933095932006836
0.922842264175415
0.9243694543838501
0.9476087689399719
0.9291330575942993
0.9085192680358887
0.8914987444877625
0.9224704504013062
0.9590117931365967
0.9113026857376099
0.9409556984901428
0.9162140488624573
0.9358517527580261
0.925838828086853
0.9036595225334167
0.8593195676803589
0.9147099852561951
0.9283545613288879
0.9499647617340088
0.8920295238494873
0.9153431057929993
0.9215224981307983
0.9258184432983398
0.9097529053688049
0.950200617313385
0.9941838383674622
0.9434574246406555
1.0
0.9810070395469666
0.9625085592269897
0.9636006355285645
0.9334880709648132
0.9644697308540344
0.8830491900444031
0.9343056678771973
0.9796074032783508
0.9701066017150879
0.9056090116500854
0.9711959362030029
0.9554772973060608
0.9427070021629333
0.968115508556366
0.9328873157501221
0.9376099705696106
0.9643486738204956
0.9849455952644348
0.9729433059692383
0.982081949710846
0.9211265444755554
0.9101054668426514
0.9294039011001587
0.8728943467140198
0.8993876576423645
0.9661015272140503
0.9092482924461365
0.965578556060791
0.968500018119812
0.9335072040557861
0.9271657466888428
0.8847256302833557
0.9184921979904175
0.8763074278831482
0.9150136113166809
0.9461324214935303
0.9099279642105103
0.9253836870193481
0.9041637778282166
0.9428756833076477
0.9677116274833679
0.9351945519447327
0.935293436050415
0.9227537512779236
0.9120877981185913
0.9628536105155945
0.9197749495506287
0.953061580657959
0.915587842464447
0.8975216150283813
0.9544710516929626
0.9507524967193604
0.942040741443634
0.9201289415359497
0.9209856986999512
0.9230210781097412
0.9381884932518005
0.968239426612854
0.9287357926368713
0.91278475522995
0.9133843779563904
0.9399730563163757
0.9441554546356201
0.9509807229042053
0.9341031908988953
0.9300698041915894
0.9009082913398743
0.8805181384086609
0.9325066804885864
0.9589890837669373
0.9082048535346985
0.945382833480835
0.9521753787994385
0.9345677495002747
0.9631853103637695
0.8847059607505798
0.9398257732391357
0.9255825281143188
0.8761071562767029
0.9713549017906189
0.9046992659568787
0.9310237765312195
0.9164631366729736
0.9366194605827332
0.9604408144950867
0.9478227496147156
0.9345522522926331
0.8884921669960022
0.9306704998016357
0.8979915976524353
0.923378050327301
0.964662492275238
0.8760897517204285
0.9734777212142944
0.9028340578079224
0.9001386165618896
0.9151251912117004
0.9254323840141296
0.9546750783920288
0.987170934677124
0.9661387205123901
0.9515296816825867
0.9308912754058838
0.9571416974067688
0.961731493473053
0.9498419761657715
0.9310560822486877
0.9192327857017517
0.9494702816009521
0.9087124466896057
0.9419993758201599
0.9621633887290955
0.9163049459457397
0.9339010715484619
0.9343292117118835
0.9340677261352539
0.9272109270095825
0.8925186991691589
0.8814292550086975
0.9387378096580505
0.9432969689369202
0.9294114112854004
0.9501628875732422
0.9387533068656921
0.9169160723686218
0.9310385584831238
0.9217703938484192
0.9074987173080444
0.8577731847763062
0.8902547359466553
0.8809278607368469
0.8899887204170227
0.9046696424484253
0.87901771068573
0.9105221033096313
0.9017220735549927
0.9813016057014465
0.9753731489181519
0.9956792593002319
0.9388563632965088
0.982115626335144
0.9311458468437195
0.9700361490249634
0.989429235458374
0.9823071360588074
0.8983794450759888
0.9266737103462219
0.9633598327636719
0.9658826589584351
0.918853759765625
0.9552088975906372
0.9475855231285095
0.9469538331031799
0.9643080830574036
0.9350107908248901
0.9531188607215881
0.9770911931991577
0.9516487121582031
0.9433035254478455
0.9758935570716858
0.9460383653640747
0.9802045226097107
0.9559813737869263
0.9727458953857422
0.9543448686599731
0.9357287287712097
0.9711176156997681
0.9560945630073547
0.9232982993125916
0.9657401442527771
0.9498810768127441
0.9926112294197083
0.9164765477180481
0.9604734182357788
0.9487370252609253
0.9234006404876709
0.8975333571434021
0.9466710090637207
0.9272398948669434
0.9193509817123413
0.9590978026390076
0.9074459075927734
0.9711689949035645
0.8794504404067993
0.9660536646842957
0.9841588139533997
0.9650062322616577
0.9227006435394287
0.8541098833084106
0.924382746219635
0.9204219579696655
0.9203372597694397
0.912574291229248
0.9022747874259949
0.9268337488174438
0.9716724157333374
0.9536769390106201
0.9564657807350159
0.9469934701919556
0.9767339825630188
0.9519482254981995
0.9909036159515381
0.9348123669624329
0.9282947778701782
0.9287940263748169
0.9512844681739807
0.9431132674217224
0.9481062293052673
0.9597194790840149
0.8831725120544434
0.9272878766059875
0.9071109294891357
0.9803444147109985
0.8503302335739136
0.9270948171615601
0.9393243789672852
0.90445476770401
0.9067068099975586
0.9729279279708862
0.9704790711402893
0.9625609517097473
0.959755539894104
0.9168918132781982
0.9720065593719482
0.9431390166282654
0.9384076595306396
0.9363068342208862
0.9151532053947449
0.8570407032966614
0.9177031517028809
0.9215874671936035
0.909765362739563
0.9699106812477112
0.9050770401954651
0.9388467669487
0.9066906571388245
0.9151450395584106
0.938377857208252
0.9332284331321716
0.9387888312339783
0.9245119690895081
0.9510231614112854
0.966200590133667
0.9712073802947998
0.9714348912239075
0.9923257231712341
0.9817894101142883
0.9609108567237854
0.9960598945617676
0.9041431546211243
0.8925215005874634
0.9542312026023865
0.9519568085670471
0.9241734743118286
0.9314344525337219
0.962799072265625
0.9746707677841187
0.9600958824157715
0.9203312993049622
0.9659137725830078
0.9943745136260986
0.9447787404060364
0.9502149820327759
0.9499689340591431
0.9410979151725769
0.9467766880989075
0.9485308527946472
0.9158496856689453
0.9503831267356873
0.9452149271965027
0.9433348774909973
0.9485140442848206
0.9418014883995056
0.9168434739112854
0.9768018126487732
0.9501762986183167
0.9222058057785034
0.9342091083526611
0.9299948811531067
0.9432584047317505
0.928754985332489
0.9042965769767761
0.9514085650444031
0.9201259016990662
0.8955780267715454
0.9403473734855652
0.9288166165351868
0.9451510906219482
0.9432254433631897
0.9375170469284058
0.9334532022476196
0.909726619720459
0.9237080216407776
0.907599687576294
0.9133459329605103
0.9649128913879395
0.9355908632278442
0.8922939300537109
0.8936780095100403
0.9322911500930786
0.9449425935745239
0.9208173155784607
0.9155921936035156
0.9244517087936401
0.9160706996917725
0.9480612277984619
0.9032778143882751
0.9346520900726318
0.9131894707679749
0.9304003715515137
0.9062597155570984
0.9288617372512817
0.9131961464881897
0.9463788866996765
0.96195387840271
0.9697027206420898
0.9707656502723694
0.9658991694450378
0.9694384336471558
0.9273335337638855
0.8743600845336914
0.9169665575027466
0.9245861768722534
0.9378839731216431
0.9073433876037598
0.9239406585693359
0.8721564412117004
0.9286413788795471
0.9229063987731934
0.9028443098068237
0.9087026715278625
0.9315634369850159
0.9256097674369812
0.9362285733222961
0.9398142099380493
0.9541096687316895
0.9623292088508606
0.9437313079833984
0.997093677520752
0.9625570178031921
0.96630859375
0.9893681406974792
0.9481406807899475
0.9389441609382629
0.9536521434783936
0.9419993758201599
0.9372135400772095
0.9412556290626526
0.958988606929779
0.9810147881507874
0.9862087368965149
0.9200436472892761
0.9672030210494995
0.9542638063430786
0.9630759358406067
0.954253077507019
0.9570599794387817
0.9813390970230103
0.948763906955719
0.9681833982467651
0.9385092854499817
0.8893887400627136
0.9731109142303467
0.918102502822876
0.9534251689910889
0.9477837681770325
0.9344801902770996
0.9442155957221985
0.9197931885719299
0.9121145606040955
0.9363245964050293
0.9490951299667358
0.9743692874908447
0.9114574790000916
0.9259968996047974
0.9134353399276733
0.9460934400558472
0.9621901512145996
0.9629493355751038
0.9214882850646973
0.9790482521057129
0.9561359286308289
0.9171532988548279
0.8907375931739807
0.950640082359314
0.923751175403595
0.9438740611076355
0.8942626118659973
0.911889910697937
0.9312894344329834
0.93845134973526
0.9566314220428467
0.9941316246986389
0.9587904214859009
0.9565767645835876
0.9560943841934204
0.9220508933067322
0.9710941910743713
0.92145174741745
0.9276835918426514
0.9122374653816223
0.9725139141082764
0.9106757044792175
0.9088749289512634
0.9024364352226257
0.9115946292877197
0.917661190032959
0.9436944127082825
0.9476695656776428
0.9294126629829407
0.8818501234054565
0.9281841516494751
0.9089845418930054
0.9313276410102844
0.9655396938323975
0.943681538105011
0.9645467400550842
0.948567271232605
0.9930486083030701
0.9677484035491943
0.9593768119812012
0.9666769504547119
0.9887380599975586
0.9788931608200073
0.9556340575218201
0.9387744069099426
0.9179049730300903
0.9546814560890198
0.9655250310897827
0.927727997303009
0.9298808574676514
0.897347629070282
0.9219309091567993
0.9453700184822083
0.9509831070899963
0.9254516959190369
0.893936812877655
0.9843565225601196
0.903803288936615
0.8747893571853638
0.9456586241722107
0.8664469122886658
0.9506471753120422
0.8495808839797974
0.9729606509208679
0.9704195261001587
0.9656205773353577
0.9288586974143982
0.8898847103118896
0.9805416464805603
0.9422391057014465
0.9894355535507202
0.879500687122345
0.9782124757766724
0.9546493887901306
0.9506436586380005
0.927616536617279
0.9547995924949646
0.9277680516242981
0.9456556439399719
0.9579933285713196
0.9422691464424133
0.9602710008621216
0.9344327449798584
0.9490174651145935
0.9258074164390564
0.9520965814590454
0.9274320006370544
0.9608154296875
0.9579014182090759
0.9006162881851196
0.9321621060371399
0.9352695941925049
0.8863550424575806
0.9734770655632019
0.9510543942451477
0.950921356678009
0.9127845764160156
0.9271130561828613
0.9331651926040649
0.9426848292350769
0.9191837310791016
0.9289162755012512
0.9536428451538086
0.9180178642272949
0.9129709601402283
0.9444308280944824
0.9989041686058044
0.9711434245109558
0.9584936499595642
0.9386650919914246
0.9454501867294312
1.0000001192092896
0.9635158777236938
0.9730262756347656
0.9234102964401245
0.9367605447769165
0.9114180207252502
0.8792354464530945
0.9480284452438354
0.9309041500091553
0.9601484537124634
0.9834670424461365
0.9677480459213257
0.9244214296340942
0.941310703754425
0.9158869385719299
0.9390220642089844
0.9309938549995422
0.9621648788452148
0.9089533090591431
0.9684884548187256
0.9300701022148132
0.9142903089523315
0.9043594002723694
0.9314444661140442
0.9173893928527832
0.9384358525276184
0.9032385349273682
0.9447376132011414
0.9291431903839111
0.9019680023193359
0.9307992458343506
0.9191193580627441
0.9426020383834839
0.9246239066123962
0.9324105978012085
0.8414621949195862
0.9207518100738525
0.960748553276062
0.9130598902702332
0.9824164509773254
0.9688929915428162
0.9679564237594604
0.9708484411239624
0.9262540340423584
0.945389986038208
0.9697115421295166
0.921048104763031
0.9815441370010376
0.9638975262641907
0.9371679425239563
0.9415583610534668
0.9201977849006653
0.9129723906517029
0.9603354334831238
0.9257234334945679
0.944421648979187
0.9710975289344788
0.9820237159729004
0.9146628975868225
0.9620223641395569
0.9562441110610962
0.9623597860336304
0.9558815360069275
0.9828047156333923
0.9431033730506897
0.9525835514068604
0.9892176985740662
0.9477540254592896
0.9652631878852844
0.9995728731155396
0.9754521250724792
0.9962319731712341
0.9735400080680847
0.9797992706298828
1.0000001192092896
0.9684345126152039
0.9906051158905029
0.9868741035461426
0.9225019812583923
0.8993955850601196
0.9565224051475525
0.9017255306243896
0.9331868290901184
0.9617952108383179
0.9427957534790039
0.8906674981117249
0.933800458908081
0.9136766791343689
0.9368672966957092
0.9242590665817261
0.9101808071136475
0.9446499347686768
0.9028880000114441
0.9409589767456055
0.9572106599807739
0.940520703792572
0.9713513255119324
0.9344796538352966
0.9765271544456482
0.9564675688743591
0.9323329329490662
0.9593111872673035
0.9364213347434998
0.8978951573371887
0.9182295203208923
0.9416214227676392
0.9651279449462891
0.9657121300697327
0.9698712825775146
0.8980236649513245
0.9510993957519531
0.963901937007904
0.9156364798545837
0.9054988026618958
0.916333019733429
0.9157125949859619
0.9402385354042053
0.9031596183776855
0.9081767201423645
0.8866994976997375
0.9513207077980042
0.9462955594062805
0.9121840596199036
0.9096048474311829
0.8967940807342529
0.9089654088020325
0.9759253263473511
0.9359853863716125
0.9179868102073669
0.9153098464012146
0.8910835981369019
0.9273115396499634
0.9288180470466614
0.9397215247154236
0.933502733707428
0.952417254447937
0.9240242838859558
0.939319908618927
0.9496937990188599
0.886336624622345
0.9278732538223267
0.9518107771873474
0.9327120780944824
0.9305068850517273
0.9076988101005554
0.8637601733207703
0.9043861031532288
0.9482043981552124
0.9632553458213806
0.9128099679946899
0.9340134263038635
0.919291615486145
0.9442287683486938
0.9144901633262634
0.9503902196884155
0.9881053566932678
0.9429183602333069
1.0
0.9860193133354187
0.9659311175346375
0.965912938117981
0.8995691537857056
0.9824333190917969
0.8887757658958435
0.9346204400062561
0.9792115092277527
0.9385889768600464
0.9424142241477966
0.9581688642501831
0.9663844108581543
0.968258798122406
0.9931129813194275
0.9639140367507935
0.9582786560058594
0.9589012265205383
0.9939283728599548
0.9616396427154541
0.9881941080093384
0.9337919354438782
0.925632655620575
0.9282761812210083
0.8931475281715393
0.9081136584281921
0.9587242007255554
0.922981858253479
0.9445876479148865
0.9437615275382996
0.9327284097671509
0.9250924587249756
0.8855090141296387
0.9336433410644531
0.8901512622833252
0.911732017993927
0.9325662851333618
0.9091517329216003
0.933099627494812
0.9221605062484741
0.9485024213790894
0.9586288332939148
0.944528341293335
0.9427276849746704
0.917977511882782
0.9285426735877991
0.9596313834190369
0.9278714060783386
0.9171923398971558
0.8998695015907288
0.9060521721839905
0.9431756734848022
0.9400617480278015
0.942834734916687
0.921878457069397
0.9302161931991577
0.913814127445221
0.9423536062240601
0.9706408381462097
0.9480976462364197
0.9219232797622681
0.9285435080528259
0.9373981952667236
0.9463164806365967
0.9577097296714783
0.9450379610061646
0.9265999794006348
0.9229851961135864
0.8783869743347168
0.9491980671882629
0.9497607350349426
0.9153085947036743
0.9382375478744507
0.9364763498306274
0.929276168346405
0.9643581509590149
0.8877241015434265
0.9461742639541626
0.9425126314163208
0.9353854656219482
0.9719867706298828
0.9122034907341003
0.9220232963562012
0.919044554233551
0.9347113966941833
0.9762020111083984
0.9500916004180908
0.9345522522926331
0.9027397036552429
0.944733202457428
0.9004225730895996
0.9001665711402893
0.9625869393348694
0.9074319005012512
0.9755619764328003
0.9046966433525085
0.9048408269882202
0.9067800641059875
0.9344227313995361
0.9546040892601013
0.9781211018562317
0.9834374785423279
0.9510586261749268
0.942398726940155
0.9192179441452026
0.9604726433753967
0.9339354634284973
0.9304811358451843
0.9330304265022278
0.9437598586082458
0.9155385494232178
0.9386954307556152
0.9699987173080444
0.9386918544769287
0.9632278084754944
0.929170548915863
0.938583254814148
0.927233099937439
0.8812803626060486
0.8958545923233032
0.9232696890830994
0.9308406114578247
0.9252739548683167
0.9585275053977966
0.9618549942970276
0.9023066759109497
0.9250639081001282
0.8999155759811401
0.9120440483093262
0.8864936232566833
0.8806506395339966
0.8806111812591553
0.8922616243362427
0.9002707004547119
0.8899654746055603
0.9143359661102295
0.9161388278007507
0.9846470355987549
0.9772874116897583
0.9911441206932068
0.9267056584358215
0.984306275844574
0.9871522188186646
0.9827123880386353
1.0000001192092896
0.9855034351348877
0.887819766998291
0.937485933303833
0.9903175234794617
0.9775087237358093
0.9340581297874451
0.9515382647514343
0.9580589532852173
0.9540385007858276
0.9629974961280823
0.9962043166160583
0.9550846219062805
0.9683099389076233
0.9575253129005432
0.9585019946098328
0.9809119701385498
0.9460383653640747
0.9883602261543274
0.9629446864128113
0.9483489990234375
0.962890625
0.9826893210411072
0.9795662760734558
0.9663862586021423
0.9287528991699219
0.9623675346374512
0.9374715089797974
0.9613563418388367
0.9316792488098145
0.9811027646064758
0.9221091866493225
0.933245062828064
0.9021949768066406
0.9917779564857483
0.9390350580215454
0.929016649723053
0.9513916969299316
0.9138054847717285
0.9711689949035645
0.8812406659126282
0.9408867955207825
0.9858911633491516
0.968562662601471
0.9403548836708069
0.9117544293403625
0.9359654188156128
0.9549357295036316
0.9180164933204651
0.9716498255729675
0.9033759236335754
0.9344969987869263
0.9781529307365417
0.9692987203598022
0.9438902139663696
0.9466743469238281
0.9726980328559875
0.9391594529151917
0.9909036159515381
0.9282664060592651
0.9277923703193665
0.9436920881271362
0.9683085083961487
0.9563466906547546
0.938838541507721
0.9639027118682861
0.8892294764518738
0.9242929816246033
0.8902978897094727
0.9446396827697754
0.9207015633583069
0.9253942966461182
0.9514313340187073
0.9233399033546448
0.9217289090156555
0.971694827079773
0.9786868095397949
0.9529944062232971
0.9607255458831787
0.9290978312492371
0.9720065593719482
0.9564957022666931
0.9480825066566467
0.9381703734397888
0.9295693635940552
0.8639364242553711
0.9387356042861938
0.9194723963737488
0.9102969765663147
0.9699106812477112
0.9153780937194824
0.9518795013427734
0.9002412557601929
0.9146959185600281
0.9584437012672424
0.9361926317214966
0.9558492302894592
0.9029651284217834
0.9655899405479431
0.9819971919059753
0.9712073802947998
0.9293415546417236
0.9625746011734009
0.9917119741439819
0.9505259990692139
0.9882428646087646
0.9058679938316345
0.8963944315910339
0.962894082069397
0.9506481885910034
0.9259138107299805
0.9296213388442993
0.9594877362251282
0.9818292260169983
0.9492199420928955
0.9357176423072815
0.9659137725830078
0.9943745136260986
0.933482825756073
0.9467918276786804
0.950533390045166
0.9465717077255249
0.9573632478713989
0.9450523257255554
0.9163933396339417
0.9523698091506958
0.9305335879325867
0.9608914852142334
0.9592394828796387
0.9497308135032654
0.9182428121566772
0.9774277210235596
0.9552392363548279
0.9189066290855408
0.9206305742263794
0.9136184453964233
0.9120038151741028
0.9279471635818481
0.9113335609436035
0.9843463897705078
0.9209690093994141
0.8856426477432251
0.9320529699325562
0.9288166165351868
0.942812442779541
0.9467280507087708
0.9349775910377502
0.9341508746147156
0.9222845435142517
0.9119563698768616
0.9012908339500427
0.9101983308792114
0.9606562256813049
0.929029107093811
0.91111159324646
0.8849511742591858
0.9387537837028503
0.9297073483467102
0.9306125044822693
0.9229629039764404
0.9209829568862915
0.9262340664863586
0.9378559589385986
0.895513117313385
0.941439688205719
0.9150444269180298
0.9286413192749023
0.9081712365150452
0.9185855984687805
0.9204469323158264
0.9578048586845398
0.9609950184822083
0.9960772395133972
0.9717222452163696
0.9942138195037842
0.958967387676239
0.9345942735671997
0.9335761070251465
0.9280760884284973
0.9303824305534363
0.9274315237998962
0.9132928252220154
0.9136513471603394
0.8765687346458435
0.9312489032745361
0.920158326625824
0.9250971078872681
0.9061098098754883
0.9379480481147766
0.9049029350280762
0.9367769360542297
0.9285073280334473
0.9820435643196106
0.9459854364395142
0.9745486378669739
0.9893372058868408
0.9756779074668884
0.9523091316223145
0.9791293740272522
0.9419534206390381
0.9526810050010681
0.9574874043464661
0.9351446628570557
0.9416312575340271
0.9014620184898376
0.9547373652458191
0.9827623963356018
0.9902395009994507
0.9343835115432739
0.9687678813934326
0.9787338972091675
0.974336564540863
0.9448181986808777
0.9439857602119446
0.9700519442558289
0.9566733837127686
0.9721661806106567
0.9542273879051208
0.9693667888641357
0.9731109142303467
0.930679202079773
0.9462562203407288
0.945736289024353
0.9281077980995178
0.9609326720237732
0.9162220358848572
0.9090067744255066
0.9294401407241821
0.9490951299667358
0.9670911431312561
0.9398665428161621
0.9412024617195129
0.9208254814147949
0.9571408629417419
0.9667487144470215
0.9501407146453857
0.9305937886238098
0.9695522785186768
0.9475519061088562
0.912952184677124
0.9005458354949951
0.9635629653930664
0.9182204604148865
0.9602155089378357
0.9018723964691162
0.9203504920005798
0.9551909565925598
0.9202718138694763
0.9420093297958374
0.9720085263252258
0.9548507332801819
0.9332185983657837
0.9560943841934204
0.9469450116157532
0.98299241065979
0.9140120148658752
0.921129584312439
0.9019317030906677
0.9725139141082764
0.9241241216659546
0.9140519499778748
0.9449995756149292
0.921461284160614
0.933718740940094
0.9258070588111877
0.9446567296981812
0.9245207905769348
0.88887619972229
0.9415351748466492
0.9043744206428528
0.9174079298973083
0.9490785002708435
0.9708951115608215
0.9569527506828308
0.9472410678863525
0.9605705142021179
0.9613978266716003
0.960638701915741
0.9691485166549683
0.9541914463043213
0.9918926358222961
0.9353308081626892
0.9393096566200256
0.9165889024734497
0.9155871868133545
0.9715707898139954
0.9381475448608398
0.8926319479942322
0.9031698107719421
0.9156641960144043
0.9393573999404907
0.9509831070899963
0.9280685186386108
0.8939645290374756
0.9843565225601196
0.8974791765213013
0.8915417194366455
0.9456586241722107
0.9038586616516113
0.9231792092323303
0.8454210758209229
0.9810752868652344
0.9686927795410156
0.9686647653579712
0.9566606879234314
0.9089198112487793
0.9456252455711365
0.9576039910316467
0.9854897260665894
0.873072624206543
0.9594736099243164
0.9544659852981567
0.9593069553375244
0.9580052495002747
0.9547995924949646
0.9019261002540588
0.9491878747940063
0.9368699789047241
0.9479222297668457
0.9580291509628296
0.9430961012840271
0.9419435858726501
0.9467009902000427
0.9471169710159302
0.9438132643699646
0.9741412401199341
0.93772953748703
0.9075912833213806
0.9466186761856079
0.9078491926193237
0.8889756798744202
0.95734703540802
0.9419232606887817
0.9437064528465271
0.9232223629951477
0.9354640245437622
0.8723536729812622
0.9358941912651062
0.927280604839325
0.9362528324127197
0.9613196849822998
0.942855954170227
0.918732762336731
0.9748040437698364
0.9560626745223999
0.9900895357131958
0.962157130241394
0.9200471639633179
0.9747273921966553
1.0000001192092896
0.9580613970756531
0.9805651903152466
0.9268267750740051
0.9393540024757385
0.9145229458808899
0.8757651448249817
0.9321840405464172
0.9331696629524231
0.9402632117271423
0.9834670424461365
0.9663037657737732
0.9348369836807251
0.9482543468475342
0.9253937602043152
0.947149932384491
0.9230544567108154
0.9839242696762085
0.9012969732284546
0.9584096670150757
0.902807354927063
0.9221627712249756
0.9209858775138855
0.9296104907989502
0.9208282232284546
0.9252061247825623
0.9163894057273865
0.9391233921051025
0.922974169254303
0.9101013541221619
0.9314861297607422
0.9168617129325867
0.9437295198440552
0.9242796301841736
0.9335219264030457
0.8434567451477051
0.938437283039093
0.9572047591209412
0.9130598902702332
0.9737729430198669
0.9608497023582458
0.9613588452339172
0.9503980875015259
0.9298745393753052
0.9472275376319885
0.9483739137649536
0.9509742856025696
0.9677221775054932
0.9552155137062073
0.9368664622306824
0.9492003917694092
0.879597544670105
0.9298242926597595
0.9355236887931824
0.9213613271713257
0.9484023451805115
0.9567664861679077
0.9856064915657043
0.9180125594139099
0.9530275464057922
0.9863837361335754
0.9642690420150757
0.9558815360069275
0.9245288968086243
0.9302682876586914
0.9622434973716736
0.9892176985740662
0.9162650108337402
0.9616541266441345
0.9755456447601318
0.9744145274162292
0.8812309503555298
0.957964301109314
0.9685490131378174
1.0000001192092896
0.9729674458503723
0.9881052374839783
0.9868741035461426
0.9078851342201233
0.8993955850601196
0.9612565040588379
0.9230633974075317
0.9433007836341858
0.9519583582878113
0.9435095191001892
0.9425753951072693
0.9169438481330872
0.9085267186164856
0.946081280708313
0.9313628673553467
0.9161140322685242
0.9342008829116821
0.9005113244056702
0.9603763818740845
0.9486915469169617
0.9515091776847839
0.9475346207618713
0.9355342388153076
0.9510483741760254
0.9552319645881653
0.9437465071678162
0.9483171701431274
0.9451449513435364
0.8978951573371887
0.9047058820724487
0.9472454786300659
0.9660981297492981
0.9582033157348633
0.9785507917404175
0.903328001499176
0.9510993957519531
0.9566097855567932
0.9074941277503967
0.9402780532836914
0.916333019733429
0.9130029678344727
0.9421349167823792
0.912494957447052
0.9082035422325134
0.8710285425186157
0.9468446969985962
0.9342915415763855
0.9184867739677429
0.9025138020515442
0.8825194239616394
0.921418309211731
0.9570007920265198
0.9416224956512451
0.9291061758995056
0.9079184532165527
0.8844587802886963
0.9289000630378723
0.9254961609840393
0.9317386746406555
0.9211912751197815
0.9385817646980286
0.9145722985267639
0.912404477596283
0.9486296772956848
0.8888248801231384
0.9235295057296753
0.9109893441200256
0.9403879642486572
0.936890184879303
0.8822340369224548
0.8606492280960083
0.9049690961837769
0.9500100612640381
0.9445440769195557
0.9117727875709534
0.9346845149993896
0.9058985114097595
0.9318398833274841
0.8807311058044434
0.9544103741645813
0.9622542858123779
0.9376969337463379
1.0
0.9882030487060547
0.9613319039344788
0.9721567630767822
0.9159896373748779
0.956098198890686
0.8765950798988342
0.9273782968521118
0.9913575649261475
0.9491896629333496
0.9071653485298157
0.9726079702377319
0.9244944453239441
0.9620935916900635
0.9737923741340637
0.9376093745231628
0.9609470367431641
0.954383134841919
0.9666096568107605
0.955145001411438
0.9967309832572937
0.9289615154266357
0.8824076652526855
0.9238431453704834
0.8601204752922058
0.887370765209198
0.9406792521476746
0.9060483574867249
0.965804398059845
0.9668412208557129
0.9336572885513306
0.9241053462028503
0.8831474781036377
0.9170092344284058
0.8837277293205261
0.8962976336479187
0.9427898526191711
0.896289050579071
0.9318042993545532
0.9020121693611145
0.9410399794578552
0.9724498391151428
0.9464453458786011
0.9272471070289612
0.9182555675506592
0.9224849343299866
0.9746315479278564
0.927288830280304
0.9212838411331177
0.9053717255592346
0.9018203616142273
0.9263706207275391
0.9375631809234619
0.9394949674606323
0.9157272577285767
0.9236132502555847
0.9158878922462463
0.946362316608429
0.9530085921287537
0.9349725842475891
0.9027281403541565
0.9603362083435059
0.9322460293769836
0.9412897229194641
0.9327856302261353
0.9391180276870728
0.9289910793304443
0.9017115831375122
0.8867604732513428
0.9325066804885864
0.9566144943237305
0.9228367209434509
0.9417670369148254
0.9307979941368103
0.9355510473251343
0.9643581509590149
0.9009933471679688
0.9443086385726929
0.9416839480400085
0.9297438263893127
0.9675816893577576
0.9087186455726624
0.92777019739151
0.9100372791290283
0.9366194605827332
0.9762020111083984
0.9490764141082764
0.9335601925849915
0.905883252620697
0.9389654397964478
0.9003080725669861
0.8998112678527832
0.964451014995575
0.9129431247711182
0.9756783843040466
0.901231586933136
0.9191151261329651
0.9316665530204773
0.9296218752861023
0.9431515336036682
0.9862122535705566
0.9834374785423279
0.9457618594169617
0.9309281706809998
0.9280684590339661
0.9743073582649231
0.9413769841194153
0.9310560822486877
0.9213320016860962
0.9408151507377625
0.9095244407653809
0.9556627869606018
0.9687532186508179
0.9521479606628418
0.9461970329284668
0.9210595488548279
0.9202193021774292
0.9433614015579224
0.8858289122581482
0.8834871649742126
0.9217556118965149
0.938645601272583
0.9273205995559692
0.958001971244812
0.9361745119094849
0.9127224087715149
0.9224680066108704
0.9209991097450256
0.9051991701126099
0.8554273247718811
0.8727726936340332
0.8695165514945984
0.8849890828132629
0.922686755657196
0.8895004987716675
0.9110932946205139
0.8887812495231628
0.9846470355987549
0.9501736760139465
0.9911441206932068
0.9430687427520752
0.9789397120475769
0.9846176505088806
0.9713179469108582
0.9942882657051086
0.9845382571220398
0.8526802062988281
0.9259294271469116
0.991104006767273
0.9856664538383484
0.9187400937080383
0.9540688991546631
0.9647181630134583
0.9457271099090576
0.964555561542511
0.9470351338386536
0.9598788619041443
0.969797670841217
0.9524352550506592
0.9367400407791138
0.9616567492485046
0.9337177276611328
0.9802045226097107
0.9555578231811523
0.9719445109367371
0.965065598487854
0.9598892331123352
0.9572475552558899
0.9682496786117554
0.9306121468544006
0.9623675346374512
0.9450401663780212
0.9561702609062195
0.9204031229019165
0.9550032615661621
0.891491174697876
0.9234477281570435
0.8998961448669434
0.9899147152900696
0.9160193204879761
0.938563346862793
0.9495827555656433
0.925088107585907
0.9752833247184753
0.8737084269523621
0.9447891116142273
0.98757004737854
0.9576402902603149
0.9331554770469666
0.9113419055938721
0.9233155250549316
0.8524709343910217
0.9218435287475586
0.9125914573669434
0.8990213871002197
0.9236417412757874
0.9414636492729187
0.9320908784866333
0.942419707775116
0.9521722197532654
0.969904363155365
0.9226745963096619
0.9196621775627136
0.9272235631942749
0.9364502429962158
0.926744818687439
0.9349223971366882
0.9474419951438904
0.9349782466888428
0.9670615196228027
0.8743895292282104
0.9158133864402771
0.9092990159988403
0.9685747027397156
0.9078507423400879
0.9270267486572266
0.9324085712432861
0.9048968553543091
0.9272802472114563
0.9729279279708862
0.971656322479248
0.958726704120636
0.9507788419723511
0.9075362682342529
0.9720065593719482
0.9609261751174927
0.942446768283844
0.9434258341789246
0.9223787784576416
0.8765410780906677
0.9210479259490967
0.9215874671936035
0.9137541055679321
0.9699106812477112
0.9141731858253479
0.9532982707023621
0.8893328905105591
0.9132223725318909
0.9677549004554749
0.9261994957923889
0.9277632236480713
0.9245119690895081
0.9380931854248047
0.974748432636261
0.9400550127029419
0.9743583798408508
0.9314882755279541
0.9865818619728088
0.9638941884040833
0.9955564141273499
0.9077788591384888
0.918302059173584
0.929914653301239
0.9707276821136475
0.9262233972549438
0.9320570826530457
0.9644758105278015
0.9818292260169983
0.956650972366333
0.930549144744873
0.9659137725830078
0.9488545060157776
0.9426178932189941
0.9463256001472473
0.9539348483085632
0.9465717077255249
0.9397965669631958
0.9621195793151855
0.9281473159790039
0.9477161169052124
0.9523121118545532
0.9778063297271729
0.9506226181983948
0.9427092671394348
0.9033119678497314
0.9768018126487732
0.9510141611099243
0.9126351475715637
0.922816276550293
0.9221077561378479
0.9171105027198792
0.9236841201782227
0.9042826890945435
0.952936053276062
0.900764524936676
0.89322829246521
0.9550722241401672
0.9282384514808655
0.9372230768203735
0.9655590057373047
0.9277740120887756
0.9304322004318237
0.9180685877799988
0.9255337715148926
0.9036195874214172
0.9136691093444824
0.9497238397598267
0.9355908632278442
0.9264682531356812
0.8940519094467163
0.9310229420661926
0.9339451789855957
0.9221774339675903
0.8856215476989746
0.9116580486297607
0.9100433588027954
0.9517626166343689
0.9030683636665344
0.9464669823646545
0.9066436290740967
0.8991629481315613
0.8969234228134155
0.9228277802467346
0.9358994364738464
0.8891155123710632
0.9434363842010498
0.9777301549911499
0.9544736742973328
0.9741102457046509
0.946536660194397
0.9549457430839539
0.8872854113578796
0.9389619827270508
0.9091317653656006
0.9427543878555298
0.9108015298843384
0.9187593460083008
0.8699935078620911
0.8976485729217529
0.9198315739631653
0.9016868472099304
0.9063481092453003
0.9322389364242554
0.9018257260322571
0.9367769360542297
0.9274519681930542
0.9544162154197693
0.9437302350997925
0.9454039335250854
0.9853411316871643
0.8957163095474243
0.9663143754005432
0.9848242402076721
0.9423539638519287
0.9388062357902527
0.9421557784080505
0.9556627869606018
0.937623143196106
0.9291039109230042
0.9554283022880554
0.98966383934021
0.9930661916732788
0.9394192695617676
0.9915813207626343
0.9817308187484741
0.9418584704399109
0.9572179913520813
0.9357993602752686
0.9821898341178894
0.9480176568031311
0.9625442028045654
0.9487316608428955
0.9794386625289917
0.9731109142303467
0.9069117307662964
0.9579134583473206
0.9478299021720886
0.9310644865036011
0.9478556513786316
0.9152948260307312
0.9072111248970032
0.9351733326911926
0.9490951299667358
0.9634742736816406
0.9332848191261292
0.9418783187866211
0.9218893647193909
0.9495669603347778
0.9728071689605713
0.9606313109397888
0.943769633769989
0.9703745245933533
0.9536574482917786
0.9071720838546753
0.8927726745605469
0.9520999789237976
0.9176455736160278
0.9548191428184509
0.8686044216156006
0.9034318327903748
0.930768609046936
0.928892970085144
0.9619781374931335
0.9509236216545105
0.9666315317153931
0.9580268263816833
0.9599077105522156
0.9768630862236023
0.9798818826675415
0.9184310436248779
0.9340758323669434
0.912340521812439
0.9725139141082764
0.938054084777832
0.9127119779586792
0.9181944131851196
0.9284217357635498
0.9174452424049377
0.9396330118179321
0.9364923238754272
0.9324183464050293
0.8913348317146301
0.9451534748077393
0.9195989370346069
0.9323270320892334
0.9261128902435303
0.949120044708252
0.9483076930046082
0.9335131645202637
0.9306328892707825
0.9491597414016724
0.9357302784919739
0.970527708530426
0.9966927766799927
0.9868742227554321
0.9539616107940674
0.9127222895622253
0.9088215827941895
0.9294168949127197
0.9715707898139954
0.9270423650741577
0.9189689755439758
0.8760213851928711
0.9230824112892151
0.9416629672050476
0.9514700174331665
0.9290072321891785
0.8858656287193298
0.9802589416503906
0.900062620639801
0.8982213139533997
0.9456586241722107
0.913515031337738
0.9282813668251038
0.8491231203079224
0.9621585011482239
0.9322811365127563
0.9657058119773865
0.9306936264038086
0.8927245140075684
0.9690418839454651
0.9422391057014465
0.989040732383728
0.8721715807914734
0.9515390396118164
0.9509263634681702
0.9422359466552734
0.9734852313995361
0.9810235500335693
0.9282826781272888
0.9439775347709656
0.9564917087554932
0.9424588084220886
0.9589334726333618
0.9275233149528503
0.9425113201141357
0.9525895714759827
0.9378642439842224
0.9352806210517883
0.9623534083366394
0.9575686454772949
0.8988300561904907
0.9272229075431824
0.9160901308059692
0.8814154863357544
0.9558704495429993
0.9521589279174805
0.951595664024353
0.922756016254425
0.9231752753257751
0.8974618315696716
0.9387359619140625
0.9226208925247192
0.9406918287277222
0.9606404900550842
0.9137067794799805
0.897051215171814
0.9371435642242432
0.9655884504318237
0.9838652014732361
0.9594988226890564
0.9218747019767761
0.9760181903839111
1.0000001192092896
0.9484238624572754
0.9866166710853577
0.9378959536552429
0.9466956257820129
0.9035872220993042
0.8744564652442932
0.9522615075111389
0.9188182353973389
0.9380781054496765
0.9834670424461365
0.9069663882255554
0.9297439455986023
0.9376921057701111
0.9334061145782471
0.9255688786506653
0.9234349727630615
0.9767449498176575
0.9226413369178772
0.9570834636688232
0.9096556901931763
0.9168050289154053
0.9024900794029236
0.907954216003418
0.910919189453125
0.9214960336685181
0.9152837991714478
0.9369624853134155
0.9264981746673584
0.905015766620636
0.9316086769104004
0.9296892881393433
0.9426020383834839
0.9148345589637756
0.9360218644142151
0.8444258570671082
0.9432483315467834
0.9499618411064148
0.915742039680481
0.9824164509773254
0.9659850001335144
0.9631990194320679
0.9500947594642639
0.9366260766983032
0.9507237076759338
0.9598254561424255
0.9479954242706299
0.9886813163757324
0.9627183079719543
0.9335878491401672
0.9480054974555969
0.902761697769165
0.928580105304718
0.9543939232826233
0.9234468936920166
0.9526786208152771
0.971940815448761
0.9820237159729004
0.9253033995628357
0.9658008813858032
0.9743413329124451
0.9780037999153137
0.9619914293289185
0.9312740564346313
0.9768944382667542
0.9702414274215698
0.9892176985740662
0.9202815890312195
0.9652631878852844
0.9995728731155396
0.9505927562713623
0.9886420965194702
0.9477860331535339
0.9797992706298828
1.0000001192092896
0.9636189937591553
1.0
0.9868741035461426
0.909277617931366
0.8993955850601196
0.9420281648635864
0.8918626308441162
0.9329785108566284
0.9629884958267212
0.9507182836532593
0.8960736989974976
0.9316455721855164
0.906356155872345
0.944146454334259
0.9402301907539368
0.9101808071136475
0.9487389326095581
0.9039326310157776
0.9434971809387207
0.95037841796875
0.954131543636322
0.9022787809371948
0.9357695579528809
0.9658749103546143
0.953691840171814
0.9472575187683105
0.9588794708251953
0.9299055933952332
0.8978951573371887
0.9182295203208923
0.9486113786697388
0.9591987729072571
0.9657121300697327
0.9802061319351196
0.9024146199226379
0.9469397664070129
0.963901937007904
0.9156364798545837
0.9288150668144226
0.9191334247589111
0.915735125541687
0.9338228702545166
0.9075344800949097
0.9085201621055603
0.8862785696983337
0.9547735452651978
0.9437360763549805
0.9200373291969299
0.8976025581359863
0.8842233419418335
0.9090768694877625
0.9761165976524353
0.9540995955467224
0.9277678728103638
0.9159277677536011
0.8928642272949219
0.9205118417739868
0.9342421293258667
0.9108762741088867
0.9155411720275879
0.9151346683502197
0.9278324842453003
0.911647617816925
0.9452556371688843
0.914973795413971
0.9283920526504517
0.917692244052887
0.9327120780944824
0.9288524389266968
0.9166008234024048
0.8669993281364441
0.8989102840423584
0.9485859274864197
0.948688268661499
0.8972166776657104
0.9166321158409119
0.9176210165023804
0.9491181373596191
0.9081776142120361
0.9704003930091858
0.986344039440155
0.9310667514801025
0.9957084059715271
0.9882030487060547
0.95933598279953
0.9509192705154419
0.9339801669120789
0.9685844779014587
0.8831380009651184
0.9346893429756165
0.9765332937240601
0.9462611675262451
0.9281343817710876
0.9581688642501831
0.9559536576271057
0.9732157588005066
0.9784333109855652
0.9447590112686157
0.9532396197319031
0.9531528353691101
0.9886446595191956
0.9579162001609802
0.9931423664093018
0.9199392199516296
0.9118710160255432
0.9276698231697083
0.8898558020591736
0.8924997448921204
0.9392075538635254
0.910425066947937
0.9188685417175293
0.952480673789978
0.9305976629257202
0.9257382750511169
0.881717324256897
0.9489442706108093
0.8907279968261719
0.9121006727218628
0.9444518089294434
0.9101261496543884
0.929128110408783
0.9028225541114807
0.9534042477607727
0.9749132394790649
0.9403435587882996
0.9463880658149719
0.9278542995452881
0.9153236746788025
0.9663285613059998
0.9033938050270081
0.9086850881576538
0.9151443243026733
0.8989301323890686
0.9500066041946411
0.9275030493736267
0.9378908276557922
0.9209908843040466
0.9302161931991577
0.9219601154327393
0.9399559497833252
0.9464645981788635
0.9376301765441895
0.9406150579452515
0.9185822606086731
0.9214528799057007
0.9474582076072693
0.9636067152023315
0.9450379610061646
0.936698317527771
0.9346781373023987
0.8915660977363586
0.9505521655082703
0.9452764987945557
0.9213248491287231
0.9382375478744507
0.9282805919647217
0.9432426691055298
0.9643581509590149
0.890637218952179
0.9384660720825195
0.9432604908943176
0.9270969033241272
0.9719867706298828
0.913648247718811
0.9328359365463257
0.9200074672698975
0.9318769574165344
0.9762020111083984
0.9478227496147156
0.9472201466560364
0.9004056453704834
0.9296712279319763
0.9055395722389221
0.9176607728004456
0.9650170207023621
0.8976870179176331
0.9694263935089111
0.9027210474014282
0.9049605131149292
0.9309245944023132
0.9338627457618713
0.9308999180793762
0.9781211018562317
0.9834374785423279
0.9515296816825867
0.9330918788909912
0.9329485297203064
0.9707862734794617
0.943820059299469
0.9454896450042725
0.9315451979637146
0.9405684471130371
0.9155385494232178
0.9386954307556152
0.9727309346199036
0.923481285572052
0.9609194993972778
0.9342753291130066
0.9197688698768616
0.9289214015007019
0.9097163081169128
0.8857433795928955
0.913677990436554
0.9502989649772644
0.9258225560188293
0.9580696225166321
0.9618549942970276
0.9107246994972229
0.9224775433540344
0.8964208960533142
0.912341833114624
0.8818610906600952
0.8833101987838745
0.8687481880187988
0.8963337540626526
0.9247177243232727
0.8848452568054199
0.9199674725532532
0.8980115652084351
0.9873939156532288
0.9664102792739868
0.9956792593002319
0.9306201338768005
0.9671676754951477
0.9846176505088806
0.9786280989646912
1.0000001192092896
0.9855034351348877
0.8895275592803955
0.9088152647018433
0.9823607206344604
0.9852414131164551
0.9231816530227661
0.9523208737373352
0.944828450679779
0.9535609483718872
0.9651811122894287
0.952294111251831
0.9550846219062805
0.9136083722114563
0.9567515850067139
0.9420957565307617
0.9759133458137512
0.9425133466720581
0.9858363270759583
0.9624575972557068
0.9377433061599731
0.9605328440666199
0.9808132648468018
0.9795662760734558
0.9705227017402649
0.9196069240570068
0.9662137627601624
0.95126873254776
0.983062207698822
0.9321787357330322
0.9829812049865723
0.9154067039489746
0.9353314638137817
0.9007830619812012
0.9942285418510437
0.933478057384491
0.9289131164550781
0.9526984691619873
0.9151508808135986
0.975895881652832
0.8894487023353577
0.9355853199958801
0.9799289703369141
0.9640718102455139
0.8923520445823669
0.8714567422866821
0.9204949140548706
0.9384050369262695
0.9263522028923035
0.9466386437416077
0.916256308555603
0.9364438652992249
0.9870249032974243
0.9508083462715149
0.929047703742981
0.939395010471344
0.9648252725601196
0.9345094561576843
0.9617441296577454
0.935859203338623
0.9304554462432861
0.9508572816848755
0.9588109254837036
0.9414053559303284
0.9380550980567932
0.9658764004707336
0.9033500552177429
0.9308874607086182
0.8923341035842896
0.9655041694641113
0.9197162389755249
0.9265732765197754
0.9401098489761353
0.9085350036621094
0.9246219396591187
0.9739652872085571
0.9786868095397949
0.9553329348564148
0.9489566683769226
0.9297220706939697
0.9720065593719482
0.9400023818016052
0.9367097020149231
0.9511571526527405
0.931342363357544
0.8730154633522034
0.9260613322257996
0.9194723963737488
0.9103639125823975
0.9699106812477112
0.9090691804885864
0.9666348099708557
0.9103727340698242
0.916711151599884
0.9617071747779846
0.8939638137817383
0.9558492302894592
0.9210920333862305
0.948702335357666
0.9716048240661621
0.9514085650444031
0.961146891117096
0.9931498169898987
0.9877592325210571
0.963269054889679
0.9882428646087646
0.9089919924736023
0.9066946506500244
0.9653643369674683
0.9519568085670471
0.9049097895622253
0.9410220980644226
0.962799072265625
0.9818292260169983
0.956650972366333
0.9365772008895874
0.9659137725830078
0.9741779565811157
0.951723039150238
0.9502338171005249
0.9419837594032288
0.9465717077255249
0.9442988634109497
0.9399029016494751
0.9195126891136169
0.9528848528862
0.9318390488624573
0.9662231802940369
0.9457738399505615
0.9410541653633118
0.9104360938072205
0.9749714732170105
0.9577279090881348
0.9175843000411987
0.8955268263816833
0.9213070273399353
0.9284485578536987
0.9279471635818481
0.907015860080719
0.9843463897705078
0.9267024397850037
0.9014763832092285
0.9377697706222534
0.9268344044685364
0.9454217553138733
0.9510353207588196
0.9440608620643616
0.9333145618438721
0.9041798710823059
0.9259247183799744
0.9011809229850769
0.9149324297904968
0.9537408947944641
0.9355908632278442
0.898788332939148
0.8900560736656189
0.9415682554244995
0.9322314858436584
0.9147882461547852
0.9179465770721436
0.9313148260116577
0.9247665405273438
0.9339470267295837
0.9059783816337585
0.9452739953994751
0.9191992878913879
0.9063736796379089
0.917626678943634
0.9095038771629333
0.8971685767173767
0.9269185662269592
0.9542402029037476
0.9924803376197815
0.9500274062156677
0.9774622321128845
0.9736279845237732
0.9173192381858826
0.9331104755401611
0.9010639190673828
0.9145588874816895
0.9414727091789246
0.9133543372154236
0.9123591184616089
0.8727769255638123
0.9208475947380066
0.920158326625824
0.903958261013031
0.9156880974769592
0.9310378432273865
0.9205706715583801
0.9367769360542297
0.9311197400093079
0.9802286028862
0.9467950463294983
0.9477746486663818
0.9893372058868408
0.9822622537612915
0.9650108814239502
0.9805098176002502
0.9518037438392639
0.9287445545196533
0.9672789573669434
0.9351446628570557
0.9322546720504761
0.9106502532958984
0.9698387980461121
0.9827623963356018
0.9930661916732788
0.9405453205108643
0.9915813207626343
0.9554802179336548
0.9715113639831543
0.958040714263916
0.94789719581604
0.9819567799568176
0.9461901783943176
0.962814211845398
0.9546977281570435
0.9790765643119812
0.9731109142303467
0.9230661988258362
0.9462562203407288
0.9506036043167114
0.9281077980995178
0.9610475301742554
0.918434202671051
0.9140685796737671
0.9205183982849121
0.9490951299667358
0.9586588144302368
0.9373471736907959
0.9546632170677185
0.9302255511283875
0.9463622570037842
0.9685956239700317
0.9503606557846069
0.9367278814315796
0.9573938846588135
0.9561359286308289
0.9095202684402466
0.8979084491729736
0.9629386067390442
0.9355883002281189
0.9602155089378357
0.9018723964691162
0.9243050217628479
0.9597046375274658
0.9390111565589905
0.9424924850463867
0.973529040813446
0.9578827023506165
0.9223542809486389
0.9560943841934204
0.9438955783843994
0.9821586012840271
0.9177341461181641
0.919643759727478
0.8909035325050354
0.9663121104240417
0.9209396243095398
0.9297740459442139
0.9341403841972351
0.9171758890151978
0.9373416304588318
0.918854296207428
0.9387173652648926
0.9292420744895935
0.8868524432182312
0.9504613876342773
0.9033502340316772
0.924191951751709
0.9707586169242859
0.9672220945358276
0.9573338627815247
0.9579265713691711
0.9777888059616089
0.9303288459777832
0.9580606818199158
0.9691485166549683
0.9263777732849121
0.9995813369750977
0.9423501491546631
0.9282188415527344
0.9226168990135193
0.9460926055908203
0.9715707898139954
0.8945083618164062
0.9121439456939697
0.8874422311782837
0.9158783555030823
0.9356550574302673
0.9709425568580627
0.9262483716011047
0.8919833302497864
0.9748963713645935
0.90032958984375
0.906747579574585
0.9456586241722107
0.899459183216095
0.8934339284896851
0.8607168793678284
0.9810752868652344
0.9464672207832336
0.9735572338104248
0.934461236000061
0.8960747718811035
0.9849536418914795
0.9576039910316467
0.9842864274978638
0.8671643733978271
0.9714457392692566
0.9347379803657532
0.9591482281684875
0.9577222466468811
0.948196530342102
0.9303861260414124
0.9546716809272766
0.9485392570495605
0.9534478783607483
0.9580291509628296
0.9369471073150635
0.9588453769683838
0.9411768317222595
0.9364146590232849
0.9470821619033813
0.9798139333724976
0.9575623273849487
0.89345782995224
0.9236634969711304
0.9157460331916809
0.9047811031341553
0.9558704495429993
0.9501420259475708
0.9499803185462952
0.9346747398376465
0.9281371831893921
0.9310890436172485
0.9366592168807983
0.9197210669517517
0.9310107231140137
0.9710032939910889
0.9496228098869324
0.9156692624092102
0.977668285369873
0.9640141725540161
0.9900895357131958
0.9844883680343628
0.9315977692604065
0.9596754908561707
1.0000001192092896
0.9656215906143188
0.953180730342865
0.9268267750740051
0.9393540024757385
0.8909246325492859
0.8648982644081116
0.9383819103240967
0.9371432662010193
0.9628965854644775
0.9948980808258057
0.9301775693893433
0.9344364404678345
0.9485732316970825
0.928155243396759
0.9300538897514343
0.9295521378517151
0.980300784111023
0.9432739019393921
0.9590433239936829