0.8566884398460388
0.7960018515586853
0.7866739630699158
0.860284686088562
0.8788855671882629
0.8422445058822632
0.871966540813446
0.7328454256057739
0.8168152570724487
0.7855295538902283
0.8709852695465088
0.9281226396560669
0.7954322099685669
0.7858023047447205
0.8940385580062866
0.8776527047157288
0.7818647623062134
0.8470187187194824
0.7675785422325134
0.776365339756012
0.8507623076438904
0.9502382874488831
0.7917440533638
0.8114507794380188
0.8320984840393066
0.9284601211547852
0.8974556922912598
0.9270616769790649
0.9050978422164917
0.8767299652099609
1.007939100265503
0.9559390544891357
0.9557526111602783
0.8342697024345398
0.9377235770225525
0.8736388087272644
0.8240469694137573
0.7503957152366638
0.7804110646247864
0.9584333300590515
0.971741795539856
0.9324980974197388
0.8565789461135864
0.9493895769119263
0.8510143756866455
0.9041697978973389
0.7991525530815125
0.8892477750778198
0.9445952773094177
0.8755522966384888
0.7564379572868347
0.8601826429367065
0.6910950541496277
0.8771873116493225
0.8848296999931335
0.782796323299408
0.8205944895744324
0.7727147936820984
0.9006808996200562
0.8018931746482849
0.8360840082168579
0.9475535750389099
0.7621710300445557
0.7332451343536377
0.8525398969650269
0.8639670610427856
0.8775753974914551
0.807935893535614
0.7994250059127808
0.8903357982635498
0.8465045094490051
0.9136494398117065
0.9620040655136108
0.9157783389091492
0.856822669506073
0.9336159229278564
0.8032881021499634
0.8469386100769043
0.8214919567108154
0.8579793572425842
0.9325034618377686
0.8740731477737427
0.754259467124939
0.8580769300460815
0.902287483215332
0.9231821894645691
1.0019651651382446
0.8373698592185974
0.8039755821228027
0.8192082047462463
0.8012410998344421
0.7389732003211975
0.8277779817581177
0.8331668972969055
0.7651845812797546
0.932870090007782
1.0010733604431152
0.7779327034950256
0.8653361201286316
0.9052123427391052
0.9127115607261658
0.8109878301620483
0.8819774985313416
0.766157329082489
0.9548590779304504
0.859386682510376
0.8555293083190918
0.9213669300079346
0.8798529505729675
0.8067188858985901
0.8124855756759644
0.8124855756759644
0.8416513204574585
0.9116596579551697
0.9043896198272705
0.9261772036552429
0.9489331841468811
0.9717111587524414
0.9717111587524414
0.773617148399353
0.8253105282783508
0.8508495688438416
0.7952817678451538
0.8179009556770325
0.7921059727668762
0.9112189412117004
0.7621500492095947
0.8507960438728333
0.781768262386322
0.745297908782959
0.818827748298645
0.8092294335365295
0.9137824177742004
0.751848578453064
0.8048016428947449
0.833752453327179
0.8599200248718262
0.8198150396347046
0.7756457924842834
0.9311854243278503
0.950019896030426
0.8623538613319397
0.8091995716094971
0.9183492064476013
0.8493788242340088
0.818793535232544
0.9633460640907288
0.758318305015564
0.9364596009254456
0.8351653218269348
0.8264100551605225
0.9370913505554199
0.8724123239517212
0.9183277487754822
0.8476163148880005
0.907578706741333
0.8739070892333984
0.801124095916748
0.889096736907959
0.8220301270484924
0.8806475400924683
0.8266170024871826
0.8150430917739868
0.8022080659866333
0.8450375199317932
0.8215765953063965
0.7511502504348755
0.7466222047805786
0.8540981411933899
0.8905711770057678
0.8376802206039429
0.7825651168823242
0.8626505136489868
0.8340368866920471
0.9023025631904602
0.8308810591697693
0.7029390931129456
0.7229417562484741
0.7583739161491394
0.7181257009506226
0.7763534784317017
0.8248348236083984
0.8737090229988098
0.9452211260795593
0.8603989481925964
0.8369976878166199
0.725170910358429
0.8681114912033081
1.007102370262146
0.9114489555358887
0.716705322265625
0.8189467787742615
0.8923018574714661
0.7261903882026672
0.9218489527702332
0.8444018363952637
0.8379225134849548
0.8997076749801636
0.8836491107940674
0.6704785823822021
0.8549507260322571
0.7624997496604919
0.8535648584365845
0.9341315031051636
0.835808515548706
0.8835625052452087
1.0162514448165894
0.7949495911598206
0.8586530089378357
0.8287125825881958
0.8701756000518799
1.0139801502227783
0.776678204536438
0.7930103540420532
0.9368424415588379
0.8465616106987
0.8486599922180176
0.9987589120864868
0.8031277656555176
0.7620477676391602
0.9550872445106506
0.7797405123710632
0.8596727252006531
0.7493939995765686
0.8109102249145508
0.7088117599487305
0.8429298400878906
0.7342076301574707
0.840688943862915
0.9184847474098206
0.7753757834434509
0.8324679136276245
0.909885585308075
0.8215067982673645
0.8101528286933899
0.8972969055175781
0.7851666212081909
0.8706712126731873
0.9111080765724182
0.8839789032936096
0.8057537078857422
0.8765542507171631
0.8276501297950745
0.9079652428627014
0.9907186627388
0.9907186627388
0.863235354423523
0.8410043120384216
0.7562664747238159
0.8321279883384705
0.8797629475593567
0.8508528470993042
0.9580159783363342
0.8823123574256897
0.7661428451538086
0.8410412073135376
0.9884737730026245
0.8849565386772156
0.806928813457489
0.8337835669517517
0.819517970085144
0.9474260807037354
0.8252890110015869
0.8399416208267212
0.8068993091583252
0.9949395656585693
0.7703008651733398
0.7324614524841309
0.7652992010116577
0.7435869574546814
0.7800842523574829
0.964809775352478
0.9015366435050964
0.6837583184242249
0.8887127041816711
0.9231195449829102
0.7528836131095886
1.0038058757781982
0.8340719938278198
0.8242520689964294
0.8182995319366455
0.9250019192695618
0.7747464776039124
0.9420413970947266
0.8322994112968445
0.9869902729988098
0.8281276226043701
0.8259453177452087
0.7002304792404175
0.9115594625473022
0.9133317470550537
0.6995139122009277
0.9594849944114685
0.7401465773582458
0.8474771976470947
0.8945401310920715
0.8413918614387512
0.8557500839233398
0.8778663277626038
0.8338444828987122
0.8780486583709717
0.7425704002380371
0.8068347573280334
0.9103527665138245
0.9128536581993103
0.8384841680526733
0.6808739900588989
0.9027387499809265
0.8861750364303589
0.8692523837089539
0.9009163975715637
0.7752501368522644
0.8421294689178467
0.865495502948761
0.8634799122810364
0.8420875072479248
0.8528773784637451
0.6975396275520325
0.9128835201263428
0.7870685458183289
0.8410636186599731
0.8517500758171082
0.8846756219863892
0.7272132635116577
0.8711956739425659
0.7603505253791809
0.7632867693901062
0.7854148149490356
0.9166262149810791
0.771712064743042
0.8759267330169678
0.8043691515922546
0.8935950994491577
0.841987133026123
0.9242872595787048
0.9663812518119812
0.8253136873245239
0.8203112483024597
0.8065797686576843
0.8849442005157471
0.8681067824363708
0.7958135604858398
0.8083159327507019
0.7633547186851501
0.8538662195205688
0.6888835430145264
0.7670729756355286
0.9356700778007507
0.8336754441261292
0.8082480430603027
0.8102418184280396
0.8462224006652832
0.9274875521659851
0.9147031307220459
0.857450544834137
0.8132895231246948
0.8272602558135986
0.836154580116272
0.8547499179840088
0.8272217512130737
0.7456184029579163
0.6733869910240173
0.9350767731666565
0.9844388961791992
0.8740009069442749
0.9648113250732422
0.9406581521034241
0.904485285282135
0.6983790397644043
0.9584049582481384
0.8412930369377136
0.814649224281311
0.7554244995117188
0.9463739991188049
0.9753761291503906
0.8984370827674866
0.7907345294952393
0.8767123818397522
0.9174169301986694
0.8706552982330322
0.9358635544776917
0.8720405101776123
0.84122234582901
0.8197077512741089
0.8726628422737122
0.8173691630363464
0.8520011901855469
0.9569836854934692
0.919826328754425
0.7276664972305298
0.863431990146637
0.9393378496170044
0.855965256690979
0.8697024583816528
0.8327401876449585
0.9098883867263794
0.8306307196617126
0.8833590745925903
0.8388420343399048
0.9013211131095886
0.8917757868766785
0.8060287237167358
0.9241997003555298
0.8316008448600769
0.8841022849082947
0.9272857904434204
0.9550848603248596
0.9454595446586609
0.8658909201622009
0.9122889041900635
0.9763926863670349
0.8335576057434082
0.9053730964660645
0.7655070424079895
0.8494231104850769
0.7440747618675232
0.6782543659210205
0.8965551853179932
0.9432860612869263
0.7440050840377808
0.9299087524414062
0.891405463218689
0.8373658061027527
0.906680703163147
0.843859076499939
0.8521531224250793
0.7522024512290955
0.8939773440361023
0.8706648945808411
0.8820168375968933
0.7931025624275208
0.7936939001083374
0.8801284432411194
0.7885940074920654
0.9103751182556152
0.830217719078064
0.7159313559532166
0.8964325189590454
0.9507433772087097
0.7737641334533691
0.8677759170532227
0.8010812997817993
0.9326783418655396
0.9192056059837341
0.8885586857795715
0.8882094621658325
0.8407639861106873
0.7951304316520691
0.9808470010757446
0.8725551962852478
0.7611296772956848
0.8348386883735657
0.7964558005332947
0.9108161330223083
0.8731479644775391
0.7929301261901855
0.8619136810302734
0.8373536467552185
0.799860954284668
0.6961706280708313
0.885954737663269
0.7817665934562683
0.7365161776542664
0.793872594833374
0.8747915029525757
0.9118623733520508
0.8176305294036865
0.8693280220031738
0.8799460530281067
0.7672309279441833
0.8991267085075378
0.8702681660652161
0.7080668210983276
0.6649631857872009
0.8402435779571533
0.7000802159309387
0.9270797967910767
0.7712591886520386
0.8027982711791992
0.7808930277824402
0.8867496252059937
0.8944261074066162
0.7974545359611511
0.813004732131958
0.7035778164863586
0.8017621040344238
0.9082562327384949
0.9147524237632751
0.9046106934547424
0.8346250653266907
0.7329213619232178
0.7975876331329346
0.770865797996521
0.7329433560371399
0.9316985011100769
0.8737707734107971
0.8672290444374084
0.8428038358688354
0.7810198068618774
0.7772418260574341
0.8354628086090088
0.7536866068840027
0.937376081943512
0.7565109133720398
0.9061927199363708
0.9124618768692017
0.8392072916030884
0.6788026690483093
0.8660579919815063
0.8669000267982483
0.8757445812225342
0.7839739322662354
0.9256347417831421
0.7610774636268616
0.9526174664497375
0.8801863789558411
0.8385106921195984
0.9025931358337402
0.8223004341125488
0.8496125936508179
0.7734353542327881
0.8926209807395935
0.7892946004867554
0.6948977708816528
0.9832466840744019
0.8448597192764282
0.9362309575080872
0.98064124584198
0.8089526891708374
0.7619084119796753
0.8611108660697937
0.9788808822631836
0.7203588485717773
0.5286731719970703
0.7136487364768982
0.6920835971832275
0.831802487373352
0.9070301055908203
0.9084340333938599
0.7008572220802307
0.8800682425498962
0.8445631265640259
0.910480260848999
0.8385157585144043
0.8355227708816528
0.8068917393684387
0.7021282911300659
0.8243926167488098
0.8453494310379028
0.8328344821929932
0.7292574644088745
0.8265480399131775
0.9600747227668762
0.7691410183906555
0.8118891716003418
0.7950460314750671
0.914467990398407
0.9145713448524475
0.8910929560661316
0.9652367234230042
0.6867275238037109
0.8424867391586304
0.8272825479507446
0.8946681022644043
0.9022735357284546
0.8261038661003113
0.6585665345191956
0.7627016305923462
0.8031937479972839
0.8661876320838928
0.9009777903556824
0.7872428297996521
0.8158267736434937
0.7152366638183594
0.7314969897270203
0.905257523059845
0.6663910150527954
0.7560252547264099
0.7201848030090332
0.9494704008102417
0.7716256976127625
0.7703812718391418
0.7822965383529663
0.7536174058914185
0.756603479385376
0.9123262166976929
0.7486709952354431
0.7760220170021057
0.9011815190315247
0.8738441467285156
0.8958743810653687
0.7148926854133606
1.013961911201477
0.5797908306121826
0.8775580525398254
0.664344310760498
0.7036957144737244
0.7769683599472046
0.7891350388526917
0.76134192943573
0.8108224272727966
0.7975243926048279
0.9012760519981384
0.770352303981781
0.9063678979873657
0.7951157093048096
0.8720488548278809
0.738093912601471
0.8600134253501892
0.8564087152481079
0.9225153923034668
0.6529726386070251
0.8955249786376953
0.7979977130889893
0.9083799123764038
0.8558764457702637
0.6386528611183167
0.9973368644714355
0.7223142981529236
0.8102137446403503
0.7706683278083801
0.7382129430770874
0.8703635334968567
0.7106974720954895
0.7611085772514343
0.807582676410675
0.7107391953468323
0.7313793301582336
0.7123650312423706
0.8793931007385254
0.8997235894203186
0.9427309632301331
0.9044361114501953
0.8587879538536072
0.8762882947921753
0.6697252988815308
0.7233852744102478
0.8764564990997314
0.6606165766716003
0.6478761434555054
0.7955225110054016
0.6511051058769226
1.0076918601989746
0.8773461580276489
0.7483351230621338
0.7862666249275208
0.8307574987411499
0.7759842872619629
0.9651622176170349
0.7926687002182007
0.9024968147277832
0.8972532749176025
0.80746990442276
0.8665416836738586
0.8989466428756714
0.8551865816116333
0.7748854756355286
0.7665056586265564
0.8113981485366821
0.9867413640022278
0.805221676826477
0.7460251450538635
0.9511803388595581
0.8175598978996277
0.954801082611084
0.6405530571937561
0.786771833896637
0.7729269862174988
0.8319271206855774
0.915785014629364
0.728032112121582
0.6822614073753357
0.65952467918396
0.7125644087791443
0.6984410285949707
0.8703959584236145
0.8119641542434692
0.9117466807365417
0.7962108254432678
0.8766210675239563
0.9896931648254395
0.8595465421676636
0.8885125517845154
0.7778451442718506
0.7514269351959229
0.7723663449287415
0.8091331720352173
0.8916932344436646
0.9123789668083191
0.9166591167449951
0.9666731357574463
0.9676292538642883
0.6460860967636108
0.7396378517150879
0.8628482222557068
0.7654866576194763
0.7854344248771667
0.884768009185791
0.7418808341026306
0.800103485584259
0.9488018751144409
0.8951358199119568
0.965618371963501
0.7217271327972412
0.7840893268585205
0.7898093461990356
0.7733584046363831
0.6427647471427917
0.8494185209274292
0.7783288359642029
0.8412022590637207
0.7651263475418091
0.7176907062530518
0.9285626411437988
0.8831697106361389
0.8207584023475647
0.8438032269477844
0.5306540727615356
0.8285380601882935
0.9260402321815491
0.9510994553565979
0.8239559531211853
0.7226731181144714
0.7068310976028442
0.8376937508583069
1.0043338537216187
0.7840399146080017
0.8269430994987488
0.8981086611747742
0.775588870048523
0.7305653095245361
0.8583422899246216
0.846398651599884
0.9168746471405029
0.8929433226585388
0.9178734421730042
0.7906980514526367
0.8945717811584473
0.6793025732040405
0.8643341064453125
1.003745436668396
0.8605028986930847
0.7712992429733276
0.8985075354576111
0.7934586405754089
0.7534499168395996
0.8005449771881104
0.7822612524032593
0.649210512638092
0.8065971732139587
0.8011013269424438
0.8223305940628052
0.7635078430175781
0.6861038208007812
0.6039441227912903
0.6901707649230957
0.6050882935523987
0.7296847701072693
0.8384594917297363
0.654266357421875
0.9293135404586792
0.9293135404586792
0.9522149562835693
0.9682959914207458
0.6487525701522827
0.6706914305686951
0.9199703335762024
0.6724706888198853
0.7949148416519165
0.8889815807342529
0.6580544114112854
0.855697751045227
0.7845622301101685
0.7805189490318298
0.7557246088981628
0.7905606627464294
0.7914147973060608
0.9543116688728333
0.8751275539398193
0.6928279399871826
0.9855030179023743
0.7197691798210144
0.8838571906089783
0.6863521933555603
0.8388017416000366
0.8694977760314941
0.8442236185073853
0.8273978233337402
0.7537968158721924
0.6319003105163574
0.7786592841148376
0.8449934720993042
0.8049502968788147
0.7949788570404053
0.8490743041038513
0.7956258058547974
0.8417548537254333
0.9985013604164124
0.6323251128196716
0.9073898792266846
0.848226010799408
0.7428330779075623
0.7077728509902954
0.9134018421173096
0.777371346950531
0.7767712473869324
0.7566087245941162
0.6738911867141724
0.6688275337219238
0.8888614177703857
0.7740461230278015
0.7771334648132324
0.8858568668365479
0.801441490650177
0.9531683325767517
0.7595604062080383
0.7821936011314392
0.8206788301467896
0.7085129022598267
0.907378077507019
0.8484599590301514
1.0127816200256348
0.9646602869033813
0.7509817481040955
0.8120735287666321
0.7308015823364258
0.6264506578445435
0.7386608719825745
0.5709792375564575
0.8045918345451355
0.9040116667747498
0.857050359249115
0.776939868927002
0.7535837292671204
0.8689845204353333
0.7428464293479919
0.8754700422286987
0.8285883069038391
0.8960492610931396
0.8723541498184204
0.932275116443634
0.7596340179443359
0.8033589720726013
0.7959339618682861
0.7233642339706421
0.6874529123306274
0.7502964735031128
0.8789569735527039
0.925758421421051
0.9259577989578247
0.8192785382270813
0.8691756725311279
0.7362876534461975
0.8509905934333801
0.8694046139717102
0.785103976726532
0.7923689484596252
0.6864820718765259
0.9544673562049866
0.725293755531311
0.7125162482261658
0.7412233948707581
0.8764771223068237
0.845992386341095
0.7310277819633484
0.8587832450866699
0.8126609325408936
0.8025360107421875
0.79840087890625
0.8445729613304138
0.9963127970695496
0.9141372442245483
0.6756478548049927
0.8692176938056946
0.8690109252929688
0.8002226948738098
0.7593240141868591
0.9048436880111694
0.7320456504821777
0.8634564280509949
0.8672225475311279
0.8016310930252075
0.8412482738494873
0.8621646761894226
0.7189156413078308
0.9427544474601746
0.8640633225440979
0.8730428218841553
0.8741354942321777
0.876182496547699
0.8100828528404236
0.6516263484954834
0.8536250591278076
0.786677896976471
0.9136125445365906
0.9066833257675171
0.8332443833351135
0.8504406809806824
0.9049481153488159
0.8063002228736877
0.793024480342865
0.7855141162872314
0.6866182684898376
0.7805540561676025
0.837035596370697
0.849624514579773
0.8430350422859192
0.768475353717804
0.8641467094421387
0.7243225574493408
0.8116719126701355
0.8990995287895203
0.9636876583099365
0.7922917604446411
0.7249498963356018
0.6133906245231628
0.7331945300102234
0.8006054759025574
0.956601083278656
0.7424039840698242
0.7287696003913879
0.8215780854225159
0.8392078280448914
0.6759335994720459
0.781150221824646
0.7098580002784729
0.8292409777641296
0.8998140692710876
0.7001113295555115
0.7760538458824158
0.8044430017471313
0.9927890300750732
0.7431566715240479
0.7720146179199219
0.7255846858024597
0.7285200953483582
0.8240582942962646
0.8610142469406128
0.7344312071800232
0.8673476576805115
0.8581809997558594
0.7786789536476135
0.7500035166740417
0.8705025315284729
0.8855282664299011
0.7541348338127136
0.6424248814582825
0.9540632367134094
0.8419504165649414
0.8890776634216309
0.8531963229179382
0.8571270108222961
0.6598265171051025
0.7421793341636658
0.8911312222480774
0.8102112412452698
0.8240426778793335
0.8631936311721802
0.8340489864349365
0.8096445798873901
0.7192655801773071
0.9830553531646729
0.9071183800697327
0.8396327495574951
0.7860906720161438
0.7542755603790283
0.8141576647758484
0.8780102133750916
0.938588559627533
0.7955830693244934
0.8204483985900879
0.8375110626220703
0.786243736743927
0.7165342569351196
0.6604148149490356
0.813815176486969
0.8622403144836426
0.875852644443512
0.8243322372436523
0.8689882755279541
0.8219479322433472
0.8465221524238586
0.8924373388290405
0.7086767554283142
0.80235755443573
0.8390921354293823
0.7403864860534668
0.7997705936431885
0.7227656841278076
0.7179343700408936
0.7377594709396362
0.8605611324310303
0.8987435102462769
0.9168502688407898
0.6626189947128296
0.7020338177680969
0.7869263291358948
0.8430032730102539
0.733001708984375
0.8195838928222656
0.8969681859016418
0.6650369763374329
0.8012189865112305
0.8468183875083923
0.8288570046424866
0.9483484029769897
0.6719745397567749
0.7862674593925476
0.9300772547721863
0.8766894340515137
0.7416267395019531
0.9108254909515381
0.659162163734436
0.8203878402709961
0.8931654691696167
0.8089507818222046
0.6208958625793457
0.7099480628967285
0.7559130787849426
0.8897743821144104
0.7729254961013794
0.8434431552886963
0.8990234732627869
0.7772125601768494
0.7615975141525269
0.7749564051628113
0.6910390257835388
0.5433474183082581
0.8431736826896667
0.9684950113296509
0.8590829968452454
0.6906840801239014
0.7756896018981934
0.8003682494163513
0.9283782839775085
0.9056386947631836
0.7565308213233948
0.8511150479316711
0.9240191578865051
0.9311531782150269
0.9089457392692566
0.825690746307373
0.7405562400817871
0.7783134579658508
0.864447295665741
0.7732952237129211
0.7292084693908691
0.7134086489677429
0.8778384923934937
0.8117644190788269
0.8097412586212158
0.7572483420372009
0.8362292051315308
0.9021037817001343
0.6992273330688477
0.8323975801467896
0.9219791293144226
0.8341879844665527
0.837630033493042
0.6742396354675293
0.6528063416481018
0.7778784036636353
0.756814181804657
0.856357753276825
0.9525155425071716
0.831274688243866
0.7814591526985168
0.9079464673995972
0.8955724239349365
0.843003511428833
0.8483299612998962
0.9465277791023254
0.77492356300354
0.8504406809806824
0.8175475001335144
0.7111929655075073
0.6329392194747925
0.9870861172676086
0.9525775909423828
0.6941657662391663
0.9314947724342346
0.8491170406341553
0.78879314661026
0.8107720613479614
0.8722242116928101
0.7180575132369995
0.8706530332565308
0.8507558107376099
0.7014633417129517
0.8831062316894531
0.8154159784317017
0.6491546630859375
0.611979603767395
0.9332271814346313
0.9846043586730957
0.6833392381668091
0.685952365398407
0.8665364980697632
0.7434560060501099
0.8814818859100342
0.8886173367500305
0.8505250811576843
0.8688139915466309
0.7618709206581116
0.5909848213195801
0.709456741809845
1.0085513591766357
0.8096081018447876
0.95491623878479
0.9375715255737305
0.6860156655311584
0.8931028842926025
0.7866701483726501
0.9309386014938354
0.7698330879211426
0.6756491661071777
0.6902730464935303
0.7898597121238708
0.8372252583503723
0.8679787516593933
0.7135849595069885
0.8248873353004456
0.9466224312782288
0.7026910781860352
0.7886056303977966
0.7330313324928284
0.9376093745231628
0.43913790583610535
0.8601292967796326
0.6909309029579163
0.7202061414718628
0.8702372312545776
0.8041514754295349
0.8782240152359009
0.8064072728157043
0.8271570801734924
0.6676552295684814
0.662890613079071
0.7819140553474426
0.7298255562782288
0.7921095490455627
0.7662373185157776
0.866558313369751
0.7670746445655823
0.7703772187232971
0.757483184337616
0.7709360718727112
0.8670828938484192
0.6018027067184448
0.8452668190002441
0.7109901905059814
0.7135196924209595
0.7889659404754639
0.9289020299911499
0.8761234879493713
0.817449688911438
0.7368162274360657
0.7658092975616455
0.9420095682144165
0.8664965033531189
0.7802108526229858
0.65239417552948
0.6153338551521301
0.7463250756263733
0.7470634579658508
0.7507295608520508
0.6884540915489197
0.8362383842468262
0.6773349642753601
0.7852811813354492
0.7233830690383911
0.831861674785614
0.8849754333496094
0.6984999775886536
0.7079571485519409
0.7614098787307739
0.7241938710212708
0.8351703882217407
0.8437422513961792
0.8793827891349792
0.7587230801582336
0.7634028196334839
0.8267804384231567
0.9584857225418091
0.7911030650138855
0.7315816879272461
0.7954482436180115
0.7251111268997192
0.7275114059448242
0.6800907254219055
0.6935882568359375
0.8435419797897339
0.8269705772399902
0.8143693804740906
0.8153256177902222
0.9075869917869568
0.9287088513374329
0.7590286731719971
0.7964914441108704
0.7831290364265442
0.819198727607727
0.7687199711799622
0.6682548522949219
0.8849866390228271
0.773699164390564
0.8796431422233582
0.8111997246742249
0.7191842198371887
0.9983505606651306
0.8165400624275208
0.8245565295219421
0.754136323928833
0.7364817261695862
0.7017228603363037
0.7895482778549194
0.8009983897209167
0.746451199054718
0.7997177243232727
0.6410602927207947
0.8961305618286133
0.770765483379364
0.8400777578353882
0.7362505793571472
0.8060639500617981
0.7377144694328308
0.8933637738227844
0.8989676237106323
0.8169353008270264
0.966988742351532
0.9532657861709595
0.797767698764801
0.8954434394836426
0.6974950432777405
0.8261136412620544
0.8951207995414734
0.8291310667991638
0.8445044755935669
0.9196128845214844
0.8301678895950317
0.7065789103507996
0.9025477766990662
0.7374089360237122
0.7546940445899963
0.8656513094902039
0.5699966549873352
0.7929761409759521
0.9006801843643188
0.7210855484008789
0.8474026918411255
0.8223334550857544
0.5630874633789062
0.845093846321106
0.6041398644447327
0.7521810531616211
0.9583761096000671
0.7351952195167542
0.590681791305542
0.8124223947525024
0.7856268882751465
0.7439238429069519
0.6379272937774658
0.8820478916168213
0.8814154863357544
0.8006523251533508
0.824003279209137
0.7690714001655579
0.9082959294319153
0.7931573987007141
0.7867283821105957
0.845097541809082
0.8497872352600098
0.7129815220832825
0.8067294359207153
0.7904043197631836
0.7977280020713806
0.8112674951553345
0.688423752784729
0.8054286241531372
0.7688411474227905
0.8367356061935425
0.7063966989517212
0.6961497068405151
0.7985982298851013
0.7821391820907593
0.6734898686408997
0.7679778337478638
0.7494373321533203
0.7622504234313965
0.8364158868789673
0.7940994501113892
0.8448647260665894
0.7716951370239258
0.8188469409942627
0.7723600268363953
0.6601890921592712
0.8322747349739075
0.8233593702316284
0.7549908757209778
0.7327984571456909
0.6470661163330078
0.885684609413147
0.8173685073852539
0.743801474571228
0.8398286700248718
0.8546384572982788
0.7401758432388306
0.6226987838745117
0.8484330177307129
0.8912786841392517
0.7472079396247864
0.8587418794631958
0.9285156726837158
0.8286229372024536
0.8869193196296692
0.7290729880332947
0.9941307306289673
0.8597358465194702
0.7559226751327515
0.7730116844177246
0.9069875478744507
0.7929393649101257
0.8270657658576965
0.7813912630081177
0.8503993153572083
0.664362907409668
0.7523441910743713
0.789002537727356
0.7872236371040344
0.8095152378082275
0.8113976120948792
0.8447301387786865
0.766975998878479
0.8091149926185608
0.7723178863525391
0.6824110746383667
0.7210794687271118
0.6916290521621704
0.7105398178100586
0.8304819464683533
0.816836953163147
0.7695343494415283
0.7826835513114929
0.8489109873771667
0.7119335532188416
0.8414066433906555
0.7198980450630188
0.7748247981071472
0.8887332677841187
0.8030730485916138
0.8998371362686157
0.6947002410888672
0.8251844048500061
0.9661833047866821
0.6742658019065857
0.8592721819877625
0.5382349491119385
0.8903694152832031
0.7606077194213867
0.8898565769195557
0.8013127446174622
0.8016954660415649
0.7558872103691101
0.7019364237785339
0.7152856588363647
0.8100559711456299
0.6598513722419739
0.9887489080429077
0.7127206325531006
0.7509307265281677
0.7657952308654785
0.9099894165992737
0.7045979499816895
0.9424881339073181
0.83137446641922
0.6344650983810425
0.8629496097564697
0.8299787044525146
0.7936633825302124
0.818368673324585
0.7648917436599731
0.8915317058563232
0.8784918785095215
0.7540547847747803
0.7122430205345154
0.6111173033714294
0.8313455581665039
0.7790228724479675
0.7011174559593201
0.821500301361084
0.8250985145568848
0.7663175463676453
0.6559215188026428
0.7037912011146545
0.7640624642372131
0.7380191683769226
0.6635218262672424
0.8704230189323425
0.7486885786056519
0.8046807646751404
0.6624314188957214
0.7372450232505798
0.9164959192276001
0.6610017418861389
0.8440477252006531
0.9489697217941284
0.6557245850563049
0.7530872225761414
0.6500217914581299
0.755135715007782
0.7614471912384033
0.8095250129699707
0.7653814554214478
0.908642053604126
0.7641238570213318
0.7876540422439575
0.8905489444732666
0.5471251010894775
0.800224781036377
0.8335886597633362
0.70371013879776
0.7492935657501221
0.6301382184028625
0.7518166899681091
0.7854036092758179
0.8521897196769714
0.7705752849578857
0.8046619892120361
0.5693197250366211
0.8304239511489868
0.7481918931007385
0.6954228281974792
0.7681694626808167
0.9909058213233948
0.8976662158966064
0.7177556157112122
0.8225038051605225
0.7150260210037231
0.8450033664703369
0.9245374798774719
0.7400428652763367
0.9105439782142639
0.7353976368904114
0.6256558895111084
0.8727207779884338
0.6385655403137207
0.7744570970535278
0.7095720171928406
0.6639133095741272
0.7234143614768982
0.7126984000205994
0.7948446869850159
0.8301764130592346
0.9747065901756287
0.694252073764801
0.8654993176460266
0.7738124132156372
0.805479884147644
0.8549295663833618
0.8065453767776489
0.6830597519874573
0.9010668396949768
0.8035628795623779
0.6715215444564819
0.9640491008758545
0.7884426116943359
0.9079483151435852
0.8259004354476929
0.881625771522522
0.7611122727394104
0.7462939023971558
0.8268061876296997
0.6971403360366821
0.6266600489616394
0.8795574307441711
0.7980679869651794
0.8659799098968506
0.7669227123260498
0.7923998832702637
0.7772461175918579
0.7081193923950195
0.7499118447303772
0.7538802027702332
0.7610451579093933
0.8272756338119507
0.8513921499252319
0.8017708659172058
0.75910884141922
0.8002713918685913
0.8456785082817078
0.6422735452651978
0.9160272479057312
0.7976948022842407
0.6508628726005554
0.8560901284217834
0.6599828004837036
0.6534300446510315
0.8751254081726074
0.7886881828308105
0.6908398270606995
0.7378281950950623
0.8418295979499817
0.7984616160392761
0.7214555740356445
0.8059738874435425
0.8804334998130798
0.9050622582435608
0.7637640833854675
0.8048399686813354
0.7591460347175598
0.7812245488166809
0.7783082127571106
0.8859940767288208
0.9875624775886536
0.7678007483482361
0.6254439353942871
0.6367219686508179
0.7619268298149109
0.7362842559814453
0.7557422518730164
0.6715368628501892
0.6923209428787231
0.6046615242958069
0.7523265480995178
0.8171606659889221
0.8268484473228455
0.8346014618873596
0.7406002283096313
0.7324604988098145
0.8517443537712097
0.7395073771476746
0.679928719997406
0.8176785111427307
0.842518150806427
0.75259929895401
0.9255784749984741
0.8136690855026245
0.8227244019508362
0.7349488735198975
0.8519734144210815
0.6990392208099365
0.7599442601203918
0.6586052775382996
0.8430699706077576
0.6958861351013184
0.8824038505554199
0.7541602849960327
0.7915116548538208
0.6889994740486145
0.9500916600227356
0.8076359629631042
0.7920272946357727
0.8235825300216675
0.8015596866607666
0.8190023899078369
0.8095548152923584
0.8822779655456543
0.753520667552948
0.7800225019454956
0.6593281030654907
0.7864955067634583
0.7950530052185059
0.8288776874542236
0.7015998363494873
0.8046974539756775
0.756358802318573
0.6624133586883545
0.7300161123275757
0.7993645071983337
0.8306026458740234
0.9184589385986328
0.7860660552978516
0.707731306552887
0.6361989974975586
0.8019244074821472
0.7608672976493835
0.8389559984207153
0.7067772746086121
0.700363039970398
0.8226330876350403
0.9109909534454346
0.8031468391418457
0.818688690662384
0.8176831007003784
0.8432803750038147
0.8247925043106079
0.8932226300239563
0.7986549735069275
0.8362382650375366
0.711866021156311
0.9141152501106262
0.8023964762687683
0.5687358975410461
0.7891572713851929
0.8443887829780579
0.693189263343811
0.7134701609611511
0.5957245826721191
0.8690923452377319
0.8959264755249023
0.8023044466972351
0.8241432905197144
0.7441179752349854
0.7098278999328613
0.7612565159797668
0.7731376886367798
0.7775152921676636
0.7174566388130188
0.8103383183479309
0.8543902635574341
0.7520405650138855
0.7952476739883423
0.7892910838127136
0.8055839538574219
0.7813535332679749
0.6340957880020142
0.7811031341552734
0.8075817227363586
0.937035322189331
0.7870259881019592
0.7807707786560059
0.705242931842804
0.6491541862487793
0.7353563904762268
0.7798988223075867
0.6943983435630798
0.7211458086967468
0.9354669451713562
0.7208470106124878
0.8465437293052673
0.7435259819030762
0.7348219752311707
0.7438573837280273
0.9012234210968018
0.8291805982589722
0.7999721169471741
0.8299288749694824
0.6942225694656372
0.6896014213562012
0.806483805179596
0.8700042366981506
0.9364816546440125
0.7829599976539612
0.769547164440155
0.7602506279945374
0.7398188710212708
0.7425917387008667
0.6869198679924011
0.8536432981491089
0.6945130825042725
0.7188687324523926
0.7815240621566772
0.8174106478691101
0.8564282655715942
0.8030341267585754
0.7904700040817261
0.7646747827529907
0.7976566553115845
0.8078516721725464
0.8413822650909424
0.8023483157157898
0.8598147034645081
0.7197465300559998
0.6335957050323486
0.8051915764808655
0.7180876731872559
0.658731997013092
0.73832106590271
0.8484354019165039
0.7098308801651001
0.7487413287162781
0.7348615527153015
0.7535174489021301
0.8491326570510864
0.8080449104309082
0.7979881763458252
0.9228578805923462
0.8587886095046997
0.9477038979530334
0.6667156219482422
0.7570701837539673
0.9194777607917786
0.8901429176330566
0.7120067477226257
0.8653635382652283
0.7786808013916016
0.7640383839607239
0.6497564315795898
0.7592008113861084
0.7278474569320679
0.8030205368995667
0.847479522228241
0.8092911839485168
0.8896817564964294
0.8293687105178833
0.8227213621139526
0.9002695679664612
0.8115532994270325
0.7828426361083984
0.7758868336677551
0.8249170184135437
0.8002752065658569
0.9024694561958313
0.8118586540222168
0.7748217582702637
0.8379575610160828
0.7311409711837769
0.839621365070343
0.7825510501861572
0.7305126190185547
0.7348716855049133
0.8185675740242004
0.8506643772125244
0.9596561193466187
0.8520521521568298
0.7698909640312195
0.8557964563369751
0.8651929497718811
0.8534389734268188
0.8731302618980408
0.878247857093811
0.856166660785675
0.6870661377906799
0.7563124895095825
0.9430983066558838
0.9440405368804932
0.9825873374938965
0.8316123485565186
0.8386446237564087
0.8153124451637268
0.8069609999656677
0.7840614318847656
0.8603233098983765
0.6910644769668579
0.8330815434455872
0.851182222366333
0.7538228631019592
0.8105592727661133
0.8249834179878235
0.837557852268219
0.8436250686645508
0.7673332691192627
0.8528679609298706
0.8466136455535889
0.9311516880989075
0.9141314625740051
0.7979466319084167
0.7701700329780579
0.9929800629615784
0.9271478652954102
0.7471696138381958
0.704001784324646
0.8588213324546814
0.6254532337188721
0.705938458442688
0.8712086081504822
0.7809984683990479
0.895870566368103
0.9559385776519775
0.9559385776519775
0.888527512550354
0.8687537908554077
0.6916572451591492
0.9360668063163757
0.9335868954658508
0.8252851963043213
0.8505257964134216
0.9586827754974365
0.8387269973754883
0.8498806357383728
0.8833222985267639
0.7969672679901123
0.8005674481391907
0.7442434430122375
0.9149859547615051
0.9584635496139526
0.7278533577919006
0.7526859641075134
0.9028737545013428
0.7837495803833008
0.7626389861106873
0.6654244065284729
0.8891271948814392
0.8852402567863464
0.7602499127388
0.884147584438324
0.7794135808944702
0.8027077317237854
0.8937461972236633
0.6998454332351685
0.7853292226791382
0.8804201483726501
0.8879637122154236
0.850605845451355
0.7590203285217285
0.8675260543823242
0.8300560712814331
0.8593656420707703
0.8591238856315613
0.8484711050987244
0.8908331990242004
0.9392511248588562
0.9656054973602295
0.8525952696800232
0.9491055011749268
0.8703503608703613
0.8348971605300903
0.896719753742218
0.7616326808929443
0.8470563292503357
0.8614968061447144
0.8882157802581787
0.7637830376625061
0.7601714134216309
0.7637830376625061
0.7716465592384338
0.7494354248046875
0.9275255799293518
0.7759079933166504
0.9540128111839294
0.9382022619247437
0.7220790982246399
1.0046406984329224
0.8589362502098083
0.859529972076416
0.8781114220619202
0.8652374148368835
0.9045048356056213
1.0136934518814087
0.690899670124054
0.6866235136985779
0.7532908320426941
0.748028039932251
0.8331394195556641
0.8456851243972778
0.7683731913566589
0.7457855939865112
0.8631345629692078
0.8901722431182861
0.8907310962677002
0.7992135286331177
0.8537836074829102
0.9010518789291382
0.9789957404136658
0.7932485938072205
0.8685798645019531
0.8903303742408752
0.8726341724395752
0.7765498757362366
0.9159178137779236
0.8672376871109009
0.8809863328933716
0.8931314945220947
0.8709275722503662
0.7813757658004761
0.8961604237556458
0.7316558361053467
0.7977472543716431
0.8157215118408203
0.8422346115112305
0.8537858128547668
0.7653025984764099
0.7569342851638794
0.9244762063026428
0.8437153697013855
0.8539233803749084
0.9166330099105835
0.9958546161651611
0.8504794239997864
0.7888790369033813
0.8548275828361511
0.6318152546882629
1.0088434219360352
0.8671029806137085
0.9823074340820312
0.9415220022201538
0.8685212731361389
0.8433412909507751
0.7737019062042236
0.7859981656074524
0.7827600836753845
0.9773901104927063
0.8562474846839905
0.8500754237174988
0.859860360622406
0.8787109851837158
0.7818231582641602
0.7099190354347229
0.6399474740028381
0.8885002732276917
0.7641995549201965
0.7708876132965088
0.8882339596748352
0.7503589391708374
0.8808985352516174
0.8577746748924255
1.0120114088058472
0.6460105180740356
0.7663992643356323
0.7744078040122986
0.9254010915756226
0.8686689138412476
0.8461558222770691
0.6039955615997314
0.7483758330345154
0.8505889773368835
0.8296718597412109
0.759900689125061
0.7600765824317932
0.8250486850738525
0.8220229744911194
0.926053524017334
0.8342944979667664
0.8278675675392151
0.8492271900177002
0.8787866830825806
0.9106795191764832
0.7547757625579834
0.6953829526901245
0.8124934434890747
0.7955287098884583
0.7642302513122559
0.7648043036460876
0.9445779323577881
0.9135121703147888
0.8318679332733154
0.8130638003349304
0.8973360061645508
0.9317964315414429
0.8533551096916199
0.8530691862106323
0.9483259916305542
0.803541362285614
0.7617911696434021
0.7415738701820374
0.8416728973388672
0.9162229895591736
0.8900381922721863
0.8547452092170715
0.929311215877533
0.7482897043228149
0.8264219760894775
0.8587162494659424
0.7576850056648254
0.8621352910995483
0.8256375789642334
0.7572823762893677
0.7560601830482483
0.8896624445915222
0.9495396018028259
0.7751214504241943
0.7872960567474365
0.7773998379707336
0.8987358212471008
0.8975626826286316
0.9268592000007629
0.8382700681686401
0.8333128690719604
0.6350040435791016
0.7878201603889465
0.8142687678337097
0.9022083282470703
0.9763672351837158
0.9033931493759155
0.9232074022293091
0.723933219909668
0.8922733664512634
0.8488698601722717
0.8471390008926392
0.8758794665336609
0.7558927536010742
0.8286250829696655
0.7797914743423462
0.7017964720726013
0.6973400115966797
0.9040972590446472
0.7122264504432678
0.7443658709526062
0.7519989013671875
0.7988637685775757
0.8369720578193665
0.7670505046844482
0.898005485534668
0.8126879334449768
0.8482465744018555
0.7506716847419739
0.7816404700279236
0.7161558270454407
0.8742274641990662
0.9687401652336121
0.9491063356399536
0.9739068746566772
0.9163123369216919
0.9466601610183716
0.8833944201469421
0.7985353469848633
0.865203857421875
0.8945140838623047
0.6985464096069336
0.8807545304298401
0.7338661551475525
0.6893220543861389
0.8145138621330261
0.7680711150169373
0.7589166760444641
0.8069826364517212
0.8805508017539978
0.7434243559837341
0.7863342761993408
0.7599698901176453
0.922469437122345
0.841147780418396
0.7719616293907166
0.7952229976654053
0.8028023838996887
0.7642549872398376
0.758998692035675
0.7738777995109558
0.7959006428718567
0.8411942720413208
0.9257364869117737
0.6897374391555786
0.7385324239730835
0.928247332572937
0.7783489227294922
0.9100978374481201
0.7019016146659851
0.6722535490989685
0.6554766893386841
0.7556576132774353
0.8607633709907532
0.8390364646911621
0.7807508111000061
0.8162998557090759
0.8525944352149963
0.8920287489891052
0.8186325430870056
0.8769432902336121
1.0136919021606445
0.7832364439964294
0.7706035375595093
0.9302941560745239
0.9059597849845886
0.8933284282684326
0.8176544308662415
0.8827271461486816
0.8063451051712036
0.88874351978302
0.7756351232528687
0.7858465909957886
0.9108130931854248
0.8331671953201294
0.8627298474311829
0.5854662656784058
0.9529573917388916
0.7729509472846985
0.5516723394393921
0.9568516612052917
0.9469503164291382
0.7551167011260986
0.7492461800575256
0.7729025483131409
0.8096833229064941
0.8029922246932983
0.8257838487625122
0.6867439150810242
0.8563149571418762
0.8678966760635376
0.8274563550949097
0.9263278245925903
0.5560232400894165
0.7305486798286438
0.8980705738067627
0.8678018450737
0.8003996014595032
0.9919735789299011
0.7618485689163208
0.7821571230888367
0.7669156193733215
0.7187826633453369
0.9828734397888184
1.0143951177597046
0.9468913078308105
0.8425840139389038
0.7782366871833801
0.9336838722229004
0.9716349244117737
0.8697805404663086
0.756205141544342
0.7196589112281799
0.7617418766021729
0.8883070349693298
0.8111787438392639
0.9205124378204346
0.8964826464653015
0.7378963828086853
0.7806193828582764
0.8640709519386292
0.9300804734230042
0.8783766031265259
0.7852943539619446
0.9448024034500122
0.6649715900421143
0.9074456095695496
0.8517817854881287
0.7819780707359314
0.6296029090881348
0.800129234790802
0.7781537175178528
0.8213945031166077
0.7234721183776855
0.6708791851997375
0.9263610243797302
0.965310275554657
0.7888087630271912
0.9540227055549622
0.8338459134101868
0.8204354047775269
0.9230356216430664
0.7633765935897827
0.7934305667877197
0.7553651332855225
0.9176352620124817
0.7583930492401123
0.9664676785469055
0.754007875919342
0.9784349203109741
0.7867600917816162
0.8051138520240784
0.8518276810646057
0.7771276831626892
0.814287006855011
0.9371995329856873
0.7765027284622192
0.8445218205451965
0.7813147306442261
0.8150835633277893
0.8193531036376953
0.7521004676818848
0.7370731234550476
0.8950396776199341
0.768057107925415
0.8656607270240784
0.8356702923774719
0.7653146386146545
0.7933116555213928
0.873654842376709
0.7175323367118835
0.7581121325492859
0.8580817580223083
0.8877231478691101
0.9206549525260925
0.7923470735549927
0.9353309273719788
0.8458240628242493
0.9204069972038269
0.7290175557136536
0.8017321825027466
0.9515014886856079
0.7212378978729248
0.7531686425209045
0.8430270552635193
0.8210142850875854
0.871611475944519
0.8359383344650269
0.6364373564720154
0.9187304377555847
0.8854219913482666
0.7573118209838867
0.7221863269805908
0.789413332939148
0.8181623220443726
0.7683427929878235
0.8247557282447815
0.780783474445343
0.8732384443283081
0.7483381032943726
0.8814539909362793
0.721055269241333
0.8469688892364502
0.8428053855895996
0.8124886155128479
0.5974137783050537
0.8092211484909058
0.9619706869125366
0.7506752610206604
0.8841297626495361
0.8681606650352478
0.8428340554237366
0.7828817367553711
0.8249784708023071
1.0098227262496948
0.8306822180747986
0.919539213180542
0.7473623156547546
0.781990647315979
0.890235424041748
0.7527377605438232
0.6489040851593018
0.7265398502349854
0.597937822341919
0.7534428238868713
1.0115951299667358
1.005367398262024
0.8588160276412964
0.8255824446678162
0.7656700015068054
0.8114027976989746
0.89680016040802
0.7307087182998657
0.8810162544250488
0.7488522529602051
0.8369553685188293
0.8980889320373535
0.7928033471107483
0.8848949074745178
0.7493295669555664
0.8387822508811951
0.8303604125976562
0.8820998072624207
0.8256368041038513
0.9439613223075867
0.7258157730102539
0.8339608907699585
0.8500513434410095
0.8574116230010986
0.7991384863853455
0.6421393156051636
0.8568366765975952
0.903045117855072
0.6960298418998718
0.818526029586792
0.873109757900238
0.9831395149230957
0.6520349979400635
0.9819507002830505
0.8079391121864319
0.8173194527626038
0.8651647567749023
0.9327464699745178
0.8718399405479431
0.8364853262901306
0.9359503984451294
0.952274739742279
0.7881448864936829
0.7663316130638123
0.8520188331604004
0.8185534477233887
0.7640342116355896
0.7707930207252502
0.8072240948677063
0.8285288214683533
0.8654040694236755
0.7884374856948853
0.7810892462730408
0.8764826059341431
0.8554287552833557
0.8177134990692139
0.7980501651763916
0.7446433305740356
0.8842970728874207
0.9494165182113647
0.7400856614112854
0.8483319878578186
0.8823890089988708
0.9307700395584106
0.9504104852676392
0.8880292773246765
0.7753931283950806
0.8188691139221191
0.836313009262085
1.01360285282135
0.8661172986030579
0.8604072332382202
0.9895787835121155
0.9976817965507507
0.8305644392967224
0.6713394522666931
0.8298980593681335
0.8570753931999207
0.8749008774757385
0.9224595427513123
0.7985386848449707
0.7839754223823547
0.9601041674613953
0.8695158362388611
0.8253185749053955
0.7995569109916687
0.7619310617446899
0.8331246376037598
0.9168059229850769
0.9168059229850769
0.79875248670578
0.7539586424827576
0.818786084651947
0.8645793199539185
0.8275048732757568
0.852695882320404
0.853874146938324
1.0008823871612549
0.935644805431366
0.8985687494277954
0.7837806344032288
0.9481741786003113
0.729112982749939
0.8847078680992126
0.8550754189491272
0.809321403503418
0.9396048188209534
0.8389838337898254
0.7942184805870056
0.8241118788719177
0.7480920553207397
0.7809876203536987
0.8961536884307861
0.7897987961769104
0.856120228767395
0.7094788551330566
0.8516091704368591
0.8415775299072266
0.8275696635246277
0.7868468761444092
0.8851520419120789
0.759045422077179
0.8798611760139465
0.7783414721488953
0.8347339630126953
0.6375218629837036
0.7718695998191833
0.8358787894248962
0.8562481999397278
0.8111785650253296
0.8476141691207886
0.8813560009002686
0.7414065599441528
0.7551793456077576
0.8090496063232422
0.8125045299530029
0.8264357447624207
0.8231788277626038
0.7464547753334045
0.8437120318412781
0.7663030624389648
0.8134407997131348
0.8718050122261047
0.7537705898284912
0.7539768815040588
0.8757128715515137
0.6688090562820435
0.8060663938522339
0.9007817506790161
0.9015021324157715
0.7440811991691589
0.902855634689331
0.9497924447059631
0.7899652719497681
0.768913984298706
0.7796450853347778
0.7054075598716736
0.7965923547744751
0.8295525908470154
0.8432677388191223
0.9006040096282959
0.7238808870315552
0.7035356163978577
0.8667036294937134
0.7008856534957886
0.7199735045433044
0.7534546256065369
0.869210958480835
0.8167669177055359
0.8855469822883606
0.6582233309745789
0.816551148891449
0.8931240439414978
0.8864853382110596
0.8288072347640991
0.8117935657501221
0.8771911263465881
0.9746935963630676
0.9437500834465027
0.8076133728027344
0.8931509256362915
0.9407147169113159
0.7701403498649597
0.683551013469696
0.7405290007591248
0.8604877591133118
0.7555177807807922
0.7734749913215637
0.8324831128120422
0.8843238353729248
0.8389230966567993
0.8697695732116699
0.6309326887130737
0.8165796399116516
0.807746171951294
0.816620409488678
0.8571654558181763
0.7943426966667175
0.8180116415023804
0.7997279763221741
0.7259314060211182
0.9317363500595093
0.7810831665992737
0.727260172367096
0.8687448501586914
0.8419765830039978
0.8302270770072937
0.8637160062789917
0.8438773155212402
0.9112486839294434
0.8345364332199097
0.8486607670783997
0.7827415466308594
0.8088036179542542
0.8483268022537231
0.9338424205780029
0.9057297706604004
0.8545947074890137
0.795360803604126
0.743565559387207
0.7411653399467468
0.9249837398529053
0.7527307271957397
0.753747284412384
0.7950292825698853
0.9004604816436768
0.7799329161643982
0.8346483707427979
0.8388492465019226
0.8632100224494934
0.9421434998512268
0.8119200468063354
0.6630550622940063
0.8096897006034851
0.8455641865730286
0.8933326005935669
0.8347498178482056
0.8214821815490723
0.7906414866447449
0.8122264742851257
0.7075824737548828
0.8991015553474426
0.9198672771453857
0.9148240685462952
0.7757129669189453
0.8034939169883728
0.8574199676513672
0.8678441643714905
0.8816831707954407
0.9414837956428528
0.8204202651977539
0.7868750691413879
0.6765414476394653
0.7383261322975159
0.8320540189743042
0.8733858466148376
0.8012913465499878
0.7697054743766785
0.8074837327003479
0.8566268086433411
0.8452021479606628
0.9219185709953308
0.9765831828117371
0.8093395233154297
0.7351490259170532
0.9246185421943665
0.8053764700889587
0.8419879674911499
0.9049075245857239
0.833733320236206
0.7828561067581177
0.8559828400611877
0.9300074577331543
0.7524824142456055
0.7359393239021301
0.950128972530365
0.8356714248657227
0.9315683245658875
0.7820401191711426
0.7753509879112244
0.7463878393173218
0.743125855922699
0.8289734721183777
0.6995712518692017
0.9223467111587524
0.9238207340240479
0.7559988498687744
0.8448476195335388
0.7840249538421631
0.7944126129150391
0.732524573802948
0.7749036550521851
0.7253523468971252
0.7704984545707703
0.8774839639663696
0.7427904009819031
0.8313422203063965
0.8532004356384277
0.8407899141311646
0.87140291929245
0.8862614631652832
0.870456337928772
0.9530744552612305
0.8288676738739014
0.8079406023025513
0.6802559494972229
0.7954193353652954
0.9572778344154358
0.6039729118347168
0.7233452796936035
0.754218578338623
0.9396613836288452
0.8763732314109802
0.7766843438148499
0.9174313545227051
0.849790096282959
0.8243796825408936
0.9251243472099304
0.7960782051086426
0.8450794219970703
0.6587141156196594
0.8288612961769104
0.8459776639938354
0.8114141225814819
0.8342127203941345
0.7628183960914612
0.6197344064712524
0.7996516227722168
0.8396747708320618
0.8725355267524719
0.9064366221427917
0.8033779263496399
0.7756279706954956
0.8723364472389221
0.8723392486572266
0.8752652406692505
0.738461434841156
0.8108423352241516
0.8009592294692993
0.8379865288734436
0.7625214457511902
0.6925026178359985
0.7095307111740112
0.9215171933174133
0.8045073747634888
0.6733455061912537
0.6389886736869812
0.7219946980476379
0.9179317355155945
0.8485217690467834
0.8804149031639099
0.8101473450660706
0.9187579154968262
0.7400231957435608
0.6710032820701599
0.8330488801002502
0.8306901454925537
0.8666623830795288
0.9413886070251465
0.8081368803977966
0.7882747650146484
0.8584290146827698
0.8551581501960754
0.7204209566116333
0.6230950355529785
0.8276472687721252
0.7782379984855652
0.8527700901031494
0.9243084192276001
0.8863312602043152
0.8394274115562439
0.7402629256248474
0.776576817035675
0.7853052020072937
0.8797399401664734
0.8907570838928223
0.8563038110733032
0.8805171847343445
0.6895136833190918
0.7979305386543274
0.968166708946228
0.7871106863021851
0.8705738186836243
0.7634091973304749
0.7836516499519348
0.7459133863449097
0.939532458782196
0.9238629937171936
0.9737518429756165
0.8312515616416931
0.9218888282775879
0.8065729737281799
0.7721620798110962
0.8100502490997314
0.8927403688430786
0.8973674178123474
0.6863855719566345
0.8077392578125
0.7097317576408386
0.6513671278953552
0.90684574842453
0.9487867951393127
0.7357655167579651
0.8471048474311829
0.8854965567588806
0.9344291687011719
0.8432221412658691
0.782583475112915
0.8177513480186462
0.7887449860572815
0.9161403775215149
0.8039480447769165
0.9176479578018188
0.8227556943893433
0.7681469321250916
0.8833631277084351
0.7724274396896362
0.9195948243141174
0.8704078197479248
0.7427364587783813
0.7891110181808472
0.7855916023254395
0.6343997716903687
0.807218074798584
0.8968092203140259
0.8989213109016418
0.8784583210945129
0.8470069169998169
0.7389431595802307
0.8320744633674622
0.6688779592514038
0.5854611992835999
0.8037955164909363
0.7632473707199097
0.7751696705818176
0.8411890268325806
0.8734076619148254
0.8466846942901611
0.8907543420791626
0.7911664247512817
0.754077672958374
0.8841475248336792
0.8121356964111328
0.7555206418037415
0.7523202896118164
0.847707211971283
0.9253731966018677
0.6840113401412964
0.9849377274513245
0.9157459139823914
0.7623794674873352
0.809103786945343
0.8865025043487549
0.7542414665222168
0.8595806956291199
0.6280646920204163
0.7683489918708801
0.8301128149032593
0.6586668491363525
0.6600309014320374
0.6834917664527893
0.9008445739746094
0.6296747922897339
0.7700644731521606
0.7776100039482117
0.9081363081932068
0.9990437030792236
0.7764610052108765
0.8488129377365112
0.7537870407104492
0.7878292202949524
0.8970826864242554
0.8516978621482849
0.8829218149185181
0.7519641518592834
0.8136125802993774
0.837558925151825
0.8961830139160156
0.7322350740432739
0.7092189192771912
0.7684308290481567
0.7814329266548157
0.7157993912696838
0.7279205918312073
0.9187724590301514
0.9509435296058655
0.8593239784240723
0.9027184844017029
0.6791265606880188
0.7814520597457886
0.7853268384933472
0.7286889553070068
0.7947289347648621
0.8877629637718201
0.9575396180152893
0.8217382431030273
0.7251322269439697
0.9217047691345215
0.7862686514854431
0.6828672289848328
0.8241357207298279
0.8236587643623352
0.9258214235305786
0.8709755539894104
0.9851928353309631
0.822344183921814
0.794989287853241
0.753091037273407
0.7584530711174011
0.7865519523620605
0.7890863418579102
0.9086802005767822
0.9874133467674255
0.8354730606079102
0.8460966348648071
0.9463559985160828
0.8204777836799622
0.7959409952163696
0.893696665763855
0.8779972195625305
0.7583649158477783
0.8287850618362427
1.004393458366394
0.7763693928718567
0.7702767252922058
0.8841463923454285
0.7259812951087952
0.829828679561615
0.8229231238365173
0.7438580989837646
0.9336260557174683
0.8885347843170166
0.8039002418518066
0.7306305170059204
0.795822262763977
0.7056553363800049
0.9269189238548279
0.7962652444839478
0.8110163807868958
0.8913967609405518
0.823060154914856
0.7537054419517517
0.9455750584602356
0.8647897839546204
0.8588991165161133
0.7320920825004578
0.7280306816101074
0.6916476488113403
0.8182150721549988
0.9294772744178772
0.8402773141860962
0.7396044135093689
0.7704417109489441
0.766165554523468
0.7444438934326172
0.7996668815612793
0.7719711661338806
0.6718302369117737
0.8073091506958008
0.8625843524932861
0.873246431350708
0.8284041881561279
0.8410909175872803
0.6752257347106934
0.8541147112846375
0.869349479675293
0.786919116973877
0.9111983180046082
0.7704153656959534
0.7951029539108276
0.8073418736457825
0.8937483429908752
0.8242281079292297
0.9228987097740173
0.7619008421897888
0.7582637667655945
0.7538488507270813
0.8131175637245178
0.8890102505683899
0.904583215713501
0.7603476643562317
0.8330323100090027
0.8376949429512024
0.7891321182250977
0.8085491061210632
0.8333747386932373
0.8207402229309082
0.7760563492774963
0.9338783025741577
0.8565126657485962
0.7876325845718384
0.8375518321990967
0.7779996395111084
0.8817980885505676
0.8858008980751038
0.7322296500205994
0.8659977316856384
0.8031724095344543
0.7446109056472778
0.7636554837226868
0.7285721898078918
0.7750950455665588
0.8051952123641968
0.6337328553199768
0.6898103356361389
0.674117922782898
0.7470141053199768
0.6721763610839844
0.7775020599365234
0.7707552313804626
0.7698702216148376
0.838494598865509
0.7672581076622009
0.6045032143592834
0.6533569693565369
0.7193323373794556
0.6609106659889221
0.7205326557159424
0.7746428847312927
0.7385071516036987
0.6945269107818604
0.8138461112976074
0.7039484977722168
0.7983566522598267
0.6246448159217834
0.751356303691864
0.7426696419715881
0.7572907209396362
0.7255371809005737
0.6228232383728027
0.6866973638534546
0.7252011895179749
0.7892119288444519
0.6952342987060547
0.6028000712394714
0.6647591590881348
0.9081980586051941
0.7519205808639526
0.6906954646110535
0.5474013090133667
0.7583951950073242
0.7351365089416504
0.563877522945404
0.8402244448661804
0.7101178169250488
0.6806554794311523
0.9109886884689331
0.9366011023521423
0.6825541853904724
0.7967579960823059
0.740957498550415
0.7714723944664001
0.6911019086837769
0.7816689014434814
0.745720386505127
0.8977173566818237
0.5409688949584961
0.5688722729682922
0.7425081729888916
0.6693856120109558
0.8230640888214111
0.588015079498291
0.6768574118614197
0.798199474811554
0.8028551340103149
0.8302956819534302
0.7662607431411743
0.7818741798400879
0.7155624032020569
0.8277434706687927
0.7771481871604919
0.9554381966590881
0.7530907988548279
0.898705005645752
0.8384408354759216
0.7545621991157532
0.8139623403549194
0.8936769366264343
0.7384673953056335
0.6972012519836426
0.6934179663658142
0.7464032769203186
0.7690320014953613
0.7528101205825806
0.7783730030059814
0.6061010360717773
0.7405868768692017
0.8610630631446838
0.6200829148292542
0.7231112718582153
0.6447128057479858
0.750792384147644
0.5975527763366699
0.7073642015457153
0.7989984154701233
0.7678187489509583
0.7952695488929749
0.7264206409454346
0.8381272554397583
0.7020175457000732
0.7804240584373474
0.7637380957603455
0.7846485376358032
0.7679808735847473
0.8156682848930359
0.7708919048309326
0.8305228352546692
0.7173745632171631
0.8057999610900879
0.6881700754165649
0.6706502437591553
0.7606096267700195
0.8636664152145386
0.7792384028434753
0.7054675221443176
0.8288149237632751
0.7215418219566345
0.7293894290924072
0.7551904320716858
0.6473047733306885
0.6979781985282898
0.7629694938659668
0.5422734022140503
0.620516836643219
0.8823202252388
0.6833406090736389
0.6709911823272705
0.788263738155365
0.5034235119819641
0.6534944176673889
0.743549644947052
0.7952483892440796
0.6134734749794006
0.776645839214325
0.6593891978263855
0.8146908283233643
0.6614431738853455
0.6461724042892456
0.6176473498344421
0.7232701182365417
0.7242693305015564
0.6662055850028992
0.6447973251342773
0.8040243983268738
0.7266454100608826
0.7585489153862
0.709248960018158
0.7478049397468567
0.6791363954544067
0.7668407559394836
0.7306891679763794
0.508903980255127
0.8083828687667847
0.8023995757102966
0.6289481520652771
0.7980741858482361
0.7470218539237976
0.8799967169761658
0.7879683971405029
0.7543445229530334
0.6384933590888977
0.6477847695350647
0.670087456703186
0.8008363842964172
0.8571388125419617
0.8480309247970581
0.8930688500404358
0.7799708247184753
0.6785377264022827
0.7784859538078308
0.7077074646949768
0.6700233221054077
0.679477334022522
0.8054465651512146
0.8316389322280884
0.871603786945343
0.9348627328872681
0.8010408282279968
0.8191115856170654
0.6751912236213684
0.7469945549964905
0.8324453234672546
0.7182092070579529
0.6926629543304443
0.8002665042877197
0.7800732254981995
0.8029757738113403
0.7733377814292908
0.8001731038093567
0.7370496392250061
0.783339262008667
0.7860732674598694
0.7034414410591125
0.8612582087516785
0.7297104001045227
0.8284308910369873
0.57954341173172
0.7563503980636597
0.7872951626777649
0.769637405872345
0.73835289478302
0.7499083280563354
0.6033206582069397
0.6635031700134277
0.6104203462600708
0.824206531047821
0.7234567999839783
0.7570633292198181
0.7103357315063477
0.8375906348228455
0.7708066701889038
0.789612352848053
0.6777975559234619
0.5684875845909119
0.7743021249771118
0.7320924997329712
0.8499391078948975
0.7279016971588135
0.8930677175521851
0.8085612654685974
0.6228785514831543
0.7199950218200684
0.6127535104751587
0.6252466440200806
0.5670858025550842
0.7107129096984863
0.8126552104949951
0.762384831905365
0.7600339651107788
0.7845916748046875
0.6999428272247314
0.737419843673706
0.46536722779273987
0.78045654296875
0.7316233515739441
0.8323394060134888
0.8468398451805115
0.6730847358703613
0.8747445940971375
0.57651287317276
0.6418452858924866
0.8352933526039124
0.552650511264801
0.7429102063179016
0.753484845161438
0.6459743976593018
0.8387433886528015
0.6424940824508667
0.8327310681343079
0.8097198605537415
0.7535595893859863
0.8641623258590698
0.7101985216140747
0.798210084438324
0.7841987609863281
0.8852999210357666
0.6851680874824524
0.6818194389343262
0.7167986631393433
0.5944070816040039
0.6816645860671997
0.6879580020904541
0.6855080723762512
0.7063743472099304
0.6548527479171753
0.9208085536956787
0.629702627658844
0.697921633720398
0.9039580225944519
0.6194530129432678
0.6850636005401611
0.5501992702484131
0.662326455116272
0.77381831407547
0.8440877199172974
0.7891766428947449
0.7672035694122314
0.6692847609519958
0.7002373337745667
0.7702096104621887
0.800809383392334
0.6593529582023621
0.744975209236145
0.6980057954788208
0.7808318138122559
0.6490787863731384
0.7660679221153259
0.7842082977294922
0.677043080329895
0.7388197183609009
0.7334074378013611
0.9306567907333374
0.7245794534683228
0.7604712843894958
0.7176151275634766
0.7555574774742126
0.631349503993988
0.6993971467018127
0.8072086572647095
0.6290473937988281
0.7382243275642395
0.757530689239502
0.8138107657432556
0.8953115940093994
0.760057806968689
0.7876145243644714
0.9303101897239685
0.6154932975769043
0.7414669394493103
0.6453872323036194
0.7721731066703796
0.6755268573760986
0.8555519580841064
0.7155268788337708
0.8853110671043396
0.7313399910926819
0.8799378871917725
0.7011625170707703
0.6510840058326721
0.7165271639823914
0.7760168313980103
0.7817230820655823
0.7309569120407104
0.5983959436416626
0.5372514128684998
0.8793821930885315
0.625943124294281
0.7663771510124207
0.7643147110939026
0.7272905111312866
0.47320982813835144
0.8270062804222107
0.6882820129394531
0.716468095779419
0.7520052790641785
0.7902906537055969
0.6167222261428833
0.7856202721595764
0.621015727519989
0.7487281560897827
0.8271445631980896
0.6105576753616333
0.7499262094497681
0.7188544273376465
0.6958779692649841
0.8179104328155518
0.880267858505249
0.7778319716453552
0.7489636540412903
0.8320429921150208
0.8100211024284363
0.7839161157608032
0.6417904496192932
0.8921629786491394
0.7461135387420654
0.7682539820671082
0.8108340501785278
0.7923417091369629
0.7273434400558472
0.7107773423194885
0.7338311076164246
0.7641193866729736
0.7840827107429504
0.7196952700614929
0.5792068839073181
0.9611456394195557
0.7159107327461243
0.725379467010498
0.874442994594574
0.7535690069198608
0.7368360757827759
0.7921004295349121
0.9357614517211914
0.8598605990409851
0.673190712928772
0.9045347571372986
0.9385020136833191
0.721820056438446
0.8055552840232849
0.7310275435447693
0.6639413237571716
0.667477011680603
0.8800796866416931
0.8637157082557678
0.5880599617958069
0.7507599592208862
0.6961299180984497
0.7871065139770508
0.7197204828262329
0.6860947012901306
0.7517414689064026
0.8201842904090881
0.7485629916191101
0.8555464744567871
0.6674185395240784
0.6824681162834167
0.664180338382721
0.7606232762336731
0.7747683525085449
0.778684139251709
0.8069087862968445
0.6888264417648315
0.6559867858886719
0.4831342399120331
0.7958645224571228
0.7867740988731384
0.8680579662322998
0.6923485994338989
0.7275074124336243
0.7344474792480469
0.816533088684082
0.7694235444068909
0.7102641463279724
0.7058045268058777
0.6495431065559387
0.7714939117431641
0.7139405608177185
0.7206729054450989
0.7576093077659607
0.6498556733131409
0.7159921526908875
0.7425270676612854
0.7151747345924377
0.6694498062133789
0.8135883808135986
0.88889080286026
0.6776794195175171
0.7418877482414246
0.7656940817832947
0.49684903025627136
0.8455061912536621
0.7233136892318726
0.8132427930831909
0.7773606777191162
0.7146813273429871
0.7689225673675537
0.7401322722434998
0.673765242099762
0.7942930459976196
0.8659793138504028
0.8911454677581787
0.7184228897094727
0.7626396417617798
0.7533755898475647
0.7350839972496033
0.710162341594696
0.7229235768318176
0.8095239400863647
0.7345524430274963
0.6890841126441956
0.5759658813476562
0.7440158128738403
0.6531645655632019
0.7092087864875793
0.7436922788619995
0.6889874339103699
0.7237061858177185
0.7024374604225159
0.5398159027099609
0.6780221462249756
0.6722411513328552
0.7350494861602783
0.5960841774940491
0.5963893532752991
0.6344678997993469
0.9625889658927917
0.7367710471153259
0.6342020034790039
0.5157877206802368
0.7632477283477783
0.6761045455932617
0.6238616704940796
0.7567182779312134
0.6691688895225525
0.7945542335510254
0.7637679576873779
0.8094980716705322
0.8067924380302429
0.7495307922363281
0.8192277550697327
0.6627430319786072
0.9232478737831116
0.7231130003929138
0.7224929332733154
0.5881741642951965
0.7944696545600891
0.8555794954299927
0.729409396648407
0.7150493264198303
0.9092419743537903
0.5607037544250488
0.9079635143280029
0.804379403591156
0.6982004642486572
0.8161734938621521
0.7261045575141907
0.7229289412498474
0.688629686832428
0.750001847743988
0.7833099365234375
0.7186382412910461
0.7845317125320435
0.7220064997673035
0.6979470252990723
0.6741490364074707
0.7974494695663452
0.776726484298706
0.6602141857147217
0.7137553095817566
0.6198619604110718
0.6965609192848206
0.7716083526611328
0.734387993812561
0.7256693840026855
0.8054795265197754
0.8453879952430725
0.723637044429779
0.6967127919197083
0.8308222889900208
0.7124162316322327
0.9580705761909485
0.720565140247345
0.7366470098495483
0.8041186332702637
0.8852748870849609
0.6667627096176147
0.6428313851356506
0.7689207196235657
0.9175229668617249
0.7321934103965759
0.8022295236587524
0.6778287887573242
0.6113218665122986
0.5618112087249756
0.7505283951759338
0.7914528250694275
0.7013100981712341
0.7397692799568176
0.921515941619873
0.8174386024475098
0.868340790271759
0.760834276676178
0.872342050075531
0.6354819536209106
0.8079834580421448
0.6319030523300171
0.804084837436676
0.7904406189918518
0.8789833188056946
0.6473343968391418
0.670883297920227
0.6585685014724731
0.8811287879943848
0.7945082783699036
0.7002354860305786
0.6732500791549683
0.6445830464363098
0.8979515433311462
0.7960977554321289