0.8824215531349182
0.8335632681846619
0.7979087233543396
0.852164089679718
0.9203807711601257
0.8741371035575867
0.901548445224762
0.7778422236442566
0.8473383784294128
0.7656409740447998
0.9486785531044006
0.9668574333190918
0.8619760870933533
0.8152182102203369
0.9494696259498596
0.8760025501251221
0.8160578012466431
0.8208790421485901
0.7701107263565063
0.8182350397109985
0.8657090663909912
0.9654392004013062
0.8283112645149231
0.8239405155181885
0.8771313428878784
0.9364637136459351
0.9123227000236511
0.9601166844367981
0.8640303611755371
0.8313237428665161
1.0365405082702637
0.9647925496101379
0.9862293601036072
0.852191150188446
0.94566810131073
0.935684084892273
0.8422468900680542
0.7330055832862854
0.8385460376739502
0.9674767851829529
0.995991051197052
0.9441324472427368
0.8431395292282104
0.9354478120803833
0.8636119365692139
0.9174621105194092
0.8155457377433777
0.891219437122345
0.9632747173309326
0.9112862348556519
0.7895447611808777
0.8933932185173035
0.700884997844696
0.8831152319908142
0.8991519808769226
0.8096515536308289
0.8237688541412354
0.7802103161811829
0.9286946058273315
0.7742844820022583
0.8731842637062073
0.9645214080810547
0.7808771133422852
0.7562963962554932
0.8691332340240479
0.8903962969779968
0.8910690546035767
0.8353619575500488
0.8036192059516907
0.8919492363929749
0.871995747089386
0.8425984382629395
0.9756554365158081
0.9512236714363098
0.8825398683547974
0.9571655988693237
0.7601887583732605
0.8719502687454224
0.8632292747497559
0.8869660496711731
0.9498125910758972
0.8980345129966736
0.7792080044746399
0.8659387826919556
0.9064818024635315
0.8947133421897888
1.0202735662460327
0.8406420350074768
0.8504778742790222
0.8765348792076111
0.8302949070930481
0.755598783493042
0.8647204041481018
0.8476769328117371
0.7783747911453247
0.95335453748703
1.0067750215530396
0.7925364971160889
0.9015570282936096
0.961754560470581
0.9015479683876038
0.7933112382888794
0.9069309830665588
0.7758145928382874
0.9780068397521973
0.8480662107467651
0.857180655002594
0.9292299747467041
0.9201869964599609
0.8202380537986755
0.8144494891166687
0.8144494891166687
0.8075717091560364
0.9414919018745422
0.9271514415740967
0.9196269512176514
0.9699907898902893
0.9563570022583008
0.9563570022583008
0.8326912522315979
0.7900992631912231
0.8859853148460388
0.7761473655700684
0.8211612105369568
0.807305634021759
0.9049413204193115
0.7755220532417297
0.8792829513549805
0.8598213195800781
0.8100714087486267
0.848051905632019
0.8658615946769714
0.9590231776237488
0.7572960257530212
0.8230921030044556
0.8469194173812866
0.8592619299888611
0.8518821597099304
0.8168708682060242
1.0025383234024048
0.9730685353279114
0.8722274899482727
0.8691376447677612
0.9301907420158386
0.8709299564361572
0.8346239924430847
0.9367714524269104
0.7851921916007996
0.9739314317703247
0.8106948733329773
0.894167423248291
0.9646595120429993
0.8551967740058899
0.9407751560211182
0.8517230749130249
0.9416378736495972
0.8763704895973206
0.8211024403572083
0.8834009766578674
0.8083956241607666
0.9454749226570129
0.8365650773048401
0.8304259777069092
0.7642549872398376
0.8309795260429382
0.8386837840080261
0.8080679178237915
0.7374284267425537
0.8630314469337463
0.8891569375991821
0.8643361330032349
0.8030075430870056
0.8978431820869446
0.8557798862457275
0.9281010627746582
0.7722097039222717
0.6616880297660828
0.8141137361526489
0.8416262269020081
0.7399960160255432
0.8013097643852234
0.8768136501312256
0.8969194889068604
0.9658262729644775
0.8738335371017456
0.8388959765434265
0.7290064692497253
0.9404373168945312
1.0093088150024414
0.917237401008606
0.7569283246994019
0.8529245257377625
0.873890221118927
0.8015432357788086
0.9408372640609741
0.8595941662788391
0.8477218747138977
0.8725273013114929
0.9240395426750183
0.7189247608184814
0.8670223951339722
0.7152392268180847
0.8715057969093323
0.9263167381286621
0.8794428110122681
0.8654019236564636
1.0298587083816528
0.8283317685127258
0.8416470289230347
0.8054772019386292
0.8871434330940247
1.0372005701065063
0.7555558681488037
0.843491792678833
0.9378655552864075
0.8537063002586365
0.8853123784065247
1.0251322984695435
0.7794724702835083
0.7861199975013733
0.9550511240959167
0.8129496574401855
0.8429371118545532
0.7382557988166809
0.8090928196907043
0.6978369951248169
0.8731408715248108
0.7530575394630432
0.8564344644546509
0.9451937675476074
0.7899894714355469
0.8532467484474182
0.8978000283241272
0.8653772473335266
0.8442113399505615
0.9248732328414917
0.7420181632041931
0.8608314990997314
0.9159278273582458
0.8784710168838501
0.8205660581588745
0.889176070690155
0.8246320486068726
0.9280005693435669
1.008791446685791
1.008791446685791
0.7982769012451172
0.8527405858039856
0.8846817016601562
0.8611310124397278
0.8767402768135071
0.8649513125419617
0.9748895168304443
0.9082512259483337
0.7374507188796997
0.8202140927314758
1.0160413980484009
0.8780935406684875
0.8056637644767761
0.7717573642730713
0.8037045001983643
0.9317477941513062
0.8607940673828125
0.8917543292045593
0.8813700079917908
1.002975344657898
0.7678911089897156
0.7551656365394592
0.8067049384117126
0.761753261089325
0.7913914918899536
0.9674369692802429
0.9157500267028809
0.7177912592887878
0.8989836573600769
0.9427105188369751
0.7216973304748535
1.0163463354110718
0.832463800907135
0.825427234172821
0.839049220085144
0.9045608043670654
0.7998594641685486
0.9753770232200623
0.8857373595237732
0.9905257225036621
0.8232721090316772
0.8428207039833069
0.7379314303398132
0.9666965007781982
0.8606904149055481
0.7118057608604431
0.9419512748718262
0.7200227379798889
0.8674675226211548
0.8881544470787048
0.8548700213432312
0.8402737975120544
0.8640798330307007
0.8512463569641113
0.9007501602172852
0.7679415941238403
0.8389047980308533
0.9448240399360657
0.9234437346458435
0.8545275926589966
0.7192466855049133
0.9153025150299072
0.9179771542549133
0.8285035490989685
0.9531586170196533
0.772214412689209
0.8479147553443909
0.8743188381195068
0.8971080183982849
0.7991935014724731
0.8839811086654663
0.712588906288147
0.9319208860397339
0.8120441436767578
0.8677628040313721
0.8711286783218384
0.9054540991783142
0.7362335920333862
0.8633908033370972
0.7666313052177429
0.7948322892189026
0.7699598073959351
0.9522448778152466
0.8322468996047974
0.9089986681938171
0.8129597902297974
0.9132440686225891
0.861383855342865
0.9572030901908875
0.9877905249595642
0.8144989609718323
0.8265635967254639
0.8439391851425171
0.90421462059021
0.8792036771774292
0.8077280521392822
0.8220993280410767
0.7940428256988525
0.8662610054016113
0.7332435846328735
0.7524424195289612
0.9126334190368652
0.8231801986694336
0.8627809286117554
0.7934970259666443
0.8331561088562012
0.954042375087738
0.9409211277961731
0.9229032397270203
0.8160641193389893
0.7923842072486877
0.8461889028549194
0.8445543050765991
0.8373246788978577
0.7532753348350525
0.6466746926307678
0.9589969515800476
1.0143471956253052
0.9037655591964722
0.9755117893218994
0.9451815485954285
0.9074356555938721
0.7022047638893127
0.9758949279785156
0.8854500651359558
0.839829683303833
0.7701196670532227
0.9779502749443054
0.9934196472167969
0.937149703502655
0.8244208693504333
0.8769692182540894
0.9176914095878601
0.8926094770431519
0.9578664302825928
0.8635989427566528
0.8606259822845459
0.8277512192726135
0.8929137587547302
0.839814305305481
0.8858851194381714
0.9885220527648926
0.9478908777236938
0.7156870365142822
0.9032214879989624
0.9571853280067444
0.8957603573799133
0.8509421944618225
0.8494427800178528
0.9048767685890198
0.8496072292327881
0.9000541567802429
0.8510115146636963
0.8957836031913757
0.8787205815315247
0.8809073567390442
0.9540261626243591
0.8278706073760986
0.8507068157196045
0.9491267800331116
0.9708209037780762
0.9490331411361694
0.8941677212715149
0.9247224926948547
0.999767005443573
0.8720158338546753
0.9326798319816589
0.798354983329773
0.8272730708122253
0.7293698787689209
0.712181568145752
0.9285901784896851
0.9636698365211487
0.7475513815879822
0.9252017140388489
0.9202319383621216
0.8361274003982544
0.9266030192375183
0.9184153079986572
0.8960587382316589
0.7611201405525208
0.9273707866668701
0.9146143198013306
0.8903438448905945
0.8191940784454346
0.865764856338501
0.8375477194786072
0.808387279510498
0.9298984408378601
0.8039571642875671
0.6825079917907715
0.89287930727005
0.9564910531044006
0.7921088933944702
0.864437997341156
0.8113239407539368
0.952728271484375
0.9268723130226135
0.9341760873794556
0.9089846014976501
0.8218830823898315
0.831410825252533
1.0029813051223755
0.8838539123535156
0.8179132342338562
0.7941625118255615
0.8084884285926819
0.9301573634147644
0.8912132978439331
0.8055400252342224
0.8900690078735352
0.8242356777191162
0.8042963147163391
0.7125060558319092
0.8827617168426514
0.8035039901733398
0.7749279141426086
0.7884547710418701
0.8747429847717285
0.9143122434616089
0.81074458360672
0.8469023108482361
0.9102041125297546
0.7546072602272034
0.9090263247489929
0.9240471720695496
0.7262595295906067
0.6910402774810791
0.8271633982658386
0.7394040822982788
0.9706767797470093
0.7446029186248779
0.8033017516136169
0.7558575868606567
0.8985315561294556
0.8865137696266174
0.8348018527030945
0.8673064112663269
0.6843758821487427
0.7494792938232422
0.9055498838424683
0.9106534123420715
0.9171423316001892
0.8210026025772095
0.7371541857719421
0.7745701670646667
0.7716633081436157
0.7531684041023254
0.9368668794631958
0.9053913354873657
0.8801630735397339
0.8495829701423645
0.8085814118385315
0.8312318921089172
0.8796749711036682
0.7749098539352417
0.9413144588470459
0.7696517109870911
0.9418125152587891
0.853813886642456
0.8417662978172302
0.705561637878418
0.8691335916519165
0.8780307769775391
0.8926253914833069
0.7573812007904053
0.9853416085243225
0.7387679815292358
0.9927416443824768
0.8878330588340759
0.8905625343322754
0.8993880748748779
0.8017009496688843
0.8365829586982727
0.8421750664710999
0.831200361251831
0.832060694694519
0.7211870551109314
1.0106698274612427
0.8391438722610474
0.9599349498748779
1.0129014253616333
0.8260014057159424
0.7976341247558594
0.8794004321098328
0.9940146207809448
0.7547394633293152
0.53887540102005
0.7105311155319214
0.7639232277870178
0.8486320972442627
0.9132274389266968
0.9383261799812317
0.7043688893318176
0.8968285322189331
0.871357798576355
0.941724419593811
0.8805357813835144
0.8599063158035278
0.8149714469909668
0.7335690259933472
0.8012024164199829
0.7828660607337952
0.8590492010116577
0.7297056317329407
0.8243308067321777
0.9627318978309631
0.7948164939880371
0.7974547743797302
0.8082648515701294
0.9434468746185303
0.9364941120147705
0.9285224080085754
0.9448228478431702
0.7248796820640564
0.8309793472290039
0.8911256790161133
0.8706674575805664
0.9134714007377625
0.839849054813385
0.6943029165267944
0.7749572396278381
0.8366417288780212
0.8370791673660278
0.883728563785553
0.7798575758934021
0.8173823356628418
0.7549108266830444
0.7291989326477051
0.9112504124641418
0.7088111639022827
0.7458258271217346
0.7314428687095642
0.9431291818618774
0.8217983245849609
0.8140873908996582
0.831455409526825
0.7646780014038086
0.7698429226875305
0.9143944382667542
0.7907772064208984
0.7782511115074158
0.8612931966781616
0.8464859127998352
0.8999199271202087
0.7243563532829285
1.0219948291778564
0.5705938935279846
0.8495728373527527
0.7249646782875061
0.7033891677856445
0.8138636946678162
0.7784579992294312
0.8115561008453369
0.8287185430526733
0.7813433408737183
0.9095438122749329
0.7650986909866333
0.9031748175621033
0.848019003868103
0.8981447815895081
0.7651932239532471
0.9185017347335815
0.8428139090538025
0.9012114405632019
0.6792946457862854
0.9195249080657959
0.8373239636421204
0.9151323437690735
0.8506464958190918
0.654501736164093
1.0161340236663818
0.770393431186676
0.8280778527259827
0.8017258048057556
0.7291548252105713
0.9106974601745605
0.7220584750175476
0.7947792410850525
0.8061278462409973
0.704720675945282
0.7132046818733215
0.7072209715843201
0.8909756541252136
0.915166974067688
0.9709131121635437
0.8852972388267517
0.8708811402320862
0.8817670345306396
0.7331464886665344
0.7745956182479858
0.9096356630325317
0.683030366897583
0.6888700723648071
0.8026461005210876
0.6848653554916382
1.0057991743087769
0.868765115737915
0.7655364274978638
0.8025109171867371
0.8707593679428101
0.8159862756729126
0.9896232485771179
0.8058194518089294
0.9147477746009827
0.9164231419563293
0.8403316736221313
0.8548053503036499
0.8695959448814392
0.8955168724060059
0.8452575206756592
0.8040879368782043
0.8085421323776245
0.9935882687568665
0.8002376556396484
0.7400649189949036
0.9516428709030151
0.8347695469856262
0.9793727397918701
0.7092792391777039
0.7759178280830383
0.7749667167663574
0.8590344190597534
0.9474039673805237
0.7822536826133728
0.6919765472412109
0.6531485915184021
0.7521288394927979
0.7393473386764526
0.901892900466919
0.8266253471374512
0.924638032913208
0.8112208247184753
0.9040631651878357
1.009400486946106
0.8945938944816589
0.9094428420066833
0.7787632346153259
0.7648701071739197
0.7897347807884216
0.8193500638008118
0.903346836566925
0.9073726534843445
0.9366370439529419
0.9682459831237793
1.016844391822815
0.6485740542411804
0.7740684747695923
0.8694532513618469
0.8292738199234009
0.7901840209960938
0.8735639452934265
0.7916630506515503
0.8107430934906006
0.9662842750549316
0.9517391324043274
1.001018762588501
0.7513680458068848
0.7932679653167725
0.7895339131355286
0.8115765452384949
0.6979471445083618
0.8745460510253906
0.8231614828109741
0.8669896125793457
0.7790548205375671
0.7085607051849365
0.9379791617393494
0.8875837326049805
0.8644940257072449
0.8533943891525269
0.5406748652458191
0.8450990915298462
0.945112943649292
0.9626867771148682
0.8347810506820679
0.7378038167953491
0.7264032363891602
0.8562740087509155
1.0387061834335327
0.7884441614151001
0.8732730150222778
0.9365572333335876
0.8302217721939087
0.7945733666419983
0.8470080494880676
0.8395178914070129
0.9449713230133057
0.8994775414466858
0.9489279389381409
0.8276095390319824
0.8778230547904968
0.686307430267334
0.8296983242034912
1.0129010677337646
0.8169206976890564
0.7291035056114197
0.917970597743988
0.8481172919273376
0.7914397716522217
0.8416702151298523
0.8342593908309937
0.6333633065223694
0.8268362283706665
0.7346792817115784
0.8210641145706177
0.7642136812210083
0.7120286822319031
0.665300726890564
0.6764693260192871
0.6497575640678406
0.6974706053733826
0.9112098217010498
0.709463357925415
0.9495934247970581
0.9495934247970581
0.935730516910553
0.9755088090896606
0.6835666298866272
0.6918815970420837
0.9293351769447327
0.691169798374176
0.7949478030204773
0.9030535221099854
0.6958264112472534
0.852847695350647
0.8132190108299255
0.7914188504219055
0.7576327919960022
0.7992129921913147
0.8334707617759705
0.9522377252578735
0.8824238777160645
0.7202246785163879
0.9707140922546387
0.7436555624008179
0.8939236998558044
0.7085073590278625
0.8786514401435852
0.8340268731117249
0.837242603302002
0.8380519151687622
0.7512109875679016
0.6592990159988403
0.8560972213745117
0.8289958834648132
0.8335784077644348
0.8200233578681946
0.9039837121963501
0.8054921627044678
0.8655380606651306
1.029752254486084
0.5745317935943604
0.9484798312187195
0.8550198078155518
0.7879247069358826
0.7796032428741455
0.9553097486495972
0.7840336561203003
0.8018717169761658
0.7751550078392029
0.6780070662498474
0.6744983196258545
0.9205054640769958
0.7538564205169678
0.8062669634819031
0.8929908275604248
0.7957878112792969
0.9689586758613586
0.8246611952781677
0.8163474202156067
0.8169359564781189
0.7188777327537537
0.9405848383903503
0.905490517616272
1.0345412492752075
0.9774750471115112
0.7761811017990112
0.8076502680778503
0.7466397881507874
0.6307225227355957
0.8279092311859131
0.6185363531112671
0.8155485987663269
0.9281389713287354
0.8750900626182556
0.764938235282898
0.7959355115890503
0.858732283115387
0.7665728330612183
0.8616939783096313
0.918469250202179
0.9243863224983215
0.8707091212272644
0.969926655292511
0.7651053667068481
0.7828801870346069
0.7809129953384399
0.7476868629455566
0.7121199369430542
0.7078526616096497
0.9000808000564575
0.9043934941291809
0.9237412214279175
0.8291964530944824
0.9077915549278259
0.8057257533073425
0.8618475198745728
0.9055056571960449
0.8253878951072693
0.8559638857841492
0.7069554328918457
0.9873210191726685
0.753739058971405
0.7588386535644531
0.7800686359405518
0.8752639889717102
0.8437620401382446
0.73713219165802
0.8914728760719299
0.8398018479347229
0.8100365400314331
0.8325039148330688
0.8621668815612793
1.0071451663970947
0.9406029582023621
0.6997386813163757
0.8062416911125183
0.8933493494987488
0.8170902132987976
0.7897554039955139
0.9584818482398987
0.707772433757782
0.8555473685264587
0.8805606365203857
0.8052453994750977
0.8883888125419617
0.8603553771972656
0.7173632979393005
0.9225562810897827
0.8914479613304138
0.8858620524406433
0.872162401676178
0.9215770959854126
0.8389444351196289
0.678658127784729
0.8533477187156677
0.8596917390823364
0.9383508563041687
0.9320667386054993
0.8248050808906555
0.8580436110496521
0.9135610461235046
0.7804449200630188
0.7776342034339905
0.7867857813835144
0.697984516620636
0.824436604976654
0.897702157497406
0.8540674448013306
0.8739808201789856
0.8096625208854675
0.8803677558898926
0.7454144358634949
0.8229203820228577
0.9182838797569275
0.9826881885528564
0.7722690105438232
0.7157061100006104
0.6524147391319275
0.7361249923706055
0.783075213432312
0.9595505595207214
0.7551388144493103
0.7678605318069458
0.8323068618774414
0.8749709129333496
0.7019035220146179
0.8315211534500122
0.7421291470527649
0.837723433971405
0.8917321562767029
0.7430958151817322
0.7470498085021973
0.8074163794517517
0.9997205138206482
0.7995050549507141
0.8104851841926575
0.7875112295150757
0.7487601041793823
0.8527258634567261
0.8815376162528992
0.8317343592643738
0.9143129587173462
0.8480486869812012
0.7555971741676331
0.7705760598182678
0.9074174761772156
0.8384385108947754
0.7654597759246826
0.6744405627250671
0.991484522819519
0.8620867729187012
0.8935685157775879
0.8826287984848022
0.8980138897895813
0.6655539870262146
0.7962625622749329
0.9262091517448425
0.8466693758964539
0.7953232526779175
0.8613383769989014
0.8634629249572754
0.861768364906311
0.7617824077606201
0.9851831197738647
0.9169687628746033
0.87445467710495
0.8009045124053955
0.7708900570869446
0.8281282186508179
0.8862402439117432
0.9658046364784241
0.7597704529762268
0.798721432685852
0.8661738634109497
0.8152359127998352
0.7349127531051636
0.6790342330932617
0.848171591758728
0.8997471928596497
0.8731124401092529
0.8218643069267273
0.8606863021850586
0.8374640941619873
0.8384764194488525
0.865661084651947
0.7381253838539124
0.7972216010093689
0.8241643309593201
0.7715693712234497
0.8055720329284668
0.7429537177085876
0.7569849491119385
0.7549344897270203
0.885038435459137
0.885392963886261
0.9486694931983948
0.7089031934738159
0.7456768751144409
0.783148467540741
0.8584172129631042
0.7252002358436584
0.8382928967475891
0.9233962297439575
0.6757371425628662
0.7834599018096924
0.9056367874145508
0.8199406266212463
0.9970496296882629
0.6886587738990784
0.8322774171829224
0.9327955842018127
0.8951159119606018
0.7790555953979492
0.9091774821281433
0.643723726272583
0.8560295701026917
0.8660175204277039
0.8551682233810425
0.6554616689682007
0.7864049673080444
0.7669425010681152
0.905646026134491
0.7990431189537048
0.8468437194824219
0.8854742050170898
0.7872641086578369
0.7953073382377625
0.8110365867614746
0.7435240149497986
0.5805647373199463
0.8422175645828247
0.9907953143119812
0.8816761374473572
0.7207144498825073
0.8044424057006836
0.8095610737800598
0.9524018168449402
0.9072339534759521
0.7983332276344299
0.8592119216918945
0.9676823616027832
0.9595018625259399
0.9189841747283936
0.934988260269165
0.7816234230995178
0.8158799409866333
0.9034773707389832
0.8197240233421326
0.7253193259239197
0.7145077586174011
0.8867652416229248
0.8384138345718384
0.8184863328933716
0.7898977398872375
0.8360219597816467
0.9434297680854797
0.7244963049888611
0.8153613209724426
0.9615620374679565
0.8541573882102966
0.9035763144493103
0.7237955331802368
0.6905916929244995
0.8395081758499146
0.8196552991867065
0.949763834476471
0.8930178880691528
0.8141650557518005
0.7837839126586914
0.9492883682250977
0.9279162883758545
0.8600665926933289
0.828853189945221
0.9369200468063354
0.7658163905143738
0.8580436110496521
0.854788601398468
0.7371304035186768
0.6541892886161804
0.9817116260528564
0.9807628393173218
0.7250515818595886
0.9500511288642883
0.8717573881149292
0.8224828839302063
0.8558331727981567
0.8909651041030884
0.7089438438415527
0.8751874566078186
0.9015163779258728
0.7359368205070496
0.8922736644744873
0.8068622946739197
0.7225494384765625
0.5690674781799316
0.9481381177902222
0.9945002794265747
0.686983048915863
0.7271406650543213
0.8971459865570068
0.6933299899101257
0.9173943400382996
0.8832090497016907
0.8526260256767273
0.8688209652900696
0.7715247869491577
0.5828402042388916
0.7280121445655823
1.0196398496627808
0.8102638721466064
0.9930334687232971
0.934789776802063
0.7172440886497498
0.8975404500961304
0.7532911896705627
0.9435679912567139
0.7889739274978638
0.7425828576087952
0.721513032913208
0.778041660785675
0.8571875095367432
0.8913466334342957
0.7128410935401917
0.8700003623962402
0.9528696537017822
0.7253217697143555
0.7733098864555359
0.766743540763855
0.9225034713745117
0.48725268244743347
0.8646223545074463
0.7257046103477478
0.7478812336921692
0.9259660243988037
0.8281028866767883
0.8772727847099304
0.8750209808349609
0.8247103691101074
0.7099738121032715
0.7209703326225281
0.8005368113517761
0.7763639092445374
0.8426357507705688
0.8275262117385864
0.851145327091217
0.7684540152549744
0.77968829870224
0.7840325832366943
0.7548852562904358
0.902153730392456
0.6157014966011047
0.8747608661651611
0.7439572215080261
0.7452860474586487
0.85346919298172
0.96321040391922
0.881191611289978
0.8354334831237793
0.7666273713111877
0.7420763373374939
0.9337356686592102
0.8573341369628906
0.785302996635437
0.6492958068847656
0.6249805688858032
0.7455289363861084
0.7219509482383728
0.7826018929481506
0.7009170055389404
0.8713787794113159
0.7084023356437683
0.8171335458755493
0.7596772909164429
0.8890613913536072
0.8850508332252502
0.789496898651123
0.7447307109832764
0.7740877866744995
0.7577499747276306
0.852837085723877
0.8266237378120422
0.8787866234779358
0.7669087648391724
0.7629736065864563
0.8572705984115601
1.0013442039489746
0.8043289184570312
0.770078718662262
0.8058503866195679
0.744407057762146
0.7607861161231995
0.6897555589675903
0.7165367603302002
0.8616511225700378
0.8616980314254761
0.8498870134353638
0.8566626906394958
0.9105077981948853
0.9610673189163208
0.81568443775177
0.7900468111038208
0.7351014614105225
0.8573861718177795
0.8064316511154175
0.6924731135368347
0.8808761835098267
0.8026593923568726
0.8669313788414001
0.7998356223106384
0.7483516931533813
1.0327142477035522
0.8112847208976746
0.8421931266784668
0.817042887210846
0.8181965351104736
0.7269831299781799
0.7541279792785645
0.8230926990509033
0.7623748779296875
0.813775897026062
0.6425226330757141
0.913040816783905
0.7806695103645325
0.8838273882865906
0.7509937882423401
0.7924010157585144
0.7521182298660278
0.9058886766433716
0.9311536550521851
0.885572612285614
0.959416389465332
0.9576478004455566
0.8233083486557007
0.8805719614028931
0.7751027345657349
0.8328545093536377
0.9013680219650269
0.8253999352455139
0.8164499402046204
0.9116455316543579
0.9067345261573792
0.7350975275039673
0.9327418804168701
0.7111548781394958
0.7669083476066589
0.9061070084571838
0.524283230304718
0.8200615644454956
0.9305738210678101
0.7977455854415894
0.8881072402000427
0.8351161479949951
0.5806872248649597
0.8747989535331726
0.6263836622238159
0.7288509011268616
0.980378270149231
0.7795209884643555
0.6400577425956726
0.8415732383728027
0.8072111010551453
0.71343594789505
0.6994796395301819
0.8715769052505493
0.8883143067359924
0.8058135509490967
0.8245148658752441
0.7913949489593506
0.9496158957481384
0.8094214200973511
0.7701340317726135
0.8908748626708984
0.8585935831069946
0.7195147275924683
0.8155773878097534
0.7966872453689575
0.846036434173584
0.7863439917564392
0.7420184016227722
0.801129162311554
0.785635769367218
0.8115600943565369
0.7219933271408081
0.7254913449287415
0.819266140460968
0.7957388758659363
0.6745635867118835
0.7701190114021301
0.8088462352752686
0.7854655385017395
0.89028000831604
0.8241318464279175
0.86342453956604
0.7401967644691467
0.8917763829231262
0.7605284452438354
0.6769795417785645
0.8419478535652161
0.8223949670791626
0.8031534552574158
0.7711103558540344
0.6870798468589783
0.9111329913139343
0.8151013851165771
0.7495561242103577
0.8801394701004028
0.8965483903884888
0.7462413311004639
0.6300442218780518
0.8572983145713806
0.9064473509788513
0.7669710516929626
0.8989144563674927
0.9588466882705688
0.8198803663253784
0.896862804889679
0.7486374974250793
1.018935203552246
0.8858970403671265
0.7907363772392273
0.8042274713516235
0.9231982231140137
0.8355333209037781
0.8517029881477356
0.8195386528968811
0.8946801424026489
0.6929196119308472
0.8012389540672302
0.8241433501243591
0.8242217898368835
0.8114074468612671
0.9087808728218079
0.8627352118492126
0.782451868057251
0.8382678031921387
0.7647967338562012
0.682920515537262
0.740941047668457
0.6969112157821655
0.718014657497406
0.8428691625595093
0.8283916115760803
0.7261542677879333
0.784072995185852
0.8700947165489197
0.6919114589691162
0.8768395185470581
0.7115186452865601
0.8621819615364075
0.9188004732131958
0.8151238560676575
0.9220238924026489
0.7137017846107483
0.8895633816719055
0.9602779150009155
0.7115746736526489
0.8834361433982849
0.5481703877449036
0.8953839540481567
0.760012149810791
0.9171828627586365
0.7796096801757812
0.8164745569229126
0.7607280611991882
0.6611823439598083
0.6982983350753784
0.84930419921875
0.696669340133667
0.9671750068664551
0.6916382312774658
0.8055356740951538
0.8185437321662903
0.9277435541152954
0.697372317314148
0.941806972026825
0.8296366930007935
0.676498293876648
0.8843590617179871
0.8582852482795715
0.8435944318771362
0.8711345791816711
0.7652583718299866
0.8970096707344055
0.8803796172142029
0.7357795238494873
0.6786247491836548
0.5994048118591309
0.8704010248184204
0.7659732699394226
0.7527981400489807
0.8693539500236511
0.9003751277923584
0.786154568195343
0.6764023900032043
0.734628438949585
0.8036035895347595
0.7556192874908447
0.6948181390762329
0.8984978795051575
0.7532803416252136
0.8460359573364258
0.6817252039909363
0.7777037024497986
0.955032467842102
0.6833214163780212
0.8543358445167542
0.9557778239250183
0.7433961033821106
0.8012605905532837
0.668716549873352
0.7643004059791565
0.7422968745231628
0.8183043599128723
0.8180758357048035
0.9067099690437317
0.7637187838554382
0.8283447623252869
0.9084699749946594
0.5759429931640625
0.8561643362045288
0.8370805978775024
0.7059231400489807
0.7883941531181335
0.6293035745620728
0.7527467608451843
0.8006143569946289
0.8464362621307373
0.8069242835044861
0.8084889650344849
0.5845844149589539
0.8631522059440613
0.7129054665565491
0.7233636975288391
0.8262510299682617
0.9935008883476257
0.9043813943862915
0.7345855236053467
0.8901011943817139
0.7153937220573425
0.8572558760643005
0.9284597039222717
0.7858777046203613
0.9083442091941833
0.7844725251197815
0.6192907691001892
0.862186074256897
0.6442667245864868
0.7424562573432922
0.724708616733551
0.7438904047012329
0.7686395049095154
0.7615382671356201
0.8302069902420044
0.8938748240470886
0.9927173256874084
0.7295659184455872
0.8482576012611389
0.7953259944915771
0.828105628490448
0.8524464964866638
0.8113186359405518
0.7269838452339172
0.9449383020401001
0.8471866846084595
0.6480554342269897
0.9794158935546875
0.7999281287193298
0.8976283073425293
0.8046138286590576
0.8822261691093445
0.7528712749481201
0.6897729635238647
0.8458971381187439
0.7302948236465454
0.6227577328681946
0.9042022228240967
0.8020751476287842
0.862468957901001
0.7779922485351562
0.7938327789306641
0.776997983455658
0.7242452502250671
0.7804315090179443
0.8109238147735596
0.769760251045227
0.8314554691314697
0.8472082018852234
0.8266821503639221
0.7557914853096008
0.7878894209861755
0.8924362063407898
0.6590201258659363
0.907527506351471
0.8095327019691467
0.6915035843849182
0.8756272792816162
0.667565643787384
0.661955714225769
0.8660231828689575
0.7912789583206177
0.7010442614555359
0.7942106127738953
0.836459219455719
0.8494331240653992
0.7252131104469299
0.8286339640617371
0.8749260306358337
0.9077731966972351
0.8154980540275574
0.8055240511894226
0.8157627582550049
0.7639353275299072
0.8489713668823242
0.8906277418136597
1.0155327320098877
0.785052478313446
0.6534371376037598
0.69703608751297
0.7716246843338013
0.7574599385261536
0.7768572568893433
0.6728525757789612
0.6890690326690674
0.5938564538955688
0.7872689366340637
0.8682681918144226
0.838377058506012
0.802106499671936
0.7326602339744568
0.7480797171592712
0.8685480952262878
0.7495894432067871
0.6782559156417847
0.8457241058349609
0.8581624031066895
0.7784262299537659
0.9623759388923645
0.7988677024841309
0.8083042502403259
0.7784078121185303
0.8729801774024963
0.7494921088218689
0.766322672367096
0.7091104388237
0.8481618762016296
0.7129632830619812
0.8783009052276611
0.7488936185836792
0.7916306257247925
0.7316157817840576
1.0071996450424194
0.8200039267539978
0.8148601651191711
0.8803436160087585
0.8662245273590088
0.8301068544387817
0.7780647873878479
0.9373070597648621
0.7822273373603821
0.8034897446632385
0.6950145959854126
0.8150964379310608
0.8160535097122192
0.86154705286026
0.7295108437538147
0.8357690572738647
0.792603075504303
0.6589881777763367
0.7459748983383179
0.806348979473114
0.8781595230102539
0.9152481555938721
0.8575048446655273
0.7432345151901245
0.6699764132499695
0.7650814056396484
0.7997201085090637
0.8308772444725037
0.7389869689941406
0.75513756275177
0.8414397835731506
0.9530132412910461
0.8714849352836609
0.8460042476654053
0.8340719938278198
0.8819189667701721
0.8578658699989319
0.8837129473686218
0.8085229396820068
0.8661062717437744
0.6992598176002502
0.9326071739196777
0.8476393222808838
0.5599556565284729
0.7683188915252686
0.8502741456031799
0.7428385615348816
0.7322216629981995
0.6409725546836853
0.8800125122070312
0.8721047639846802
0.8181987404823303
0.8589434623718262
0.7834815979003906
0.7442517280578613
0.769406259059906
0.7816298604011536
0.8002289533615112
0.7429490089416504
0.8185459971427917
0.8724080324172974
0.7895779013633728
0.8214563727378845
0.8228174448013306
0.8206641674041748
0.8183784484863281
0.6563745737075806
0.7993084788322449
0.8166559338569641
0.9608123302459717
0.8541585206985474
0.7631804943084717
0.6868323683738708
0.6917173862457275
0.729785144329071
0.8335772156715393
0.7484622001647949
0.7471401691436768
0.9621545672416687
0.7522745728492737
0.888302206993103
0.7895721793174744
0.7248624563217163
0.7093967795372009
0.8935967087745667
0.8671128749847412
0.8605247139930725
0.8215423226356506
0.7505650520324707
0.7279348373413086
0.827606201171875
0.861840546131134
0.9426102638244629
0.7538471221923828
0.7833224534988403
0.763344407081604
0.7486637234687805
0.7450659871101379
0.6857689023017883
0.8836207985877991
0.6846479177474976
0.711811900138855
0.7644253373146057
0.8412253856658936
0.8449060916900635
0.845074474811554
0.8369319438934326
0.8457052707672119
0.8190365433692932
0.8466219305992126
0.8557078242301941
0.8257288336753845
0.8528682589530945
0.726436972618103
0.7118706107139587
0.8369620442390442
0.7445194125175476
0.6560439467430115
0.7378290891647339
0.838882565498352
0.7070706486701965
0.7538230419158936
0.7895745038986206
0.7893458008766174
0.8960187435150146
0.8619047999382019
0.8479558825492859
0.9206274151802063
0.8556641340255737
0.9828101396560669
0.6774539351463318
0.7879888415336609
0.946487545967102
0.8855498433113098
0.7023177146911621
0.8707000017166138
0.7783768773078918
0.7686546444892883
0.6846265196800232
0.7676237225532532
0.7454399466514587
0.8025497794151306
0.8753178715705872
0.8199155926704407
0.8814194798469543
0.8383928537368774
0.8291698694229126
0.9312446117401123
0.7998799681663513
0.7504750490188599
0.7546667456626892
0.8457208275794983
0.8008336424827576
0.9145182371139526
0.8407003879547119
0.8373300433158875
0.836463987827301
0.7242298722267151
0.8841916918754578
0.7916589379310608
0.7756199836730957
0.7437170147895813
0.8357813358306885
0.916925311088562
0.9570235013961792
0.8530479073524475
0.747569739818573
0.8710016012191772
0.8452942371368408
0.9193470478057861
0.9212285280227661
0.9053968787193298
0.8782270550727844
0.7060978412628174
0.7937620282173157
0.9345687627792358
0.9462804794311523
1.0121177434921265
0.87427818775177
0.8391097187995911
0.8285535573959351
0.8277078866958618
0.7896029353141785
0.8806654214859009
0.7201507687568665
0.8479838967323303
0.8459421992301941
0.7753667831420898
0.8347435593605042
0.7941873073577881
0.8119878172874451
0.8529758453369141
0.8213576078414917
0.8426132202148438
0.8378955125808716
0.9011377692222595
0.8800392150878906
0.8031833171844482
0.807401716709137
1.0116933584213257
0.9329079389572144
0.7379265427589417
0.7504987120628357
0.8877847194671631
0.6723932027816772
0.7418373227119446
0.8840451240539551
0.7938091158866882
0.8801636099815369
0.9892001748085022
0.9892001748085022
0.9208790063858032
0.8684871792793274
0.7038310766220093
0.9383736848831177
0.9445234537124634
0.8754092454910278
0.8975543975830078
0.9927135705947876
0.8901200890541077
0.8716980814933777
0.840316653251648
0.8016636371612549
0.8082430958747864
0.8056228756904602
0.9075918197631836
0.9596002697944641
0.7224186062812805
0.749312162399292
0.9371037483215332
0.8273045420646667
0.8213310837745667
0.6712024211883545
0.901767373085022
0.8932026624679565
0.8165405988693237
0.9089609980583191
0.8114302158355713
0.8352776765823364
0.8834535479545593
0.7243210077285767
0.8172479867935181
0.8901475667953491
0.8955855369567871
0.882102906703949
0.7742253541946411
0.8677787184715271
0.8289810419082642
0.8598055839538574
0.8763095140457153
0.8603612780570984
0.8724324703216553
0.9568849802017212
0.9690601229667664
0.8767352104187012
0.9625325202941895
0.9109391570091248
0.842731237411499
0.8817344903945923
0.7609251737594604
0.859599769115448
0.8641879558563232
0.9048267006874084
0.7652505040168762
0.7386778593063354
0.7652505040168762
0.8127431869506836
0.7882239818572998
0.9472854137420654
0.7926347255706787
0.9704909920692444
0.9255548119544983
0.7413392066955566
1.0225013494491577
0.87211674451828
0.8740516901016235
0.8872089982032776
0.8769378662109375
0.9008839726448059
1.0332175493240356
0.7188244462013245
0.7214291095733643
0.7767468094825745
0.7427084445953369
0.8412925601005554
0.8741293549537659
0.7786940932273865
0.7557132244110107
0.8712395429611206
0.9109011888504028
0.8898036479949951
0.8149647116661072
0.8576673269271851
0.9394181370735168
0.953425407409668
0.8544850945472717
0.9437291026115417
0.880720317363739
0.8922454714775085
0.7767286896705627
0.9142265915870667
0.8831063508987427
0.8825434446334839
0.9316538572311401
0.922571063041687
0.7669295072555542
0.8980275392532349
0.7754562497138977
0.760619044303894
0.8608392477035522
0.8373937010765076
0.8541085720062256
0.7599374055862427
0.7655918002128601
0.9098725914955139
0.8133741617202759
0.8597846031188965
0.9418946504592896
1.0141685009002686
0.8714611530303955
0.8153800368309021
0.8610788583755493
0.6867223381996155
1.0401837825775146
0.890970766544342
1.0166192054748535
0.9625721573829651
0.8973288536071777
0.868850827217102
0.805029571056366
0.7342858910560608
0.8332188129425049
0.9688507914543152
0.8940622210502625
0.8817972540855408
0.8635167479515076
0.9077187776565552
0.7731138467788696
0.7419241666793823
0.6354503035545349
0.9096718430519104
0.7647547721862793
0.7972955703735352
0.9050411581993103
0.7631822824478149
0.9098420739173889
0.8846288323402405
1.0344467163085938
0.669948935508728
0.8078708052635193
0.8190580010414124
0.9051543474197388
0.8946129679679871
0.8519665598869324
0.6020539999008179
0.7598499655723572
0.8877052664756775
0.866745114326477
0.8069245219230652
0.8255429267883301
0.8366436958312988
0.8358176350593567
0.946821391582489
0.8574370741844177
0.8398613929748535
0.870495080947876
0.8817944526672363
0.9415732026100159
0.7796236872673035
0.7237874865531921
0.8804693818092346
0.8150738477706909
0.7956880927085876
0.7513430714607239
0.9466426968574524
0.922103762626648
0.8592464327812195
0.8175434470176697
0.9293744564056396
0.9438738822937012
0.880416989326477
0.8311147093772888
0.9827099442481995
0.8273917436599731
0.7696865797042847
0.7734566926956177
0.8251080513000488
0.929450511932373
0.9079039692878723
0.8441943526268005
0.9505982995033264
0.7706955075263977
0.8050842881202698
0.8878312110900879
0.7509507536888123
0.8634846210479736
0.8099543452262878
0.7849222421646118
0.7759110331535339
0.9431518316268921
0.9504518508911133
0.8314786553382874
0.8033690452575684
0.7933271527290344
0.9443524479866028
0.8932546377182007
0.9457552433013916
0.8936300873756409
0.8798063397407532
0.689246654510498
0.8214175701141357
0.8183377385139465
0.8998304605484009
0.9693001508712769
0.9090214371681213
0.9368526935577393
0.7217227220535278
0.9124661684036255
0.8833394646644592
0.8358548283576965
0.8655791282653809
0.7507957220077515
0.8484581708908081
0.7836366295814514
0.7636982202529907
0.729485273361206
0.9426421523094177
0.7433186769485474
0.8060371279716492
0.7707841396331787
0.8285273909568787
0.88042151927948
0.7531182765960693
0.9252488613128662
0.82892245054245
0.8430589437484741
0.7287296652793884
0.7926168441772461
0.763828456401825
0.9195135235786438
0.9776391386985779
0.9653493165969849
1.0114113092422485
0.9390137195587158
0.9837004542350769
0.9046719074249268
0.7985799908638
0.879620373249054
0.9084190726280212
0.7270753979682922
0.9160438776016235
0.6998683214187622
0.6623719334602356
0.8312616944313049
0.7739418148994446
0.7946840524673462
0.8239015936851501
0.8734756708145142
0.7455069422721863
0.7863804697990417
0.7786468267440796
0.9405547976493835
0.8944962024688721
0.814041793346405
0.8124112486839294
0.807805597782135
0.7478629350662231
0.7483271360397339
0.8106934428215027
0.787460207939148
0.8644338846206665
0.9347249865531921
0.7121208906173706
0.7845793962478638
0.9307968020439148
0.7883220911026001
0.9167761206626892
0.7532817721366882
0.7207328081130981
0.648014485836029
0.7944443225860596
0.8854569792747498
0.8595290184020996
0.8187604546546936
0.8501323461532593
0.8710353970527649
0.8912628889083862
0.8542320728302002
0.908372700214386
1.0301084518432617
0.7670984864234924
0.8039657473564148
0.978294849395752
0.8812602758407593
0.9189001321792603
0.8278791308403015
0.9083902835845947
0.8287209868431091
0.8730431199073792
0.7717064619064331
0.8080361485481262
0.8942278027534485
0.8360034823417664
0.8872619271278381
0.5844110250473022
0.9399861693382263
0.8148725032806396
0.5117753744125366
0.9815738797187805
0.9809106588363647
0.7875421643257141
0.7759207487106323
0.7840737700462341
0.8296351432800293
0.8431010842323303
0.8727673888206482
0.7167828679084778
0.8570399284362793
0.8461422920227051
0.8403820395469666
0.9579203724861145
0.5959349274635315
0.7349640130996704
0.9201982021331787
0.8806625008583069
0.8427000641822815
1.0034722089767456
0.8012410998344421
0.7843605279922485
0.7861129641532898
0.7565445303916931
0.9940922856330872
1.0295289754867554
0.9661018252372742
0.8555980920791626
0.7831301689147949
0.9585514068603516
0.9731967449188232
0.8767361640930176
0.7459701895713806
0.7521826028823853
0.7666635513305664
0.9126235246658325
0.8528432250022888
0.9449474811553955
0.9263274073600769
0.7616853713989258
0.8037874698638916
0.8534927368164062
0.9695149064064026
0.9203169941902161
0.7882891297340393
0.9613211154937744
0.7161466479301453
0.9298338294029236
0.9022130966186523
0.7972652912139893
0.664890468120575
0.8371567130088806
0.8094080090522766
0.8286836743354797
0.7470587491989136
0.7168893218040466
0.926584005355835
0.9930572509765625
0.775844156742096
0.971737802028656
0.8349238634109497
0.8326536417007446
0.9538086652755737
0.8009978532791138
0.8246071338653564
0.7620466947555542
0.9151548147201538
0.7919790744781494
0.9813656806945801
0.7935431003570557
0.9923617243766785
0.8014541268348694
0.8411790132522583
0.88668292760849
0.7962886095046997
0.816429615020752
0.9710261821746826
0.7673879265785217
0.8444302082061768
0.8340280055999756
0.8279469609260559
0.8650317192077637
0.7719758152961731
0.7391936779022217
0.9093257188796997
0.8030024766921997
0.8640349507331848
0.839078426361084
0.794816255569458
0.823461651802063
0.9308051466941833
0.7658234238624573
0.7514828443527222
0.85531085729599
0.9151642322540283
0.9199819564819336
0.7784010767936707
0.9663971066474915
0.8976790904998779
0.9260721802711487
0.7423832416534424
0.8722829222679138
0.9782513976097107
0.7013595700263977
0.746627151966095
0.8915402293205261
0.8652674555778503
0.893987774848938
0.8702254891395569
0.6593959331512451
0.902790367603302
0.8764930367469788
0.7949749827384949
0.7394956946372986
0.8259860277175903
0.8470070958137512
0.7898476719856262
0.8285437822341919
0.7569868564605713
0.8535210490226746
0.7615669965744019
0.9007996916770935
0.732594907283783
0.829129695892334
0.8349013924598694
0.8158846497535706
0.6259042620658875
0.8752986192703247
0.9848337173461914
0.7686904072761536
0.8854931592941284
0.8797926902770996
0.8772650957107544
0.7821256518363953
0.8311226963996887
1.0288548469543457
0.7895934581756592
0.9356355667114258
0.7878745198249817
0.8028985261917114
0.9230604767799377
0.754248857498169
0.7090308666229248
0.7439413666725159
0.6273984909057617
0.7346245050430298
1.032280445098877
1.0253337621688843
0.8861082792282104
0.8334925770759583
0.823594868183136
0.8002059459686279
0.8731956481933594
0.7399608492851257
0.9172958731651306
0.7362061142921448
0.8345436453819275
0.891481339931488
0.8499427437782288
0.9055686593055725
0.77418053150177
0.8561776280403137
0.8483209013938904
0.907466471195221
0.8085945844650269
0.9483469128608704
0.7788956761360168
0.8192535042762756
0.8805904984474182
0.8805539608001709
0.8252882361412048
0.6993505954742432
0.8578173518180847
0.8898491859436035
0.7280569076538086
0.842444896697998
0.9016331434249878
0.9931222200393677
0.6590415239334106
1.003248929977417
0.8039334416389465
0.8443694114685059
0.8765546679496765
0.9644804000854492
0.9302213788032532
0.8224338293075562
0.9362931847572327
0.9351494312286377
0.8239355087280273
0.8030216097831726
0.8623688817024231
0.8286305069923401
0.7785501480102539
0.7883496284484863
0.8577191829681396
0.8219547867774963
0.862856388092041
0.8402436971664429
0.8245581984519958
0.9392616748809814
0.8060133457183838
0.8600561618804932
0.8241692185401917
0.7929854393005371
0.8658128976821899
0.996680736541748
0.7658310532569885
0.8696326017379761
0.8562572598457336
0.9358275532722473
0.9554062485694885
0.8351050019264221
0.8175420165061951
0.896111786365509
0.8090324997901917
1.0285422801971436
0.8215619921684265
0.8776975274085999
0.99335116147995
1.0101770162582397
0.8401570916175842
0.6656695008277893
0.8426640629768372
0.8467545509338379
0.8776077628135681
0.9292641878128052
0.822567880153656
0.780752420425415
0.9679519534111023
0.8598366379737854
0.8109138011932373
0.8299285173416138
0.7903718948364258
0.8552877306938171
0.9626449346542358
0.9626449346542358
0.8026816248893738
0.8173761963844299
0.8344902992248535
0.847062349319458
0.8346264958381653
0.831099271774292
0.8809012770652771
1.0210628509521484
0.936802864074707
0.8785123825073242
0.7888355851173401
0.958950400352478
0.7365196347236633
0.906528890132904
0.8587386012077332
0.8005053997039795
0.9327821731567383
0.8455377221107483
0.8322094082832336
0.8212608098983765
0.7645972371101379
0.8029043674468994
0.9051095247268677
0.798324704170227
0.8862636685371399
0.735859215259552
0.8693459630012512
0.8429121375083923
0.8656073212623596
0.8116022348403931
0.9075642824172974
0.7982460260391235
0.8571878671646118
0.7610157132148743
0.8441718220710754
0.6617422103881836
0.7958877086639404
0.8351358771324158
0.8236098885536194
0.8002332448959351
0.9056265354156494
0.9018458127975464
0.7528674602508545
0.7631708383560181
0.809460461139679
0.8136649131774902
0.8316433429718018
0.8306723833084106
0.7649651169776917
0.8364382386207581
0.7596068382263184
0.8296936750411987
0.8604501485824585
0.7725008130073547
0.7304221391677856
0.8896324038505554
0.6814682483673096
0.7703002691268921
0.9143936634063721
0.8992078900337219
0.762881338596344
0.8902359008789062
0.9675875306129456
0.7931857109069824
0.8232334852218628
0.750527024269104
0.7006660103797913
0.8202297687530518
0.788892388343811
0.8035215735435486
0.9010980129241943
0.7473639249801636
0.7167083024978638
0.883845329284668
0.7007784843444824
0.7265954613685608
0.7852674126625061
0.9148632884025574
0.849966287612915
0.8829310536384583
0.6867722868919373
0.8308510184288025
0.8652315139770508
0.8581444621086121
0.8389610648155212
0.8253960013389587
0.8892468214035034
0.992734432220459
0.9652228951454163
0.7562215328216553
0.923068642616272
0.9462682008743286
0.812480628490448
0.7401044368743896
0.7787809371948242
0.8813696503639221
0.7868283987045288
0.8207030296325684
0.8411311507225037
0.901532769203186
0.8591861724853516
0.9019593000411987
0.6934695243835449
0.8003454804420471
0.8259317278862
0.8135114908218384
0.8729615211486816
0.8161859512329102
0.8470304012298584
0.826502799987793
0.729501485824585
0.9506429433822632
0.799228847026825
0.7637302279472351
0.8851771950721741
0.8826238512992859
0.8541610240936279
0.8740441799163818
0.8437190651893616
0.891390860080719
0.8593679070472717
0.8879961371421814
0.8053492307662964
0.8432013392448425
0.8454868197441101
0.9686684012413025
0.9262579083442688
0.8455910682678223
0.8091625571250916
0.7451264262199402
0.7378199100494385
0.9209334850311279
0.7998476028442383
0.7756731510162354
0.8048955202102661
0.9228829145431519
0.8161539435386658
0.8609164357185364
0.8332271575927734
0.8663176894187927
0.9399605989456177
0.7963912487030029
0.6646263599395752
0.8324139714241028
0.8323966860771179
0.8717364072799683
0.835303544998169
0.8375872373580933
0.8131648898124695
0.8505452275276184
0.70030277967453
0.8977963328361511
0.9200444221496582
0.9057727456092834
0.7411470413208008
0.8276824951171875
0.8540145754814148
0.8632887601852417
0.8610571622848511
0.9687160849571228
0.8313500285148621
0.8473885655403137
0.6952269077301025
0.7996100783348083
0.8191480040550232
0.9038801789283752
0.790286123752594
0.7471770644187927
0.8141881823539734
0.8605198860168457
0.8994588255882263
0.952833890914917
1.0028438568115234
0.8802174925804138
0.7692292332649231
0.9414636492729187
0.8070490956306458
0.8355033993721008
0.9378482699394226
0.8323147892951965
0.8175631165504456
0.8370508551597595
0.9389814138412476
0.7393618226051331
0.7245486378669739
0.9585233330726624
0.8728886842727661
0.9312646389007568
0.8261266350746155
0.7927232384681702
0.7852652668952942
0.7488089203834534
0.8320193290710449
0.7477853894233704
0.972580075263977
0.9292164444923401
0.7633157968521118
0.8135122656822205
0.813700795173645
0.7967960238456726
0.7315214276313782
0.7438653111457825
0.7560281753540039
0.8188088536262512
0.8536003828048706
0.7733027935028076
0.8544377684593201
0.858232319355011
0.8531560301780701
0.8746280074119568
0.9008848071098328
0.8770583271980286
0.9826047420501709
0.8911422491073608
0.8209463357925415
0.6974487900733948
0.8354128003120422
0.9420576691627502
0.6108648180961609
0.7247963547706604
0.7681058049201965
0.945671558380127
0.8946333527565002
0.8016353249549866
0.8993300199508667
0.8748267292976379
0.8715935349464417
0.9037553071975708
0.82289057970047
0.9203217029571533
0.6239380836486816
0.835971474647522
0.8538036346435547
0.8546399474143982
0.8520401120185852
0.7969706654548645
0.6129286885261536
0.787589430809021
0.8764491081237793
0.8896664977073669
0.9070011377334595
0.802321195602417
0.7835152745246887
0.8572214245796204
0.8771464228630066
0.904897928237915
0.7778584361076355
0.8281223177909851
0.8242550492286682
0.8366992473602295
0.7392241954803467
0.71312016248703
0.7156590223312378
0.9377840757369995
0.8357406854629517
0.6498401761054993
0.6197479963302612
0.7282576560974121
0.9313905835151672
0.8209625482559204
0.8773701786994934
0.8436464667320251
0.9334010481834412
0.7481223344802856
0.6501274108886719
0.8573437333106995
0.8607510924339294
0.8792977333068848
0.985142707824707
0.8226212859153748
0.7952430248260498
0.8781706094741821
0.8665733933448792
0.7354297041893005
0.6034375429153442
0.8279734253883362
0.7559067010879517
0.8261817693710327
0.9695059657096863
0.8784088492393494
0.8192052841186523
0.7446978092193604
0.8010953068733215
0.7933999300003052
0.8508616089820862
0.9027295708656311
0.8679389953613281
0.8754632472991943
0.6767380237579346
0.8204876184463501
0.9610438942909241
0.8345447182655334
0.8809337019920349
0.7741185426712036
0.7948057651519775
0.7364820241928101
0.9474346041679382
0.915126383304596
0.9850260615348816
0.844058632850647
0.931562066078186
0.8195265531539917
0.7916257381439209
0.8455308079719543
0.9151626229286194
0.9272642731666565
0.720125675201416
0.8121481537818909
0.7100463509559631
0.6445558667182922
0.947715163230896
0.9785259366035461
0.7508699893951416
0.8244383931159973
0.8714098930358887
0.9351659417152405
0.915371298789978
0.8372108936309814
0.8692981004714966
0.8122586607933044
0.9153552651405334
0.8341167569160461
0.9055327773094177
0.8406215310096741
0.751302182674408
0.8803243041038513
0.7966437935829163
0.9353646039962769
0.8898728489875793
0.7433244585990906
0.8202282786369324
0.7972613573074341
0.6848114132881165
0.8074167370796204
0.9353742003440857
0.9239267110824585
0.8788679242134094
0.8421615362167358
0.7537460327148438
0.8557740449905396
0.7172386050224304
0.6042232513427734
0.776420533657074
0.8012821674346924
0.7709011435508728
0.8718010783195496
0.8586331605911255
0.8630657196044922
0.9157890677452087
0.8349143862724304
0.7865644097328186
0.8516784906387329
0.8017107844352722
0.8211538791656494
0.78985196352005
0.8601264953613281
0.915729284286499
0.6828222274780273
0.9925558567047119
0.9340059757232666
0.7814750075340271
0.8199084997177124
0.9304617643356323
0.7518150210380554
0.8456270694732666
0.6646570563316345
0.7660290002822876
0.8404133915901184
0.6736155152320862
0.6465875506401062
0.7352836728096008
0.906353235244751
0.6784666180610657
0.7281220555305481
0.7719622254371643
0.9141733646392822
1.0180513858795166
0.7889682054519653
0.8124094009399414
0.7712572813034058
0.8037289381027222
0.8953713178634644
0.8480545878410339
0.8732768297195435
0.7971975207328796
0.8124744892120361
0.8559843301773071
0.9173010587692261
0.7684913873672485
0.7186607122421265
0.7890999913215637
0.7849729657173157
0.7130100727081299
0.710260808467865
0.904853105545044
0.9887502193450928
0.8503376245498657
0.9339818954467773
0.7057893872261047
0.7906770706176758
0.7946133613586426
0.7941837906837463
0.7758319973945618
0.9016375541687012
0.9727070927619934
0.8152627944946289
0.6999378800392151
0.9136055111885071
0.7739220261573792
0.6734239459037781
0.8702184557914734
0.8237393498420715
0.9264821410179138
0.8759957551956177
0.9757418036460876
0.7625399827957153
0.7739951610565186
0.7819616198539734
0.7361810803413391
0.8051378726959229
0.8017013072967529
0.9160974621772766
1.0007390975952148
0.8526890277862549
0.8510165214538574
0.9612707495689392
0.8096083402633667
0.8140115141868591
0.8998109102249146
0.8605536222457886
0.745429277420044
0.8310331106185913
1.027095913887024
0.7738757133483887
0.7591620683670044
0.8752004504203796
0.6790056228637695
0.8428475260734558
0.8472406268119812
0.757628858089447
0.9552814960479736
0.88017737865448
0.757259726524353
0.774917721748352
0.7861853837966919
0.7282408475875854
0.9374059438705444
0.804868757724762
0.8382659554481506
0.872704803943634
0.816551685333252
0.8069761395454407
0.9587950110435486
0.8477028608322144
0.8658329248428345
0.7620125412940979
0.7599505186080933
0.7351849675178528
0.8131411075592041
0.9477741718292236
0.854699432849884
0.722922682762146
0.7850422859191895
0.7460616230964661
0.7231564521789551
0.818709135055542
0.7590484619140625
0.6872527599334717
0.805995762348175
0.8465253114700317
0.8556159734725952
0.8423751592636108
0.8751933574676514
0.6692131161689758
0.8708997368812561
0.8937164545059204
0.8086360096931458
0.9239079356193542
0.8050087094306946
0.7873549461364746
0.8152210116386414
0.8909913301467896
0.8011758923530579
0.9854071736335754
0.732693076133728
0.7783982157707214
0.784336268901825
0.8658012747764587
0.9377236366271973
0.9252227544784546
0.7352502942085266
0.8505632281303406
0.8785970211029053
0.8182901740074158
0.8340882062911987
0.882657527923584
0.8232055902481079
0.7950990796089172
0.9454219937324524
0.8477617502212524
0.8345915675163269
0.8547686338424683
0.7551519274711609
0.8680479526519775
0.8220654129981995
0.7629053592681885
0.866361141204834
0.794307291507721
0.7848203182220459
0.785631000995636
0.8005056977272034
0.8282325267791748
0.836428165435791
0.6397948265075684
0.6945316195487976
0.6291659474372864
0.8061357140541077
0.7391119003295898
0.7850946187973022
0.7635600566864014
0.8617672920227051
0.8811341524124146
0.8198854327201843
0.6438659429550171
0.6821627616882324
0.7500157952308655
0.6730183959007263
0.7559430003166199
0.8026647567749023
0.7962971925735474
0.728528618812561
0.8902953267097473
0.7042526602745056
0.8529866933822632
0.5489667057991028
0.8686384558677673
0.7764843702316284
0.7725844979286194
0.7583799958229065
0.5952634811401367
0.6547492742538452
0.7603031396865845
0.8316627144813538
0.6791690587997437
0.5982330441474915
0.7216551303863525
0.9275355339050293
0.7909311056137085
0.7268065214157104
0.5866047739982605
0.7702961564064026
0.7562389373779297
0.5689693689346313
0.8784854412078857
0.7670626044273376
0.6985552310943604
0.9492883682250977
0.9924131035804749
0.712787389755249
0.8058822154998779
0.776788592338562
0.8345722556114197
0.734389066696167
0.8224354386329651
0.8042580485343933
0.9397134184837341
0.5534504055976868
0.5797405242919922
0.7108092904090881
0.7032599449157715
0.8038631677627563
0.6042726635932922
0.7372441291809082
0.8292043209075928
0.8646366000175476
0.8532629609107971
0.811292827129364
0.8480094075202942
0.7618712782859802
0.8625090718269348
0.7898872494697571
0.9715520739555359
0.8112488985061646
0.9334213137626648
0.9235695600509644
0.8178204298019409
0.8659007549285889
0.8939785361289978
0.7664989829063416
0.746357798576355
0.7593561410903931
0.7668063640594482
0.8080757260322571
0.8114331364631653
0.8128290176391602
0.6606041789054871
0.8024500012397766
0.8478132486343384
0.5955750346183777
0.7478901743888855
0.669135570526123
0.7860548496246338
0.6538452506065369
0.7724646925926208
0.87828528881073
0.8181328773498535
0.8516270518302917
0.7705519199371338
0.8820033073425293
0.752458393573761
0.7728162407875061
0.7687550187110901
0.8122965693473816
0.8540992140769958
0.8047347664833069
0.7754591107368469
0.8512014150619507
0.7434976696968079
0.8510704040527344
0.7584713697433472
0.7343010902404785
0.8193604350090027
0.8721091151237488
0.7869026064872742
0.782206118106842
0.8184455037117004
0.7497735023498535
0.786612868309021
0.7987444400787354
0.6967880129814148
0.747691810131073
0.7901091575622559
0.6050994992256165
0.6334795951843262
0.8942131996154785
0.718988299369812
0.6754317879676819
0.8375677466392517
0.5596170425415039
0.7012208104133606
0.7841024398803711
0.8458183407783508
0.6207816004753113
0.8180859684944153
0.7089353203773499
0.8400260806083679
0.7224947214126587
0.6963792443275452
0.6545131206512451
0.7565230131149292
0.7567465305328369
0.6947137713432312
0.6716631650924683
0.8717137575149536
0.8092892169952393
0.8258420825004578
0.6929925680160522
0.7725627422332764
0.7567800879478455
0.7998368144035339
0.7872297167778015
0.5434715747833252
0.8125509023666382
0.8517850637435913
0.729873538017273
0.8297641277313232
0.7575200796127319
0.899091362953186
0.8054316639900208
0.763267993927002
0.7247763276100159
0.7338153123855591
0.7390884160995483
0.8434838652610779
0.8969951272010803
0.8887031078338623
0.9161204099655151
0.8124186992645264
0.6868930459022522
0.8094759583473206
0.7498124241828918
0.7101685404777527
0.766926646232605
0.8015233278274536
0.815773606300354
0.8953875303268433
0.9506806135177612
0.8045495748519897
0.8442879319190979
0.7024126648902893
0.7700644135475159
0.8425230383872986
0.7531009912490845
0.7353845834732056
0.8519617319107056
0.8348404765129089
0.8835617899894714
0.7963545322418213
0.8528257608413696
0.7614867687225342
0.8038070201873779
0.8239959478378296
0.7819298505783081
0.8841046690940857
0.7506091594696045
0.8576527833938599
0.6080833673477173
0.8158763647079468
0.8199012875556946
0.8394691348075867
0.8025701642036438
0.7906716465950012
0.6271207332611084
0.7004403471946716
0.6352267861366272
0.8468121290206909
0.7345036268234253
0.807483971118927
0.7520904541015625
0.9009972810745239
0.8054214119911194
0.7818256616592407
0.6871496438980103
0.6154071092605591
0.8272432684898376
0.7758045196533203
0.8775100111961365
0.776408314704895
0.9506512880325317
0.8400848507881165
0.6525782346725464
0.7482580542564392
0.6116646528244019
0.630752682685852
0.5983967185020447
0.8035208582878113
0.8692740797996521
0.7992619872093201
0.7910529375076294
0.7967708706855774
0.7214183807373047
0.7308723330497742
0.512927234172821
0.8052460551261902
0.6966975927352905
0.8759930729866028
0.9013916254043579
0.7181915044784546
0.8931371569633484
0.6855833530426025
0.7333782315254211
0.8898093700408936
0.5560898780822754
0.8058332204818726
0.8018627166748047
0.6843957901000977
0.869327187538147
0.7012204527854919
0.8355971574783325
0.8016369342803955
0.8009916543960571
0.8783730864524841
0.7472543716430664
0.8520861864089966
0.8090043663978577
0.9067237973213196
0.7081883549690247
0.7403067946434021
0.7430638074874878
0.6052528023719788
0.7570539116859436
0.7297491431236267
0.7261955142021179
0.6630048751831055
0.6878715753555298
0.9104373455047607
0.6721395254135132
0.7321559190750122
0.9181514382362366
0.6648148894309998
0.6825030446052551
0.6364359259605408
0.6729861497879028
0.7904033660888672
0.9101015329360962
0.8139489889144897
0.7964330315589905
0.6881064772605896
0.7809789180755615
0.825737476348877
0.8255921006202698
0.661949098110199
0.773216187953949
0.7282145619392395
0.8433452248573303
0.6876356601715088
0.8203341960906982
0.8209228515625
0.6783047318458557
0.7805073857307434
0.7737651467323303
0.9576836228370667
0.7529435157775879
0.7583625316619873
0.7723750472068787
0.8601377010345459
0.688198447227478
0.7252538204193115
0.8086156249046326
0.6550863981246948
0.8035612106323242
0.8031871318817139
0.8169467449188232
0.9211915135383606
0.7933523058891296
0.8343058228492737
0.9737555980682373
0.6369870901107788
0.7821819186210632
0.6376149654388428
0.7890111804008484
0.7349944114685059
0.9166547656059265
0.7194887399673462
0.9209369421005249
0.799905002117157
0.9000282287597656
0.7522911429405212
0.7152953147888184
0.7551177740097046
0.8088550567626953
0.8472213745117188
0.8419799208641052
0.6398972272872925
0.600257158279419
0.9309577345848083
0.6461809277534485
0.8130693435668945
0.7805303931236267
0.7321447134017944
0.5192372798919678
0.9025050401687622
0.7215465903282166
0.7188743948936462
0.7732731699943542
0.8200143575668335
0.6322686672210693
0.8359927535057068
0.6525070667266846
0.7841737270355225
0.7827579975128174
0.629145622253418
0.8104751706123352
0.7486715912818909
0.7423921823501587
0.7788008451461792
0.8754594922065735
0.8166020512580872
0.8046791553497314
0.9268550872802734
0.8536303639411926
0.8266614079475403
0.6691605448722839
0.9209901094436646
0.8207838535308838
0.7999151945114136
0.7979094386100769
0.8452175855636597
0.7829713225364685
0.7704102993011475
0.8231168389320374
0.7432346940040588
0.8228281736373901
0.7122597098350525
0.5921877026557922
0.9991792440414429
0.7610191106796265
0.7594207525253296
0.8940542340278625
0.7940671443939209
0.7670333385467529
0.8324658870697021
0.9578654766082764
0.831705629825592
0.6960994601249695
0.9096238613128662
0.9524641036987305
0.7433465123176575
0.8670797944068909
0.7621269822120667
0.6903094053268433
0.7013395428657532
0.9221971035003662
0.9094839692115784
0.5856908559799194
0.8159855008125305
0.7552070021629333
0.824516773223877
0.8133491277694702
0.7375094294548035
0.7713174223899841
0.8351598381996155
0.785423755645752
0.9024407863616943
0.7124072909355164
0.7154713869094849
0.7213704586029053
0.7431608438491821
0.835135817527771
0.7989686131477356
0.838326632976532
0.73859703540802
0.6821879744529724
0.5148323774337769
0.8227424025535583
0.7891824841499329
0.8822906613349915
0.7349934577941895
0.6945081353187561
0.7814218997955322
0.8638734817504883
0.7918040752410889
0.745684027671814
0.7259799838066101
0.679638683795929
0.7794764637947083
0.7570915818214417
0.7749128937721252
0.7782887816429138
0.6805688142776489
0.7362717390060425
0.7830567359924316
0.7872776389122009
0.7273582816123962
0.8149898052215576
0.8895424008369446
0.6903921365737915
0.8041688799858093
0.770788848400116
0.5267271995544434
0.8583155274391174
0.7568994164466858
0.8194783926010132
0.7988110184669495
0.7793898582458496
0.7974206805229187
0.7741139531135559
0.6975511908531189
0.7988417744636536
0.8840595483779907
0.9043709635734558
0.8100471496582031
0.789881706237793
0.7452706694602966
0.7448204755783081
0.713252067565918
0.7569534182548523
0.8368597626686096
0.7657864093780518
0.6896682977676392
0.6078041791915894
0.7842017412185669
0.6816513538360596
0.7245930433273315
0.7644332051277161
0.7320601940155029
0.7988322973251343
0.7435347437858582
0.5368705987930298
0.7313129305839539
0.6964548826217651
0.8041269779205322
0.636305570602417
0.6041806936264038
0.6506273746490479
0.9742347002029419
0.7598592042922974
0.6821787357330322
0.5445359349250793
0.8162263035774231
0.7587554454803467
0.6520175933837891
0.8049411773681641
0.7070668339729309
0.8277959227561951
0.8062246441841125
0.8188303112983704
0.8524196147918701
0.725678026676178
0.8453214764595032
0.6839655637741089
0.9292668700218201
0.7846628427505493
0.7726260423660278
0.6242122650146484
0.8183821439743042
0.8699007034301758
0.7874761819839478
0.7368496060371399
0.9349903464317322
0.5806164145469666
0.9538651704788208
0.8594338893890381
0.7659025192260742
0.7662469148635864
0.7212885618209839
0.7318248748779297
0.6770963668823242
0.814987301826477
0.795977771282196
0.7909896969795227
0.8204271793365479
0.8030328750610352
0.7583820223808289
0.6948801279067993
0.8418065905570984
0.8495604395866394
0.703099250793457
0.7823807597160339
0.679305374622345
0.7208460569381714
0.7829290628433228
0.7805423736572266
0.7790517210960388
0.8476823568344116
0.8689348697662354
0.8003811240196228
0.7197158932685852
0.8321136236190796
0.7349154353141785
0.9829500913619995
0.7685073018074036
0.7501152753829956
0.8482564091682434
0.8940081000328064
0.7048416137695312
0.6438677310943604
0.786490797996521
0.9579566121101379
0.7635005116462708
0.843746542930603
0.7199398279190063
0.6399465799331665
0.5931026339530945
0.7795453071594238
0.7919362187385559
0.7316204309463501
0.7670710682868958
0.9530357122421265
0.8828834295272827
0.9135737419128418
0.7938730120658875
0.8968285322189331
0.7022880911827087
0.8403039574623108
0.6591446995735168
0.8559754490852356
0.8117965459823608
0.8878173232078552
0.6645216345787048
0.7108889818191528
0.6743929386138916
0.9067260026931763
0.8606716394424438
0.7392154335975647
0.7109255790710449
0.6950099468231201
0.9581034779548645
0.7960854172706604