-0.6069435477256775
-0.8530364036560059
-1.8634580373764038
-1.160117268562317
-1.7167466878890991
-1.322799801826477
-1.984965443611145
-1.329276442527771
-0.9194174408912659
-0.0
-1.9180575609207153
-0.8855801820755005
-1.1075924634933472
-1.533304214477539
-1.6885536909103394
-2.0498557090759277
-1.8061885833740234
-1.3412619829177856
-0.9453000426292419
-1.2097337245941162
-0.7260092496871948
-0.9765706062316895
-1.8273574113845825
-2.034195899963379
-1.0900272130966187
-1.780595064163208
-1.9764163494110107
-1.8203434944152832
-1.0252562761306763
-2.2400062084198
-0.8806727528572083
-0.9502629637718201
-1.3940868377685547
-1.3673725128173828
-1.4008114337921143
-2.6881282329559326
-1.6416373252868652
-1.1171391010284424
-1.6235179901123047
-0.6145626306533813
-1.55494225025177
-1.9713876247406006
-0.8851675391197205
-2.1096694469451904
-1.3792511224746704
-1.5347977876663208
-1.004650354385376
-1.5076712369918823
-1.3057907819747925
-1.582550287246704
-0.33344364166259766
-1.2466015815734863
-1.284296989440918
-1.1969683170318604
-1.6629726886749268
-0.57503741979599
-1.20381498336792
-2.02567982673645
-0.9272835850715637
-0.683438241481781
-1.1673033237457275
-2.553356409072876
-1.020528793334961
-1.173972487449646
-0.9870147109031677
-1.0751856565475464
-1.5904510021209717
-0.904833197593689
-1.1084476709365845
-1.5548756122589111
-1.8616406917572021
-0.0
-1.3028242588043213
-0.9961411356925964
-1.155045509338379
-1.9590703248977661
-1.1443099975585938
-1.9536769390106201
-1.2636336088180542
-3.3370401859283447
-1.3076109886169434
-1.0751535892486572
-1.2255710363388062
-1.1556826829910278
-2.5021705627441406
-0.7297423481941223
-1.955924391746521
-1.4074627161026
-1.3449591398239136
-1.8462456464767456
-0.9335529804229736
-0.7868626117706299
-1.0617198944091797
-0.8355252146720886
-1.5839260816574097
-1.2164790630340576
-1.9838517904281616
-1.0208673477172852
-1.8086782693862915
-1.3892638683319092