0.5045533524204023
0.41894616695858744
0.3826450860960714
0.6145051718813377
0.5000997968092168
0.579631417581109
0.5928390503258523
0.3360695784607435
0.46121963489601137
0.32586927388506237
0.541599785215399
0.6388500641327123
0.4636164459568213
0.3550236607015935
0.573823170613406
0.5862639323696013
0.46041381371521695
0.30602508520327776
0.4351590384761521
0.5383934565012064
0.5706246612428515
0.7491408255784728
0.5144186633525601
0.4625165371811746
0.525926799033177
0.7816925454535526
0.623383449336924
0.664945236529743
0.5601787704317683
0.4830309046012988
0.9805633302385783
0.5911762071179292
0.6711969359065475
0.44723063340698754
0.639582001900558
0.6098128714558497
0.49537036960391223
0.21536314083545216
0.3655928165537188
0.69678415022421
0.8206549364339311
0.7200198387321706
0.4690468941328605
0.692579946488105
0.513958260402136
0.599844870537352
0.6103405939536803
0.6161737886596272
0.6498898151858441
0.6663475907203507
0.46239931454455485
0.5061362844386366
0.3373149141516226
0.4926741890418491
0.6430419159028256
0.43804690466957474
0.3801755300872689
0.3234156358487076
0.6115642243833772
0.44821575430708793
0.46119253999038456
0.7720579964646379
0.3159172256611823
0.4481206081920124
0.5441549480707756
0.6179621376505812
0.6257900546175756
0.39077817958310224
0.4965828080806517
0.5704015485747785
0.4884272919433099
0.4680965772858292
0.815391835573098
0.6624477132266329
0.5442462637378744
0.674185810717666
0.41638308553549286
0.6382200222980613
0.5266867706466886
0.629717014727325
0.6224451054757255
0.5579511971216682
0.35330974593849285
0.6238682250022782
0.6026526864393953
0.713076279872584
0.9914720301242386
0.5445149568292345
0.5347340956591764
0.4502641026154026
0.4437639503937638
0.3582972449698325
0.42198855611548747
0.5185816663884587
0.4921398369247181
0.7894582522897046
0.9781587279172749
0.3758918791097796
0.6199710316326783
0.6789585187756934
0.589132448129702
0.43340543276997834
0.5271192629852631
0.3500354367190195
0.661519844445042
0.5941280169308508
0.4567350469038183
0.6810024982868277
0.5878810250608355
0.45912718947984543
0.2882653045553547
0.2882653045553547
0.35831330400671657
0.6411863353369388
0.6222340036957836
0.6362257081980263
0.739603011700136
0.6430939798851174
0.6430939798851174
0.47932702290070617
0.33521950604669914
0.5489700235751124
0.4535290360907557
0.48889644420868517
0.4826109973374151
0.6720167519499894
0.390633136967934
0.563522606495339
0.25809344636644693
0.3765796507044541
0.4067898436003655
0.5251202103325611
0.6656348297151404
0.5007020579174664
0.5289112581555118
0.5201578648387073
0.5562449489718866
0.4302571931935716
0.48040374159159005
0.723479063748975
0.7366355470838207
0.4754254228661636
0.38710394397238546
0.6873472875180804
0.5536977674631687
0.5196715464182287
0.6677965012104647
0.47412954330450463
0.6662922815510985
0.3965207215662494
0.4036244964740169
0.5799444944726995
0.5888366906912995
0.7418927265809367
0.5927141594468259
0.6078483997942885
0.4905322570194548
0.37129899783569775
0.5936635787499231
0.50719816232907
0.6605460220964441
0.4491011201568368
0.47856294752709483
0.3703449038289077
0.41824432593243266
0.4086599007853482
0.49567927865135886
0.40123226418709224
0.574413729158594
0.6177740976042483
0.551134704783175
0.47313907323491455
0.6075078078914721
0.5659936438005335
0.5957913877638914
0.42760345236981834
0.32415319819856636
0.4044947848722311
0.3529668723194662
0.38388413668256893
0.5146391271194863
0.4569462828940849
0.6224151173721743
0.6692298047378298
0.47228728117380403
0.41986587531194985
0.27112083145788723
0.6116501955948529
0.9816675154182479
0.550465484004518
0.39455883040640727
0.37689584302644397
0.49265295005677234
0.3889590457363199
0.7034622583016334
0.6094653167677817
0.4318451154961418
0.5007380463382669
0.5032849612503727
0.3277460608212126
0.5432303999040424
0.1741533803107529
0.47446296101975505
0.7460248372487646
0.5686401056075691
0.47963145794490325
0.9935976142232951
0.4157251846391963
0.5318020807356951
0.4432724186214828
0.6622406987028768
0.9835468027029249
0.33208881480401464
0.5069297702530526
0.6807101078948539
0.5200170330868242
0.6765236704812609
0.9069569923543954
0.463903213850541
0.36547072451259144
0.6394729609570462
0.4231835576326378
0.5076651545370345
0.4983879336265036
0.33717347991895497
0.31475061764821366
0.512106697717679
0.38176503301030973
0.478031828287826
0.7124999800536087
0.3711670189060041
0.463417944133512
0.6056471032073062
0.40068878586689416
0.3966314296729265
0.6532155056604293
0.3543177993190283
0.524653491099176
0.6195331678788898
0.6062557893788265
0.46317430244336055
0.5049335874503835
0.5797544820345316
0.690417098305929
0.9873300608950417
0.9873300608950417
0.4589714751396802
0.5382310872299121
0.47991441274069135
0.48050578045105863
0.4356353073531172
0.3558774773125015
0.7061910499214507
0.5941868757537748
0.28078036757195846
0.5497935379642924
0.8255491982110065
0.5256523860194823
0.4436928505201476
0.3930957881672754
0.4826199551243111
0.6363688309621165
0.49024362030249236
0.5297413113468299
0.5198432078295481
0.9801212323163492
0.47854847658138644
0.3253258784737568
0.4436801695424015
0.329601803000215
0.4937132301297955
0.7838201762312411
0.5564779228848528
0.2866474890829418
0.5238193117669935
0.6254562779063548
0.26244502922570057
0.9819429143910545
0.30322705033290176
0.45095175439907687
0.48184698490562505
0.6460674851942039
0.4630562061634448
0.599507818219946
0.5695959276525928
0.8039570746603784
0.40168196334521167
0.4714720921700153
0.23636028611449422
0.6261629921735363
0.38708518512921486
0.27405251421944177
0.7641819713215476
0.29458133096450845
0.506847533153291
0.5825092711508288
0.5448840221849816
0.5814699346499718
0.5638743634445419
0.4449600254173909
0.5218820814884501
0.2140724941714126
0.42562098944473903
0.7455128813984562
0.6439267721276567
0.5551033789040247
0.3474906810713725
0.7247874675055276
0.5599044493134002
0.5817937184329997
0.6394136542528446
0.40274188403757993
0.5980408866634194
0.6057444526663586
0.665805260494472
0.4364176068062171
0.5134588125530855
0.35706854007467936
0.6552179207331082
0.35358537066613205
0.5230337189216632
0.5854953761420888
0.5789167404630304
0.3739885539407465
0.48767900684868426
0.31247320598835615
0.39153816736280245
0.3837131441840069
0.6565909015934496
0.3847758027060042
0.5944830512954717
0.4133741210665778
0.683375736079884
0.5561688753750957
0.5997638208131522
0.7536503794559416
0.4406284444687314
0.5721748361534059
0.4882495681016801
0.5727380254152363
0.5309943861060371
0.4572166032559677
0.4458535900623002
0.44673165850244134
0.4463078220828729
0.33036601030867285
0.2457921681685784
0.6738919870678217
0.49177549026934253
0.5088382117120832
0.4532954720501027
0.3895108592207117
0.745976843942013
0.7149016287572466
0.5066778317843671
0.48519095627253006
0.4935412458595939
0.4642615813484732
0.4709336415231664
0.545485423851857
0.34197486467087557
0.19203161676944802
0.6923984136376614
0.7198550926651075
0.5261980739211853
0.7739728193687277
0.551496258310398
0.5827069357166866
0.22510236355239366
0.7057462631299124
0.5707088694343923
0.45319721599224383
0.41563524748393044
0.7711077001285647
0.9384001234698598
0.5666817998451614
0.4010774967993478
0.4818608683471066
0.5821084921107493
0.46596810756914975
0.7573397561111839
0.42778333119781575
0.4271696244714974
0.46586115449200394
0.37466624507198476
0.3804219604489647
0.4185567595939177
0.7282133049721935
0.5720822296622412
0.24601372520284914
0.6091465355518337
0.7589398816083156
0.5396273803615763
0.6963209781535653
0.4332194190651548
0.555836368299812
0.4778946188681552
0.5783734416077679
0.4804405849489335
0.5213515412404524
0.5316809252995955
0.5300082665943888
0.5936426096244641
0.456766628485617
0.45002369118524344
0.6812611436048175
0.691706651793282
0.6646079741696551
0.5441908448919813
0.5284394583030099
0.8109682249817284
0.5302599569703143
0.5851708167594222
0.45792564809266734
0.48788313833988317
0.42933146883656326
0.3083814991707261
0.5470078934837893
0.6204848403000898
0.3121375112591087
0.7078534247555675
0.520011358797368
0.5228315131724433
0.5743374334316041
0.5821753882927613
0.5755076117734504
0.23383324734753785
0.6391347533741589
0.6568201942185332
0.5650332346096456
0.4585876180478564
0.5448438588065416
0.5809969559343706
0.47598509104581876
0.5952496033570682
0.5480896408485387
0.23905666180102725
0.5224593020152192
0.7227894386800366
0.4456898932109814
0.46433565592999215
0.5590450342986665
0.6004005950556365
0.6096133173146281
0.5835535151950901
0.5695910263429554
0.42179209767431214
0.5258557010524079
0.8390957982235503
0.565881208900207
0.45117465667384904
0.5031839500258042
0.4353849776509866
0.6541865441186572
0.5647280863001014
0.47906852503804387
0.5573004489758159
0.42954021389697716
0.2999673541186305
0.15769709787646824
0.5820176247158003
0.3736515483721836
0.3240744515826448
0.34911191594977775
0.44742686427842837
0.6963765947098058
0.4595936608917901
0.6023946063692626
0.5656578762239177
0.3546033649138135
0.660415114458855
0.6391643363181709
0.32685413748873904
0.28075700011635274
0.28875935846774625
0.2693693797437151
0.6282995689808702
0.24429810637671134
0.5125220004416624
0.3012148254416004
0.6043913656681452
0.6299201551665181
0.44091015701043346
0.525187852757417
0.32247440047091547
0.37515003612908737
0.5693434562542383
0.6192720134406723
0.677102008101749
0.42073052757125107
0.1891905440936108
0.43731921818558417
0.3138009144191054
0.3187132700421075
0.7132409920262874
0.6070207204778029
0.6110346155199544
0.4288735303334541
0.43462400380890354
0.5509735129539058
0.42153217760872186
0.28325277548065686
0.6834126186338727
0.31163101052508424
0.7116388194158028
0.5394387765368946
0.5475304927313033
0.2736722835764387
0.4976521718080703
0.6538752496274248
0.5300086176378498
0.17812125986980165
0.6088182179226118
0.35252189790192645
0.7749481929460138
0.5749457392782623
0.5421910155500712
0.6181568528074858
0.37662166126660457
0.541730020806279
0.3938550986949457
0.4884952984357045
0.43631298036701627
0.34632708399225254
0.959226444467033
0.4808277299723689
0.603153259232869
0.8351829656718995
0.39152289270591534
0.5076597377714821
0.5369803323741446
0.7967427191238715
0.3233817300095647
0.0910262703485415
0.08917044739930446
0.15508508217822436
0.4648674835907748
0.5722464035169004
0.6514939084101927
0.2467979735175242
0.6493695077766206
0.4987318578768576
0.6480273762164797
0.5585939529200331
0.48296347314647836
0.4382252656747866
0.2589175781845917
0.4491398613131933
0.337473211124262
0.41571683355960765
0.23860149912219675
0.46536774707937223
0.7477644395201605
0.48814341369209313
0.4136675525981217
0.33568795073196445
0.6839897510713093
0.6074559442681906
0.6142621407860106
0.6768026709788583
0.26826783142355193
0.5093190672822699
0.4661580543903273
0.5852267035220757
0.5603093594559387
0.5347521092490731
0.24369775288547413
0.2983424291754089
0.3776691702312227
0.44320618884478247
0.6906096166248529
0.4099090415649047
0.461279585986764
0.274082745273171
0.32451423822378755
0.6517478151319871
0.22100666475273012
0.2890152999315281
0.3108993498201712
0.5798049825871207
0.4452118161695129
0.4849255277572029
0.4048907751495888
0.30019337453167305
0.2894924261422881
0.516880588862864
0.3549809150839933
0.3732150184880897
0.6496751157214077
0.5951052445735526
0.621255704962663
0.19947306158914146
0.979740641073375
0.0721440398502512
0.49732372981523854
0.11802360588798422
0.2240745995081923
0.32574603876049235
0.42735620070645786
0.4002701567693838
0.4260080626988392
0.39860303864917035
0.6700605548681985
0.4442047037159882
0.5438679025537558
0.3686100668068458
0.5564266311316899
0.23013503718109762
0.652868729319427
0.6253740375307313
0.5398410053902353
0.2955791035458333
0.5449538165249155
0.4236485868393016
0.6009114018237259
0.629920361600977
0.18382787007892287
0.9783887629673118
0.149448565417876
0.504903738514495
0.3912438989417877
0.25420918871118325
0.5410198483625797
0.23588336456356118
0.3517458724797571
0.4111798018944679
0.31273873545237496
0.2972574591255347
0.3997034343310938
0.6230075116670402
0.5864282838266295
0.7604989428196016
0.6425086196696906
0.5488621598866561
0.5399642284975728
0.294292275483814
0.32144662002229785
0.6205194561087738
0.24314996925505938
0.2719142777566166
0.20248952572593426
0.08872302960296818
0.989657460294966
0.5116443576286376
0.3583483986086644
0.34838135123070524
0.4659466093921981
0.44557840121748193
0.7810918887481294
0.4066017533709043
0.6907413982156773
0.6019164994255297
0.26402260810561673
0.5630235807767625
0.6768151610221871
0.6232095967614776
0.5179510139594997
0.4059381662340529
0.42002904148251985
0.9867732600909352
0.442014073771265
0.45757377535377175
0.6238843650229589
0.49969486241740446
0.6689288309126477
0.1623716522711678
0.3870912281651335
0.43100615983072366
0.49572098408979426
0.4668836070816115
0.28667509144064307
0.17819856813390422
0.14965264903646003
0.2985589183701278
0.3537702845404097
0.5474152348654686
0.4609445286226579
0.6298393601160254
0.4925502040443215
0.515750395363755
0.996040940126081
0.5919811620386148
0.5834859642309631
0.2979982960100096
0.2993875455764077
0.3186166839871514
0.5082497986671166
0.61754480906471
0.5351632945284877
0.6277551564014182
0.7259275822811657
0.680706284177814
0.07459217277925978
0.41126471575685886
0.5908983802769053
0.42307438719238366
0.3726945615300895
0.5940513399070164
0.3911189621954292
0.379919900304439
0.6573565759505255
0.628464627373307
0.7316660184245214
0.3554955373095503
0.4898920748097604
0.35785235139006977
0.40452162977047534
0.2251322354124461
0.5308086506457015
0.4319254069296198
0.48438405565844755
0.2953130460584463
0.29359599935789915
0.5172520276679774
0.5814573648518123
0.5121696203067525
0.49244928379125863
0.0731057701983796
0.4572104779083461
0.6166005855493664
0.7498363679542053
0.4385584518628628
0.26069151862591355
0.44120236789900613
0.35322972484125925
0.9665126429629302
0.4549695351403551
0.6057859990769923
0.6435483323863608
0.4542844639579977
0.42710468997963447
0.5232194263377086
0.5040887452614214
0.6973183199876193
0.48814749016242487
0.6820542207584896
0.39245679869565264
0.5898758757975058
0.16107995370226824
0.3774364249862303
0.9907514533660883
0.3962248147805232
0.4869039317458441
0.4239967787949651
0.4673313183564952
0.4201189740699449
0.4596573409961566
0.4299390812456636
0.13449307404089839
0.30092052440704786
0.3670511629256996
0.4581103513265814
0.36188008362574897
0.3440028975852556
0.06933919476843087
0.2800292619938616
0.16405100531975836
0.21117799341865495
0.47293315938307523
0.23808767037139966
0.6814891252762182
0.6814891252762182
0.647806224060635
0.7261870286271941
0.22306723687913232
0.21853566104924593
0.6153151362880807
0.27323963177458843
0.3290241793795947
0.6280207025088191
0.11451660635093242
0.3939432549497598
0.3537164349322537
0.44304632594437654
0.36616733543039737
0.4315787975512365
0.40772223770923677
0.694808207911262
0.5341650663452084
0.2596575514135355
0.999999999999999
0.28143254815641316
0.6244897383689647
0.2783338528857855
0.5079180570526102
0.4760210620147248
0.5034576828404173
0.3968551404376137
0.3848773920379005
0.05845251617061997
0.38586613498110633
0.4253880383466345
0.41974626265943227
0.24257908661174088
0.6055820693414653
0.2901616691094705
0.5721536460810437
0.9902009545580909
0.01120863377998993
0.47909848843241565
0.4820060337684795
0.3765852696891381
0.4120223763436621
0.6882586497925085
0.3395723926228389
0.38206537845026023
0.34438253340487324
0.2204836538305074
0.20541596813507756
0.520937373523691
0.4767548703899672
0.36424644280342977
0.6064780787445266
0.3692747746656917
0.5884972359288696
0.3894477282467331
0.35194828934054523
0.29864143911584395
0.2042741058671571
0.6830846423170296
0.45876199929622996
0.9915159373424917
0.8289329867866746
0.22595743730408224
0.21705748818336867
0.26959065396040904
0.07907192080440562
0.37950189394155487
0.1782082344356113
0.35422503316045306
0.5701456480027178
0.49182592383528057
0.3024195898959734
0.39434002190160844
0.5890456930005505
0.299606337079966
0.4693528267172139
0.5092500259657935
0.5455100648382374
0.5744289864155909
0.7700830529092585
0.2747700900686584
0.4632436017585042
0.41029441007154466
0.24939020971792814
0.23130823622875363
0.33008048417284164
0.6005949879219309
0.6343430240505434
0.7512925124613028
0.4759917102625246
0.5413243431547303
0.360044422025916
0.5255345142599246
0.525838779784439
0.3589554556683008
0.2634455549632908
0.3055144165235013
0.6624306785091914
0.3570911034385442
0.29805329386410206
0.4334048942044232
0.45067051109107337
0.5330033661991753
0.42253325699369326
0.5304635558912977
0.3683000786761973
0.38735322869746835
0.5013886976263167
0.4787200443874873
0.894610237184357
0.6145827692597776
0.2455808150532346
0.44504995966013494
0.4408980904915194
0.45749801539215484
0.47785607836279953
0.6629503511225643
0.2811563580794654
0.34821442441268136
0.4981997214299463
0.3881825506977741
0.5203188289911123
0.5763369935002348
0.3718411185769085
0.7214799031955677
0.5518392164838444
0.5486199109797569
0.583992470296397
0.6750196385359523
0.47699319808570806
0.10689747226369084
0.5276230123441963
0.42269882259087665
0.7269515225917371
0.7051074159819077
0.42248558780889856
0.5149581779147745
0.6118741730476751
0.4594053516211911
0.4285563031686216
0.4545853522879306
0.24131462923652502
0.4493368956893731
0.563250723041834
0.5610607924132669
0.44290718712849086
0.35952378444444366
0.5555212939172741
0.3643164470752528
0.4613586674262494
0.5326440677109905
0.7067322387642065
0.39397319128439356
0.32916503154195265
0.1640491984500675
0.2473395293340771
0.35392578812801756
0.7256458744272998
0.38373195034267216
0.3449768058159227
0.5231227062760624
0.49569631943443226
0.28292714129747565
0.3489676598099841
0.3708038277363578
0.41469294349131647
0.6266980463991775
0.3053143794205959
0.37263979015599524
0.4221224106210979
0.9848619830382173
0.48477291999324523
0.43584492765072813
0.4734643322546913
0.34774416929266305
0.48618058157551747
0.5254201780794382
0.2785416806173112
0.5892974720182154
0.365422522128401
0.3676036754883981
0.3378139372772542
0.5297568006838915
0.522435747863697
0.3686634753553739
0.12225345910178531
0.802841549974695
0.48887815037243354
0.48805623281156485
0.4885100460388935
0.6600053744369825
0.22036483472786794
0.42104094580483054
0.5064233557829952
0.5141556862858415
0.5854255723855002
0.5380341687702659
0.5097510306570673
0.44427651780133215
0.3322170600899673
0.8745227282976231
0.5636553269611222
0.3858763528054827
0.4577955795604929
0.24547548663046126
0.3605023097546425
0.4985325491343231
0.6346021209351899
0.46548183434486445
0.4145776609298918
0.551016399062805
0.38205105131665984
0.23386850654987046
0.1571529861236972
0.43544025609086734
0.5163064389468836
0.5767242634987588
0.49467931520896524
0.517088988024756
0.4458443167662124
0.5564897807468738
0.5617600492915918
0.2827887694063298
0.36096506256269834
0.5141071532624227
0.37802818816505224
0.35326645450510785
0.31930901939834455
0.33612210597569114
0.2672813130211932
0.5186300610231306
0.515368912296555
0.682831822304437
0.2989441045358686
0.28401859563913934
0.3805230711217854
0.4475725988020782
0.2650532653632839
0.4935477821710239
0.6396792912353959
0.20984099466398698
0.37969150020008313
0.6556486989692933
0.49489000474293166
0.662186515818741
0.11238352235162097
0.4631240030108895
0.6913413109562843
0.5574036391600555
0.26739961502358744
0.6519385577549129
-0.0076251669298530445
0.46943795421022205
0.5724737597885832
0.45064213174409284
0.1354793271913146
0.16503288599422272
0.4550950098462839
0.5373956112275302
0.44243646966348216
0.48553969107827266
0.6764852213983694
0.4252111727610316
0.3399835015187346
0.3393619517337627
0.30307234218168155
0.11266987832795516
0.5449471804680781
0.8089570554947854
0.501254250253454
0.2822058196004389
0.375776526542126
0.3348912589934119
0.5831057201904613
0.4969984601787152
0.35925240853696916
0.46040418516538073
0.41480338745976875
0.6999442596602281
0.6226458056682453
0.4501644338541102
0.36001101960625825
0.2719854273456841
0.5514419777749378
0.3377067917671748
0.38575099669190727
0.3502247903296768
0.6260353004127954
0.44478001866655237
0.4429817578871108
0.436765599386322
0.5049133767132833
0.5971601559406021
0.26316564443997437
0.5088388429064119
0.6687665159881766
0.5289814558395398
0.3279792287016876
0.2837236748618819
0.2149994924128884
0.483610677665092
0.3888432560855575
0.38894722720465147
0.6037563883439708
0.5907647980159161
0.44075430837443463
0.6653038714583549
0.6445040801160704
0.482694688823466
0.40563868293045524
0.7002565554401148
0.44254386721105243
0.5149581779147745
0.4913635080069053
0.30631971911231126
0.1315191985203299
0.7568382169418659
0.7379249534821994
0.30273869468295067
0.7126963014564932
0.5383666599658177
0.36441548273435687
0.4715566705692532
0.53882216859022
0.22031677483533407
0.4873031512512772
0.5341382665931402
0.416685141502265
0.5876584300143132
0.4705805886258213
0.1624205267877934
0.12380435159309344
0.6593765938407986
0.9855140640581361
0.17009083040985185
0.2829620327821045
0.5541523200579613
0.1858042867521148
0.4601059282663781
0.603585173225575
0.5035870983051624
0.5719417255062825
0.3796392803429399
-0.02814756994439227
0.3558314249975454
0.9823302782014297
0.2838573863929049
0.6944633125519162
0.6221872248596505
0.3818043290635894
0.5438720368944753
0.3928016833305097
0.697219444094404
0.46202330205686426
0.26633671050420216
0.20867016151079643
0.2260049235753273
0.48887769501053835
0.5917476561204349
0.3779258450465903
0.5473516289152986
0.7987272017462137
0.18263043726255923
0.45421894312902567
0.3312421936012514
0.6669182100975446
-0.009918828547800906
0.5226721660453539
0.40678186298007046
0.4236543472050125
0.5059667355613757
0.4285528357927666
0.3775030390157095
0.422998249410534
0.3541336955008816
0.22205298709599441
0.4289045268137147
0.2386607558150211
0.34084724608783423
0.37977635325292447
0.4342069272706949
0.6176609073180308
0.4556330897876284
0.42784877490373596
0.24063243718492855
0.3759564264678319
0.511046216902202
0.17535416937999881
0.6160162178694776
0.3325096138460403
0.3742331906649715
0.4379828855431014
0.5652234435291161
0.5092896865220145
0.47911593671156893
0.4383594996952296
0.36592801465744174
0.5631489156537393
0.6471395031628142
0.37478814969052887
0.17951475529317684
0.17687255874907937
0.3401956576945755
0.38989940953310764
0.5025725772610765
0.30834280902253797
0.44582687347575223
0.27858612221956536
0.45631667189751246
0.3514621934475074
0.5436300351943021
0.5410883564221687
0.34036369663296695
0.27000833531159196
0.2900442144027069
0.3055818013017345
0.4882148066141959
0.48421375656880183
0.6392917290466162
0.3447402035488789
0.23950069682981645
0.40847511213295773
0.7601871211453544
0.453994501290248
0.34868095404270283
0.4854383458848057
0.35227770628511057
0.3216469690288899
0.20485447716594374
0.23084731855468643
0.5112991168545882
0.4311950878163182
0.4529538601469244
0.4820498782317628
0.6543724020873762
0.5901228334304507
0.34964359459982
0.4587499667653676
0.39935941802080066
0.5110116662365347
0.3638279531003832
0.35954737550138516
0.3705089466233358
0.4143670885208093
0.600931705442898
0.33638174151806677
0.35919298989813564
0.8201931957479002
0.37794410488590247
0.3976523603482305
0.47969045195274385
0.47561236761542514
0.31358515970971457
0.41104063866379625
0.4436537055083005
0.3854255664619949
0.5069096052618027
0.2075755410948319
0.4363450248950851
0.4164098519498578
0.49982679887742043
0.3574996116337201
0.42557503906063876
0.26211912274327387
0.6152839814644789
0.6869749984477024
0.5676750249080305
0.6896102279992572
0.7249861756961913
0.45817216855785914
0.4287202360596296
0.12753034618766268
0.45928824122593404
0.6282307030314843
0.47930084495132363
0.496715257407478
0.5834279449116775
0.4022134395623448
0.3599948862596184
0.6157668100270679
0.30925282237016505
0.34981771084727675
0.5791456199517524
-0.030108292413648208
0.3735734469367049
0.4676948008663404
0.41021831860491975
0.46915619898195815
0.513879404001422
0.18418789786601952
0.44909757555447194
0.10706379521171883
0.14141166759371449
0.6795246628955528
0.3889440594337611
0.1409927174641008
0.4175382967402559
0.46307658531249274
0.41193607750584316
0.1720952983846853
0.4750948316533403
0.4774553841642266
0.4011189733488286
0.3958157468550757
0.3939351560305009
0.637183099870909
0.3552811056914902
0.4282005802552734
0.4278431703709674
0.5283739621244077
0.29924317061165395
0.4340608346282089
0.44628026491055794
0.5414578430391752
0.46920520344097594
0.3168150007354513
0.44065517628889106
0.37722356233332466
0.4396004867954363
0.33388968805274444
0.31851762443315945
0.37728704151342707
0.3242311552964624
0.31154988296693165
0.4067463213632039
0.3384180589042852
0.4558570026812434
0.4756321551481816
0.3152353920796829
0.5775868949864961
0.3335571370695354
0.55848136564953
0.2814940994307005
0.22613564631349614
0.5797958970392143
0.4952911978815948
0.37502183483411544
0.39592470760906395
0.190014456857849
0.5700956378827828
0.43698856159689003
0.3851994398550822
0.4125384405983834
0.46925548204118706
0.4095015012155798
0.21824297198571518
0.48279495026260333
0.49233585847155525
0.35216023751945835
0.5500749771340567
0.5633795241948729
0.5794852920042841
0.6025769432147484
0.4046094491225982
0.9997627109405579
0.5419121281807711
0.4553868684793638
0.45762379602225134
0.5791745896758747
0.4292226567678916
0.522939290980994
0.4177439479908235
0.3813821874043084
0.30971870352152164
0.3843530937088775
0.4863665464310656
0.36146864964369174
0.4403590899278813
0.40124769610199806
0.5400817525712518
0.3560803542256392
0.4806984408093913
0.346083488022499
0.29927412724639724
0.28420922801085036
0.4081501877019791
0.3052331826228457
0.4564679909582494
0.40761989494443607
0.3006904152634057
0.2746336681559197
0.4029344540749433
0.2528185345488234
0.5595273887758696
0.17816584714270955
0.39171200031123876
0.571586308517104
0.4124552033849944
0.6476780804775316
0.38626699426593025
0.5522679694959787
0.7157908654829579
0.29459696635271826
0.49401143325081387
0.03421111455765202
0.5289486586957456
0.41144624808198993
0.6698773578346668
0.39519579137958616
0.4046191631672611
0.4060646470697975
0.3508948661139246
0.30368408991127915
0.3429925540647163
0.20110049946508401
0.7345828803792229
0.336097511958938
0.3163080443796883
0.34198866683727713
0.748876657246546
0.4909685876080935
0.821894201747363
0.5444175102817755
0.26397534640808407
0.458904729152421
0.5319953457093354
0.42342750571413323
0.40352880640511923
0.3519392084478479
0.5989750593753771
0.493137466793921
0.3745149520377531
0.34439101425138974
0.25291548621087134
0.5402257688477331
0.4663581312868096
0.29590965141972614
0.5208347693304276
0.5721835351364114
0.5231646865385134
0.27669197704053716
0.15709157824184983
0.35150254586196605
0.2185258858309579
0.30496789276821146
0.5981143519879332
0.2977446486187323
0.45831496352808965
0.36232065438179617
0.467417166191035
0.5443227644779889
0.14341589265236787
0.3321450202481384
0.6484356720682546
0.28013327695254686
0.3599268658654253
0.13049913315780226
0.27755159161561127
0.28624021966194646
0.4185659905756768
0.4045058592500006
0.5586744891932097
0.4682199981050148
0.3222669025574929
0.6134128810539367
0.08409081381142625
0.44987090051527656
0.5946900965589389
0.38365945830187065
0.3402090216271225
0.20443850622819848
0.3824032162582245
0.3686176217146031
0.44183536025462544
0.4555158335453434
0.2598172454024166
-0.008737642272434343
0.46699026956518275
0.32117065235808506
0.3642902363290441
0.36361541012867193
0.7780945901206308
0.5291392328263241
0.356771963235367
0.39064868991633905
0.25734733417888034
0.5639454840915354
0.6428984169314605
0.3536039182338766
0.6119387365091473
0.22937596873773325
0.0594814049419794
0.44672826064585747
0.25899186371466754
0.4055096790076731
0.2126671834952989
0.3090066534429261
0.40004933513529095
0.3878565130866053
0.3319297430423577
0.5495713461829306
0.7120282857664173
0.24084334901477455
0.4729467011513586
0.34934434315373275
0.5131244417241734
0.4369944646628907
0.33702801267093274
0.313352830716195
0.6349803019135448
0.4638034874200432
0.21108208776712267
0.7094760720219386
0.53122792111189
0.5105690832343699
0.5276374674507031
0.5342828838406749
0.3472439480826337
0.32529192869115264
0.4430040423942122
0.34775047524379765
0.175734853073508
0.5309937654907944
0.23581195415934875
0.5120188623582764
0.3329462372050509
0.2307931852054459
0.398547810425536
0.355461416786401
0.3430640491214978
0.2768004673149047
0.4040127801928258
0.5366879883292107
0.4877506703347041
0.4924650371139693
0.4579523625459977
0.5136690360085484
0.5822960126963904
0.20461505304149763
0.7401213342069946
0.4650504837951115
0.0682491736158849
0.5760735725920137
0.2132237766214451
0.22534842241693243
0.4502845330140878
0.4758666889884864
0.3592158326145398
0.39665804309964736
0.56167807696661
0.5144893982386244
0.3196082655038661
0.3158940042892677
0.5122370117730755
0.5240386212833228
0.43032818389637817
0.3640638326557303
0.48430408775241296
0.3537907707669643
0.2815935418686616
0.5965713855279888
0.8433534638337132
0.23799783724271317
0.11415163563526232
0.26502881973236003
0.2570266130529566
0.2575624593707946
0.4598602681855546
0.32941755024943253
0.3728507221780787
0.22037457141965067
0.39366573047712206
0.34907913425123427
0.5225751288155257
0.4597484912773452
0.3782699082030925
0.29134006298108517
0.43238260133389006
0.4111844644692415
0.2924979123828224
0.35943494783848284
0.44018613987167265
0.28268964552106524
0.6260851079049575
0.42086898454855404
0.3572391941344386
0.2785502971776186
0.4563786145656349
0.40610107422761055
0.46349708903582654
0.23344073915852492
0.47807012233214974
0.25836703399011696
0.5542543570695656
0.3407328171688846
0.4666824163815182
0.33996557827087925
0.7245566608269355
0.580737136787487
0.49310975929855627
0.44931714532526235
0.47834671814664464
0.32413330709782806
0.47141233842525354
0.5129403568471514
0.4218574609588279
0.3397923090099997
0.21326738205176665
0.34445609544574984
0.4837675994165145
0.4816216898368123
0.2943444114018572
0.4892072403358767
0.2874960469365744
0.3143472619715204
0.3359757898902844
0.31402558006325354
0.45599047004201354
0.6487713535666277
0.5057251736697077
0.3630361022872597
0.20902519679946174
0.47245037081332497
0.3311512564245822
0.4900970570196217
0.27692221399604555
0.4040529625823326
0.4197728316185618
0.5892132677857588
0.45702453926219133
0.5679131460896842
0.4700054314037585
0.4505672310251494
0.38561108041434755
0.4362289763212067
0.3999969767129632
0.46243934239071405
0.2127441902385182
0.5402846211663216
0.43263933484504713
-0.03007033615681265
0.2161621124756823
0.47031990545441005
0.30085686322419014
0.3564814880037849
0.1937268512477347
0.6461930363373001
0.5904138094973677
0.4469240932567462
0.3737623310167463
0.36583795766425076
0.36415362334002865
0.4128533017506786
0.4719423694101105
0.3495143899602593
0.3063532267331426
0.3689696697108854
0.39363951445398737
0.4132537009005077
0.5116163941126086
0.3035122644435282
0.40992866401617123
0.40933346573782026
0.29644402296405814
0.5159809952622687
0.5498437040397537
0.714323625265678
0.4870873513698255
0.26227714055690665
0.2397160605894043
0.18227828328981888
0.3788563954014028
0.48295946209166263
0.2511237594743496
0.28724691054674
0.7962982193908142
0.3711577065382756
0.5154265175950594
0.35738803339530445
0.38835256091024606
0.2783505048782121
0.6299250234487541
0.49459229907273883
0.4429108731575496
0.5328806428601788
0.3185491067860903
0.2754135052509197
0.48574755930656155
0.4906699758715598
0.7075200863186499
0.26555292891534865
0.4297149450644835
0.37978748899618564
0.3863516677656229
0.28887396325466863
0.116890421383392
0.470423085531687
0.30656821069978135
0.2285700785882836
0.4259346593100075
0.37491730773053167
0.3266885103011232
0.40580333726466433
0.3746570817198013
0.522462420332225
0.4762379442928413
0.5398951458234394
0.5322846365601843
0.36251814462794685
0.5093129382811288
0.38212539382762345
0.3181927540994205
0.48946380702996284
0.3167892305242306
0.24210149094660283
0.21721418131559656
0.5142543001260682
0.32287901910291517
0.3551505681204643
0.33862886941872083
0.5129994389941634
0.3523951846175668
0.34715520924982435
0.5017720447449951
0.7551891095688406
0.49594647705563866
0.6891055196759783
0.18142085248822215
0.36842971397786295
0.6608631232345789
0.6237234025573365
0.3769906308967308
0.5549823934244531
0.31853665829635336
0.27946512536141155
0.16115318884851915
0.41255224432095294
0.3502821462459669
0.5047730425179178
0.5551036092566355
0.5189180638234567
0.6848637283458419
0.5493785379054754
0.5570013918228595
0.7466625829425958
0.4393532235663622
0.3349624794698758
0.4138774427408556
0.5481554569217699
0.3358394900687248
0.6410588411888667
0.5529537541628393
0.32470126518717857
0.5217565103765667
0.2027403580144569
0.621538131197075
0.24146143978629386
0.18037033859970797
0.39611215601891747
0.518015020140941
0.6687114944138468
0.706246652316799
0.4721652954679736
0.32382379865611643
0.49000202630403966
0.5175638947709369
0.5581969036051476
0.6526479830687364
0.5073794165280021
0.4950138877478353
0.35823032494853635
0.4086773280452711
0.6987690692282936
0.685994228152084
0.8148405921764648
0.5190375142822425
0.500117599131203
0.4738134005787864
0.4843616780425821
0.27252559931909714
0.5540750889882131
0.3237226218752405
0.48985240659475204
0.5639551272206997
0.4141573108118328
0.4809398753356573
0.41009793906734426
0.43894632009915047
0.39789408729353737
0.3751597309050245
0.6043667635025428
0.5869641760585016
0.6213858533180583
0.6171094290989106
0.48447089124752496
0.44280517897553906
0.9815259739669299
0.5929391266466173
0.22268584297435212
0.1729335727209722
0.5524041715766262
0.35648853313154794
0.45876017461407237
0.5673668017257618
0.34546311240090977
0.4976299569417846
0.7741319792773255
0.7741319792773255
0.6674860839841094
0.6414318799855073
0.3150295695268204
0.7335387939749592
0.6664131373806634
0.5678463257353688
0.5635228768727005
0.7754733966374001
0.5456857900963703
0.5767712402333037
0.6958792899438064
0.5279340719133254
0.5191336663192192
0.32642063884402817
0.6997203822736366
0.7907222421832272
0.4481317636790063
0.44014352904933574
0.676590648137259
0.4156848871770389
0.32432041592301575
0.17944896151416478
0.6036280085550153
0.5907973942998113
0.4324738093191003
0.6244513060160307
0.510756470694351
0.6106939378585626
0.6646377490282347
0.3156755377429782
0.4564384864389921
0.5685980834215948
0.5747849270339637
0.619176137423575
0.43327584822351084
0.5507058675652303
0.5099582905312217
0.6268552135930354
0.49603727327036373
0.5099785522154084
0.4952970357094716
0.7194826023329547
0.7626591602304518
0.5129701381532601
0.7038464926637161
0.6739650639825112
0.46291685188520915
0.6080988168652899
0.39711495297462795
0.5738380202913143
0.439705014485246
0.5140569348239574
0.22784125285196488
0.2771360742213447
0.22784125285196488
0.5135884931408217
0.37688560340002597
0.6539106342133865
0.42659958060631276
0.5047899869885542
0.6814236850477011
0.24969018398574427
0.9813250393920007
0.5778101465469632
0.5512018307641359
0.575930534767513
0.5464484438839193
0.5711452496172534
0.9856854307776791
0.28090602146845045
0.21097623953520206
0.3972233844951496
0.34831511198239207
0.5011767355622629
0.574254136361016
0.49377848068702546
0.31818911689543783
0.5522259163521075
0.5984775286767952
0.622491190791876
0.5205929620229082
0.5290209687518184
0.6465349666996003
0.99951171875
0.5274676034382999
0.6613288610144553
0.6256007215541743
0.6722725169307732
0.3955921200936089
0.43611454792983384
0.5597652606872914
0.4953573162850138
0.6098410676944519
0.6143896406903518
0.2871691055177489
0.4996265148656065
0.3367088103358389
0.5026876544473262
0.5722288232674397
0.3225341314192375
0.5750371721169265
0.3006758168888124
0.27489204775661513
0.6622937710069547
0.580178936586394
0.48643531463304446
0.5697881758076414
0.8023845412796473
0.4030160444886499
0.32537236577564066
0.5532288559193923
0.16917862249400328
0.9795409263837043
0.5917633598444096
0.8343436250939632
0.7433247458584511
0.5988867754702155
0.47927063834172134
0.3284018474737589
0.34042415705626694
0.4519478858304329
0.7449237478243569
0.605137880440945
0.5826060528390138
0.5590534478305698
0.581690680295462
0.3658527608643989
0.3083222916075796
0.2386970105683872
0.6588286673635464
0.3988749849581532
0.2885293763311626
0.6542414446305177
0.3225635480443776
0.5396106909126859
0.496984559889192
0.888949093346789
0.2441383249132898
0.32127647168677587
0.49606390329011496
0.6396390268657988
0.5724269947554637
0.4140382476111333
0.34942105812678526
0.4056386335956643
0.5282179140331018
0.5253764205277315
0.5140746423724346
0.5280091860353353
0.4834978876904876
0.5124518283140465
0.666746118791211
0.5863329207548669
0.4105006571321923
0.44449474456687255
0.49371399261963245
0.6100928550532412
0.38444324330256463
0.3466296562515355
0.47338328542281016
0.4762405905068938
0.3183868069855481
0.42499250941555067
0.707661007580595
0.5733789756932128
0.44918756575459484
0.6095638284577599
0.597354716610318
0.6538222012627468
0.5376383842743411
0.48874320237779245
0.5207992462324659
0.4875026510796958
0.3617285403455568
0.3698313889414141
0.46421559287649894
0.6238005905178097
0.6009905358861481
0.3215326604554618
0.6428510038608016
0.46799436116358817
0.46950145548318567
0.502503944341839
0.40363640507779563
0.5307324971271596
0.4087941117907532
0.4724417300377588
0.2682913445093088
0.49974800138273445
0.6775059850984742
0.2033527223063646
0.47851692071627216
0.4657085214894314
0.5369650817927449
0.5926851055423493
0.7109179839255529
0.530302539148191
0.5833771752253372
0.11443789925910464
0.49846865481306635
0.49783568738280237
0.6644323079551375
0.9839055953832058
0.6366482910495881
0.6141069597493979
0.323319573130449
0.5995784542450543
0.5641488394075442
0.46043567770935534
0.5572625278312802
0.3247700725071865
0.48537054885664566
0.4283997481150268
0.21494503921724983
0.22103962654722265
0.6763148059293576
0.23536495457834683
0.3938268619344494
0.3940766798520503
0.41739433769298806
0.48477045093731863
0.48110799018481254
0.5757407392141058
0.5626742342080487
0.5738027185128308
0.2875819006401875
0.4874783703397876
0.289862692633172
0.6810096236787353
0.7421985600591483
0.7017220986391249
0.8088097649507838
0.6629438003481178
0.7162270238748042
0.5781999361054941
0.45950256165549874
0.6333549565183545
0.6319750414276024
0.22443751701568937
0.6287421735063503
0.2977320585697719
0.25075223237614064
0.453165547150596
0.34961112861976096
0.37077881205691854
0.4679645157719756
0.47661439253417215
0.2702141229660737
0.3895044073793922
0.3489504539710484
0.6443371921260729
0.5081177747148795
0.4894051251690872
0.4252877269839199
0.27027946647637546
0.3415596410986349
0.3439186710649057
0.4786175329835113
0.38340698748947566
0.5663322655159962
0.6663688541434805
0.41849008675625443
0.4963190521274624
0.6348854654538851
0.4156012644587951
0.6957759562248508
0.4162743951109189
0.3178715806049346
0.20455644839918963
0.3773991687504894
0.651783984385243
0.46840250717661047
0.38771549277809503
0.40310471805757286
0.48203746063207553
0.45087220487455726
0.40535252732952953
0.5711783328310894
0.9727781337986355
0.2895197629206868
0.42833544320931294
0.6268606757346553
0.4876691015862712
0.7307638478737466
0.477637296715439
0.5796563749832688
0.5495855235060954
0.5809647217843272
0.3511710479971998
0.464683791805657
0.5283101850221554
0.4778550139972103
0.6195348430335175
0.1406227737534107
0.5565490015185305
0.4045333751848632
-0.1487559404110561
0.7840798307399541
0.8175167549182942
0.4727769477555581
0.39933406431250584
0.40486689376148366
0.2641952575046371
0.4900979845747475
0.5089104333776664
0.09920811632419246
0.5825648139371028
0.6054666749331039
0.5704296921033556
0.6150357282733357
0.05809466518514772
0.39815285109818477
0.6055266593584897
0.5777769076925295
0.47597590309356486
0.7611364282483908
0.2848316468233214
0.42047497311552284
0.5148494921439053
0.4051071927851443
0.7604497426682963
0.9839808767429727
0.662464402909853
0.5500651545062938
0.4053227157876197
0.6705969959585043
0.7233827045387616
0.41117628037182774
0.3768426661904062
0.31399453951123424
0.3246148908642752
0.4948686714358994
0.24478814746336042
0.7149328335012805
0.6571104999838231
0.4159264339544957
0.4061449708853835
0.502284208936111
0.7353690241868402
0.6316872205830311
0.4930249431816417
0.6664130827484384
0.2792684251457618
0.6601374413147184
0.5371505692936909
0.49830700932296124
0.21585210195304505
0.4588889705114657
0.43690886182566724
0.4216661423135575
0.2510282739388965
0.19711866283649804
0.6357225734392985
0.8279157596277732
0.40185411630593326
0.782289848216606
0.4976361964189069
0.4319955110724052
0.6539134006561009
0.40544344319324177
0.37692401671720965
0.4242652350047186
0.5839658800341305
0.4655633073131257
0.714994307757314
0.5050631172089602
0.8747518967691241
0.24255367871541422
0.4359911707541435
0.5417570647297495
0.4215157883855214
0.3450778628987381
0.70027808577321
0.19381693390814125
0.5323045969775596
0.4690679346507014
0.46160347953391834
0.4568548067187188
0.33908861233500387
0.2948887663977946
0.6721915854560224
0.4595448042701509
0.59786445996189
0.5425825721354284
0.4252311018352114
0.42197061216114795
0.6064800792213995
0.39028562112335996
0.4079398455500429
0.4942193524279318
0.6383531223899672
0.6194341196589085
0.3880279738176551
0.694775920608599
0.5297822789411546
0.43403686405705255
0.2262109214909398
0.30546826392083415
0.8544355830197781
0.23491412463698502
0.3746082661248292
0.45747658083867293
0.5271754664764741
0.5944158110591223
0.5527017410331774
0.25068067683935324
0.6281836854569629
0.5838052945740364
0.39253007340890245
0.3714090379760633
0.38202795396520306
0.563308610707715
0.2610201475140774
0.4262974094368357
0.3717619884330756
0.5352236874530611
0.2501728748124281
0.45877123070875414
0.3387347281941575
0.5191049805284598
0.42699291386205285
0.5115640442068246
0.21179286719094326
0.5200580167887391
0.6739511894102058
0.4367747897831301
0.5865530756628781
0.5645076157655311
0.5075395166836347
0.26005862585021733
0.48495797232513693
0.9773120640908809
0.4925075212662763
0.5860651870556186
0.3729357509675648
0.3685162486178768
0.5558764406459381
0.3464448876884276
0.2919139273087886
0.11447568502275152
0.21986006620373844
0.36957351732045973
0.981892151021112
0.980629922195621
0.5452115152977631
0.5064112203088594
0.45566288859847914
0.42142907090326853
0.5174328181217411
0.3519056595280714
0.6010981853042889
0.3806576870688604
0.43148411925467844
0.6152279528116774
0.3409856771360482
0.5575648760637313
0.4275411052359831
0.4584514357995595
0.5279573377940157
0.5974605029726474
0.4233244981617099
0.7027365280515601
0.32141702013641316
0.5212169475120991
0.6221805695075446
0.554409155452751
0.5179361677032754
0.22043768231451732
0.5474672852002838
0.6434096145767496
0.34620695095458665
0.5409236441518324
0.5377191900967421
0.8304133265796094
0.13479104201132253
0.9846742408330897
0.4316004473669227
0.5072124924167437
0.4536832287194372
0.7237774238603576
0.552894521456681
0.48719723965890915
0.7302208533503539
0.5677189362327445
0.37454979335296457
0.41655808536239447
0.5261217679633681
0.4844620751376362
0.39666815807780065
0.47229652911422926
0.45158211854747465
0.4553643853001267
0.4974688870457179
0.49835481657830505
0.5017805913654949
0.6203664964290494
0.5242864100681228
0.5401016710205793
0.497055621242557
0.35111068037986637
0.45073870922562786
0.6520380284970637
0.44224675926865464
0.5349884042863697
0.634706461350423
0.7671708512805193
0.672290695268598
0.5951246490477518
0.412965528021612
0.46596050366328057
0.2878380151945569
0.989236401031073
0.49397945863347936
0.6006422030187653
0.9901698734249543
0.906430905196464
0.4402320700297423
0.25671596329518787
0.5206993267604342
0.4599059421935132
0.5848504825453259
0.5657673227415165
0.4885313136925602
0.4500989264224847
0.752649946046742
0.6136926459112368
0.41246501052907836
0.4191462210811824
0.43581229946784794
0.5415064190843343
0.6177621175271767
0.6177621175271767
0.4069453664695488
0.45192095960086753
0.474954512810283
0.5477001851793868
0.4725964770166846
0.4364568576765633
0.5754979874125451
0.9782223646487942
0.6343346670552236
0.5817835365452688
0.3956185164240652
0.7537690479326279
0.42163202526700816
0.5439762815780989
0.5184204536740145
0.5008411203940217
0.6766809018756148
0.6017551095358342
0.39040309840321374
0.5722821991367726
0.3655027170088432
0.38101346270289227
0.5267362996530817
0.3892004550723789
0.5485954432447389
0.2899121930993114
0.5171572216675127
0.4650149964079766
0.5286654617675004
0.4667053672508794
0.5662915298701162
0.4743088649920024
0.6011031972655799
0.23479708442131275
0.3890139743609261
0.2086130551091766
0.2596627488582407
0.49125265348030855
0.545428441828331
0.5658677238228424
0.5191521070766402
0.5928492446070214
0.4191420971993821
0.2922569210094297
0.3810422432797431
0.4944005682038063
0.5221710603273197
0.41539201939541925
0.37397158932309094
0.5475366368062604
0.4005763975433386
0.4623115601695842
0.5343387976787851
0.36473638770363204
0.37260294845888386
0.5356283999636458
0.279326264740668
0.43801172516412057
0.623908429860196
0.664656244257931
0.4300644783224532
0.5533132045357749
0.79636644460257
0.4876828337936634
0.4543313427448601
0.48968252258458866
0.31905330607550497
0.23045406757028541
0.3482913762629063
0.4783314129632258
0.5907275861480501
0.35641327220309715
0.30519025543291667
0.5480185998510301
0.2982473364474679
0.3063044036209619
0.39119190937741855
0.562772250089199
0.38834548686791615
0.6507306545163792
0.2040612191509228
0.4579982054184475
0.5072250374564509
0.5065300880390944
0.46515605202756216
0.4157078564285427
0.5857773603920078
0.9996809628494263
0.7930116688521573
0.40585196500290976
0.5254173708533099
0.6791919897502297
0.40774324551734864
0.2516417215418695
0.28074127085719536
0.4925115135570681
0.34244787301510904
0.48346474145109875
0.5883387729451144
0.5737604661193089
0.5026222340824318
0.5484637881630483
0.18709145288461393
0.4110664744872463
0.4456515580611474
0.5591795593417401
0.5599086332475602
0.427794769755114
0.45669868716703443
0.40495983006466885
0.3077399637027354
0.6428013158340177
0.2663582122504533
0.2971510428330375
0.4603862555917331
0.4968830666906512
0.4449353457742482
0.46783307668024576
0.5041540311646153
0.6404752484575889
0.48347256675996664
0.5360419221848747
0.47014712366346445
0.48723454147515666
0.6217888479119047
0.5202390936120355
0.6005993548837931
0.4461183761335644
0.41498604870960243
0.28742301306938267
0.39717243576385375
0.70286502732046
0.39519080414553265
0.3393773821699402
0.3995987198251181
0.5981568981274787
0.37558074227066096
0.5185901294356923
0.5170610654623724
0.49554909895730337
0.6981376405741878
0.27151261786579917
0.16462454684401118
0.33148929699826235
0.38596048275132666
0.5300520698148171
0.4753847763387091
0.4496559555585413
0.4873452042148356
0.5192114955102172
0.28908292067873664
0.6316094564611399
0.6531493863181298
0.5656839807959138
0.3331486802896857
0.4032453056672636
0.5537233186949835
0.5529813915875073
0.5775786571342296
0.7060593985832494
0.49034366407427754
0.43372644009647043
0.3336157515383318
0.3682275407394777
0.4377796057918568
0.42999931260563407
0.4004095198675499
0.4656644793071466
0.5368726627667023
0.4872486910684517
0.5876580434665439
0.5803448788226011
0.8758342042447252
0.5674452664276693
0.3723462745671384
0.5665250952953829
0.43254421417494826
0.49265300110531685
0.6664721666119879
0.5622059689897465
0.36598270967692503
0.4957596944936986
0.6220686702724472
0.2317164119906
0.221499719544066
0.7741533197295745
0.5116241225440116
0.6645447554628574
0.40001362781360017
0.46381831198124257
0.3901621418512069
0.2672164198477779
0.42277196106384207
0.13805960741698065
0.5974792768484951
0.6299306093630518
0.4707768050879201
0.4941205035800035
0.4287481958130842
0.4569065770844989
0.27570418362366067
0.28764628071183684
0.33381492962374437
0.387661269350316
0.5562705751661133
0.39508928183514047
0.5705102654177526
0.7351565893264695
0.5030899950693319
0.46857408193701955
0.49350344438404004
0.5794276005895479
0.6345057420281189
0.5508739809885892
0.4605889184661842
0.3544504336978904
0.4429620839435572
0.5113297623844685
0.14884769078938587
0.35355349539050707
0.3862585658665879
0.6628892475591315
0.5720743533622563
0.4093617021932302
0.7026306536238572
0.563556266053042
0.5431395825977489
0.6963230179934089
0.5126802857603989
0.48231515660409485
0.29151754763050763
0.4759708602373012
0.450732080507938
0.531284348239836
0.5041615782492302
0.4211159230124649
0.07462187409769994
0.340296575708539
0.48047207892411725
0.599044810311609
0.5792088264384192
0.45300935926046715
0.4122759072313966
0.49243369748598753
0.5209411732759802
0.4989851680102425
0.37625512664402017
0.4331691335752236
0.40160719599153816
0.5334972862873524
0.4419900055975947
0.25071700203379266
0.22682193887732693
0.6645445329659811
0.5027908679310635
0.10665048828344004
0.12916531761791872
0.39453485866905047
0.6930469421450078
0.46826015078636907
0.5701048727043732
0.5055507229802046
0.6927261221776297
0.25487835018478466
0.25100863361232095
0.42925905163000344
0.4969568811589993
0.5521610487848481
0.7169342396696556
0.4544762049914266
0.43638913773553045
0.5652107300940443
0.5999228574293867
0.35779858883805127
0.1295541685205508
0.4605854942776286
0.3150467795203872
0.41535112419707443
0.6146154251395961
0.47259920340677697
0.508189253553833
0.27908167998703315
0.36421164975163567
0.4261359811157568
0.47100720776388183
0.6031935741384798
0.5381270104977232
0.5097343561969985
0.2925242353690398
0.3968984863968088
0.7850679840230302
0.455811880559558
0.5635616885958479
0.3762272251588079
0.4054402265007837
0.22826080963522355
0.7219048059715615
0.7030421974828294
0.8046808933116409
0.5136701789421139
0.4798610594822261
0.5431806124399474
0.3599030990371006
0.4544312083476293
0.5876892408006336
0.6013702464621022
0.30670893558567114
0.63589406565829
0.21787940420786633
0.316526624863142
0.6840556739677577
0.7267105643047154
0.33497823271729776
0.5456991539191312
0.46556821362290957
0.7119391645728144
0.5384801042422669
0.4256920231609387
0.4259501154244997
0.34885667456492186
0.653577845025873
0.4782813291089201
0.6335892916220363
0.4226710926773314
0.34337587759824084
0.5224575526239141
0.4363779614744051
0.658306597800419
0.6122825063583803
0.2419201250988927
0.5131674774737812
0.32845982607615043
0.26745587644709357
0.4779514972395629
0.6746588825613208
0.6314238124755908
0.49964020502848516
0.4767518418089287
0.3571931362474088
0.5360328811507686
0.3031275817809339
0.1634666902136771
0.3688499034484699
0.33167483124167296
0.4752551131744842
0.5768596559419773
0.5581205709063114
0.5043024504702747
0.6047265961053383
0.453016322319275
0.3908587763439919
0.5282075272103012
0.46204230476913555
0.4426916474275846
0.42208413555314084
0.509360547420784
0.5263767984424859
0.22145446282641412
0.7913279417594268
0.5799859303794866
0.3950774710495153
0.5246554684968117
0.5883333264610516
0.3307818243145353
0.4911797492663006
0.16478756582466647
0.3914089589725499
0.48087919312062677
0.24527139881932014
0.22252878369603113
0.3095024760930165
0.548074420380161
0.23451711657217578
0.32364249135262213
0.41601097184891067
0.7414381929566847
0.9814958707026586
0.505592721269418
0.4731253596072449
0.27326998454878737
0.474991584958807
0.6141386419599204
0.48028939803346493
0.650156902660617
0.3125501632774941
0.41755373464307266
0.547922835913352
0.596957414619482
0.3388041478888739
0.21386541808924586
0.3563469819004469
0.40785613943809174
0.14734727480339782
0.15275845388612863
0.6506255789764483
0.7738726402557188
0.6074570015038899
0.645508731613555
0.3882987816973732
0.45674827674594587
0.410613419063962
0.2832773678336715
0.460240846291862
0.44242245179957673
0.6002583381403399
0.4300793832586596
0.07625355977035109
0.5915864659598444
0.31147098087984926
0.38688066068810056
0.5565943379809959
0.46064091018254316
0.605541137945139
0.4850175531414508
0.9968549653104802
0.3570980836873868
0.5091114420463221
0.3923233168486895
0.4151851339163448
0.39792455431236995
0.43456581766247093
0.5469077628040835
0.7212764748831115
0.4842055620222706
0.5056434296697206
0.6780653083390107
0.4277487234078515
0.35598574221303547
0.44457553156062524
0.4702776390879906
0.3515068125187414
0.552525924116348
0.9871698170077199
0.30927244835787704
0.24302281603055564
0.43179799004950925
0.3083352144489875
0.5163199190167012
0.39097503237910214
0.3476537701629582
0.7283320604781395
0.6123506829614824
0.49984537980064314
0.3523300399778313
0.3853506493634452
0.3058656710944023
0.656920387192172
0.5132915287239779
0.5319777325544031
0.5521697839470354
0.4802166647183628
0.35657634052355314
0.72504472022472
0.43475737237155754
0.5840861901602624
0.4562819762141256
0.36674107912703724
0.2358111696783043
0.272172741109986
0.6532813531302167
0.5583757743841539
0.3119029769991002
0.3411094884328737
0.31995861913634926
0.338287931331789
0.3696956111418974
0.23455825368176508
0.43770562814561553
0.4409944872878605
0.5409887668050308
0.5608090272149916
0.5452931016014047
0.49284875293073793
0.2974343010673862
0.5640455033480806
0.6152876021073024
0.4094165465128907
0.5108197263103975
0.4082201836915792
0.49088041271138816
0.4659748716384772
0.5580368867855077
0.4488032488530769
0.7304215204126101
0.36014811737511176
0.407049428035011
0.3084360303789494
0.5237164893088228
0.5596263822703371
0.5448063475360799
0.391798045349005
0.41633631788207537
0.5056023732273371
0.5118320381814006
0.4869892874864872
0.4154241243713581
0.4451884736060199
0.48665515773869483
0.7070351838722638
0.5192554046686624
0.541889268162657
0.4939906823674475
0.3258247125134396
0.5352400081013438
0.4496290388902049
0.3647466480435466
0.4135058855042413
0.4609567008009223
0.3972574703160253
0.3735982155967723
0.4155551946043248
0.4630150222114465
0.45740286434764055
0.12484327379684335
0.22748040407904446
0.2105615165655359
0.3330884438087729
0.25623864615453074
0.35884009732679356
0.41308483372047955
0.28234690679271024
0.5476443080164675
0.38690068352340845
0.19380435482173208
0.2594660283183754
0.2608808964506375
0.00853680347472996
0.3126726459625695
0.3287453370308101
0.34121242784321637
0.3074432139181609
0.5143013257763633
0.1881602994321141
0.3834784822471369
0.10257416952147125
0.4017488606324078
0.305908789726399
0.3892972193245625
0.40783528485333354
0.13868164425044416
0.23312536854564647
0.3869344348248911
0.40012133504207015
0.26160816162928446
0.1791357653954777
0.2553719575795199
0.6231551746107455
0.3655381424314361
0.23112668410613202
0.08025657248399332
0.3237886307203597
0.3572932014715666
0.20925589442666004
0.4864503990857423
0.24679181630834535
0.3008913401760861
0.7566610854835008
0.6973395082538424
0.2534211383073578
0.45505831031141986
0.30521980758427947
0.4081515482486384
0.3327752693871745
0.4008088625184064
0.3936663548003081
0.5990635379331694
0.03026866512339188
0.05662439046586176
0.1767695021335718
0.2606010256682679
0.5037677193521971
0.043122465264747945
0.26366516782492366
0.3460481816376243
0.4187173809672079
0.43762203152350265
0.4763144693688437
0.5270116325902834
0.3239888031959228
0.4946332290476385
0.36016717584557023
0.7541408753146018
0.37951310731282095
0.5820613886224122
0.4217907984541538
0.451481551648117
0.5136652187340653
0.34736399666671114
0.3917255301576218
0.329854313840821
0.137458769988011
0.3629794423063001
0.25131172245739153
0.3275958074655345
0.30648748219694677
0.13841667370025112
0.32424967914359315
0.551036162154231
0.12224835840756698
0.3642183778317354
0.19004737246594172
0.33030910407102543
0.18135419307792056
0.33510267120214987
0.5110419510331902
0.3792427870312052
0.4618980134034607
0.39080513827465224
0.5606451489417996
0.2500585404418114
0.2886045491452882
0.22701496069376925
0.4611946782135681
0.3274678253943697
0.3963308411199473
0.3572764573038596
0.5499790400438255
0.2973133555187615
0.38808244614776877
0.3128633317271219
0.2529036296768403
0.24257771292948327
0.43710989568991154
0.45215418233037186
0.4036335439271772
0.4045525361827431
0.1556759649500108
0.4689503223299438
0.42183587762668995
0.24245359523852672
0.3056104111932648
0.4067046015748874
0.1635580300883379
0.13615688493081235
0.509440678258321
0.27533045694381664
0.27029467471004365
0.4352625053851844
0.11500336996303895
0.22088373432477448
0.3982188277553891
0.4793418738774372
0.11780397275824006
0.4554135852987653
0.22300612010863885
0.45780918379379365
0.13250884623538417
0.19763208505338392
0.20198511500352911
0.30691302324317726
0.2947485880670595
0.1862892576752555
0.14595481050749526
0.5427272843243712
0.33198151626339134
0.462563757460585
0.20948549811565376
0.44618360379128386
0.2624525710766623
0.32908927478470096
0.29184813833745293
0.036892029745400845
0.4430973941436831
0.4565482657315323
0.1851081769600389
0.4393234198236312
0.23686715777799416
0.45840320420382197
0.31699156576056975
0.3482011533959609
0.22493418964106815
0.2569593364027509
0.22686518433881486
0.41988258124102007
0.6204989213369594
0.39978611019101873
0.5922110646738636
0.45389562214735235
0.2773699897322277
0.312020091998537
0.3049484335845669
0.3833709497869595
0.2818762077407212
0.3721256668407269
0.4859178992261959
0.5218532176523623
0.6804680590557379
0.4462154288815322
0.38296897802116636
0.2573652095426142
0.37732496046587816
0.6159216254196511
0.24728296547662643
0.20177065454869858
0.4465842546076654
0.41315596796392584
0.41792220800076074
0.44478050133686
0.4674022557560519
0.398074282269562
0.44872930404464095
0.2170862340073516
0.12295717511883408
0.34598398643258077
0.3587901075403922
0.42742180322466095
0.06772787258977275
0.3665458312456168
0.4081907339831208
0.47274763236511486
0.3787786562529758
0.3662443574233527
0.22593232450015344
0.2639821733486778
0.13194428627244226
0.4598542883064356
0.2592688916575452
0.3627008425270174
0.2572212243174644
0.5446672184609564
0.3646325398415631
0.33919983839709844
0.16042026539504284
0.23328694251010806
0.40647974725179203
0.3852165189279032
0.4387760143374285
0.28621971541478297
0.6049462246230444
0.45254738295454366
0.23197286234224268
0.34193672251295026
0.03744714518465153
0.2121115713582894
0.05366715404649791
0.28215871632314193
0.39714516870104233
0.431428431059644
0.288791510412311
0.3271841228539697
0.241001688685761
0.3523105345951014
-0.014006427847753411
0.34219532014514875
0.2688290081975775
0.46632426730979615
0.4768662108775297
0.25311705528555184
0.6303379146092968
0.1251465445440273
0.22513174320746554
0.5434344138552529
0.04474048617807158
0.24051546695533244
0.4030409149867421
0.25535442076389214
0.47741406526330643
0.2904159658031821
0.42294091373879816
0.38994249739113596
0.33030502494720815
0.5461911920891921
0.06561352996288594
0.47622436677825464
0.4211132678288677
0.6257773685838313
0.24480140553270102
0.2964531609461749
0.2967381577574665
0.15789081045670983
0.32944488686386464
0.19847595952787978
0.34056366592482734
0.2725780624839568
0.26520784825726085
0.6538967492713071
0.29060204998581396
0.36982188802440974
0.524922797023816
0.17910117063685282
0.28805623066589303
0.06786057765459463
0.2581863729570979
0.3630764617307548
0.549171185637189
0.4110666721567007
0.40309587061555185
0.15918951993525388
0.2750962046149109
0.46680246129239644
0.4341874317522526
0.15182951460627692
0.38867704428734295
0.33232811753237024
0.43733608823241865
0.3355269528260366
0.4088499988530898
0.41270297534373834
0.16538775793664662
0.40662781383970137
0.35771489419149405
0.6902426017007002
0.34416126590372154
0.42063626393943765
0.37459234451845513
0.5673838359327952
0.10133448409290546
0.3014706287492346
0.45729184826509306
0.2608079883629647
0.295357211826934
0.4067566238898155
0.5785277430080991
0.4983639059109023
0.4875171023495013
0.48477633126663877
0.5842582709081271
0.19817888746592327
0.41754840617225575
0.15618633467351983
0.42673408921670275
0.3210414639745718
0.5209614834786122
0.2522331246301155
0.5612551885453758
0.2945032098463598
0.42004461115689806
0.2472079890922445
0.2735471617209042
0.3998811794697663
0.4397819884519587
0.5034973625181973
0.4208597411056316
0.23785672988847972
0.0661147272371776
0.6478580716775227
0.0910837832567839
0.3989207161434948
0.34310549549599845
0.3407692592301559
-0.016044333428994806
0.4137976201038869
0.3960292478029186
0.2837657109169329
0.3400591485303801
0.437106390586918
0.18258576384133984
0.5691927468270954
0.2171769887006152
0.35577259698125574
0.3032539946166213
0.07809288383437119
0.35228247393436773
0.33822540742006946
0.33463108711854683
0.49436723879246725
0.49426812058354597
0.39080178350059347
0.3420169996073912
0.53548540760118
0.503599161090369
0.3862254940224725
0.11063195223693023
0.6219082721646008
0.3982313717839959
0.40169400057712323
0.37966153189208973
0.4055075379833484
0.33627585049034536
0.2743552510286942
0.25276327745251637
0.4007546751092368
0.48942021857167073
0.3576699214839234
-0.0022424390912807457
0.9912222271971535
0.34275114664335127
0.24436546319325203
0.4656401295459125
0.1458971707538319
0.21423131595878964
0.3719872455344423
0.6369197182053608
0.6472361888114709
0.2835291988755151
0.5477576446469987
0.6421149137466731
0.3156175646192638
0.29051545544031265
0.34942686647270904
0.34431429953575
0.25559089377447086
0.5111684095841638
0.48484501785526846
0.11663144888721722
0.4044067439616995
0.2805264983073772
0.4263420494965109
0.30568257232628016
0.2898422711741151
0.3786791249220516
0.33211958371340744
0.24631229952199707
0.5905720092068776
0.27300266755907854
0.33279699334502544
0.16486315743057733
0.38204443861962956
0.45809941891551775
0.41792513770996
0.32548208510882315
0.27279498151638615
0.23663472505963523
-0.04522360441396911
0.3521400593829902
0.10196375501293053
0.4867021002248727
0.21416651346896565
0.3936880298594394
0.32492636628509575
0.46652084947193817
0.2959135545108993
0.3564360284430719
0.3231453444388439
0.15008868179930568
0.43881169605178605
0.26278132075948823
0.2740311152251633
0.33770212515546094
0.2343168312549313
0.18971431749796475
0.34204190391782463
0.2170429684251728
0.318819047724449
0.48273592292582024
0.5725886690843974
0.25381810098952573
0.19438611456440658
0.30569199674751213
-0.08283933331861215
0.559189342547739
0.2707310304340682
0.35510970493825655
0.3543050722696357
0.3132539417439315
0.4148812744657322
0.3810313119142804
0.26433412547018875
0.43970413572836964
0.5075110114766535
0.46664037465209396
0.3828697567060728
0.4835016328829481
0.3315509116265767
0.2781972011315079
0.3475752679865236
0.36049953626192033
0.473287633664526
0.31237999246292136
0.12858692908993785
0.021364520439185686
0.30117273566744296
0.2513619841197712
0.29270986307259317
0.21851887760024202
0.34649124847030865
0.3413415353807836
0.2892510684541483
0.029850922521573287
0.14708045053663965
0.2500351829177614
0.3704939332831627
0.19424602572038663
0.17186103967265798
0.24232125721883957
0.7477004303622221
0.37648985408212277
0.16532966986522224
0.05431294033834699
0.42025694505353606
0.2174609010238322
0.1575431018725928
0.4110327035738901
0.3094704354481639
0.4459566594759202
0.46880456636826806
0.4987525581801303
0.5792534068924815
0.2824462036237664
0.33186395953826975
0.2125411695223205
0.7582910435599363
0.3326070813728328
0.38340200474800845
0.21261845943288327
0.18579082772935962
0.5224706049707275
0.29573550206244814
0.40259607184163837
0.5052337456674143
0.019806552891828533
0.5978825345936325
0.5216047054607175
0.35597808718105983
0.300217866897583
0.23046109262565828
0.36173165884231206
0.19058167997069986
0.322487408440188
0.4302575117928653
0.3187577407372095
0.4236489258287631
0.3841747245814727
0.2993324998724415
0.23238963614752128
0.41172266877883756
0.41240353345797365
0.2535151328208016
0.42833435319087365
0.1896639428923561
0.16786360246096765
0.4392214090166783
0.3646953129218182
0.33588296762414216
0.40437445293705043
0.516866804767862
0.36203038049112446
0.33644254318501
0.2960686052408743
0.32204123421446706
0.7254774169119054
0.3474284934430424
0.4052056108830573
0.33249167224450893
0.31178119957759476
0.31338912845113387
0.18793644288877975
0.43277811770808516
0.5560905305306895
0.3455150127948625
0.41352253302292086
0.24470398966862295
0.1314200661455449
0.1592533592429256
0.3728162153359218
0.29869366610665904
0.27092274081092715
0.3869346891163358
0.6079493542389207
0.3909494438478287
0.5972934642541642
0.33385987867606615
0.529591131483329
0.3108170872171915
0.5522149434897844
0.031553749168170775
0.43849846751959065
0.3877437502818758
0.3866702557391598
0.27497408136638857
0.3004475080089172
0.3382256183044874
0.4223257802726176
0.4635188314731986
0.35140822576794795
0.33887702129816843
0.22517331433404209
0.4601397884359104
0.46449300201879185