-4.2758259773254395
-2.858166456222534
-2.339533805847168
-4.099012851715088
-2.147858142852783
-1.7764971256256104
-2.0597379207611084
-4.673935413360596
-1.8287193775177002
-3.8999481201171875
-3.2126805782318115
-1.6128199100494385
-3.152935028076172
-7.427870750427246
-8.673067092895508
-3.8492159843444824
-4.320778846740723
-2.898808240890503
-2.250308036804199
-3.3604838848114014
-3.177382230758667
-2.5950071811676025
-1.4754573106765747
-3.829603910446167
-2.4902498722076416
-1.2250226736068726
-3.9664103984832764
-1.2319499254226685
-1.4915412664413452
-1.8559242486953735
-0.0
-2.1589577198028564
-0.9866493344306946
-2.4985787868499756
-2.2637455463409424
-2.0118963718414307
-4.781062602996826
-3.830932378768921
-2.617762565612793
-2.620823621749878
-1.0199813842773438
-6.268139362335205
-3.069697380065918
-0.8794902563095093
-2.2151756286621094
-1.5985852479934692
-2.026813507080078
-1.5422139167785645
-9.145036697387695
-1.3271899223327637
-4.535614967346191
-2.178842544555664
-3.877037763595581
-2.201652765274048
-2.0051181316375732
-2.008523941040039
-3.2527666091918945
-4.878649711608887
-2.340644598007202
-3.60359525680542
-2.5124635696411133
-1.1387518644332886
-3.2195417881011963
-4.47105598449707
-1.6843323707580566
-1.4244465827941895
-1.7329765558242798
-3.636367082595825
-2.3185808658599854
-1.6983839273452759
-2.2547667026519775
-2.9738540649414062
-0.8001996874809265
-3.1072769165039062
-1.467731237411499
-1.5163733959197998
-5.7921223640441895
-2.5569446086883545
-3.0047178268432617
-1.086211085319519
-5.319966793060303
-2.5208542346954346
-1.9722269773483276
-1.6637959480285645
-5.592195987701416
-1.1766291856765747
-0.0
-1.0918725728988647
-2.974236249923706
-3.8115124702453613
-3.444020986557007
-2.5347981452941895
-1.9688949584960938
-3.478316307067871
-4.221121311187744
-1.7313191890716553
-0.0
-5.941797256469727
-4.143026351928711
-1.781524658203125
-3.5319552421569824
-2.6515791416168213
-1.93818998336792
-2.6182334423065186
-1.9377495050430298
-1.9346901178359985
-1.63718843460083
-1.2357990741729736
-2.231990337371826
-10.006135940551758
-3.547534465789795
-3.547534465789795
-4.639878749847412
-1.6385157108306885
-1.8995566368103027
-1.2823070287704468
-0.8832082748413086
-1.7550127506256104
-1.7550127506256104
-1.8415802717208862
-3.522129774093628
-6.192599773406982
-2.853569507598877
-5.915236473083496
-3.956554412841797
-2.524082899093628
-3.491118907928467
-2.8890459537506104
-8.908942222595215
-2.277235746383667
-2.9921116828918457
-2.007992744445801
-1.9453895092010498
-5.014365196228027
-1.8470574617385864
-3.754861831665039
-7.844027519226074
-2.760533571243286
-1.6645995378494263
-1.138663411140442
-1.6711242198944092
-4.097847938537598
-5.192804336547852
-1.293235421180725
-1.7135448455810547
-1.9499014616012573
-1.424246907234192
-4.049429416656494
-1.0304001569747925
-1.6856273412704468
-3.5456690788269043
-5.336252212524414
-2.190500497817993
-1.2394871711730957
-1.969321846961975
-1.974557876586914
-1.8909952640533447
-2.7071261405944824
-3.5945003032684326
-2.783273696899414
-1.5037304162979126
-2.175767421722412
-2.9283435344696045
-2.3694446086883545
-1.510364055633545
-7.200153827667236
-2.418649911880493
-2.6141152381896973
-1.5973786115646362
-2.7082512378692627
-1.9931576251983643
-2.5292282104492188
-2.232541799545288
-4.268406867980957
-1.7940013408660889
-2.3657643795013428
-3.6691737174987793
-2.960275888442993
-2.9936835765838623
-2.902693510055542
-2.0578134059906006
-4.709721565246582
-2.4624245166778564
-1.0308778285980225
-6.503440856933594
-6.344644069671631
-3.1909055709838867
-5.8192362785339355
-0.0
-2.3480288982391357
-5.038098335266113
-3.0502519607543945
-2.671722888946533
-1.3878464698791504
-2.269594192504883
-1.3444770574569702
-1.9981260299682617
-2.6063079833984375
-2.073559284210205
-4.442967891693115
-1.824811339378357
-9.265783309936523
-2.9464876651763916
-1.2891887426376343
-3.0823025703430176
-1.5929805040359497
-0.0
-3.1183626651763916
-2.373448133468628
-8.134005546569824
-1.5596377849578857
-0.0
-2.8606367111206055
-2.2110064029693604
-1.0505506992340088
-1.7602028846740723
-2.0797789096832275
-0.4821936786174774
-2.320465564727783
-3.9518558979034424
-1.6585885286331177
-2.311110734939575
-5.675106525421143
-2.528885841369629
-4.4239349365234375
-3.013350009918213
-3.48327898979187
-2.6444292068481445
-1.7190403938293457
-0.9874089956283569
-3.1686460971832275
-3.945291042327881
-3.375673532485962
-2.388463258743286
-2.5869202613830566
-2.137969732284546
-5.189626693725586
-1.4291185140609741
-2.4078783988952637
-2.285785675048828
-2.4859743118286133
-3.804555892944336
-1.6415117979049683
-3.254155158996582
-0.0
-0.0
-2.2306149005889893
-2.8353803157806396
-7.119047164916992
-2.335663318634033
-3.1704230308532715
-2.592273235321045
-1.524070382118225
-2.1809580326080322
-15.215109825134277
-3.054853916168213
-1.2746771574020386
-2.137024164199829
-4.601076126098633
-2.1593852043151855
-2.7003557682037354
-2.81571888923645
-1.8162906169891357
-1.9682855606079102
-1.4611366987228394
-0.0
-3.548379421234131
-3.3414688110351562
-1.9924111366271973
-2.624032735824585
-2.2222323417663574
-1.480592131614685
-1.6783052682876587
-4.797967910766602
-3.7572758197784424
-12.015936851501465
-3.4105172157287598
-0.0
-3.8221547603607178
-3.1686995029449463
-2.718003273010254
-3.39107346534729
-2.208815574645996
-2.784824848175049
-2.343879461288452
-1.2333720922470093
-2.3184685707092285
-2.0378341674804688
-2.7308449745178223
-2.007368326187134
-4.78064489364624
-3.0648627281188965
-1.0684946775436401
-4.216865539550781
-1.4904578924179077
-1.753640055656433
-1.554842233657837
-2.226320266723633
-2.651355266571045
-2.8691272735595703
-3.3428146839141846
-4.35264778137207
-3.2471864223480225
-1.4123106002807617
-1.9670034646987915
-1.8703187704086304
-5.3780517578125
-1.7520277500152588
-1.896552324295044
-2.055649995803833
-1.6571027040481567
-3.4911208152770996
-2.3766586780548096
-2.7001078128814697
-1.3710618019104004
-3.122606039047241
-2.279017448425293
-2.1623780727386475
-1.7580775022506714
-4.522430896759033
-1.475344181060791
-1.4302845001220703
-1.9052280187606812
-2.9284865856170654
-3.998873472213745
-3.5041050910949707
-2.9248576164245605
-1.6020498275756836
-1.6917132139205933
-2.1933321952819824
-1.4117094278335571
-2.6777596473693848
-1.081510066986084
-1.9492007493972778
-1.5874853134155273
-1.3837367296218872
-3.330303430557251
-2.034330368041992
-4.363855361938477
-2.561465263366699
-2.8886709213256836
-3.405656576156616
-7.246716022491455
-7.220623970031738
-6.506895542144775
-4.2165937423706055
-4.8856306076049805
-1.4318541288375854
-5.877255439758301
-2.4920871257781982
-1.9012221097946167
-3.2328743934631348
-1.3572403192520142
-3.035921335220337
-2.6832942962646484
-1.9819458723068237
-4.795933723449707
-3.019303798675537
-3.8761794567108154
-3.393364667892456
-3.3597476482391357
-3.647611141204834
-3.825009822845459
-1.1063071489334106
-1.4095708131790161
-0.6566563844680786
-2.497288703918457
-1.365281581878662
-5.997420310974121
-2.6040425300598145
-1.3899937868118286
-6.065372467041016
-1.7130032777786255
-0.7769283652305603
-0.2534387409687042
-2.04722261428833
-2.776757001876831
-4.283109664916992
-1.3679500818252563
-3.432636022567749
-1.531482458114624
-3.5112924575805664
-3.203356981277466
-2.104794502258301
-10.10363483428955
-6.253442764282227
-2.796984910964966
-1.234156608581543
-3.6130638122558594
-4.664957523345947
-2.2776365280151367
-1.5651520490646362
-4.278512477874756
-2.937676191329956
-11.289703369140625
-2.933335065841675
-3.5635135173797607
-2.6028969287872314
-4.87099552154541
-2.0562047958374023
-2.0269057750701904
-3.3294739723205566
-5.5295329093933105
-2.6887669563293457
-2.8595354557037354
-1.6147634983062744
-2.876995325088501
-1.6206088066101074
-2.574144124984741
-2.1805989742279053
-1.6500108242034912
-5.2799391746521
-1.7335747480392456
-3.49601674079895
-2.6772308349609375
-3.3360910415649414
-3.422590970993042
-2.1318228244781494
-2.278733968734741
-2.6170413494110107
-1.8490197658538818
-4.348787784576416
-2.94913649559021
-1.4403927326202393
-2.0725150108337402
-1.4262466430664062
-3.3761179447174072
-2.341866970062256
-1.124653697013855
-4.581534385681152
-2.2828381061553955
-2.3510029315948486
-1.8467148542404175
-2.1987106800079346
-3.611612558364868
-4.4234490394592285
-7.87566614151001
-2.434748411178589
-1.5684758424758911
-2.0261871814727783
-2.0229666233062744
-2.2833316326141357
-2.1411805152893066
-5.115484237670898
-2.028698682785034
-2.2221148014068604
-2.699190139770508
-7.015670299530029
-1.4047232866287231
-2.2367122173309326
-2.2704830169677734
-2.487093210220337
-3.8481311798095703
-2.141084909439087
-1.3492058515548706
-3.6855056285858154
-1.61222243309021
-2.066657304763794
-10.170970916748047
-3.4988553524017334
-1.8779780864715576
-2.865480899810791
-3.210111141204834
-4.373079299926758
-5.455777168273926
-1.2442305088043213
-5.77895450592041
-2.626654624938965
-1.857990026473999
-2.096693992614746
-1.5832372903823853
-1.9373705387115479
-8.200149536132812
-3.1640408039093018
-6.577766418457031
-5.663458824157715
-1.6890819072723389
-7.419529914855957
-1.77506422996521
-8.24929428100586
-2.8312525749206543
-1.8132632970809937
-2.016348361968994
-1.894349455833435
-7.92926025390625
-2.674757957458496
-3.098294734954834
-4.3277387619018555
-2.968165636062622
-3.317046880722046
-7.087024688720703
-2.2828457355499268
-4.061012268066406
-3.315016984939575
-1.0678104162216187
-1.605488896369934
-1.5644433498382568
-2.804316520690918
-1.6818767786026
-1.9349604845046997
-3.6651902198791504
-3.7771401405334473
-1.3117105960845947
-7.18439245223999
-3.1670150756835938
-2.384402275085449
-3.266908884048462
-4.193769454956055
-1.4505329132080078
-1.8461793661117554
-2.272141456604004
-7.003859519958496
-2.3905086517333984
-7.013767719268799
-0.688914954662323
-2.0400161743164062
-1.3124250173568726
-1.542372465133667
-13.572552680969238
-2.738330364227295
-2.9023354053497314
-2.7810704708099365
-1.6407638788223267
-1.8965214490890503
-0.0
-2.451371669769287
-2.468494176864624
-0.4471485912799835
-6.006524085998535
-1.3177577257156372
-2.1261351108551025
-3.059258460998535
-2.9681363105773926
-11.043618202209473
-7.70307731628418
-8.02015495300293
-4.89512300491333
-2.025527000427246
-2.215045690536499
-9.9553804397583
-1.804416298866272
-3.181828498840332
-1.433936357498169
-1.8562897443771362
-3.1599974632263184
-2.6038081645965576
-4.326744556427002
-4.356469631195068
-11.164024353027344
-2.6995158195495605
-4.30674934387207
-2.275527000427246
-0.7583826184272766
-1.8272900581359863
-3.0210354328155518
-9.984319686889648
-1.9314230680465698
-1.79446280002594
-3.679063081741333
-1.2724477052688599
-6.998219966888428
-2.622553825378418
-2.5155563354492188
-2.322810411453247
-1.7690051794052124
-1.7827454805374146
-3.5306191444396973
-4.308562278747559
-5.6416916847229
-1.944758653640747
-1.355429768562317
-2.265902280807495
-1.9849730730056763
-3.593937635421753
-2.7113993167877197
-1.802884578704834
-3.392751932144165
-7.0757365226745605
-3.0423707962036133
-4.4134368896484375
-2.0741279125213623
-2.404022693634033
-2.075500011444092
-3.1679677963256836
-3.347581624984741
-12.031521797180176
-6.060685634613037
-2.5637905597686768
-1.1787363290786743
-3.4689831733703613
-4.776501655578613
-6.3552446365356445
-0.0
-5.27910041809082
-1.6225299835205078
-3.997331380844116
-3.801525831222534
-2.598172664642334
-5.8422064781188965
-2.819535255432129
-2.3655991554260254
-4.233798980712891
-1.254335641860962
-2.5236928462982178
-2.4742376804351807
-5.3578338623046875
-1.26789391040802
-8.554727554321289
-2.9871227741241455
-2.062897205352783
-2.7139816284179688
-2.7163798809051514
-1.8830194473266602
-2.946209669113159
-2.7896673679351807
-1.2345240116119385
-2.7149667739868164
-0.0
-5.869684219360352
-12.508989334106445
-3.733022689819336
-6.465847492218018
-3.1816885471343994
-4.093277931213379
-4.521065711975098
-2.1994752883911133
-5.393986225128174
-5.089444637298584
-4.131201267242432
-2.830387830734253
-1.615235686302185
-5.601954460144043
-1.4710584878921509
-2.9077422618865967
-1.6892908811569214
-8.313924789428711
-15.770257949829102
-16.39075469970703
-3.680471181869507
-4.473041534423828
-4.245321750640869
-5.302734851837158
-0.0
-2.364004611968994
-3.1692330837249756
-2.9859657287597656
-3.9488112926483154
-5.763679027557373
-1.4073195457458496
-3.143643617630005
-1.2567875385284424
-1.7359763383865356
-17.306726455688477
-1.6746656894683838
-1.4397521018981934
-1.9221904277801514
-1.7610735893249512
-2.9282140731811523
-3.0537045001983643
-0.0
-2.8458526134490967
-3.7410871982574463
-3.086411237716675
-3.4835596084594727
-1.4038344621658325
-5.676110744476318
-3.9843637943267822
-2.561248302459717
-2.621175527572632
-1.3192461729049683
-4.8997907638549805
-4.96437406539917
-11.282307624816895
-1.8488632440567017
-3.467750310897827
-1.9159024953842163
-3.802978038787842
-1.565526008605957
-1.5119502544403076
-1.7561981678009033
-0.0
-2.287590980529785
-2.0702602863311768
-5.911956310272217
-2.319873332977295
-7.823340892791748
-2.7533657550811768
-1.9930118322372437
-1.7456732988357544
-2.0884475708007812
-1.2833704948425293
-1.102827548980713
-8.582414627075195
-5.139729022979736
-1.3651957511901855
-2.387274742126465
-4.761014461517334
-1.023346185684204
-2.4435014724731445
-2.7395761013031006
-1.2312978506088257
-2.7557532787323
-1.8698675632476807
-6.337691307067871
-5.270717620849609
-2.407470703125
-2.2452096939086914
-4.397658824920654
-1.7260745763778687
-3.8614044189453125
-2.463742971420288
-4.344866752624512
-4.405941963195801
-2.6190905570983887
-4.73126745223999
-3.0115082263946533
-1.7141896486282349
-6.54299783706665
-4.3846116065979
-2.0632200241088867
-1.730683445930481
-1.937056541442871
-3.6704936027526855
-7.059272766113281
-3.001180648803711
-0.0
-2.136526107788086
-2.521588087081909
-1.330609917640686
-1.9717302322387695
-2.167407274246216
-2.266817092895508
-2.581770896911621
-1.3151533603668213
-1.4689044952392578
-0.8160061836242676
-2.7281932830810547
-1.6871092319488525
-4.2347731590271
-6.340530872344971
-0.0
-2.8981869220733643
-3.69980525970459
-8.752017974853516
-7.258932590484619
-3.8225910663604736
-1.7917735576629639
-2.2494423389434814
-7.388723373413086
-4.849346160888672
-2.459383964538574
-6.938924789428711
-4.41277551651001
-2.0832130908966064
-4.907604694366455
-6.660546779632568
-2.557378053665161
-5.019376754760742
-2.417818546295166
-2.506782054901123
-5.413049221038818
-5.413049221038818
-1.9619107246398926
-1.5192052125930786
-4.364620208740234
-3.483837127685547
-0.9226452112197876
-2.789379835128784
-6.027140140533447
-2.8633477687835693
-3.167438507080078
-3.529343605041504
-3.002945899963379
-4.0846266746521
-2.4121317863464355
-2.39664888381958
-5.653407096862793
-4.53023099899292
-2.381775379180908
-3.6340649127960205
-0.0
-6.688880920410156
-2.669400215148926
-3.990262031555176
-1.9698221683502197
-4.196718692779541
-2.853060722351074
-3.5725443363189697
-2.9692564010620117
-6.809520244598389
-2.9389188289642334
-3.130462646484375
-3.1287286281585693
-3.9327924251556396
-1.6066139936447144
-3.7339065074920654
-6.874403476715088
-0.0
-6.846072673797607
-5.572948455810547
-7.092336654663086
-2.2311644554138184
-2.8435046672821045
-2.07440185546875
-3.819899082183838
-4.3127031326293945
-4.850041389465332
-6.132390975952148
-4.057086944580078
-2.5477747917175293
-4.678016662597656
-3.1753427982330322
-2.911080837249756
-2.3725218772888184
-1.5832126140594482
-3.589226484298706
-2.0356478691101074
-3.2070345878601074
-4.807577610015869
-2.0443711280822754
-1.7537219524383545
-0.0
-0.6746759414672852
-4.844021320343018
-2.6960394382476807
-5.358911991119385
-4.366833209991455
-3.059971809387207
-4.594613552093506
-6.815704822540283
-2.229891538619995
-2.2889811992645264
-11.926261901855469
-2.496521234512329
-10.086971282958984
-4.228445053100586
-8.458436012268066
-1.4163894653320312
-8.908306121826172
-4.872115135192871
-0.7981953024864197
-9.361746788024902
-2.226376533508301
-2.214712142944336
-6.496337413787842
-3.9015965461730957
-6.304472923278809
-1.181069254875183
-3.13983154296875
-1.2253626585006714
-4.042851448059082
-3.034797191619873
-2.9857687950134277
-1.8087893724441528
-2.024416923522949
-3.2362124919891357
-5.88012170791626
-3.8760385513305664
-1.759523630142212
-6.840550899505615
-3.0881221294403076
-2.005476474761963
-2.7297255992889404
-2.0486626625061035
-2.480154037475586
-2.606394052505493
-2.2242157459259033
-2.684823989868164
-2.1578712463378906
-3.6074578762054443
-0.3998265564441681
-1.6915266513824463
-3.2775585651397705
-3.9180991649627686
-4.08485221862793
-2.1880297660827637
-2.0876822471618652
-1.3151031732559204
-3.3355226516723633
-3.203723192214966
-2.235485553741455
-2.4916300773620605
-2.808445692062378
-1.6270477771759033
-2.652557611465454
-0.9972837567329407
-2.4563841819763184
-1.6679112911224365
-1.9008517265319824
-1.1940428018569946
-2.3673439025878906
-3.3008666038513184
-1.377715826034546
-3.156649112701416
-1.408137321472168
-1.7486017942428589
-8.97542667388916
-2.1244170665740967
-2.2600691318511963
-6.89061164855957
-4.692294120788574
-2.058812379837036
-7.7074785232543945
-9.050369262695312
-2.0978903770446777
-3.853238105773926
-8.377514839172363
-6.289980888366699
-2.030543804168701
-2.6659023761749268
-4.515646457672119
-4.677070617675781
-7.622164726257324
-1.993014931678772
-3.0628652572631836
-6.221044540405273
-4.376001358032227
-8.083497047424316
-1.4072480201721191
-4.958495140075684
-4.813907146453857
-2.179208278656006
-3.9968833923339844
-3.6750547885894775
-3.4587631225585938
-5.147281646728516
-2.4226834774017334
-1.552433967590332
-3.223125457763672
-2.7825825214385986
-4.568485736846924
-0.0
-2.788487672805786
-7.10581111907959
-4.974514007568359
-3.834611415863037
-2.9912610054016113
-2.3364615440368652
-14.29468822479248
-5.925108432769775
-2.6425650119781494
-3.4583590030670166
-2.217904806137085
-1.5874450206756592
-2.293943405151367
-3.0963306427001953
-11.048723220825195
-1.0390689373016357
-9.09768295288086
-6.190649509429932
-2.032437801361084
-1.4504979848861694
-6.0174126625061035
-4.146823406219482
-1.7154738903045654
-1.3168612718582153
-1.6770635843276978
-4.614048957824707
-2.590040445327759
-2.4379894733428955
-3.2790005207061768
-0.48325294256210327
-2.6174285411834717
-2.2564609050750732
-15.540428161621094
-4.748985767364502
-3.9835238456726074
-2.6817941665649414
-2.391948938369751
-1.8148835897445679
-2.831836462020874
-2.148040771484375
-4.94915246963501
-3.62794828414917
-4.820642471313477
-3.3759233951568604
-7.792582035064697
-0.9133918881416321
-3.1576685905456543
-9.387205123901367
-3.019117593765259
-2.8097972869873047
-2.637134552001953
-8.99508285522461
-2.2283737659454346
-3.0666415691375732
-1.825051188468933
-5.13301420211792
-4.459770202636719
-9.861868858337402
-5.213110446929932
-2.5678915977478027
-2.241882562637329
-2.513075590133667
-3.9470319747924805
-9.26694107055664
-2.73675799369812
-4.389335632324219
-3.595863103866577
-2.2859227657318115
-5.613656997680664
-8.457375526428223
-2.3090405464172363
-1.5428491830825806
-3.8412020206451416
-2.006547451019287
-5.121757507324219
-2.738158702850342
-1.7886483669281006
-2.2503771781921387
-7.126002788543701
-2.8169045448303223
-6.550558090209961
-5.241344928741455
-4.990645885467529
-2.008842945098877
-11.68331527709961
-6.99354362487793
-4.0092339515686035
-2.2727150917053223
-2.1297097206115723
-5.6781182289123535
-1.4135154485702515
-4.758969306945801
-2.8063228130340576
-4.536314487457275
-4.064218521118164
-7.267518997192383
-1.5649261474609375
-1.3665242195129395
-7.298482418060303
-4.529178619384766
-9.475068092346191
-3.956723213195801
-1.9824473857879639
-10.325920104980469
-3.172044038772583
-2.064876079559326
-6.411379814147949
-1.547640323638916
-2.2340941429138184
-3.083817481994629
-8.42326545715332
-4.053958415985107
-2.0117740631103516
-4.754502296447754
-7.661250114440918
-8.228328704833984
-3.262997627258301
-13.224950790405273
-2.504319429397583
-2.050189733505249
-3.5662662982940674
-2.3746306896209717
-2.7558445930480957
-3.201406955718994
-1.564327359199524
-2.131603240966797
-2.3641421794891357
-6.204832553863525
-3.2452991008758545
-3.567791700363159
-2.662889003753662
-3.484503746032715
-3.169346570968628
-2.620087146759033
-2.3540873527526855
-1.498822569847107
-1.645143985748291
-2.0551252365112305
-2.0875580310821533
-2.3436295986175537
-2.2305185794830322
-2.1244170665740967
-5.475752353668213
-3.8267743587493896
-3.6529128551483154
-1.3668839931488037
-0.6444748044013977
-5.186469554901123
-1.013161301612854
-1.5712852478027344
-6.461451530456543
-1.6548136472702026
-2.158979892730713
-7.90642786026001
-3.540435791015625
-3.2411365509033203
-2.124130964279175
-3.636228322982788
-3.4332082271575928
-3.1701018810272217
-3.3914663791656494
-2.8394367694854736
-0.0
-4.868483543395996
-3.5456600189208984
-6.443899154663086
-5.2961859703063965
-2.9243369102478027
-2.004000663757324
-2.0601260662078857
-2.5022222995758057
-4.1671648025512695
-9.386481285095215
-1.6751676797866821
-0.0
-5.7618536949157715
-1.9323633909225464
-2.1195571422576904
-3.5178983211517334
-5.413877010345459
-2.7990877628326416
-3.1795742511749268
-2.8074870109558105
-4.9073357582092285
-3.729280948638916
-3.2313551902770996
-2.015489101409912
-2.0273962020874023
-3.786417245864868
-1.6005460023880005
-1.201642394065857
-7.962918281555176
-4.802143573760986
-2.7801601886749268
-1.0890969038009644
-5.360173225402832
-3.3442461490631104
-1.7221204042434692
-1.3519937992095947
-2.761256456375122
-1.7004740238189697
-1.3621044158935547
-3.29546856880188
-3.004258394241333
-6.222916603088379
-2.73862624168396
-4.11638879776001
-2.9735660552978516
-4.714747428894043
-2.2277474403381348
-0.9192933440208435
-2.109957456588745
-2.251136541366577
-3.583997964859009
-7.399906158447266
-3.516843795776367
-4.290797710418701
-2.265909194946289
-3.8279805183410645
-2.950411796569824
-3.5174496173858643
-2.3354885578155518
-2.042189359664917
-3.338635206222534
-4.829166889190674
-17.94471549987793
-10.361248970031738
-1.997501015663147
-2.576342821121216
-5.335171222686768
-3.2092437744140625
-4.844534873962402
-3.1813793182373047
-2.5941176414489746
-7.467798709869385
-4.033259868621826
-2.6982321739196777
-2.5785350799560547
-5.543059825897217
-1.9821548461914062
-2.338785171508789
-2.188807964324951
-5.492221832275391
-2.4835152626037598
-3.6611714363098145
-2.4376978874206543
-3.073903799057007
-1.5850447416305542
-3.448523759841919
-4.981736183166504
-2.8033196926116943
-0.5327811241149902
-2.126167058944702
-3.5668141841888428
-7.713140487670898
-3.2108495235443115
-4.0391106605529785
-2.6150221824645996
-8.292064666748047
-1.5641144514083862
-2.1918599605560303
-2.2712671756744385
-1.5478721857070923
-1.3753217458724976
-2.5476438999176025
-2.469597101211548
-2.6567444801330566
-3.8119804859161377
-1.9563584327697754
-3.083070755004883
-4.005345821380615
-2.7611236572265625
-2.612501859664917
-2.0304880142211914
-8.19593334197998
-3.753260374069214
-1.3514361381530762
-4.654173851013184
-2.462368965148926
-2.3621256351470947
-1.577215552330017
-2.6225714683532715
-5.340221881866455
-2.139590263366699
-2.3598055839538574
-2.409959554672241
-4.3759765625
-1.9846611022949219
-2.960261106491089
-1.7367889881134033
-2.52583646774292
-5.987236976623535
-3.9245336055755615
-1.404298186302185
-1.7317683696746826
-1.771979570388794
-2.3233158588409424
-1.9216396808624268
-2.1474528312683105
-2.9861836433410645
-4.805717468261719
-2.009111166000366
-2.292630910873413
-4.356656074523926
-1.4646661281585693
-1.1806896924972534
-3.602116107940674
-2.4280595779418945
-1.0846459865570068
-2.906921148300171
-2.7190566062927246
-1.8844548463821411
-8.101914405822754
-2.901156187057495
-3.594796657562256
-2.0571441650390625
-4.966070652008057
-2.7923595905303955
-5.223647594451904
-1.569571852684021
-5.403913974761963
-11.252753257751465
-2.4162001609802246
-4.279587268829346
-2.8812313079833984
-2.3482978343963623
-4.626462936401367
-2.805305242538452
-3.8891520500183105
-2.1897287368774414
-2.4720070362091064
-3.161813259124756
-1.403649091720581
-2.479823112487793
-1.402213215827942
-5.856575965881348
-7.797244071960449
-2.0809881687164307
-3.9560306072235107
-5.571181297302246
-5.63806676864624
-4.8424601554870605
-1.64439857006073
-2.2039449214935303
-2.3047189712524414
-7.113013744354248
-4.116493225097656
-2.4906933307647705
-5.183772087097168
-5.525200366973877
-4.87416934967041
-5.873022079467773
-4.1748480796813965
-2.7778048515319824
-5.562458515167236
-3.196122646331787
-1.9831831455230713
-2.825547695159912
-1.9675654172897339
-2.569110155105591
-3.32794189453125
-3.4761712551116943
-5.48811149597168
-2.0906295776367188
-3.807403326034546
-5.330280303955078
-4.090826511383057
-8.303411483764648
-3.5128252506256104
-1.7561922073364258
-4.345052719116211
-5.225144386291504
-6.158848285675049
-2.5698370933532715
-3.4181289672851562
-3.2144992351531982
-2.9293065071105957
-3.5792946815490723
-1.6781325340270996
-1.8772830963134766
-2.741773843765259
-1.8201165199279785
-2.728180408477783
-0.0
-3.772404670715332
-2.0173351764678955
-1.4068877696990967
-2.1313812732696533
-2.6781551837921143
-3.5969810485839844
-3.712611436843872
-2.5408546924591064
-4.422149181365967
-2.3731613159179688
-1.685949683189392
-2.958963632583618
-2.113210916519165
-2.815007448196411
-2.722374200820923
-2.8888442516326904
-2.0030527114868164
-3.030719518661499
-3.6401195526123047
-1.8649836778640747
-4.0476765632629395
-5.063676834106445
-2.00408935546875
-2.669367551803589
-2.742570638656616
-2.922267198562622
-2.914180040359497
-3.081731081008911
-2.3910064697265625
-4.979190826416016
-2.29270076751709
-1.848178744316101
-4.153661251068115
-1.781894326210022
-3.5319337844848633
-2.5913665294647217
-2.204145908355713
-2.8581831455230713
-6.982663154602051
-6.037240982055664
-2.05411958694458
-2.819817304611206
-2.0897393226623535
-5.940357208251953
-5.247276306152344
-3.3400068283081055
-5.789990425109863
-5.202902317047119
-18.777557373046875
-3.7846269607543945
-1.3504842519760132
-4.290503978729248
-2.6387476921081543
-2.684861421585083
-2.401305913925171
-2.9037413597106934
-1.171228051185608
-4.266141891479492
-3.5294182300567627
-3.8603763580322266
-1.9830543994903564
-3.0749170780181885
-2.291133403778076
-2.095529794692993
-0.9704815149307251
-2.721498489379883
-2.2694337368011475
-2.9491567611694336
-3.343568801879883
-1.2381235361099243
-3.9580657482147217
-2.868150234222412
-2.747305154800415
-2.1080055236816406
-1.9111710786819458
-4.742672443389893
-8.059429168701172
-2.93587327003479
-5.424416542053223
-4.34683895111084
-7.778838634490967
-2.9732024669647217
-3.3966732025146484
-3.21411395072937
-3.456639528274536
-1.6764605045318604
-3.7492740154266357
-2.1656529903411865
-0.9030452370643616
-6.583691596984863
-4.61644983291626
-4.344632625579834
-4.156834602355957
-5.442686080932617
-2.3491714000701904
-2.7204883098602295
-3.6757311820983887
-3.0352425575256348
-6.091578483581543
-2.3614537715911865
-5.22430944442749
-2.4844586849212646
-1.8490080833435059
-4.661928176879883
-2.590188503265381
-3.1530864238739014
-2.422741651535034
-2.7091896533966064
-2.4180681705474854
-1.8510067462921143
-2.7216031551361084
-7.74795389175415
-1.6608998775482178
-3.691518783569336
-3.1801512241363525
-2.574566125869751
-0.7967191934585571
-3.25604510307312
-3.8774595260620117
-3.5228562355041504
-3.6032590866088867
-4.110777854919434
-1.992625117301941
-3.744398355484009
-3.557131767272949
-2.4647088050842285
-6.387388229370117
-5.127818584442139
-6.605154514312744
-2.8879587650299072
-3.4846906661987305
-3.131317377090454
-1.5556774139404297
-2.398869276046753
-2.7766497135162354
-2.1913225650787354
-2.170536756515503
-3.5656487941741943
-2.5967226028442383
-3.6602256298065186
-2.2106223106384277
-2.631925344467163
-3.044738292694092
-3.6824889183044434
-1.361043095588684
-2.7255923748016357
-5.5755295753479
-1.9325352907180786
-3.905841588973999
-2.9529521465301514
-2.7280166149139404
-2.1910459995269775
-2.6839640140533447
-4.495275974273682
-2.6676902770996094
-2.213186264038086
-10.591194152832031
-1.6355904340744019
-2.7575716972351074
-3.853200912475586
-3.2902684211730957
-3.709725856781006
-2.2940361499786377
-4.8966546058654785
-7.014467239379883
-3.031040906906128
-4.994119644165039
-2.4397971630096436
-3.573995590209961
-1.8539988994598389
-3.020777702331543
-2.1536009311676025
-3.310588836669922
-8.186651229858398
-1.2122416496276855
-2.4005229473114014
-18.662538528442383
-2.7576100826263428
-5.229457378387451
-5.340874195098877
-2.831118583679199
-2.4910171031951904
-1.9598474502563477
-2.2859580516815186
-2.27475905418396
-3.3383994102478027
-3.3108644485473633
-6.19182014465332
-2.1265976428985596
-2.896023988723755
-2.7034318447113037
-1.8859652280807495
-2.740292549133301
-3.365083694458008
-6.917538166046143
-2.5383121967315674
-0.66678386926651
-5.386595726013184
-6.25543737411499
-2.906064033508301
-4.135968208312988
-3.210325002670288
-5.162378311157227
-3.5846192836761475
-3.5837643146514893
-6.212371349334717
-3.7156004905700684
-3.1623175144195557
-3.201761484146118
-4.277017116546631
-3.5339136123657227
-16.220102310180664
-3.5271339416503906
-2.6103484630584717
-2.9110519886016846
-3.703856945037842
-3.8994953632354736
-6.041325569152832
-1.8093241453170776
-1.8116964101791382
-2.3348019123077393
-5.456547737121582
-3.7331552505493164
-2.313452959060669
-2.3739116191864014
-2.9215586185455322
-3.248141288757324
-3.766201972961426
-3.9828433990478516
-4.302043914794922
-5.504119396209717
-3.7332332134246826
-1.0650180578231812
-1.2734438180923462
-1.9410444498062134
-5.828751564025879
-5.8202667236328125
-4.213932991027832
-2.244664430618286
-3.32437801361084
-1.5496786832809448
-2.506941318511963
-1.8068528175354004
-7.935123443603516
-2.1189770698547363
-2.211970329284668
-2.3249614238739014
-4.4879069328308105
-4.393810272216797
-8.763361930847168
-3.447582721710205
-4.022748947143555
-2.769007921218872
-2.244333028793335
-2.678945779800415
-2.0799715518951416
-3.7476861476898193
-2.3022537231445312
-3.428382635116577
-2.7033066749572754
-2.312202215194702
-2.3201448917388916
-5.3367204666137695
-1.7727370262145996
-2.053786039352417
-2.8753795623779297
-2.3515539169311523
-2.9107067584991455
-1.9338812828063965
-2.82138729095459
-2.9574804306030273
-3.81178617477417
-6.904242992401123
-2.0120112895965576
-2.0148611068725586
-5.987188816070557
-6.789745330810547
-2.0093026161193848
-2.737338066101074
-2.5728600025177
-10.618260383605957
-1.9083505868911743
-1.9863425493240356
-2.1656060218811035
-4.604957580566406
-12.515772819519043
-2.4721357822418213
-3.4197187423706055
-1.6317687034606934
-3.2090189456939697
-3.5258095264434814
-2.9685726165771484
-4.252354145050049
-4.093144416809082
-1.5160093307495117
-4.698120594024658
-2.858842372894287
-7.966126441955566
-3.1032636165618896
-3.390787124633789
-3.3326427936553955
-1.5446802377700806
-2.2942097187042236
-2.927237033843994
-5.0821852684021
-2.5440070629119873
-6.654333114624023
-2.470172882080078
-4.9991841316223145
-4.833553314208984
-0.4410269260406494
-2.608259439468384
-3.0598106384277344
-3.159924268722534
-4.217166423797607
-3.3100969791412354
-1.7870396375656128
-3.7281553745269775
-2.297881841659546
-2.4114701747894287
-3.5032267570495605
-3.870257616043091
-1.8009599447250366
-3.6697051525115967
-1.3376308679580688
-4.177887439727783
-2.9138519763946533
-2.467519521713257
-2.40401554107666
-8.839797973632812
-6.679969310760498
-2.7492315769195557
-2.777836561203003
-3.5825347900390625
-3.635319232940674
-3.1024086475372314
-8.555025100708008
-2.0109362602233887
-2.8552377223968506
-2.5225210189819336
-2.181452751159668
-2.159566879272461
-1.3758653402328491
-2.573665142059326
-2.724377155303955
-3.803192377090454
-4.739499092102051
-1.4971407651901245
-3.212139368057251
-4.081015586853027
-4.826668739318848
-2.394911289215088
-3.758129119873047
-3.5328025817871094
-4.417616367340088
-2.177309036254883
-3.195458173751831
-2.1639363765716553
-1.56837797164917
-6.525768756866455
-2.4216179847717285
-1.7920734882354736
-3.3663768768310547
-4.685805797576904
-1.0171284675598145
-1.9336498975753784
-2.7951507568359375
-2.0344133377075195
-3.5432534217834473
-3.284315824508667
-9.901926040649414
-5.072708606719971
-4.679503917694092
-2.237882137298584
-2.0756783485412598
-5.588250637054443
-0.8826082348823547
-1.6653090715408325
-2.2166316509246826
-0.6925488710403442
-4.098451137542725
-3.3520684242248535
-3.0896644592285156
-1.254165530204773
-8.047557830810547
-1.650134801864624
-3.347785472869873
-4.503528118133545
-8.243509292602539
-2.839893102645874
-1.2492434978485107
-3.6295793056488037
-3.8430018424987793
-2.942444324493408
-3.6845345497131348
-1.372728705406189
-0.9679569005966187
-3.2238543033599854
-5.520934104919434
-2.163057327270508
-2.1267948150634766
-2.051665782928467
-1.6514707803726196
-2.046377658843994
-4.572078704833984
-4.128872394561768
-3.1476504802703857
-2.0185952186584473
-3.046207904815674
-0.5735073089599609
-2.5963850021362305
-2.84002685546875
-2.261807441711426
-2.5212531089782715
-2.378563642501831
-2.5388729572296143
-1.70284903049469
-2.2118144035339355
-3.3242149353027344
-5.088390827178955
-2.3714256286621094
-2.432004928588867
-2.353764533996582
-3.3227059841156006
-3.8077032566070557
-2.9009337425231934
-2.5229978561401367
-1.9239795207977295
-1.6915072202682495
-6.617142677307129
-4.14131498336792
-0.0
-2.237664222717285
-3.539182186126709
-2.7135262489318848
-3.1414003372192383
-3.606504201889038
-2.502434730529785
-1.6355628967285156
-6.227412223815918
-8.809048652648926
-0.6613183617591858
-0.6613183617591858
-1.3947298526763916
-1.7406196594238281
-2.3778321743011475
-2.3831722736358643
-2.112948179244995
-1.4807491302490234
-1.613642930984497
-1.0264911651611328
-2.3632092475891113
-2.422852039337158
-1.2598963975906372
-2.8141517639160156
-1.3662834167480469
-4.920953273773193
-0.9573015570640564
-0.9504401087760925
-5.540637969970703
-5.349358081817627
-1.0374940633773804
-7.085855007171631
-4.207629203796387
-4.6458024978637695
-2.162895441055298
-2.6707797050476074
-2.3415443897247314
-2.1543519496917725
-4.436957836151123
-1.484762191772461
-0.7445337176322937
-3.822739839553833
-3.7488863468170166
-1.4888896942138672
-1.6113477945327759
-3.797088146209717
-1.7427634000778198
-1.6673979759216309
-1.5105966329574585
-1.150895357131958
-2.2167603969573975
-8.551273345947266
-3.0789411067962646
-1.4464144706726074
-1.049687147140503
-2.838850975036621
-2.0032958984375
-1.4992142915725708
-3.5141124725341797
-1.6199623346328735
-2.414036750793457
-1.4825496673583984
-3.073892593383789
-4.617587566375732
-11.37877368927002
-3.734224796295166
-11.37877368927002
-2.0488953590393066
-2.2082247734069824
-2.447108030319214
-1.8622126579284668
-2.447316884994507
-2.4355413913726807
-3.619988203048706
-0.0
-1.9176479578018188
-2.065185070037842
-1.6616082191467285
-2.208970308303833
-2.552213668823242
-0.0
-2.151252269744873
-3.4158177375793457
-1.9391720294952393
-3.0439975261688232
-2.130070447921753
-2.291314125061035
-4.692994117736816
-4.270963668823242
-2.6760261058807373
-1.6157538890838623
-1.904654860496521
-3.810490846633911
-1.8756595849990845
-0.9735531210899353
-0.0
-2.186927556991577
-0.9318659901618958
-1.5830234289169312
-1.7255561351776123
-2.860339641571045
-2.8242228031158447
-6.623410224914551
-2.6600635051727295
-1.6857318878173828
-1.3794509172439575
-4.231203556060791
-7.304158687591553
-4.50153112411499
-2.8497579097747803
-1.5780658721923828
-1.6316717863082886
-2.9552454948425293
-10.645146369934082
-10.937067985534668
-1.6611489057540894
-1.5124117136001587
-2.6653213500976562
-3.0736207962036133
-0.7822872996330261
-2.7532260417938232
-2.9678263664245605
-5.031538963317871
-4.756683349609375
-0.0
-1.9310721158981323
-0.8352265357971191
-0.9143726825714111
-1.4576970338821411
-2.535707473754883
-2.2334096431732178
-3.3890256881713867
-2.633039951324463
-1.7818858623504639
-3.4208004474639893
-2.094573497772217
-2.910137414932251
-1.5176708698272705
-10.667281150817871
-4.24423360824585
-5.231411457061768
-1.0686606168746948
-1.9895460605621338
-4.085307598114014
-1.5289543867111206
-7.7607741355896
-4.154517650604248
-4.507436752319336
-0.5795668363571167
-4.760159492492676
-2.9539763927459717
-2.0848073959350586
-1.6377952098846436
-4.317244052886963
-3.5493290424346924
-4.909344673156738
-4.102245807647705
-2.2571158409118652
-2.22430157661438
-2.215519905090332
-2.824632167816162
-1.5894269943237305
-2.067876100540161
-1.666343331336975
-3.6962766647338867
-6.608092308044434
-3.7805838584899902
-5.642093658447266
-0.8189420700073242
-2.9600133895874023
-2.0674469470977783
-3.5207462310791016
-2.179593563079834
-2.9288392066955566
-3.464711904525757
-2.8246359825134277
-2.5336716175079346
-5.571789264678955
-2.122497081756592
-1.626855731010437
-2.062075614929199
-2.879591464996338
-1.5516602993011475
-1.8444864749908447
-2.1996371746063232
-7.133789539337158
-10.34988784790039
-2.08012318611145
-1.5469348430633545
-2.3557698726654053
-4.945806503295898
-2.803427219390869
-3.641571044921875
-2.4884884357452393
-2.6065149307250977
-6.995721817016602
-11.594697952270508
-2.6652138233184814
-4.167818546295166
-8.847354888916016
-8.814814567565918
-3.054250955581665
-5.056140422821045
-1.7616136074066162
-1.6815154552459717
-3.224419116973877
-3.481651544570923
-1.6036051511764526
-1.284572958946228
-2.224139928817749
-10.099608421325684
-2.645838975906372
-1.6790599822998047
-3.361905336380005
-0.0
-2.0031673908233643
-1.9445387125015259
-7.167497158050537
-2.589897394180298
-2.051117420196533
-2.6026225090026855
-2.197998285293579
-4.305778503417969
-2.2783219814300537
-2.6739768981933594
-4.225888729095459
-2.986929416656494
-2.2644388675689697
-3.6040642261505127
-3.055528402328491
-5.964690685272217
-2.487276792526245
-3.1152710914611816
-3.8484928607940674
-1.3157179355621338
-4.541461944580078
-2.203627109527588
-3.940941572189331
-2.0540201663970947
-4.562408447265625
-1.7076129913330078
-0.884626567363739
-1.1888349056243896
-0.7960906028747559
-2.154679536819458
-1.5728579759597778
-1.8798801898956299
-1.9343796968460083
-3.789595127105713
-1.5938903093338013
-5.026872158050537
-1.12987220287323
-3.805851459503174
-2.85170578956604
-1.5236425399780273
-3.8124356269836426
-5.274567127227783
-1.8280529975891113
-16.61441993713379
-9.477582931518555
-9.785249710083008
-3.3077733516693115
-1.4979900121688843
-1.5503383874893188
-2.593226671218872
-2.9349586963653564
-13.807491302490234
-2.8036067485809326
-2.9759795665740967
-2.397345781326294
-2.270920991897583
-2.258784055709839
-2.297459840774536
-3.7458128929138184
-3.0301523208618164
-2.164243698120117
-3.604034662246704
-1.7979012727737427
-6.252780437469482
-7.236530303955078
-4.086394309997559
-4.3506693840026855
-1.2242430448532104
-7.445369243621826
-2.7795250415802
-3.0824942588806152
-5.5796895027160645
-6.917853355407715
-9.19190788269043
-2.3653547763824463
-0.0
-5.39135217666626
-1.8060249090194702
-2.1385202407836914
-4.483061790466309
-1.226606011390686
-2.6410298347473145
-2.3634917736053467
-2.707367420196533
-2.116274118423462
-7.708937168121338
-7.350900173187256
-2.5311357975006104
-3.799860715866089
-11.566386222839355
-7.064722537994385
-3.3375236988067627
-4.03635835647583
-6.5469841957092285
-1.1807684898376465
-0.7730377912521362
-6.828556060791016
-2.837886333465576
-2.9072751998901367
-4.092906475067139
-7.966698169708252
-4.492272853851318
-4.777842998504639
-1.2911851406097412
-1.131189227104187
-2.316897392272949
-1.898506999015808
-6.599882125854492
-2.485072374343872
-1.5897809267044067
-1.8288166522979736
-2.716304302215576
-1.0431749820709229
-3.462088108062744
-3.199500322341919
-3.023080348968506
-2.818089723587036
-1.638255000114441
-0.0
-2.4106802940368652
-2.1246814727783203
-8.126697540283203
-1.315554141998291
-1.555408000946045
-3.059221029281616
-3.777681589126587
-3.412871837615967
-3.2340896129608154
-2.7832775115966797
-11.626155853271484
-1.7618811130523682
-2.126237630844116
-1.5424550771713257
-2.3526341915130615
-1.6181672811508179
-0.7627494931221008
-2.557772636413574
-4.838842868804932
-1.5667331218719482
-5.62492561340332
-4.431160926818848
-2.152865171432495
-3.318559169769287
-3.5578577518463135
-3.492828130722046
-3.7806015014648438
-6.601018905639648
-3.9069221019744873
-10.810193061828613
-1.3665763139724731
-4.760230541229248
-1.949140191078186
-0.7670505046844482
-2.222146987915039
-3.0466420650482178
-1.6147997379302979
-11.6326904296875
-2.659287691116333
-7.677672863006592
-1.6976683139801025
-3.6823296546936035
-0.9629266858100891
-2.0311062335968018
-0.7308694124221802
-4.238338947296143
-2.2492942810058594
-3.3977930545806885
-7.134406566619873
-2.8773033618927
-2.280069351196289
-5.4408745765686035
-1.8199909925460815
-4.026211738586426
-3.792449474334717
-2.574326992034912
-2.5771725177764893
-4.24538516998291
-1.0318058729171753
-2.5882649421691895
-1.206209659576416
-1.8919719457626343
-2.1376261711120605
-2.0559134483337402
-1.5726804733276367
-3.2221009731292725
-2.5073373317718506
-1.7087774276733398
-2.2944376468658447
-1.2953896522521973
-6.813485622406006
-1.9219157695770264
-1.5953030586242676
-3.1054694652557373
-3.3688886165618896
-5.385793685913086
-0.6918461322784424
-2.557175397872925
-8.794804573059082
-2.87247896194458
-3.377866506576538
-1.3170721530914307
-1.9479601383209229
-5.455190658569336
-2.176266670227051
-2.1043152809143066
-5.231592178344727
-1.8895212411880493
-5.522344589233398
-1.7700589895248413
-3.249448299407959
-4.551589488983154
-3.1051628589630127
-2.3222334384918213
-5.799369812011719
-2.8647260665893555
-3.4472579956054688
-10.448457717895508
-6.929642677307129
-2.547208070755005
-4.286776542663574
-4.694648265838623
-1.2833752632141113
-2.2094357013702393
-2.1094954013824463
-5.475259780883789
-3.3505375385284424
-4.042966365814209
-2.297241687774658
-0.0
-2.8516058921813965
-4.131975173950195
-9.581567764282227
-5.646268367767334
-2.7741847038269043
-3.0586180686950684
-7.984035015106201
-3.9252917766571045
-8.561323165893555
-9.176995277404785
-0.0
-0.0
-1.9626514911651611
-2.336625099182129
-3.2464492321014404
-3.5696635246276855
-2.14776873588562
-4.493465423583984
-1.0012664794921875
-4.56379508972168
-2.325232744216919
-1.9285234212875366
-3.4044528007507324
-2.017487049102783
-2.6415412425994873
-2.0805015563964844
-3.212977409362793
-2.5159718990325928
-2.762550115585327
-0.9649167656898499
-15.399100303649902
-1.534615397453308
-1.5271894931793213
-2.001234292984009
-2.2941734790802
-4.823680400848389
-4.11864709854126
-1.8246612548828125
-1.7646210193634033
-2.2336153984069824
-2.429182767868042
-0.964309573173523
-5.587092399597168
-0.0
-1.8364423513412476
-8.791081428527832
-2.3004109859466553
-2.0961296558380127
-1.7423889636993408
-3.5644657611846924
-4.118518829345703
-2.3953826427459717
-4.063760757446289
-2.4296019077301025
-2.5588061809539795
-2.3053746223449707
-4.675625801086426
-6.250812530517578
-3.534823179244995
-2.5147311687469482
-2.704181432723999
-4.486459732055664
-5.29801082611084
-2.819566249847412
-4.958071231842041
-3.0330216884613037
-3.4720757007598877
-2.7861034870147705
-2.019829034805298
-1.3259568214416504
-1.5162994861602783
-2.879734992980957
-1.4452344179153442
-1.5038729906082153
-1.9057385921478271
-2.149796485900879
-3.174502372741699
-5.021662712097168
-3.3681838512420654
-0.0
-5.548898696899414
-1.7471081018447876
-0.0
-0.7828574180603027
-2.5715551376342773
-3.3794803619384766
-2.375993490219116
-3.2747151851654053
-1.1962432861328125
-1.7493361234664917
-2.1247241497039795
-1.8263875246047974
-1.7180594205856323
-1.8396683931350708
-2.037036418914795
-2.1334216594696045
-2.9942128658294678
-1.6433181762695312
-2.8676869869232178
-2.8676869869232178
-4.839261054992676
-3.0150349140167236
-2.5337696075439453
-1.828633189201355
-2.8531265258789062
-2.0699398517608643
-2.2649292945861816
-0.0
-1.8716527223587036
-1.8529692888259888
-2.5480973720550537
-0.9717940092086792
-5.046026706695557
-4.01453971862793
-5.312984943389893
-3.9721570014953613
-1.1020495891571045
-2.185173273086548
-2.5851891040802
-2.1580443382263184
-3.3778765201568604
-5.183480262756348
-2.721950054168701
-2.371080160140991
-2.7648470401763916
-6.167119979858398
-1.5663648843765259
-4.577972888946533
-2.1864542961120605
-2.203403949737549
-1.9787460565567017
-2.9387850761413574
-1.0352776050567627
-1.8196204900741577
-2.2103447914123535
-5.550595283508301
-4.592031478881836
-2.4435126781463623
-2.0022857189178467
-2.51979923248291
-1.312623381614685
-1.1893067359924316
-3.49992036819458
-5.16340446472168
-4.280261516571045
-2.7747745513916016
-4.321832180023193
-9.551481246948242
-2.2732858657836914
-2.2525007724761963
-2.0764238834381104
-1.5246895551681519
-2.159541130065918
-2.108384370803833
-2.664699077606201
-2.050600290298462
-7.338824272155762
-3.8626413345336914
-1.7726227045059204
-1.1969608068466187
-2.4929933547973633
-4.904397487640381
-0.888473629951477
-2.2280635833740234
-2.112710475921631
-2.8672895431518555
-5.9246602058410645
-6.893545150756836
-3.1132216453552246
-5.6144866943359375
-1.8844496011734009
-3.61538028717041
-3.1248526573181152
-3.376239776611328
-4.139313697814941
-4.0456953048706055
-2.357394218444824
-2.779999256134033
-8.084991455078125
-1.2091562747955322
-6.643491268157959
-2.5551950931549072
-2.1400232315063477
-2.0508289337158203
-2.231769561767578
-4.315338611602783
-1.5348707437515259
-0.0
-0.9791311621665955
-4.11813497543335
-11.115195274353027
-1.8938068151474
-2.501925230026245
-12.575422286987305
-2.3510653972625732
-4.290830612182617
-6.389916896820068
-3.8807883262634277
-4.952554225921631
-1.754939317703247
-1.713362693786621
-1.613474726676941
-3.9298365116119385
-3.0408473014831543
-2.7200417518615723
-2.0192134380340576
-2.1548168659210205
-3.5647544860839844
-7.2384033203125
-2.8512203693389893
-5.461031436920166
-3.3146238327026367
-3.8817968368530273
-7.891470909118652
-2.0214383602142334
-3.3370091915130615
-2.7266600131988525
-3.7891077995300293
-2.6754238605499268
-1.412485122680664
-2.4419307708740234
-1.9245412349700928
-3.1735119819641113
-8.22691535949707
-4.454291820526123
-1.7907969951629639
-2.807225227355957
-1.9726576805114746
-2.6148250102996826
-4.9109930992126465
-4.274630546569824
-3.544623613357544
-2.723741292953491
-3.6009557247161865
-2.736558198928833
-1.4678934812545776
-6.2016987800598145
-3.6305768489837646
-2.040768623352051
-2.461757183074951
-4.617327690124512
-3.257685422897339
-3.781078577041626
-2.501035213470459
-3.481250762939453
-4.236452579498291
-2.040778398513794
-2.7166218757629395
-2.024423122406006
-4.512145042419434
-3.943185329437256
-1.3950716257095337
-2.6802687644958496
-1.913094162940979
-4.350459098815918
-2.801255702972412
-2.8858368396759033
-2.3075144290924072
-1.9754915237426758
-1.586857557296753
-3.378056764602661
-2.0771472454071045
-1.8784054517745972
-3.749633550643921
-4.660821914672852
-2.573904275894165
-2.3271732330322266
-1.918576717376709
-1.7164512872695923
-4.3862996101379395
-2.0697028636932373
-2.0164668560028076
-0.9940749406814575
-2.402174234390259
-2.733968496322632
-1.1563549041748047
-1.9164642095565796
-1.411610722541809
-1.2023026943206787
-1.5308078527450562
-4.295793533325195
-2.812673330307007
-1.597578525543213
-8.414031982421875
-13.815091133117676
-1.3812817335128784
-1.7566767930984497
-1.2592941522598267
-2.742652177810669
-1.9300514459609985
-2.750676155090332
-2.80375075340271
-2.2672464847564697
-4.7624359130859375
-2.6593120098114014
-2.0410614013671875
-1.9298924207687378
-4.052844524383545
-3.8297479152679443
-1.3381993770599365
-5.76671838760376
-4.567570686340332
-1.8841499090194702
-1.716172218322754
-3.5471091270446777
-2.6222527027130127
-3.773730516433716
-1.2325832843780518
-2.102353811264038
-2.3853840827941895
-1.3571515083312988
-2.515331745147705
-0.810914933681488
-2.938737392425537
-2.5496764183044434
-4.402476787567139
-3.1016056537628174
-1.0227895975112915
-6.560615062713623
-5.19031286239624
-2.9681520462036133
-1.937767744064331
-3.9595937728881836
-3.0469741821289062
-1.90430748462677
-2.3121817111968994
-1.871294379234314
-1.4975978136062622
-2.294917106628418
-3.727128267288208
-4.265398979187012
-2.0615880489349365
-1.848131775856018
-4.4820451736450195
-4.84899377822876
-2.5973944664001465
-6.950442314147949
-2.0723347663879395
-2.638946056365967
-1.8717930316925049
-3.7066757678985596
-3.152730703353882
-6.338597297668457
-3.386568546295166
-3.0677340030670166
-3.4648642539978027
-2.753516912460327
-1.2502909898757935
-6.754831790924072
-1.480401873588562
-1.9473990201950073
-4.214590549468994
-3.9282238483428955
-2.252455472946167
-2.80195951461792
-7.338291645050049
-4.371657371520996
-10.224156379699707
-1.0930081605911255
-2.35292387008667
-1.7862637042999268
-3.7594411373138428
-1.4888461828231812
-6.205259799957275
-4.116559028625488
-2.007288932800293
-2.087376117706299
-2.942204475402832
-1.9048683643341064
-2.197859525680542
-2.0933163166046143
-1.8026245832443237
-1.6065951585769653
-2.783388137817383
-5.940948963165283
-1.4730342626571655
-3.426539659500122
-2.533646821975708
-2.430481433868408
-3.294713258743286
-1.7181166410446167
-5.423138618469238
-6.216153144836426
-7.061862945556641
-4.033146858215332
-2.154252052307129
-2.1356706619262695
-2.6900904178619385
-1.960878849029541
-2.2876546382904053
-1.0121028423309326
-2.2571334838867188
-2.70157527923584
-3.1952247619628906
-4.345909595489502
-3.2223927974700928
-1.0354083776474
-1.6159511804580688
-1.1035778522491455
-2.3728065490722656
-1.8304443359375
-2.737009286880493
-2.417820453643799
-5.7491583824157715
-1.7390507459640503
-1.425159215927124
-9.72817611694336
-3.819488286972046
-8.044974327087402
-9.029216766357422
-2.369386672973633
-1.4270352125167847
-4.256932258605957
-2.01560378074646
-2.817141532897949
-11.932954788208008
-2.339378833770752
-2.1355223655700684
-2.0573108196258545
-4.540165424346924
-1.513725757598877
-1.9082978963851929
-3.6438446044921875
-4.6637959480285645
-7.100449085235596
-2.9174535274505615
-3.5067028999328613
-2.459333896636963
-1.4567266702651978
-5.98533821105957
-7.263657569885254
-12.546666145324707
-4.94882345199585
-1.5172115564346313
-1.1741849184036255
-2.3393800258636475
-4.184174537658691
-5.199481010437012
-2.9314708709716797
-3.208749771118164
-7.922584056854248
-3.996882200241089
-4.144792079925537
-2.3756656646728516
-2.056523323059082
-1.6035370826721191
-2.1926941871643066
-1.9148082733154297
-1.685814380645752
-6.260432720184326
-3.7069101333618164
-4.200460910797119
-2.3553245067596436
-1.9062089920043945
-1.8412339687347412
-1.4664477109909058
-1.9002082347869873
-3.6393239498138428
-1.402714490890503
-1.4856373071670532
-1.8138326406478882
-6.652385711669922
-1.95685875415802
-2.2607359886169434
-1.9586976766586304
-3.4006400108337402
-2.7199716567993164
-2.0970041751861572
-2.7624921798706055
-3.1973273754119873
-2.3440744876861572
-2.2644100189208984
-6.258515357971191
-3.2953391075134277
-3.5461604595184326
-2.475872039794922
-0.0
-2.609200954437256
-4.014063358306885
-2.940084457397461
-3.576219320297241
-1.8179514408111572
-1.7832905054092407
-1.4281543493270874
-4.666158199310303
-2.1831612586975098
-1.7213401794433594
-1.493395209312439
-2.970749855041504
-5.6343255043029785
-6.261141300201416
-2.0361461639404297
-5.278494834899902
-5.909172534942627
-0.7831700444221497
-0.7799444198608398
-1.4218940734863281
-1.3082804679870605
-2.143465518951416
-6.437738418579102
-1.8581690788269043
-3.02386212348938
-2.023832321166992
-3.507338285446167
-0.7673214673995972
-8.560510635375977
-3.8877196311950684
-1.2277107238769531
-4.6825971603393555
-3.3134512901306152
-2.9778172969818115
-1.4785206317901611
-5.904930114746094
-1.6030088663101196
-0.0
-4.594537734985352
-1.8858423233032227
-3.241182327270508
-4.018851280212402
-4.213364124298096
-2.5086028575897217
-1.708971381187439
-2.0222694873809814
-2.667889356613159
-3.846494436264038
-1.5342105627059937
-2.664994716644287
-2.870927095413208
-3.3234128952026367
-7.3750505447387695
-3.610466957092285
-1.9880809783935547
-0.0
-8.654010772705078
-3.877293348312378
-2.9070706367492676
-4.144709587097168
-2.4574437141418457
-2.8276915550231934
-7.976175308227539
-1.1333056688308716
-4.25582218170166
-3.612466812133789
-3.455308675765991
-4.8164191246032715
-2.643657684326172
-2.0230324268341064
-1.8577766418457031
-1.7195626497268677
-3.285918951034546
-5.180203914642334
-3.1177523136138916
-1.3348257541656494
-3.11403226852417
-1.2928227186203003
-1.990421175956726
-8.330974578857422
-4.209417343139648
-11.089715957641602
-1.7019041776657104
-2.558570384979248
-3.834064483642578
-15.177734375
-3.3804821968078613
-8.536269187927246
-5.397110462188721
-5.242960453033447
-4.4117560386657715
-2.321279764175415
-2.7062692642211914
-1.529037594795227
-8.089890480041504
-2.560835361480713
-1.7521910667419434
-2.5332581996917725
-2.2695579528808594
-2.6370222568511963
-1.9818711280822754
-4.991339683532715
-5.020688056945801
-8.789709091186523
-3.1532604694366455
-3.85408353805542
-0.9734134078025818
-3.7195262908935547
-2.500858783721924
-2.435305595397949
-1.8426012992858887
-1.4874507188796997
-1.9498847723007202
-4.165297031402588
-6.160459041595459
-2.82340407371521
-1.614187240600586
-1.7403331995010376
-2.541391372680664
-4.054287433624268
-2.1995604038238525
-1.4863839149475098
-9.963823318481445
-1.6107958555221558
-1.8985899686813354
-2.8968117237091064
-2.5382609367370605
-3.7513649463653564
-3.735579490661621
-1.7892338037490845
-2.645756483078003
-3.7745237350463867
-5.612640380859375
-2.980879068374634
-4.108817100524902
-3.8032917976379395
-6.387351036071777
-6.738729953765869
-5.216522216796875
-3.113690137863159
-5.135936260223389
-3.482065200805664
-1.9338074922561646
-5.746269226074219
-5.120090484619141
-2.704763412475586
-3.783254384994507
-2.0035502910614014
-6.4865593910217285
-13.033025741577148
-3.09114408493042
-3.5871951580047607
-2.714759349822998
-2.514882802963257
-2.4049878120422363
-5.021636009216309
-3.603147506713867
-5.412481307983398
-2.8552896976470947
-3.560547351837158
-3.9821441173553467
-3.2134206295013428
-4.128863334655762
-4.234959125518799
-3.13956880569458
-2.481804132461548
-2.3005716800689697
-2.9106366634368896
-2.5458598136901855
-2.025404930114746
-4.05277681350708
-2.9687743186950684
-4.044045925140381
-4.313805103302002
-4.629681587219238
-4.2777910232543945
-3.030787229537964
-2.8127763271331787
-3.1843693256378174
-0.5005845427513123
-0.6392951011657715
-3.232739210128784
-1.7723627090454102
-5.814190864562988
-5.944737911224365
-5.376220703125
-2.868476390838623
-1.6017838716506958
-1.8977584838867188
-5.383733749389648
-5.0208611488342285
-4.147605895996094
-3.2220752239227295
-1.8395776748657227
-11.755797386169434
-3.173316717147827
-3.271029472351074
-2.2680506706237793
-3.351327419281006
-5.079625129699707
-1.3729579448699951
-4.552070140838623
-2.0577139854431152
-5.5263543128967285
-2.5038695335388184
-4.84234094619751
-3.986222267150879
-3.669524908065796
-2.9804012775421143
-3.65393328666687
-2.787641763687134
-2.593618631362915
-2.856271505355835
-5.403383731842041
-5.041992664337158
-6.311822414398193
-2.7033207416534424
-2.780977964401245
-6.2342329025268555
-4.008498668670654
-1.7918986082077026
-7.158181667327881
-3.091599225997925
-4.721095085144043
-4.7396111488342285
-6.352900981903076
-1.967323660850525
-1.615696668624878
-3.4831533432006836
-3.0048465728759766
-2.2643749713897705
-1.3563816547393799
-3.170530319213867
-5.8526997566223145
-4.079687118530273
-2.7907469272613525
-2.1730539798736572
-2.9041004180908203
-3.5580148696899414
-1.817629337310791
-5.226921558380127
-5.607880592346191
-2.4522106647491455
-4.4744462966918945
-3.124188184738159
-2.022169589996338
-3.9812378883361816
-4.591070652008057
-1.9609110355377197
-5.484598159790039
-1.5823458433151245
-4.666405200958252
-3.035414457321167
-1.7151870727539062
-2.4159622192382812
-3.0542685985565186
-6.091826915740967
-2.1512253284454346
-4.142544269561768
-2.7745630741119385
-2.333078622817993
-4.229909896850586
-2.7166106700897217
-2.596752643585205
-2.3642377853393555
-4.037734508514404
-2.0053529739379883
-4.995011806488037
-4.494741916656494
-3.9709033966064453
-4.490950107574463
-9.55431079864502
-6.3372039794921875
-3.521043539047241
-9.505355834960938
-7.00001859664917
-3.6521108150482178
-3.2182822227478027
-1.9064580202102661
-3.1923062801361084
-2.8853886127471924
-3.2925167083740234
-3.6021945476531982
-6.681912422180176
-4.802049160003662
-3.3909053802490234
-2.6904022693634033
-4.642210006713867
-2.0749030113220215
-3.284592866897583
-4.270961284637451
-2.8471498489379883
-3.4885294437408447
-3.6024513244628906
-4.384387969970703
-5.096164226531982
-2.5497841835021973
-1.1958625316619873
-3.0284674167633057
-1.9775103330612183
-2.433513879776001
-4.173580646514893
-2.4390618801116943
-2.236280679702759
-2.764385938644409
-3.8218886852264404
-2.949554443359375
-3.450193405151367
-1.618414044380188
-1.3429189920425415
-6.698155879974365
-7.461509704589844
-3.6017093658447266
-2.4422590732574463
-2.5800650119781494
-4.680248737335205
-6.452582836151123
-3.0501151084899902
-1.7527726888656616
-1.6836867332458496
-2.558551549911499
-2.0459914207458496
-5.702452659606934
-6.189098834991455
-7.323497295379639
-14.994668006896973
-4.1414618492126465
-3.377638101577759
-2.944864511489868
-4.706981182098389
-3.0327045917510986
-1.9701589345932007
-2.562922716140747
-2.555727481842041
-5.055261611938477
-2.6899168491363525
-5.242845058441162
-6.117861747741699
-3.6456246376037598
-4.663638591766357
-2.938328981399536
-3.120530605316162
-2.7951178550720215
-3.108501672744751
-7.550455570220947
-14.800199508666992
-3.7974610328674316
-5.423126697540283
-2.481337547302246
-1.7652143239974976
-4.573919773101807
-1.621910572052002
-1.9874436855316162
-3.6676130294799805
-2.8026959896087646
-8.674704551696777
-3.7549991607666016
-11.649255752563477
-7.212640762329102
-2.975048542022705
-4.0370869636535645
-4.274258136749268
-9.453163146972656
-4.728573322296143
-2.209833860397339
-16.278499603271484
-4.112664222717285
-4.537352561950684
-1.8433122634887695
-1.5000848770141602
-6.442368030548096
-1.3596844673156738
-10.099503517150879
-2.781463623046875
-2.207601547241211
-4.463829517364502
-6.187096118927002
-4.085146903991699
-3.535773992538452
-2.131701707839966
-5.809762001037598
-3.200953722000122
-1.7779850959777832
-1.80902099609375
-2.264529228210449
-6.577762126922607
-4.370545864105225
-2.840060234069824
-1.5795494318008423
-4.087066173553467
-5.4503960609436035
-2.954922676086426
-5.132588863372803
-2.4696712493896484
-9.184935569763184
-2.3282852172851562
-4.467474460601807
-6.097060203552246
-1.98347806930542
-4.043817043304443
-2.871840476989746
-3.951974868774414
-5.240435600280762
-6.353917121887207
-2.7009437084198
-3.3338141441345215
-3.5560457706451416
-2.4263229370117188
-2.2747750282287598
-2.3934507369995117
-4.180503845214844
-3.0752105712890625
-1.8998966217041016
-2.6545798778533936
-9.387968063354492
-2.3790364265441895
-3.758507490158081
-3.3431453704833984
-4.613377571105957
-2.3569538593292236
-2.476731777191162
-6.786027908325195
-3.0672547817230225
-2.5739786624908447
-2.7048540115356445
-4.436154842376709
-3.3317503929138184
-5.292995929718018
-2.1018621921539307
-5.803826808929443
-5.915464401245117
-2.5418856143951416
-2.6657216548919678
-2.99170184135437
-2.2429251670837402
-2.5006957054138184
-6.618371963500977
-1.2428832054138184
-1.6966699361801147
-2.177809476852417
-5.325608730316162
-2.6160976886749268
-3.5028486251831055
-1.9278805255889893
-2.1253275871276855
-1.85218346118927
-3.4071097373962402
-3.3372557163238525
-3.7368698120117188
-2.5480940341949463
-4.066656112670898
-2.718214988708496
-7.425644874572754
-2.145003318786621
-3.8164048194885254
-1.9829967021942139
-6.368616104125977
-4.200082302093506
-1.5319820642471313
-7.855093955993652
-2.2289154529571533
-2.684361696243286
-4.0809831619262695
-9.450217247009277
-1.7207964658737183
-1.6610664129257202
-2.939453363418579
-6.031645774841309
-3.662771701812744
-6.7792181968688965
-1.8274712562561035
-2.05525541305542
-2.4824724197387695
-4.026919841766357
-4.488386154174805
-3.111016035079956
-4.679488658905029
-3.329564094543457
-4.1017255783081055
-9.751387596130371
-3.9665868282318115
-4.204437732696533
-1.7051482200622559
-2.8030927181243896
-1.8838605880737305
-7.383852958679199
-1.789463758468628
-2.9874825477600098
-4.938333988189697
-5.580873966217041
-1.9300659894943237
-4.01746129989624
-3.4695959091186523
-2.320695638656616
-6.915337562561035
-2.8465592861175537
-8.288725852966309
-9.413313865661621
-0.0
-2.9358794689178467
-3.3847603797912598
-3.3070647716522217
-7.442358016967773
-8.200687408447266
-2.26029896736145
-1.2714189291000366
-2.0290167331695557
-3.2544431686401367
-1.698223352432251
-2.1291897296905518
-2.700712203979492
-3.614131450653076
-3.219082832336426
-2.8393797874450684
-4.999282360076904
-2.041250228881836
-7.256781101226807
-3.7975454330444336
-2.175351858139038
-2.7680606842041016
-1.9866787195205688
-2.835400342941284
-4.156434059143066
-3.4157299995422363
-5.327457904815674
-2.7904162406921387
-1.542023777961731
-2.6698503494262695
-2.03348445892334
-3.886215925216675
-2.8060266971588135
-2.2754623889923096
-2.592944383621216
-4.160545349121094
-2.592543840408325
-4.124539375305176
-6.15617561340332
-2.470728635787964
-21.047744750976562
-2.1244943141937256
-9.001588821411133
-2.5166821479797363
-4.301844120025635
-2.3877241611480713
-4.693004608154297
-2.078646421432495
-4.4785356521606445
-5.486917018890381
-3.656420946121216
-3.3736095428466797
-2.8639461994171143
-3.376826286315918
-9.061501502990723
-4.981630325317383
-5.499303340911865
-8.233366966247559
-8.708719253540039
-3.6573307514190674
-1.8454920053482056
-6.473051071166992
-8.667943954467773
-2.3578648567199707
-6.791386127471924
-2.6498160362243652
-6.191016674041748
-4.765135288238525
-2.7849371433258057
-3.3148550987243652
-3.861966371536255
-2.9609439373016357
-2.3939201831817627
-1.4454474449157715
-3.0081911087036133
-2.7792623043060303
-2.18471622467041
-4.109126567840576
-7.457376956939697
-4.180834770202637
-4.173708438873291
-2.679184675216675
-2.0916097164154053
-3.876260280609131
-1.8731800317764282
-5.719484806060791
-12.264913558959961
-3.269730806350708
-8.356581687927246
-3.091804027557373
-4.4647603034973145
-3.5924735069274902
-5.419931411743164
-5.103132724761963
-6.639784336090088
-2.9862313270568848
-1.8047914505004883
-4.088613510131836
-4.693187236785889
-3.3420584201812744
-1.2790838479995728
-2.1773483753204346
-3.6248810291290283
-10.801080703735352
-2.880401611328125
-2.892220973968506
-6.206131935119629
-2.8966569900512695
-4.554062843322754
-4.510147571563721
-1.4003396034240723
-3.312366008758545
-2.161672592163086
-4.073752403259277
-2.5235769748687744
-8.70781421661377
-0.9392503499984741
-5.946890830993652
-7.16131591796875
-4.25099515914917
-3.126230001449585
-2.4003078937530518
-3.097111701965332
-1.9926329851150513
-2.3524348735809326
-7.565174102783203
-2.3067221641540527
-2.3991549015045166
-2.4497106075286865
-1.8457434177398682
-4.433507919311523
-6.554085731506348
-3.2669875621795654
-2.5468838214874268
-2.5372824668884277
-3.2687859535217285
-3.6009840965270996
-3.12249493598938
-2.088380813598633
-6.089013576507568
-3.1550254821777344
-2.7811472415924072
-5.344331741333008
-2.401676654815674
-4.434913635253906
-2.9436633586883545
-1.904807448387146
-4.284588813781738
-2.757168769836426
-9.273043632507324
-2.186725616455078
-4.046451568603516
-3.67329740524292
-3.199432134628296
-3.114532947540283
-1.1792858839035034
-2.7489333152770996
-2.3616104125976562
-11.323620796203613
-1.677369236946106
-4.913617134094238
-7.229983806610107
-3.1950249671936035
-4.5140581130981445
-4.8205132484436035
-3.424290180206299
-3.0198705196380615
-4.978708744049072
-6.389007091522217
-4.501041889190674
-13.109572410583496
-2.8086025714874268
-4.151524543762207
-0.7539675831794739
-1.9652957916259766
-2.916049003601074
-7.890002250671387
-1.9697173833847046
-3.3327667713165283
-1.1871157884597778
-6.725878715515137
-1.6984741687774658
-2.388669729232788
-1.9831604957580566
-4.106261253356934
-3.1752564907073975
-3.3407278060913086
-2.1980838775634766
-2.7675020694732666
-8.083114624023438
-3.447174310684204
-1.890771746635437
-1.7070516347885132
-1.9023531675338745