-0.462192565202713
-0.44555068016052246
-0.39597997069358826
-0.3422428369522095
-0.3594760000705719
-0.44265320897102356
-0.546325147151947
-0.37006452679634094
-0.4743010401725769
-0.7069228887557983
-0.4966823160648346
-0.578289806842804
-0.6578088998794556
-0.4583810269832611
-0.36108481884002686
-0.551000714302063
-0.31119972467422485
-0.24247515201568604
-0.9177405834197998
-0.1172081008553505
-0.2853175699710846
-0.34199196100234985
-0.39563438296318054
-0.48908358812332153
-0.29540449380874634
-0.4431988298892975
-0.3379319906234741
-1.0000000036274937e-15
-0.26942816376686096
-0.3000914454460144
-0.3201729953289032
-0.43232953548431396
-0.38467252254486084
-0.32838892936706543
-0.3040975034236908
-0.3334279954433441
-0.24801768362522125
-0.27846449613571167
-0.37653759121894836
-0.21784842014312744
-0.25175124406814575
-0.3776404857635498
-0.419421523809433
-0.2086627036333084
-0.27037206292152405
-0.3906782567501068
-0.21861644089221954
-0.38858091831207275
-0.18825632333755493
-1.0000000036274937e-15
-0.23510083556175232
-0.1782296746969223
-0.35567528009414673
-0.4208603501319885
-0.22629570960998535
-0.3516777753829956
-0.25018399953842163
-0.22782637178897858
-0.3234403431415558
-0.4783516526222229
-0.2765200436115265
-0.40280118584632874
-0.32089662551879883
-0.2534812390804291
-0.24749502539634705
-0.2954986095428467
-0.347711443901062
-0.36001265048980713
-0.22808510065078735
-0.24940037727355957
-0.36075475811958313
-0.41197818517684937
-0.3331139385700226
-0.23990553617477417
-0.2899767756462097
-0.34189504384994507
-0.27974510192871094
-0.3221806287765503
-0.26372238993644714
-0.3981229364871979
-0.25339820981025696
-0.3529515266418457
-0.36274582147598267
-0.4317617118358612
-0.5998528003692627
-0.229592427611351
-0.25259682536125183
-0.240463525056839
-0.3444826900959015
-0.38464662432670593
-0.3022570312023163
-0.314872145652771
-0.34619399905204773
-0.42496445775032043
-0.4790878891944885
-0.44404280185699463
-0.41731297969818115
-0.36281073093414307
-0.457719087600708
-0.5994588732719421
-0.31411534547805786
-0.4576514661312103
-0.6587585210800171
-0.6721247434616089
-0.41062626242637634
-0.44576334953308105
-0.6178503036499023
-0.33952054381370544
-0.47327956557273865
-0.5145602822303772
-0.5451773405075073
-0.4975699782371521
-0.474520206451416
-0.3397121727466583
-0.24698887765407562
-0.253193736076355
-0.5021061897277832
-0.28181105852127075
-0.4264814555644989
-0.5725663304328918
-0.4400891959667206
-0.5300765037536621
-0.538464367389679
-0.27284809947013855
-0.31471914052963257
-0.4765302240848541
-0.46079161763191223
-0.39476898312568665
-0.36245962977409363
-0.49086451530456543
-0.38819387555122375
-0.37440985441207886
-0.2807290256023407
-0.3722608983516693
-0.24294286966323853
-0.09215621650218964
-0.41436266899108887
-0.27794763445854187
-0.26529672741889954
-0.3633142411708832
-0.22450082004070282
-0.2983061671257019
-0.33862024545669556
-0.21693512797355652
-0.5046684145927429
-0.16929158568382263
-0.34408968687057495
-0.24035517871379852
-0.4335780739784241
-0.4498361647129059
-0.2141057699918747
-0.16496030986309052
-0.392223984003067
-0.3742237091064453
-0.4224160611629486
-0.09104939550161362
-0.1326400488615036
-0.11807474493980408
-0.5045878291130066
-0.2511965036392212
-0.37300100922584534
-0.5205564498901367
-0.32920223474502563
-0.31827372312545776
-0.34059587121009827
-0.5482125878334045
-0.589818000793457
-0.35378968715667725
-0.388234406709671
-0.2714017927646637
-0.3625427484512329
-0.42925968766212463
-0.2675640881061554
-0.2610109746456146
-0.38297751545906067
-0.30545055866241455
-0.2850387394428253
-0.2679765522480011
-0.39611107110977173
-0.31671851873397827
-0.23908910155296326
-0.29750195145606995
-0.40124285221099854
-0.5479355454444885
-0.29491984844207764
-0.34978535771369934
-0.45633742213249207
-0.35968121886253357
-0.3628997504711151
-0.3174858093261719
-0.30515381693840027
-0.2612151801586151
-0.32085010409355164
-0.5457900762557983
-0.3528881072998047
-0.35693293809890747
-0.18209585547447205
-0.370237797498703
-0.48676204681396484
-0.5363708734512329
-0.308808833360672
-0.26176008582115173
-0.46186089515686035
-0.24519255757331848
-0.3484978973865509
-0.3138613700866699
-0.3200364112854004
-0.28883662819862366
-0.6280179023742676
-0.7710724472999573
-0.47586578130722046
-0.4713745415210724
-0.3151520788669586
-0.4200774133205414
-0.25106701254844666
-0.35535553097724915
-0.23056752979755402
-0.3483192026615143
-0.43048134446144104
-0.4582296907901764
-0.39548128843307495
-0.25578609108924866
-0.22543197870254517
-0.4101254343986511
-0.6774488687515259
-0.3745657503604889
-0.23553788661956787
-0.3830755352973938
-0.2858681380748749
-0.3811449706554413
-0.3685663342475891
-0.2860340476036072
-0.3515818119049072
-0.3705058991909027
-0.2946080267429352
-0.3994578719139099
-0.2914864122867584
-0.39245840907096863
-0.38708531856536865
-0.17150457203388214
-0.29115936160087585
-0.3190973103046417
-0.4102288484573364
-0.34021371603012085
-0.26126641035079956
-0.23207053542137146
-0.21012651920318604
-0.31097230315208435
-0.3784555494785309
-0.2080695629119873
-0.39775460958480835
-0.2538456618785858
-0.3457677662372589
-0.3413049280643463
-0.31378063559532166
-0.3771813213825226
-0.34531116485595703
-0.42559629678726196
-0.2578544616699219
-0.4979422688484192
-0.30715256929397583
-0.4000498652458191
-0.6400035619735718
-0.2951984405517578
-0.346668004989624
-0.6109299659729004
-0.2960120141506195
-0.3296704888343811
-0.3245379328727722
-0.4685458838939667
-0.44449958205223083
-0.41878315806388855
-0.3103926181793213
-0.3227039575576782
-0.06650087237358093
-0.24466581642627716
-0.07874396443367004
-0.25997617840766907
-0.2311675250530243
-0.31679973006248474
-0.11630091816186905
-1.0000000036274937e-15
-1.0000000036274937e-15
-0.5446246266365051
-0.2785525918006897
-0.19114293158054352
-0.15294858813285828
-0.28305619955062866
-0.3979199528694153
-0.4661843776702881
-0.3774276077747345
-0.24095986783504486
-0.3934135138988495
-0.41131436824798584
-0.33406609296798706
-0.3065015971660614
-0.27411502599716187
-0.2723775804042816
-0.4066961407661438
-0.1632249504327774
-0.29797521233558655
-0.456747442483902
-0.3654486835002899
-0.28918588161468506
-0.3608010411262512
-0.25373271107673645
-0.31128358840942383
-0.3024482727050781
-0.3339492082595825
-0.1830175668001175
-0.4314916729927063
-0.2131158858537674
-0.5310515761375427
-0.30140918493270874
-0.28657928109169006
-0.18201760947704315
-0.30568578839302063
-0.4061830937862396
-0.2195488065481186
-0.3180261254310608
-0.32531964778900146
-0.3058868646621704
-0.32606130838394165
-0.1559324860572815
-0.25249287486076355
-0.3529994785785675
-0.43859365582466125
-0.6457480192184448
-0.198715478181839
-0.4342850148677826
-0.5065248012542725
-0.4922577738761902
-0.4493904709815979
-0.2732687294483185
-0.47769230604171753
-0.5281590819358826
-0.3181447386741638
-0.19011078774929047
-0.3307848572731018
-0.4915880858898163
-0.43376967310905457
-0.385649710893631
-0.36353087425231934
-0.18033218383789062
-0.20086468756198883
-0.38191384077072144
-0.27764391899108887
-0.47163039445877075
-0.47614678740501404
-0.39798229932785034
-0.3436194062232971
-0.25256356596946716
-0.5200366973876953
-0.2999086380004883
-0.32799527049064636
-0.23393385112285614
-0.21258242428302765
-0.24027903378009796
-0.27086299657821655
-0.22205983102321625
-0.2338477224111557
-0.4403729736804962
-0.23432134091854095
-0.19218891859054565
-0.3294017016887665
-0.3527873456478119
-0.4172731041908264
-0.35816362500190735
-0.5118114948272705
-0.2580961287021637
-0.25170838832855225
-0.25550830364227295
-0.3728393614292145
-0.4700559377670288
-0.24866116046905518
-0.23408924043178558
-0.17168502509593964
-0.3351917266845703
-0.3335323631763458
-0.21124500036239624
-0.1718243658542633
-0.2158479243516922
-0.45551687479019165
-0.1945817619562149
-0.5028465986251831
-0.2160513550043106
-0.45334693789482117
-0.3583328127861023
-0.36357319355010986
-0.18937477469444275
-0.25950896739959717
-0.38113823533058167
-0.3293169140815735
-0.22709921002388
-0.22173909842967987
-0.4022604823112488
-0.22655855119228363
-0.2586473822593689
-0.2472148984670639
-0.1844491809606552
-0.24066124856472015
-0.2484080195426941
-0.4417968690395355
-0.2945554256439209
-0.3290230333805084
-0.31785252690315247
-0.24080954492092133
-0.5159761309623718
-0.3395288586616516
-0.30214768648147583
-0.3232770264148712
-0.2948525547981262
-0.28562742471694946
-0.3378039002418518
-0.15608473122119904
-0.3519386947154999
-0.26540690660476685
-0.33927518129348755
-0.36658039689064026
-0.2859113812446594
-0.00048828125
-0.5709904432296753
-0.43040239810943604
-0.2858087122440338
-0.29494816064834595
-0.3292412757873535
-0.39115259051322937
-0.48164063692092896
-0.39384725689888
-0.3798351287841797
-0.22362788021564484
-0.4091606140136719
-0.3572791814804077
-0.5625219345092773
-0.546318531036377
-0.4121929705142975
-0.3028244376182556
-0.3119492530822754
-0.36570391058921814
-0.2969028949737549
-0.5575385689735413
-0.5178499817848206
-0.6589950919151306
-0.3009098470211029
-0.3458107113838196
-0.46687495708465576
-0.4394837021827698
-0.34403735399246216
-0.41856056451797485
-0.3546404540538788
-0.3301554024219513
-0.3039196729660034
-0.19116927683353424
-0.14870989322662354
-0.3114687204360962
-0.1569094955921173
-0.11772743612527847
-0.24509713053703308
-0.21886032819747925
-0.5616686940193176
-0.45149320363998413
-0.4482346773147583
-0.4192594885826111
-0.33631575107574463
-0.6878013610839844
-0.3503054678440094
-0.35389015078544617
-0.3704265058040619
-0.6055505275726318
-0.4267627000808716
-0.5072551369667053
-0.33158135414123535
-0.22148089110851288
-0.21231505274772644
-0.32169657945632935
-0.19831989705562592
-0.19088362157344818
-0.14230969548225403
-0.22517165541648865
-0.12775763869285583
-0.22423408925533295
-0.2427377849817276
-0.4040418267250061
-0.39294862747192383
-0.2650430500507355
-0.2676614224910736
-0.3273458778858185
-1.0000000036274937e-15
-0.21252158284187317
-0.6356576085090637
-0.2478858232498169
-0.15109996497631073
-0.29198360443115234
-0.20086617767810822
-0.27262604236602783
-0.3163584768772125
-0.3337453305721283
-0.28999292850494385
-0.17448951303958893
-0.2026498168706894
-0.28334853053092957
-0.29452478885650635
-0.317261278629303
-0.3745577931404114
-0.3203309178352356
-0.33734387159347534
-0.21793636679649353
-0.3075246512889862
-0.19837309420108795
-0.4443867802619934
-0.15119698643684387
-0.3686450719833374
-0.26278921961784363
-0.32149428129196167
-0.37491631507873535
-0.23300163447856903
-0.2542683184146881
-0.31930598616600037
-0.20981809496879578
-0.4472848176956177
-0.4531914293766022
-0.3854697644710541
-0.2721477150917053
-0.22781094908714294
-0.33516639471054077
-0.6091805100440979
-0.2337845116853714
-0.2647399604320526
-0.3877383768558502
-0.4503454267978668
-0.18597090244293213
-0.5180612206459045
-0.4781106412410736
-0.35189226269721985
-0.26803749799728394
-0.14974002540111542
-0.3173479735851288
-0.31916025280952454
-0.5144889950752258
-0.35950127243995667
-0.37127867341041565
-0.7546341419219971
-0.3980634808540344
-0.5155242085456848
-0.7182427644729614
-0.3064422905445099
-0.39553797245025635
-0.2776305079460144
-0.4100583791732788
-0.49943503737449646
-0.38640666007995605
-0.4282902777194977
-0.312511146068573
-0.2971157133579254
-0.3946371376514435
-0.31146764755249023
-0.4358395040035248
-0.28064748644828796
-0.28616365790367126
-0.2979156970977783
-0.4264279305934906
-0.2688259780406952
-0.3523609936237335
-0.42395249009132385
-0.2807842195034027
-0.3044397234916687
-0.20211836695671082
-0.3546961843967438
-0.2801392078399658
-0.36535632610321045
-0.32628166675567627
-0.43796026706695557
-0.2928793132305145
-0.29009413719177246
-0.3833926022052765
-0.1710215061903
-0.38017868995666504
-0.3644021153450012
-0.3228881359100342
-0.3135664761066437
-0.3473215103149414
-0.3540003001689911
-0.16624166071414948
-0.2972930073738098
-0.17411403357982635
-0.2648371160030365
-0.2742117643356323
-0.2545100152492523
-0.4491460919380188
-0.23277397453784943
-0.3410416543483734
-0.3139640688896179
-0.21867996454238892
-0.25769755244255066
-0.1678026020526886
-0.22022134065628052
-0.3640843331813812
-0.25738826394081116
-0.4409027695655823
-0.4409243166446686
-0.2560938596725464
-0.2796667814254761
-0.32468903064727783
-0.3443966805934906
-0.23323608934879303
-0.21081243455410004
-0.2931082844734192
-0.21437716484069824
-0.46893802285194397
-0.48769325017929077
-0.32972246408462524
-0.4187255799770355
-0.5190127491950989
-0.5064965486526489
-0.4555584192276001
-0.4374905228614807
-0.47131332755088806
-0.2832353115081787
-0.48791295289993286
-0.4010835886001587
-0.3172965943813324
-0.29719415307044983
-0.2930213212966919
-0.24616459012031555
-0.21603107452392578
-0.38790401816368103
-0.3774966895580292
-0.30157631635665894
-0.2573019862174988
-0.31125181913375854
-0.00048828125
-0.2543228268623352
-0.4098650813102722
-0.2381490021944046
-0.45493394136428833
-0.5137867331504822
-0.2807197868824005
-0.21226507425308228
-0.27720701694488525
-0.25428393483161926
-0.43765243887901306
-0.31360146403312683
-0.7015520334243774
-0.2524949908256531
-0.38239142298698425
-0.2417738139629364
-0.5325351357460022
-0.30137673020362854
-0.33921194076538086
-0.22951413691043854
-0.6550207138061523
-0.4503125846385956
-0.42329394817352295
-0.48900076746940613
-0.33600863814353943
-0.4715289771556854
-0.6531023979187012
-0.3519487679004669
-0.48180148005485535
-0.6585230827331543
-0.5429256558418274
-0.5161620378494263
-0.7545167207717896
-0.4872463345527649
-0.3753349781036377
-0.6121969819068909
-0.3342592716217041
-0.22457726299762726
-0.9215681552886963
-0.19997113943099976
-0.37675559520721436
-0.3446027338504791
-0.43303734064102173
-0.513003408908844
-0.33185940980911255
-0.3713274598121643
-0.3701539933681488
-0.49264317750930786
-0.331770658493042
-0.24341247975826263
-0.35461145639419556
-0.2957860231399536
-0.3024306297302246
-0.26170724630355835
-0.2919657528400421
-0.3334279954433441
-0.2342609167098999
-0.3846835196018219
-0.4177358150482178
-0.24474400281906128
-0.11515779793262482
-0.320902019739151
-0.28692641854286194
-0.19374524056911469
-0.13245613873004913
-0.3731120526790619
-0.21861644089221954
-0.3666902780532837
-0.1869310736656189
-0.09255216270685196
-0.16862890124320984
-0.1227923035621643
-0.34008631110191345
-1.0000000036274937e-15
-0.1471228301525116
-0.19110223650932312
-0.25018399953842163
-0.427968829870224
-0.30577099323272705
-0.4783516526222229
-0.23600077629089355
-0.5221091508865356
-0.3705587387084961
-0.25265899300575256
-0.28265464305877686
-0.2893175780773163
-0.3145785927772522
-0.40493637323379517
-0.304212749004364
-0.2657864987850189
-0.3595118224620819
-0.4212408661842346
-0.32403725385665894
-0.3508101999759674
-0.33323246240615845
-0.34794774651527405
-0.367075651884079
-0.2624370753765106
-0.5093241930007935
-0.4680679440498352
-0.38802462816238403
-0.34308212995529175
-0.2954203486442566
-0.4317617118358612
-0.5882501006126404
-0.24583858251571655
-0.3325909674167633
-0.2545217275619507
-0.34611761569976807
-0.4027324318885803
-0.3022570312023163
-0.3525277376174927
-0.6259236335754395
-0.5492066144943237
-0.496145635843277
-0.37208881974220276
-0.30057886242866516
-0.33452773094177246
-0.47340643405914307
-0.6525310277938843
-0.336166113615036
-0.5195497274398804
-0.613410234451294
-0.6144760847091675
-0.42379143834114075
-0.52399742603302
-0.5643247365951538
-0.2174803912639618
-0.5099607110023499
-0.5131847262382507
-0.6245725750923157
-0.4790898859500885
-0.49422571063041687
-0.3821955919265747
-0.2996019124984741
-0.3771129548549652
-0.5166505575180054
-0.30637723207473755
-0.3301829397678375
-0.5154285430908203
-0.4027757942676544
-0.5220528841018677
-0.40636134147644043
-0.31662461161613464
-0.2940671443939209
-0.4313221573829651
-0.40162816643714905
-0.3898524343967438
-0.5019721984863281
-0.5271669626235962
-0.405676007270813
-0.3317318558692932
-0.4249627888202667
-0.28185907006263733
-0.17292241752147675
-0.08771581947803497
-0.27126243710517883
-1.0000000036274937e-15
-0.09812752902507782
-0.32975292205810547
-0.229719340801239
-0.2538506090641022
-0.26816532015800476
-0.23608285188674927
-0.4155932366847992
-0.20213015377521515
-0.3127670884132385
-0.34688490629196167
-0.39887917041778564
-0.43589645624160767
-0.2664438784122467
-0.2469409704208374
-0.5628803968429565
-0.40842777490615845
-0.4259595572948456
-0.2605385482311249
-0.18766824901103973
-0.14357170462608337
-0.5926631093025208
-0.20576941967010498
-0.4506731629371643
-0.487271785736084
-0.33619165420532227
-0.3012894093990326
-0.5151417851448059
-0.6332132816314697
-0.42756858468055725
-0.35103780031204224
-0.3899736702442169
-0.29669302701950073
-0.4182685613632202
-0.6474834680557251
-0.2548939287662506
-0.2610476315021515
-0.3337058424949646
-0.3098618686199188
-0.27198055386543274
-0.24562706053256989
-0.3346557915210724
-0.29421770572662354
-0.23280444741249084
-0.26958829164505005
-0.4660513401031494
-0.5322223901748657
-0.3361338675022125
-0.3207668662071228
-0.4067223072052002
-0.3823137581348419
-0.3595395088195801
-0.357187420129776
-0.32836270332336426
-0.2680179178714752
-0.324497789144516
-0.5713547468185425
-0.3528881072998047
-0.36226263642311096
-0.33248868584632874
-0.41351208090782166
-0.5917237401008606
-0.5586268305778503
-0.3746936023235321
-0.2502528131008148
-0.46427497267723083
-0.29130080342292786
-0.3018936812877655
-0.26711729168891907
-0.4012581706047058
-0.29831066727638245
-0.5498427748680115
-0.6839073300361633
-0.47477298974990845
-0.47718122601509094
-0.40410614013671875
-0.49960169196128845
-0.24492816627025604
-0.4807976484298706
-0.25191906094551086
-0.2798714339733124
-0.4058166742324829
-0.3599689304828644
-0.4580191969871521
-0.28787845373153687
-0.2741697132587433
-0.440512090921402
-0.6873818635940552
-0.5249110460281372
-0.28333011269569397
-0.39765480160713196
-0.28360840678215027
-0.32275012135505676
-0.38461488485336304
-0.2767043113708496
-0.289936900138855
-0.2642531096935272
-0.3360900580883026
-0.3851190507411957
-0.3079449534416199
-0.3739595413208008
-0.3601093292236328
-0.17462490499019623
-0.30373427271842957
-0.22784613072872162
-0.3886541426181793
-0.42743900418281555
-0.2550233006477356
-0.22199352085590363
-0.2074771523475647
-0.34143972396850586
-0.34203580021858215
-0.21952614188194275
-0.3092397451400757
-0.2786659598350525
-0.3692147135734558
-0.24573926627635956
-0.374451220035553
-0.3657647967338562
-0.3450249433517456
-0.3246721625328064
-0.3325488269329071
-0.46411073207855225
-0.19904933869838715
-0.3743448853492737
-0.6877039074897766
-0.27779579162597656
-0.3258872330188751
-0.626986026763916
-0.2822417616844177
-0.29629138112068176
-0.3951791524887085
-0.44185543060302734
-0.39259833097457886
-0.4215371310710907
-0.339053750038147
-0.32924380898475647
-0.09914635121822357
-0.24001644551753998
-0.07874396443367004
-0.306404173374176
-0.19742147624492645
-0.34806132316589355
-0.23035234212875366
-0.09198886901140213
-0.3173644244670868
-0.40758413076400757
-0.22385458648204803
-0.21662910282611847
-0.2597137689590454
-0.3295947313308716
-0.19678188860416412
-0.4479903280735016
-0.31847187876701355
-0.2286669909954071
-0.32660049200057983
-0.327419251203537
-0.2228929102420807
-0.26104238629341125
-0.24092115461826324
-0.26168254017829895
-0.4066961407661438
-0.23963505029678345
-0.3036990463733673
-0.3302258849143982
-0.38737887144088745
-0.32866260409355164
-0.4249316453933716
-0.26822009682655334
-0.388464093208313
-0.27857139706611633
-0.3213372826576233
-0.13722266256809235
-0.36369767785072327
-0.2033725082874298
-0.3145725131034851
-0.21461530029773712
-0.2620890140533447
-0.2940638065338135
-0.2984808683395386
-0.25988858938217163
-0.23644210398197174
-0.37146252393722534
-0.32531964778900146
-0.2841983437538147
-0.22172418236732483
-0.1618330031633377
-0.19499149918556213
-0.4314489960670471
-0.6690574288368225
-0.47093504667282104
-0.1953723132610321
-0.32897812128067017
-0.6068694591522217
-0.38570231199264526
-0.3597721755504608
-0.2240966260433197
-0.4787037968635559
-0.35049325227737427
-0.2418917417526245
-0.17100495100021362
-0.25367432832717896
-0.15581414103507996
-0.4123266935348511
-0.3630797266960144
-0.4237900972366333
-0.18993119895458221
-0.16279219090938568
-0.41425850987434387
-0.3155340552330017
-0.43572139739990234
-0.6859069466590881
-0.3421857953071594
-0.32060590386390686
-0.3677450120449066
-0.590863049030304
-0.2629106640815735
-0.4600854516029358
-0.24441903829574585
-0.29242920875549316
-0.2053769826889038
-0.33201536536216736
-0.23158009350299835
-0.2969699501991272
-0.4403729736804962
-0.25075843930244446
-0.20447313785552979
-0.29603034257888794
-0.46659162640571594
-0.42842304706573486
-0.37265515327453613
-0.6047970652580261
-0.23747241497039795
-0.25170838832855225
-0.24253255128860474
-0.3813632130622864
-0.31705164909362793
-0.24386544525623322
-0.3290351629257202
-0.179077610373497
-0.3896957039833069
-0.34821832180023193
-0.16089144349098206
-0.2377220243215561
-0.2110818475484848
-0.27852508425712585
-0.0944865271449089
-0.5095299482345581
-0.13195252418518066
-0.17968152463436127
-0.3559471666812897
-0.48256775736808777
-0.22597743570804596
-0.3400630056858063
-0.3922254145145416
-0.3369404077529907
-0.29603850841522217
-0.3112249970436096
-0.3474772870540619
-0.2712790071964264
-0.2956945300102234
-0.36036843061447144
-0.22897930443286896
-0.22997528314590454
-0.19555862247943878
-0.4570779502391815
-0.44985559582710266
-0.32781341671943665
-0.27468064427375793
-0.2436043918132782
-0.458686500787735
-0.5126848816871643
-0.32112279534339905
-0.362495481967926
-0.29571688175201416
-0.2500016689300537
-0.29793649911880493
-0.23258467018604279
-0.3470434844493866
-0.25268375873565674
-0.3354017734527588
-0.4667101502418518
-0.32457107305526733
-0.6464232206344604
-0.5765119194984436
-0.395564466714859
-0.2564848065376282
-0.2982769012451172
-0.3849221169948578
-0.43961572647094727
-0.3900804817676544
-0.3993651866912842
-0.544380784034729
-0.23432743549346924
-0.2781457304954529
-0.3232481777667999
-0.44685098528862
-0.5355991125106812
-0.4788498282432556
-0.39006102085113525
-0.25733765959739685
-0.38079380989074707
-0.31121283769607544
-0.5186170339584351
-0.5800971388816833
-0.53107750415802
-0.2659519612789154
-0.3181911110877991
-0.37581324577331543
-0.4813237190246582
-0.3882518410682678
-0.37160560488700867
-0.3828890919685364
-0.3624800145626068
-0.19739308953285217
-0.16804254055023193
-0.2313413769006729
-0.25577548146247864
-0.17594647407531738
-0.12025827914476395
-0.23820294439792633
-0.19894780218601227
-0.7429936528205872
-0.5037079453468323
-0.4384388327598572
-0.4429541230201721
-0.3612326681613922
-0.7068707942962646
-0.3920701742172241
-0.33452728390693665
-0.3449379503726959
-0.3043418228626251
-0.4231976270675659
-0.4482100009918213
-0.4310016930103302
-0.2513320744037628
-0.19120746850967407
-0.22712033987045288
-0.26521170139312744
-0.16397401690483093
-0.16746605932712555
-0.22096683084964752
-0.12389481067657471
-0.1372135430574417
-0.20640051364898682
-0.4500787854194641
-0.34203580021858215
-0.2776513397693634
-0.25247883796691895
-0.2799776792526245
-0.3169327974319458
-0.2211819738149643
-0.6084762811660767
-0.2854297161102295
-0.23478662967681885
-0.3060797154903412
-0.28194743394851685
-0.2965286672115326
-0.33632194995880127
-0.43254920840263367
-0.3123316168785095
-0.13916721940040588
-0.2546074092388153
-0.30528220534324646
-0.2543606758117676
-0.34755730628967285
-0.39407867193222046
-0.3577564060688019
-0.342991441488266
-0.23201067745685577
-0.337515652179718
-0.25643330812454224
-0.39028245210647583
-0.17298495769500732
-0.4133409857749939
-0.28628504276275635
-0.2915063500404358
-0.3459419310092926
-0.17397654056549072
-0.22771738469600677
-0.2878803014755249
-0.20911794900894165
-0.41816309094429016
-0.4488754868507385
-0.4479367733001709
-0.2932768166065216
-0.27316009998321533
-0.3236011862754822
-0.6331014037132263
-0.2705025374889374
-0.2021864801645279
-0.3662877380847931
-0.3643433749675751
-0.09847163408994675
-0.4206285774707794
-0.36826223134994507
-0.4140961766242981
-0.33052727580070496
-0.2223605215549469
-0.3129201829433441
-0.3086848855018616
-0.384867399930954
-0.35950127243995667
-0.4773709177970886
-0.7930236458778381
-0.4597509801387787
-0.5456997752189636
-0.7395519018173218
-0.2545953691005707
-0.4257031977176666
-0.2637231945991516
-0.3388345539569855
-0.6218072175979614
-0.37325021624565125
-0.37046244740486145
-0.24860180914402008
-0.45231905579566956
-0.3523876965045929
-0.2914656698703766
-0.13951820135116577
-0.31016412377357483
-0.2463613599538803
-0.40041691064834595
-0.10798000544309616
-0.166343092918396
-0.23939329385757446
-0.5697089433670044
-0.2700434625148773
-0.3002248704433441
-0.18127667903900146
-0.2771046459674835
-0.24894288182258606
-0.30992016196250916
-0.28841865062713623
-0.4360180199146271
-0.31909021735191345
-0.28097987174987793
-0.4444989562034607
-0.2874639332294464
-0.4124259948730469
-0.3794562816619873
-0.3228881359100342
-0.47515562176704407
-0.2860572934150696
-0.3712501525878906
-0.2917572557926178
-0.24655956029891968
-0.14687854051589966
-0.22759616374969482
-0.20502755045890808
-0.2806837856769562
-0.43568384647369385
-0.23909832537174225
-0.27411729097366333
-0.16848887503147125
-0.1650802344083786
-0.18801648914813995
-0.574103832244873
-0.40228936076164246
-0.4115659296512604
-0.2660466432571411
-0.4456070065498352
-0.30425408482551575
-0.2771485447883606
-0.25585705041885376
-0.3647783696651459
-0.36856889724731445
-0.21844694018363953
-0.25971272587776184
-0.3968612253665924
-0.21802988648414612
-0.5483638048171997
-0.4528579115867615
-0.2845415771007538
-0.39732542634010315
-0.4176546335220337
-0.4851917624473572
-0.4821607172489166
-0.40516746044158936
-0.5034053921699524
-0.3071635365486145
-0.3917818069458008
-0.4123569130897522
-0.31329673528671265
-0.29719415307044983
-0.4300293028354645
-0.300761342048645
-0.25970548391342163
-0.12152490764856339
-0.35575494170188904
-0.2676282525062561
-0.23957474529743195
-0.34646692872047424
-0.00048828125
-0.29941338300704956
-0.45009931921958923
-0.23053830862045288
-0.4388192594051361
-0.35860973596572876
-0.2841213643550873
-0.1962793469429016
-0.4188082814216614
-0.21790696680545807
-0.4725147485733032
-0.22664615511894226
-0.5824521780014038
-0.2689235210418701
-0.309591680765152
-0.2917383313179016
-0.39610761404037476
-0.26430565118789673
-0.33291274309158325
-0.2059066742658615
-0.5082176327705383
-0.4529387056827545
-0.44597581028938293
-0.49185460805892944
-0.39218151569366455
-0.5321474075317383
-0.6669366955757141
-0.35954180359840393
-0.4996097981929779
-0.6948880553245544
-0.4996078312397003
-0.5815932750701904
-0.6943503022193909
-0.47644543647766113
-0.40499162673950195
-0.5575208067893982
-0.32869434356689453
-0.24399568140506744
-0.9146665334701538
-0.1380174309015274
-0.2419920116662979
-0.3429804742336273
-0.32528457045555115
-0.507023811340332
-0.3438122272491455
-0.3868333399295807
-0.30485931038856506
-0.21646106243133545
-0.2723080813884735
-0.272422194480896
-0.31022560596466064
-0.41908442974090576
-0.2928659915924072
-0.22765429317951202
-0.28066638112068176
-0.24868427217006683
-0.2551380693912506
-0.27846449613571167
-0.3783815801143646
-0.2034444510936737
-0.17974819242954254
-0.3510574996471405
-0.38790127635002136
-0.1516154557466507
-0.1894984245300293
-0.35989317297935486
-0.21861644089221954
-0.47422632575035095
-0.1827630251646042
-1.0000000036274937e-15
-0.15747392177581787
-0.09970267862081528
-0.2715843617916107
-0.4208603501319885
-1.0000000036274937e-15
-0.32891297340393066
-0.25018399953842163
-0.427968829870224
-0.3160858452320099
-0.4783516526222229
-0.2679498791694641
-0.5335269570350647
-0.401260107755661
-0.2573073208332062
-0.2679879069328308
-0.2954986095428467
-0.3109443187713623
-0.34431877732276917
-0.3332958519458771
-0.26703938841819763
-0.3590821623802185
-0.4805874526500702
-0.3467266261577606
-0.3892619013786316
-0.2988148629665375
-0.38565486669540405
-0.30519354343414307
-0.2756665349006653
-0.2509777545928955
-0.3207184672355652
-0.3705768287181854
-0.38322925567626953
-0.42311424016952515
-0.4317617118358612
-0.5882501006126404
-0.30054810643196106
-0.324205607175827
-0.240463525056839
-0.30243515968322754
-0.42926114797592163
-0.3022570312023163
-0.27760744094848633
-0.5175410509109497
-0.5178619027137756
-0.4915306866168976
-0.4331120252609253
-0.29329580068588257
-0.4029878079891205
-0.44697555899620056
-0.6160930395126343
-0.29840806126594543
-0.4900705814361572
-0.6380221247673035
-0.6473275423049927
-0.39932721853256226
-0.49746814370155334
-0.5643247365951538
-0.25763627886772156
-0.4974808394908905
-0.5176206231117249
-0.5710963010787964
-0.48234352469444275
-0.428842157125473
-0.3969433903694153
-0.25053954124450684
-0.3610229790210724
-0.46930572390556335
-0.2720632553100586
-0.35014814138412476
-0.5427736639976501
-0.41960281133651733
-0.5191618204116821
-0.5266163349151611
-0.34557196497917175
-0.3085375428199768
-0.4046013653278351
-0.47218337655067444
-0.36267563700675964
-0.3595057725906372
-0.5001610517501831
-0.30874958634376526
-0.32324549555778503
-0.39676541090011597
-0.3228028416633606
-0.1900259554386139
-0.11103246361017227
-0.3055453896522522
-1.0000000036274937e-15
-0.10295847803354263
-0.3238111138343811
-0.18377384543418884
-0.3363393247127533
-0.20227371156215668
-0.26095011830329895
-0.3969961702823639
-0.19525878131389618
-0.3116244375705719
-0.22741827368736267
-0.43246597051620483
-0.4434122145175934
-0.24916963279247284
-0.16496030986309052
-0.42837685346603394
-0.35542649030685425
-0.47005537152290344
-0.1230645552277565
-0.1608870029449463
-0.15258418023586273
-0.5049386620521545
-0.2207586169242859
-0.41111186146736145
-0.5062313675880432
-0.31668663024902344
-0.30012252926826477
-0.32854869961738586
-0.556603193283081
-0.48775920271873474
-0.3376958966255188
-0.39295828342437744
-0.30932819843292236
-0.398967444896698
-0.5671133399009705
-0.25275537371635437
-0.28797057271003723
-0.38461780548095703
-0.3240101933479309
-0.3256705105304718
-0.23444925248622894
-0.39611107110977173
-0.3315775692462921
-0.2371496707201004
-0.27393993735313416
-0.4383339583873749
-0.5708774328231812
-0.31635838747024536
-0.3603528141975403
-0.39904844760894775
-0.3458482623100281
-0.3776761591434479
-0.39577019214630127
-0.3086434006690979
-0.2831465005874634
-0.3615354895591736
-0.5792632699012756
-0.35848966240882874
-0.37025725841522217
-0.29956740140914917
-0.3678863048553467
-0.5328907370567322
-0.4867829978466034
-0.3168204128742218
-0.23084525763988495
-0.46186089515686035
-0.27097058296203613
-0.30190157890319824
-0.24142879247665405
-0.3481154143810272
-0.310851514339447
-0.5520994663238525
-0.7710724472999573
-0.5058868527412415
-0.5184905529022217
-0.3151520788669586
-0.454161673784256
-0.20849494636058807
-0.40272000432014465
-0.20389148592948914
-0.3285287320613861
-0.40996918082237244
-0.3992200195789337
-0.3627643883228302
-0.2880575954914093
-0.2329310178756714
-0.44047975540161133
-0.6873818635940552
-0.45359140634536743
-0.27407869696617126
-0.39148998260498047
-0.2791747748851776
-0.26766887307167053
-0.3069060146808624
-0.28171446919441223
-0.3250911831855774
-0.291235089302063
-0.32916349172592163
-0.33729031682014465
-0.3856472969055176
-0.3957342505455017
-0.21292716264724731
-0.15228544175624847
-0.24264274537563324
-0.3083651661872864
-0.36285102367401123
-0.3737274706363678
-0.31254538893699646
-0.19977298378944397
-0.20425935089588165
-0.3246431350708008
-0.3591793179512024
-0.2021586000919342
-0.30257052183151245
-0.29251429438591003
-0.3832005262374878
-0.2565026879310608
-0.359896719455719
-0.3857334554195404
-0.3016480505466461
-0.40222248435020447
-0.33798331022262573
-0.46565699577331543
-0.23454508185386658
-0.4000498652458191
-0.6829879283905029
-0.28874972462654114
-0.37325963377952576
-0.6092557311058044
-0.24954994022846222
-0.3307637870311737
-0.33452433347702026
-0.4682612121105194
-0.3959474563598633
-0.4273792505264282
-0.371038556098938
-0.33508041501045227
-0.13692088425159454
-0.25061744451522827
-0.12873852252960205
-0.32114654779434204
-0.14928315579891205
-0.31679973006248474
-0.17576123774051666
-1.0000000036274937e-15
-0.260896772146225
-0.4202437400817871
-0.2104962319135666
-0.14994648098945618
-0.287423312664032
-0.27131834626197815
-0.3382872939109802
-0.4088265001773834
-0.29387038946151733
-0.16719016432762146
-0.16846339404582977
-0.28288018703460693
-0.2572324573993683
-0.2377638965845108
-0.247233584523201
-0.26187390089035034
-0.4066961407661438
-0.1632249504327774
-0.26999613642692566
-0.3204939663410187
-0.3619626760482788
-0.23700937628746033
-0.36458510160446167
-0.21239687502384186
-0.3373841345310211
-0.2809966504573822
-0.34693774580955505
-0.18208734691143036
-0.4146573841571808
-0.20367680490016937
-0.4786701798439026
-0.2111092358827591
-0.25957486033439636
-0.1964167058467865
-0.30939629673957825
-0.18686792254447937
-0.23104242980480194
-0.38794782757759094
-0.32531964778900146
-0.2950812876224518
-0.26125726103782654
-0.14779040217399597
-0.18151818215847015
-0.38271579146385193
-0.48043331503868103
-0.5158687233924866
-0.1965567022562027
-0.37385329604148865
-0.29742199182510376
-0.43385183811187744
-0.43174681067466736
-0.1771889179944992
-0.40957340598106384
-0.39295780658721924
-0.24217790365219116
-0.18559473752975464
-0.25973474979400635
-0.15581414103507996
-0.41568711400032043
-0.3299020230770111
-0.3869042694568634
-0.16399945318698883
-0.18098807334899902
-0.38351261615753174
-0.2620234191417694
-0.3983776569366455
-0.5431579947471619
-0.3404406011104584
-0.4332084059715271
-0.23751883208751678
-0.5978401303291321
-0.2463516741991043
-0.33753323554992676
-0.22366906702518463
-0.19720247387886047
-0.18778397142887115
-0.301055371761322
-0.20365747809410095
-0.24149222671985626
-0.4403729736804962
-0.26968610286712646
-0.1843281090259552
-0.3419548273086548
-0.44936877489089966
-0.42207711935043335
-0.35235801339149475
-0.5496948957443237
-0.2711939811706543
-0.25170838832855225
-0.2288302332162857
-0.3637862503528595
-0.4063451290130615
-0.24576959013938904
-0.31767207384109497
-0.20260685682296753
-0.321526437997818
-0.3548777103424072
-0.13073678314685822
-0.20647947490215302
-0.2110818475484848
-0.4911177158355713
-0.2093590945005417
-0.12988969683647156
-0.20406213402748108
-0.23188450932502747
-0.36195072531700134
-0.44793882966041565
-0.2366155982017517
-0.33554017543792725
-0.39081600308418274
-0.3633803427219391
-0.28984490036964417
-0.22173909842967987
-0.45571351051330566
-0.23070552945137024
-0.2956945300102234
-0.36036843061447144
-0.2568623721599579
-0.33626142144203186
-0.19458268582820892
-0.4398931860923767
-0.4445784091949463
-0.3305298089981079
-0.3432251513004303
-0.26583370566368103
-0.48215240240097046
-0.44404858350753784
-0.3578948378562927
-0.36112475395202637
-0.31199777126312256
-0.38213804364204407
-0.34414181113243103
-0.17395974695682526
-0.2953470051288605
-0.2579033374786377
-0.3352261483669281
-0.38166293501853943
-0.2763374149799347
-0.5302552580833435
-0.5442084670066833
-0.3911256194114685
-0.3272865116596222
-0.2982769012451172
-0.336526483297348
-0.39115259051322937
-0.40079763531684875
-0.39384725689888
-0.5536431074142456
-0.19542507827281952
-0.3562881052494049
-0.342398077249527
-0.550087034702301
-0.5543482899665833
-0.4629775285720825
-0.3365667760372162
-0.2882462441921234
-0.39748358726501465
-0.3155626952648163
-0.49940890073776245
-0.5075268745422363
-0.5301567316055298
-0.29774898290634155
-0.35132303833961487
-0.3719397485256195
-0.44486233592033386
-0.35311412811279297
-0.4048972725868225
-0.31818634271621704
-0.415667325258255
-0.2700846493244171
-0.14108455181121826
-0.07208889722824097
-0.24098597466945648
-0.10534095019102097
-0.09730313718318939
-0.22387109696865082
-0.17008841037750244
-0.7375209927558899
-0.47244226932525635
-0.36931148171424866
-0.44833579659461975
-0.3805580735206604
-0.7221471667289734
-0.3677709102630615
-0.35389015078544617
-0.3010747730731964
-0.34742334485054016
-0.4422931969165802
-0.5079600811004639
-0.33158135414123535
-0.2781493663787842
-0.13905903697013855
-0.341704785823822
-0.16661466658115387
-0.17385126650333405
-0.15212801098823547
-0.2317015528678894
-0.16513293981552124
-0.1508307009935379
-0.1744057983160019
-0.4368145167827606
-0.36194002628326416
-0.27455955743789673
-0.25683337450027466
-0.3181576728820801
-0.29988521337509155
-0.216952845454216
-0.5126261115074158
-0.2796352505683899
-0.1519351303577423
-0.30748268961906433
-0.2434634268283844
-0.3189530670642853
-0.33421388268470764
-0.3711324632167816
-0.3393060266971588
-0.14653196930885315
-0.21225833892822266
-0.30528220534324646
-0.24116164445877075
-0.33799195289611816
-0.3995504379272461
-0.3378511071205139
-0.275437593460083
-0.23388901352882385
-0.34848806262016296
-0.3195899724960327
-0.39028245210647583
-0.18497708439826965
-0.3788732886314392
-0.25528424978256226
-0.3165470361709595
-0.3661656677722931
-0.21103835105895996
-0.25140735507011414
-0.29192981123924255
-0.23047767579555511
-0.4472848176956177
-0.4519726634025574
-0.4318850338459015
-0.2543155550956726
-0.24981145560741425
-0.2703799903392792
-0.672074019908905
-0.25908440351486206
-0.1997261345386505
-0.38383734226226807
-0.39009928703308105
-0.22702832520008087
-0.5091022253036499
-0.31995874643325806
-0.4140961766242981
-0.2741330564022064
-0.1350817084312439
-0.32251715660095215
-0.3432801365852356
-0.5237200856208801
-0.35950127243995667
-0.39581814408302307
-0.7282231450080872
-0.4556479752063751
-0.5104473233222961
-0.6880131363868713
-0.23766359686851501
-0.4279247522354126
-0.24701964855194092
-0.3824007511138916
-0.595548152923584
-0.40834203362464905
-0.46157148480415344
-0.4120112955570221
-0.2799508571624756
-0.4359399974346161
-0.28562334179878235
-0.4565684199333191
-0.23892176151275635
-0.2534691095352173
-0.3113177716732025
-0.45468634366989136
-0.30390220880508423
-0.3489600718021393
-0.5982193350791931
-0.2772672176361084
-0.3471033275127411
-0.20851324498653412
-0.28458231687545776
-0.2980530261993408
-0.3247934877872467
-0.2954690754413605
-0.4542560279369354
-0.31909021735191345
-0.29271432757377625
-0.4254602789878845
-0.2874639332294464
-0.4044332206249237
-0.3352069556713104
-0.3228881359100342
-0.36318525671958923
-0.3804554045200348
-0.38226786255836487
-0.15914954245090485
-0.2587340176105499
-0.17641706764698029
-0.20529890060424805
-0.2383817881345749
-0.34936583042144775
-0.31213051080703735
-0.24805948138237
-0.3090619742870331
-0.340565949678421
-0.16056102514266968
-0.1772131323814392
-0.3242760896682739
-0.40228936076164246
-0.493111252784729
-0.2886136770248413
-0.4326242208480835
-0.3259868919849396
-0.2664371728897095
-0.27155801653862
-0.36779677867889404
-0.26453691720962524
-0.21504715085029602
-0.2266951948404312
-0.37536191940307617
-0.23519448935985565
-0.5202018618583679
-0.41873839497566223
-0.26234033703804016
-0.40119969844818115
-0.562292754650116
-0.5797755122184753
-0.4167555570602417
-0.4103415608406067
-0.487431138753891
-0.3961852490901947
-0.4909685552120209
-0.38153642416000366
-0.3171115219593048
-0.23796072602272034
-0.42792442440986633
-0.24304477870464325
-0.15206746757030487
-0.4222249388694763
-0.2338324338197708
-0.2922745645046234
-0.20686909556388855
-0.26818978786468506
-0.00048828125
-0.3195993900299072
-0.41454970836639404
-0.23224987089633942
-0.3307049572467804
-0.3717365562915802
-0.30229419469833374
-0.2513269782066345
-0.40386179089546204
-0.22578981518745422
-0.4725147485733032
-0.2398757040500641
-0.5425723195075989
-0.2537146210670471
-0.3013787269592285
-0.30768343806266785
-0.3707346022129059
-0.26568323373794556
-0.3606465458869934
-0.2335948646068573
-0.5555419921875
-0.4356050491333008
-0.42438703775405884
-0.43406954407691956
-0.34040313959121704
-0.5086691975593567
-0.6006429195404053
-0.4031132161617279
-0.4789634644985199
-0.6266791224479675
-0.6001982688903809
-0.5498328804969788
-0.5905637145042419
-0.5295835733413696
-0.4160589575767517
-0.5535497069358826
-0.3053226172924042
-0.2569151818752289
-0.9146665334701538
-0.13081222772598267
-0.3310651183128357
-0.31053170561790466
-0.4309402406215668
-0.4800388514995575
-0.36699897050857544
-0.38419753313064575
-0.2408418506383896
-0.3989671766757965
-0.2720920741558075
-0.23983930051326752
-0.3057904839515686
-0.41604241728782654
-0.3023001253604889
-0.246906578540802
-0.30849647521972656
-0.2525466978549957
-0.2860458195209503
-0.27801862359046936
-0.3980571925640106
-0.21756477653980255
-0.15800407528877258
-0.34443700313568115
-0.38790127635002136
-0.20507173240184784
-0.1894984245300293
-0.35146617889404297
-0.21861644089221954
-0.4568273425102234
-0.1747746765613556
-0.09255216270685196
-0.16082142293453217
-0.1393439918756485
-0.3626227378845215
-0.4709087312221527
-1.0000000036274937e-15
-0.3998722434043884
-0.18841615319252014
-0.427968829870224
-0.3862484395503998
-0.4783516526222229
-0.24899399280548096
-0.4340224266052246
-0.3716101050376892
-0.2390606850385666
-0.24526146054267883
-0.22943076491355896
-0.3106585443019867
-0.3269215226173401
-0.2944751977920532
-0.20627731084823608
-0.3592497706413269
-0.4211750626564026
-0.3279374837875366
-0.32919707894325256
-0.28524860739707947
-0.3258572220802307
-0.3895818889141083
-0.3031427264213562
-0.28481218218803406
-0.3067859709262848
-0.24397993087768555
-0.4343321621417999
-0.3978130519390106
-0.4317617118358612
-0.5882501006126404
-0.29473528265953064
-0.3204748034477234
-0.2647218406200409
-0.28110459446907043
-0.4304158389568329
-0.3022570312023163
-0.283297598361969
-0.5833159685134888
-0.4106857478618622
-0.4915306866168976
-0.45684465765953064
-0.3137677311897278
-0.33625176548957825
-0.4655277132987976
-0.6674469113349915
-0.356549471616745
-0.48644551634788513
-0.5236762166023254
-0.6326959729194641
-0.4102855622768402
-0.4971007704734802
-0.5630971789360046
-0.23281161487102509
-0.46924641728401184
-0.5034598708152771
-0.5521844029426575
-0.47933217883110046
-0.4685108959674835
-0.4271555542945862
-0.30743607878685
-0.3759429454803467
-0.4162890315055847
-0.30429568886756897
-0.3125082850456238
-0.5197969675064087
-0.41948333382606506
-0.5300765037536621
-0.4971631169319153
-0.2635400593280792
-0.28333327174186707
-0.41313987970352173
-0.4747096002101898
-0.4026825726032257
-0.3868516683578491
-0.5046045780181885
-0.34951677918434143
-0.35574063658714294
-0.4220570921897888
-0.2971886396408081
-0.20056773722171783
-0.14882469177246094
-0.26404517889022827
-1.0000000036274937e-15
-0.0907316729426384
-0.3611374795436859
-0.17673926055431366
-0.28103259205818176
-0.2087433785200119
-0.2542881369590759
-0.5056692361831665
-0.10096535831689835
-0.3161957561969757
-0.3438439667224884
-0.40416592359542847
-0.468564510345459
-0.2316787838935852
-0.2892037034034729
-0.6524431109428406
-0.2573705315589905
-0.5040481686592102
-0.3235972225666046
-0.1845209002494812
-0.058376673609018326
-0.5107514262199402
-0.35304734110832214
-0.40488705039024353
-0.4885469973087311
-0.37981706857681274
-0.3295644223690033
-0.37301650643348694
-0.5835419297218323
-0.5190737247467041
-0.3538973927497864
-0.39351895451545715
-0.3361171782016754
-0.4508860111236572
-0.5360430479049683
-0.24841928482055664
-0.2581728994846344
-0.3852149248123169
-0.28096523880958557
-0.2789393961429596
-0.2549121379852295
-0.34944209456443787
-0.306123822927475
-0.19946184754371643
-0.2863955795764923
-0.4051644504070282
-0.3014030456542969
-0.325322687625885
-0.3917026221752167
-0.4242371916770935
-0.28743645548820496
-0.33624961972236633
-0.41923630237579346
-0.28995028138160706
-0.26647767424583435
-0.30884772539138794
-0.5762901306152344
-0.3264564573764801
-0.3987659513950348
-0.27016738057136536
-0.4499507248401642
-0.39624789357185364
-0.46872031688690186
-0.4091491103172302
-0.2426912635564804
-0.414488822221756
-0.3041190803050995
-0.31890708208084106
-0.2597913146018982
-0.4012581706047058
-0.3173260986804962
-0.4993760287761688
-0.6877995133399963
-0.5058779120445251
-0.45663318037986755
-0.3151520788669586
-0.4708098769187927
-0.251985639333725
-0.34114736318588257
-0.2352970987558365
-0.32274770736694336
-0.41449281573295593
-0.3480702042579651
-0.33516374230384827
-0.28787845373153687
-0.2329310178756714
-0.43827030062675476
-0.7004266977310181
-0.44258400797843933
-0.2801109254360199
-0.41074424982070923
-0.2932908236980438
-0.3235812187194824
-0.32703134417533875
-0.2699844241142273
-0.2704073190689087
-0.2291894108057022
-0.29305875301361084
-0.37199243903160095
-0.2914864122867584
-0.38626936078071594
-0.21292716264724731
-0.1858902871608734
-0.28729739785194397
-0.29374003410339355
-0.3568454086780548
-0.42498570680618286
-0.2550233006477356
-0.20230494439601898
-0.2108941227197647
-0.34652647376060486
-0.28187862038612366
-0.20013561844825745
-0.25246110558509827
-0.3017984926700592
-0.37014150619506836
-0.35660263895988464
-0.2750881016254425
-0.37302178144454956
-0.33349645137786865
-0.3717096149921417
-0.34528985619544983
-0.43378862738609314
-0.19651909172534943
-0.4797345697879791
-0.6748607158660889
-0.2819863259792328
-0.30026975274086
-0.6146470904350281
-0.2863749563694
-0.3441973328590393
-0.3326705992221832
-0.48799699544906616
-0.3831790089607239
-0.38990679383277893
-0.3336445689201355
-0.35252806544303894
-0.13692088425159454
-0.25813019275665283
-0.12873852252960205
-0.3284294903278351
-0.2856462001800537
-0.3943030536174774
-0.19320148229599
-0.05930054560303688
-0.2032473236322403
-0.5653716921806335
-0.24442049860954285
-0.1257110983133316
-0.2510826885700226
-0.34006816148757935
-0.2839599847793579
-0.31070229411125183
-0.3225902318954468
-0.1919412761926651
-0.23656471073627472
-0.253278911113739
-0.25188854336738586
-0.24438853561878204
-0.3020857274532318
-0.26168254017829895
-0.3685961365699768
-0.23963505029678345
-0.26370328664779663
-0.3456171751022339
-0.26486027240753174
-0.28686222434043884
-0.44432467222213745
-0.20166857540607452
-0.3860814571380615
-0.2809966504573822
-0.32541215419769287
-0.1442054957151413
-0.3612925708293915
-0.19648057222366333
-0.5242013931274414
-0.22349098324775696
-0.2585906684398651
-0.16932855546474457
-0.3044072389602661
-0.2997925579547882
-0.2348000705242157
-0.314642995595932
-0.3129728436470032
-0.3030667304992676
-0.17392753064632416
-0.16526246070861816
-0.2443128079175949
-0.3713836371898651
-0.5006816387176514
-0.6020735502243042
-0.25789353251457214
-0.4278532862663269
-0.5318400859832764
-0.4522938132286072
-0.4522249102592468
-0.2998913526535034
-0.4404836893081665
-0.42309245467185974
-0.24748080968856812
-0.208205446600914
-0.29846128821372986
-0.3161768913269043
-0.42125728726387024
-0.33810487389564514
-0.35852712392807007
-0.20689372718334198
-0.1643260419368744
-0.3851720690727234
-0.2945648431777954
-0.3897629976272583
-0.5390449166297913
-0.3565748929977417
-0.34789156913757324
-0.27821481227874756
-0.5903602242469788
-0.23212729394435883
-0.3857063353061676
-0.23703111708164215
-0.29242920875549316
-0.16990889608860016
-0.26809653639793396
-0.19776113331317902
-0.2666034698486328
-0.4403729736804962
-0.24346022307872772
-0.20184746384620667
-0.294618159532547
-0.3715205192565918
-0.44970378279685974
-0.3680509626865387
-0.6047970652580261
-0.23035985231399536
-0.25170838832855225
-0.2356158047914505
-0.30019697546958923
-0.2915285527706146
-0.26311859488487244
-0.26050513982772827
-0.229665607213974
-0.3532140254974365
-0.34821832180023193
-0.14130914211273193
-0.2239375114440918
-0.22419847548007965
-0.23004953563213348
-0.23224537074565887
-0.5028465986251831
-0.1716560423374176
-0.17927837371826172
-0.3570120632648468
-0.4707236588001251
-0.24926722049713135
-0.39237675070762634
-0.3843597173690796
-0.33198681473731995
-0.2846010625362396
-0.22173909842967987
-0.4091823697090149
-0.26651132106781006
-0.2956945300102234
-0.4368651211261749
-0.22584077715873718
-0.2730328440666199
-0.1703251451253891
-0.4398931860923767
-0.47067558765411377
-0.3315978944301605
-0.3100251257419586
-0.25635021924972534
-0.43003609776496887
-0.4372835159301758
-0.36316439509391785
-0.35354092717170715
-0.2978869676589966
-0.2500016689300537
-0.28328898549079895
-0.23284681141376495
-0.32836413383483887
-0.24755138158798218
-0.34915149211883545
-0.4327348470687866
-0.3076159358024597
-0.37306907773017883
-0.6466479301452637
-0.4015912115573883
-0.30432116985321045
-0.38076868653297424
-0.38265466690063477
-0.2921002507209778
-0.4247095286846161
-0.44094380736351013
-0.537804365158081
-0.21407067775726318
-0.30579352378845215
-0.3629862070083618
-0.42092859745025635
-0.5355991125106812
-0.452771931886673
-0.3741665184497833
-0.25113752484321594
-0.45090335607528687
-0.3333178460597992
-0.5470569133758545
-0.5768337249755859
-0.5074682235717773
-0.28108295798301697
-0.3343518078327179
-0.3449447751045227
-0.5026355385780334
-0.4077812135219574
-0.44593414664268494
-0.3325415849685669
-0.407090425491333
-0.36116790771484375
-0.25626206398010254
-0.18906623125076294
-0.3342852294445038
-0.3263690769672394
-0.19419971108436584
-0.2751651108264923
-0.18871232867240906
-0.6496824622154236
-0.446612149477005
-0.36546775698661804
-0.38315877318382263
-0.3900647461414337
-0.8115082383155823
-0.3526862859725952
-0.32771584391593933
-0.3449379503726959
-0.2935488224029541
-0.4368724226951599
-0.4549312889575958
-0.33158135414123535
-0.30632099509239197
-0.2042008340358734
-0.36865946650505066
-0.24355348944664001
-0.18409790098667145
-0.19762034714221954
-0.21670173108577728
-0.22273306548595428
-0.14118169248104095
-0.22251178324222565
-0.45166411995887756
-0.28187862038612366
-0.2684054970741272
-0.2103363275527954
-0.42119473218917847
-0.27974051237106323
-0.1574014276266098
-0.5427325367927551
-0.16834641993045807
-0.1959264725446701
-0.2960990071296692
-0.22375617921352386
-0.3263024091720581
-0.30517488718032837
-0.4301837384700775
-0.32127857208251953
-0.13556599617004395
-0.18887649476528168
-0.30528220534324646
-0.26304471492767334
-0.317261278629303
-0.39611098170280457
-0.3397730588912964
-0.34499067068099976
-0.2231234312057495
-0.3532629609107971
-0.2445097267627716
-0.39028245210647583
-0.1665107011795044
-0.24684344232082367
-0.26456552743911743
-0.2813665270805359
-0.36080119013786316
-0.16245462000370026
-0.2118697613477707
-0.2808015048503876
-0.23505404591560364
-0.422010600566864
-0.44249287247657776
-0.4765815734863281
-0.27157658338546753
-0.27279239892959595
-0.2755888104438782
-0.6573914885520935
-0.24273055791854858
-0.3351075351238251
-0.3851819634437561
-0.34962326288223267
-0.2412535697221756
-0.4590718746185303
-0.3234136402606964
-0.3694922924041748
-0.16988065838813782
-0.18394355475902557
-0.3060203194618225
-0.26219725608825684
-0.4178187847137451
-0.35950127243995667
-0.38053059577941895
-0.8311890959739685
-0.3806731104850769
-0.4351581335067749
-0.6752014756202698
-0.26719895005226135
-0.37217089533805847
-0.2756439447402954
-0.36820557713508606
-0.603521466255188
-0.35650014877319336
-0.3547501862049103
-0.3866729736328125
-0.3758951425552368
-0.3501744270324707
-0.2891530990600586
-0.41109365224838257
-0.30047452449798584
-0.30436375737190247
-0.354388952255249
-1.0000000036274937e-15
-0.2902446985244751
-0.3314052224159241
-0.5132400393486023
-0.2728201448917389
-0.32932353019714355
-0.20851324498653412
-0.2376084178686142
-0.22507725656032562
-0.29955846071243286
-0.28031960129737854
-0.4463462233543396
-0.3768577575683594
-0.2968568205833435
-0.4161161184310913
-0.26775315403938293
-0.39296388626098633
-0.2909160852432251
-0.3228881359100342
-0.3963983952999115
-0.38207852840423584
-0.3361029028892517
-0.22172431647777557
-0.32319754362106323
-0.15947896242141724
-0.21837379038333893
-0.24198560416698456
-0.3893060088157654
-0.43568384647369385
-0.21204285323619843
-0.319117933511734
-0.2871095836162567
-0.18363496661186218
-0.19918015599250793
-0.33537378907203674
-0.4017777442932129
-0.3945770263671875
-0.28151363134384155
-0.444900780916214
-0.28464463353157043
-0.2558392286300659
-0.28189754486083984
-0.3670758008956909
-0.2333168387413025
-0.224552720785141
-0.27908167243003845
-0.3661354184150696
-0.22026070952415466
-0.5366638898849487
-0.540336549282074
-0.3208595812320709
-0.470624178647995
-0.563362181186676
-0.3862364888191223
-0.4555584192276001
-0.37557318806648254
-0.5249685049057007
-0.29722413420677185
-0.5219146609306335
-0.4013168215751648
-0.3585485816001892
-0.20143775641918182
-0.4127415120601654
-0.2953638434410095
-0.26180389523506165
-0.3304290771484375
-0.33965060114860535
-0.26078036427497864
-0.24647903442382812
-0.2619352340698242
-0.00048828125
-0.34471291303634644
-0.3448319435119629
-0.21330569684505463
-0.3713594079017639
-0.37110209465026855
-0.31386297941207886
-0.18979527056217194
-0.38036811351776123
-0.25313061475753784
-0.4725147485733032
-0.2923981249332428
-0.5158774852752686
-0.2921046316623688
-0.2481086254119873
-0.3140762746334076
-0.3994392156600952
-0.26465293765068054
-0.3633081614971161
-0.2860311269760132
-0.47931304574012756
-0.4740540385246277
-0.44113975763320923
-0.489014595746994
-0.3245469331741333
-0.5526746511459351
-0.6043973565101624
-0.35939714312553406
-0.47680559754371643
-0.6766017079353333
-0.47733795642852783
-0.5762712955474854
-0.6943503022193909
-0.4804130494594574
-0.4130731523036957
-0.5342433452606201
-0.3135263919830322
-0.23296377062797546
-0.9215681552886963
-0.1380174309015274
-0.34230101108551025
-0.32497483491897583
-0.4784114956855774
-0.4530006945133209
-0.30059918761253357
-0.3713274598121643
-0.3163631856441498
-0.29054948687553406
-0.27643725275993347
-0.2542954087257385
-0.31793418526649475
-0.4174914062023163
-0.29014405608177185
-0.24395513534545898
-0.3088359534740448
-0.24868427217006683
-0.24801768362522125
-0.27846449613571167
-0.3216858208179474
-0.2107623666524887
-0.17974819242954254
-0.3240835964679718
-0.21915751695632935
-0.1932949423789978
-0.14924442768096924
-0.33379122614860535
-0.21861644089221954
-0.4494946002960205
-0.1827630251646042
-1.0000000036274937e-15
-0.18646015226840973
-0.08084778487682343
-0.20608071982860565
-0.4208603501319885
-1.0000000036274937e-15
-0.39073240756988525
-1.0000000036274937e-15
-0.427968829870224
-0.3958107531070709
-0.4783516526222229
-0.2974097728729248
-0.5595690011978149
-0.40989765524864197
-0.243204265832901
-0.24123615026474
-0.2961999475955963
-0.310321182012558
-0.356162428855896
-0.32135194540023804
-0.26935869455337524
-0.3590821623802185
-0.4545079469680786
-0.34826162457466125
-0.3997512459754944
-0.2825619578361511
-0.3655540943145752
-0.39739447832107544
-0.30937644839286804
-0.2832486927509308
-0.35013511776924133
-0.27956414222717285
-0.36456409096717834
-0.32166969776153564
-0.4317617118358612
-0.5882501006126404
-0.2718476951122284
-0.324205607175827
-0.240463525056839
-0.2890862226486206
-0.4101170301437378
-0.3006330728530884
-0.27760744094848633
-0.5175410509109497
-0.4192562699317932
-0.511222779750824
-0.3957235813140869
-0.3161369264125824
-0.37423691153526306
-0.45847100019454956
-0.6156410574913025
-0.31358474493026733
-0.5016565322875977
-0.6183062791824341
-0.6726557612419128
-0.39634889364242554
-0.47905293107032776
-0.5277347564697266
-0.23281161487102509
-0.4347439110279083
-0.516237735748291
-0.5778201818466187
-0.4836641848087311
-0.45156633853912354
-0.39832964539527893
-0.2570909559726715
-0.33744925260543823
-0.4445672929286957
-0.28552693128585815
-0.3428640067577362
-0.5071389079093933
-0.419513076543808
-0.5220528841018677
-0.5266163349151611
-0.34245890378952026
-0.29282650351524353
-0.4089205861091614
-0.48526903986930847
-0.39978161454200745
-0.3455643057823181
-0.4902896285057068
-0.36400744318962097
-0.349872350692749
-0.4036588966846466
-0.2937776744365692
-0.18853506445884705
-0.12090951949357986
-0.33736905455589294
-0.11413176357746124
-0.0907316729426384
-0.3633142411708832
-0.19868187606334686
-0.28258630633354187
-0.225127711892128
-0.22906674444675446
-0.4054368734359741
-0.19119390845298767
-0.3329108655452728
-0.31752532720565796
-0.43246597051620483
-0.4191892445087433
-0.23590883612632751
-0.23313449323177338
-0.5999223589897156
-0.3827235996723175
-0.5231404304504395
-0.1230645552277565
-0.1911025494337082
-0.097984679043293
-0.5056509971618652
-0.22588840126991272
-0.45317399501800537
-0.4952314794063568
-0.3364580273628235
-0.3371882438659668
-0.35676899552345276
-0.6079976558685303
-0.5859199166297913
-0.37099453806877136
-0.3943215012550354
-0.3152669370174408
-0.37275227904319763
-0.5077688694000244
-0.2555988132953644
-0.3303232491016388
-0.4103195071220398
-0.33207738399505615
-0.2692650854587555
-0.24448998272418976
-0.3083069920539856
-0.3195718824863434
-0.21840177476406097
-0.2790538966655731
-0.4508354067802429
-0.5479355454444885
-0.3391403257846832
-0.5113231539726257
-0.37574654817581177
-0.34633392095565796
-0.3413904905319214
-0.4316674768924713
-0.2910471558570862
-0.2776140868663788
-0.3615354895591736
-0.5661512613296509
-0.34586119651794434
-0.4080275893211365
-0.32646340131759644
-0.3886224925518036
-0.5010655522346497
-0.49799805879592896
-0.3880292475223541
-0.21478769183158875
-0.46186089515686035
-0.26967793703079224
-0.3279416561126709
-0.2481364905834198
-0.3105485141277313
-0.3719031810760498
-0.5763735771179199
-0.7710724472999573
-0.5626760125160217
-0.4707701504230499
-0.3151520788669586
-0.45481058955192566
-0.2246762365102768
-0.377162903547287
-0.2604956328868866
-0.3285287320613861
-0.40248623490333557
-0.4675556421279907
-0.36668702960014343
-0.2900385558605194
-0.2329310178756714
-0.440512090921402
-0.6873818635940552
-0.4351988136768341
-0.2762414216995239
-0.37881311774253845
-0.2848494350910187
-0.28395044803619385
-0.3246934413909912
-0.28171446919441223
-0.33703097701072693
-0.26535680890083313
-0.30043384432792664
-0.35771235823631287
-0.3573841154575348
-0.3957342505455017
-0.21292716264724731
-0.17462490499019623
-0.2875657379627228
-0.2584020495414734
-0.40325984358787537
-0.43813684582710266
-0.21792815625667572
-0.19977298378944397
-0.22079399228096008
-0.3246431350708008
-0.3591793179512024
-0.19200430810451508
-0.3194272816181183
-0.3100660741329193
-0.36846262216567993
-0.329642653465271
-0.31853073835372925
-0.35190141201019287
-0.3254088759422302
-0.3784346580505371
-0.3096196949481964
-0.4552728533744812
-0.1850898414850235
-0.4000498652458191
-0.6243039965629578
-0.290985107421875
-0.370482474565506
-0.512787938117981
-0.2581135630607605
-0.33653897047042847
-0.3052993714809418
-0.48744961619377136
-0.39460405707359314
-0.3861657381057739
-0.3336445689201355
-0.3233407437801361
-0.08667026460170746
-0.25800153613090515
-0.07874396443367004
-0.3260802924633026
-0.23118481040000916
-0.3943030536174774
-0.19320148229599
-1.0000000036274937e-15
-0.260896772146225
-0.4576106071472168
-0.2795118987560272
-0.16080844402313232
-0.23072955012321472
-0.31919702887535095
-0.2839599847793579
-0.41703733801841736
-0.2798052728176117
-0.16688024997711182
-0.3253059983253479
-0.28288018703460693
-0.2645532488822937
-0.24692092835903168
-0.2315598875284195
-0.24813048541545868
-0.43861690163612366
-0.20163103938102722
-0.3074563145637512
-0.2543780207633972
-0.3679554760456085
-0.2521548271179199
-0.36458510160446167
-0.309468537569046
-0.3228702247142792
-0.27857139706611633
-0.2658069133758545
-0.18497563898563385
-0.4266170561313629
-0.2007242888212204
-0.505956768989563
-0.2277487814426422
-0.2741734981536865
-0.1135503277182579
-0.288576602935791
-0.24259349703788757
-0.2228633612394333
-0.36039605736732483
-0.3126857280731201
-0.292237251996994
-0.26055774092674255
-0.15396662056446075
-0.26711907982826233
-0.43767911195755005
-0.579150378704071
-0.5604193806648254
-0.16550609469413757
-0.41628095507621765
-0.43485182523727417
-0.4413113296031952
-0.40727823972702026
-0.1582920104265213
-0.5092780590057373
-0.43213531374931335
-0.247822105884552
-0.27716875076293945
-0.26071372628211975
-0.33017128705978394
-0.4173438251018524
-0.3645591139793396
-0.39319679141044617
-0.23779936134815216
-0.20533344149589539
-0.41098085045814514
-0.2945648431777954
-0.4327029585838318
-0.5534452199935913
-0.37543708086013794
-0.35542598366737366
-0.2552211880683899
-0.4843626916408539
-0.23409178853034973
-0.406269371509552
-0.1985171139240265
-0.3113625645637512
-0.18778397142887115
-0.3638845384120941
-0.2219105362892151
-0.24788714945316315
-0.4403729736804962
-0.2409602403640747
-0.21267648041248322
-0.3190213739871979
-0.40094342827796936
-0.4259653687477112
-0.34491783380508423
-0.5496948957443237
-0.2739895284175873
-0.25170838832855225
-0.24545690417289734
-0.2796863913536072
-0.4313771426677704
-0.23632395267486572
-0.2925848066806793
-0.2655995190143585
-0.321526437997818
-0.3548777103424072
-0.1586252897977829
-0.2243831753730774
-0.2158479243516922
-0.36074692010879517
-0.07421955466270447
-0.3927772045135498
-0.155190110206604
-0.23188450932502747
-0.3547777533531189
-0.40325793623924255
-0.18907898664474487
-0.3400630056858063
-0.5056775212287903
-0.34671664237976074
-0.29603850841522217
-0.22173909842967987
-0.4091823697090149
-0.246445894241333
-0.2956945300102234
-0.36036843061447144
-0.22641445696353912
-0.30326196551322937
-0.21887286007404327
-0.4398931860923767
-0.4937177896499634
-0.3204101622104645
-0.34554705023765564
-0.2705706059932709
-0.45905670523643494
-0.5077363848686218
-0.37351489067077637
-0.3707597553730011
-0.30928099155426025
-0.3625829219818115
-0.2973237931728363
-0.18882536888122559
-0.46106743812561035
-0.26214927434921265
-0.34957051277160645
-0.38166293501853943
-0.3035718500614166
-0.5302552580833435
-0.588286817073822
-0.38359975814819336
-0.26605549454689026
-0.2872386872768402
-0.3230831027030945
-0.39525213837623596
-0.40303781628608704
-0.3920440971851349
-0.4190678596496582
-0.18746471405029297
-0.3404369056224823
-0.34672069549560547
-0.5663497447967529
-0.5355991125106812
-0.453063428401947
-0.34827667474746704
-0.24259373545646667
-0.39748358726501465
-0.3386451303958893
-0.47124597430229187
-0.5950931310653687
-0.4815548062324524
-0.32004573941230774
-0.3529170751571655
-0.3625005781650543
-0.43635258078575134
-0.3947141766548157
-0.44679468870162964
-0.30555814504623413
-0.4312559962272644
-0.2790983319282532
-0.25140437483787537
-0.1474427431821823
-0.3552791178226471
-0.3217200040817261
-0.196736142039299
-0.3232061266899109
-0.18483154475688934
-0.7429778575897217
-0.5280569195747375
-0.37673667073249817
-0.4053007960319519
-0.37956684827804565
-0.688621461391449
-0.3524063229560852
-0.35389015078544617
-0.38200464844703674
-0.33996912837028503
-0.43102142214775085
-0.44240355491638184
-0.33158135414123535
-0.2660406827926636
-0.16878153383731842
-0.328612744808197
-0.2267184555530548
-0.17385126650333405
-0.15212801098823547
-0.26534199714660645
-0.16184388101100922
-0.12945854663848877
-0.24707719683647156
-0.41967469453811646
-0.36194002628326416
-0.27290990948677063
-0.2678607702255249
-0.27289679646492004
-0.29988521337509155
-0.1574014276266098
-0.564150869846344
-0.16834641993045807
-0.20432864129543304
-0.2529143691062927
-0.20326153934001923
-0.30242353677749634
-0.2866970896720886
-0.4030582010746002
-0.3954201638698578
-0.1383771300315857
-0.17315147817134857
-0.30528220534324646
-0.24640236794948578
-0.33799195289611816
-0.36653923988342285
-0.3378511071205139
-0.2938573956489563
-0.22480858862400055
-0.3646966516971588
-0.25267326831817627
-0.39028245210647583
-0.19187776744365692
-0.3149740397930145
-0.26181095838546753
-0.2672000825405121
-0.3845004737377167
-0.22804591059684753
-0.25914719700813293
-0.27509361505508423
-0.26641425490379333
-0.41816309094429016
-0.48644891381263733
-0.4511205554008484
-0.2721477150917053
-0.26458558440208435
-0.2703799903392792
-0.672074019908905
-0.2264784276485443
-0.21626891195774078
-0.3741103410720825
-0.39363178610801697
-0.2412535697221756
-0.43163952231407166
-0.42672333121299744
-0.4140961766242981
-0.2779352068901062
-0.15242648124694824
-0.31513354182243347
-0.31676942110061646
-0.4513072669506073
-0.3655235171318054
-0.4261903762817383
-0.7929595708847046
-0.489856094121933
-0.5062323212623596
-0.6667913198471069
-0.2538367509841919
-0.4295384883880615
-0.25796759128570557
-0.40021082758903503
-0.5900251269340515
-0.4395015239715576
-0.3693692088127136
-0.22628149390220642
-0.2971157133579254
-0.3971192538738251
-0.29818567633628845
-0.3655606210231781
-0.28238555788993835
-0.2472100853919983
-0.3113177716732025
-0.6189296841621399
-0.15572191774845123
-0.3333909809589386
-0.49470433592796326
-0.24749261140823364
-0.31742826104164124
-0.20851324498653412
-0.2859717309474945
-0.2329511046409607
-0.3587178587913513
-0.2736778259277344
-0.4542560279369354
-0.31909021735191345
-0.3156510591506958
-0.4365943670272827
-0.31911206245422363
-0.4124259948730469
-0.33309370279312134
-0.3228881359100342
-0.4444633722305298
-0.35879388451576233
-0.32317543029785156
-0.15914954245090485
-0.310323566198349
-0.17641706764698029
-0.21838048100471497
-0.23427452147006989
-0.2988933324813843
-0.31213051080703735
-0.2678408622741699
-0.31367290019989014
-0.30201783776283264
-0.2267400026321411
-0.1832239180803299
-0.3242760896682739
-0.40228936076164246
-0.3640843331813812
-0.2725534439086914
-0.39188334345817566
-0.2787478566169739
-0.2664371728897095
-0.3178878724575043
-0.3167930245399475
-0.26999303698539734
-0.24373465776443481
-0.18354277312755585
-0.37536191940307617
-0.23506584763526917
-0.6082701683044434
-0.5133079886436462
-0.263044148683548
-0.43711981177330017
-0.563362181186676
-0.5071550011634827
-0.4405897557735443
-0.3283747732639313
-0.5124691724777222
-0.2797512710094452
-0.5219146609306335
-0.37470728158950806
-0.27469760179519653
-0.20143775641918182
-0.2897454500198364
-0.2698725759983063
-0.19832982122898102
-0.30757251381874084
-0.2338324338197708
-0.13144223392009735
-0.2253677248954773
-0.18908166885375977
-0.00048828125
-0.27346301078796387
-0.45009931921958923
-0.23224987089633942
-0.3307049572467804
-0.5078926682472229
-0.3311319053173065
-0.2434779852628708
-0.37606993317604065
-0.21082048118114471
-0.40209612250328064
-0.28145378828048706
-0.4786897301673889
-0.2594202756881714
-0.2539738416671753
-0.28713780641555786
-0.36510419845581055
-0.2737564444541931
-0.32335466146469116
-0.21338938176631927