-0.6468954086303711
-0.9490107893943787
-2.2190518379211426
-1.4163285493850708
-2.0187690258026123
-1.7341365814208984
-2.3579368591308594
-1.495023250579834
-1.1739389896392822
-0.0
-2.0370664596557617
-1.138994812965393
-1.5219570398330688
-2.0552332401275635
-1.8331643342971802
-1.4218610525131226
-1.9674675464630127
-1.3946558237075806
-1.1555652618408203
-1.5093295574188232
-0.954780638217926
-0.9899584054946899
-1.579532504081726
-2.06860089302063
-1.667030930519104
-2.4444479942321777
-1.996238350868225
-2.179110288619995
-1.5757780075073242
-2.0162150859832764
-1.2576967477798462
-1.081903338432312
-2.009793281555176
-1.295233130455017
-1.612931728363037
-2.7340002059936523
-2.077481508255005
-1.26687490940094
-1.9911893606185913
-0.770675778388977
-2.047675371170044
-1.6891424655914307
-1.254515290260315
-2.084486246109009
-1.6597504615783691
-1.654218077659607
-1.5900657176971436
-1.671770453453064
-1.2396992444992065
-1.715466022491455
-0.5074699521064758
-1.2443201541900635
-1.9141535758972168
-1.3532100915908813
-2.311288356781006
-0.8577543497085571
-1.893125057220459
-2.308704137802124
-1.2726162672042847
-1.048748254776001
-1.6227949857711792
-3.230318546295166
-1.2485870122909546
-1.6020758152008057
-1.0160784721374512
-1.7681009769439697
-1.6756136417388916
-1.0907593965530396
-1.4987891912460327
-2.1470704078674316
-1.9509676694869995
-0.0
-1.692384958267212
-1.4701426029205322
-1.1401734352111816
-1.9982637166976929
-0.8969418406486511
-1.9844118356704712
-1.2810050249099731
-3.2106430530548096
-2.0951428413391113
-1.7588435411453247
-1.4736672639846802
-1.1676419973373413
-2.2626333236694336
-1.0172947645187378
-1.8975708484649658
-1.8384044170379639
-1.908345103263855
-1.6307315826416016
-1.1985958814620972
-1.1509592533111572
-1.3133854866027832
-0.8134225010871887
-1.6761516332626343
-1.731228232383728
-2.0204787254333496
-1.6599690914154053
-1.7482025623321533
-1.3699662685394287
-0.0
-1.6646870374679565
-2.3658101558685303
-2.1790785789489746
-2.336536169052124
-1.1210757493972778
-2.643124580383301
-3.039924383163452
-1.8797953128814697
-1.763010859489441
-1.2117966413497925
-1.6729053258895874
-1.9201754331588745
-2.4030773639678955
-1.4906373023986816
-2.591045618057251
-1.3773750066757202
-1.5158922672271729
-1.3872448205947876
-1.5128875970840454
-2.218125343322754
-2.1696746349334717
-1.5554618835449219
-1.5556951761245728
-0.9847047328948975
-1.8646745681762695
-1.252051591873169
-2.431170701980591
-0.8994755148887634
-1.5920182466506958
-2.703585386276245
-1.54599130153656
-1.2862292528152466
-1.8847512006759644
-2.060960531234741
-1.3747901916503906
-1.4222984313964844
-2.081801652908325
-1.1668816804885864
-2.099121570587158
-2.3877432346343994
-1.2352664470672607
-1.3729608058929443
-1.2316946983337402
-2.69895339012146
-1.858932614326477
-3.3159258365631104
-1.398284912109375
-2.5463976860046387
-1.6493877172470093
-2.4677062034606934
-1.4685914516448975
-1.5900558233261108
-1.6209211349487305
-1.2561774253845215
-2.23132586479187
-1.323858618736267
-1.9712239503860474
-1.1944031715393066
-1.415314793586731
-2.326219081878662
-0.0
-1.5396530628204346
-3.1961846351623535
-2.827449321746826
-2.849194049835205
-1.787287712097168
-1.2454925775527954
-1.4708205461502075
-1.773887038230896
-1.995992660522461
-1.8248106241226196
-0.5787625908851624
-1.7389405965805054
-1.3051997423171997
-1.8670170307159424
-1.7249757051467896
-1.2642769813537598
-1.3818261623382568
-1.8365525007247925
-1.2714614868164062
-2.1833419799804688
-1.7220516204833984
-1.9886038303375244
-1.490971326828003
-1.2599543333053589
-1.5866338014602661
-1.453045129776001
-2.022289276123047
-1.5394293069839478
-1.7713924646377563
-1.137331485748291
-3.0126328468322754
-1.7688089609146118
-2.872659206390381
-1.6687438488006592
-1.6984214782714844
-1.452933669090271
-0.8837006092071533
-1.7972670793533325
-1.362851858139038
-1.5439295768737793
-0.0
-1.7750471830368042
-1.0828968286514282
-2.7580792903900146
-1.3995718955993652
-1.4921762943267822
-1.8961853981018066
-1.748654842376709
-1.148242712020874
-1.4885921478271484
-0.4240960478782654
-1.5074294805526733
-1.2747958898544312
-1.4425911903381348
-1.6834182739257812
-1.4138423204421997
-1.4753601551055908
-1.2096881866455078
-1.8948032855987549
-1.5091253519058228
-1.2109884023666382
-1.958353877067566
-1.4905953407287598
-0.4473678767681122
-1.6652586460113525
-1.690504789352417
-1.447226881980896
-1.6289339065551758
-3.619197368621826
-2.075159788131714
-1.279109001159668
-0.5914408564567566
-2.1336991786956787
-1.0766527652740479
-2.024094343185425
-1.9442830085754395
-2.0071823596954346
-1.3829705715179443
-1.129859209060669
-1.6360687017440796
-1.3314522504806519
-1.6337693929672241
-2.1181437969207764
-1.3181452751159668
-2.763735294342041
-1.3212462663650513
-1.848880648612976
-1.8532394170761108
-1.4380141496658325
-2.4443178176879883
-0.8191532492637634
-1.5101885795593262
-1.5699896812438965
-1.3668307065963745
-1.5395593643188477
-2.378002882003784
-1.6185275316238403
-0.6442399024963379
-2.0880095958709717
-1.806905746459961
-0.0
-1.7772159576416016
-2.099274158477783
-1.5098391771316528
-1.7543599605560303
-2.1438961029052734
-2.3721024990081787
-1.4018899202346802
-1.6444485187530518
-1.8976736068725586
-1.1940457820892334
-1.5128875970840454
-2.2256650924682617
-1.8138813972473145
-1.6222343444824219
-1.3389581441879272
-1.3186463117599487
-1.809099555015564
-1.437012791633606
-1.8202049732208252
-1.1320236921310425
-1.543910264968872
-1.8713188171386719
-1.6619311571121216
-1.9071625471115112
-1.1439346075057983
-2.833116292953491
-1.732835292816162
-1.569914698600769
-1.007280945777893
-2.1073226928710938
-2.258840322494507
-2.253875255584717
-2.2159550189971924
-2.18217134475708
-1.4531519412994385
-1.1574909687042236
-1.8477983474731445
-1.6067168712615967
-2.2961273193359375
-1.5541573762893677
-1.4984160661697388
-1.048748254776001
-2.0618767738342285
-2.1216390132904053
-1.0972784757614136
-1.2596995830535889
-1.5308754444122314
-1.2051174640655518
-1.2672938108444214
-2.0370471477508545
-2.2223381996154785
-1.4594086408615112
-1.8203586339950562
-2.2865407466888428
-1.8603731393814087
-2.1462838649749756
-2.54580020904541
-1.5059102773666382
-2.7716634273529053
-1.6720832586288452
-2.2210867404937744
-1.3407164812088013
-2.533243417739868
-1.6537704467773438
-1.8772518634796143
-1.4232949018478394
-1.6555653810501099
-1.4285829067230225
-1.656549096107483
-1.0895711183547974
-1.0973681211471558
-1.8653407096862793
-1.7711708545684814
-2.0939419269561768
-1.622018575668335
-1.841773271560669
-2.2942261695861816
-2.4341819286346436
-1.13851797580719
-1.395386815071106
-1.4861953258514404
-2.2419114112854004
-2.1684165000915527
-1.6899434328079224
-1.6217395067214966
-1.5107526779174805
-1.897330641746521
-1.9569064378738403
-0.0
-1.6905237436294556
-1.8035805225372314
-1.8663535118103027
-1.4364101886749268
-2.6589579582214355
-2.835031032562256
-2.105308771133423
-1.1686052083969116
-2.1997694969177246
-1.6910791397094727
-1.515406847000122
-1.9047003984451294
-1.437824010848999
-1.8913129568099976
-1.608679175376892
-1.719069480895996
-0.810528039932251
-0.7281227111816406
-2.0393340587615967
-1.5190266370773315
-1.4179054498672485
-2.62516450881958
-1.3659502267837524
-2.04612135887146
-3.803210735321045
-1.6894196271896362
-1.6673444509506226
-1.30963134765625
-1.7545442581176758
-1.5854579210281372
-1.5848335027694702
-1.4012078046798706
-2.4577317237854004
-1.654218077659607
-2.3480777740478516
-2.9160172939300537
-2.2992897033691406
-1.458021640777588
-2.4043164253234863
-1.9177690744400024
-1.6895004510879517
-1.2989554405212402
-2.635164260864258
-1.5369867086410522
-1.704967975616455
-1.5626848936080933
-1.5430513620376587
-1.7826850414276123
-1.1492522954940796
-1.6284523010253906
-1.4115887880325317
-1.7016618251800537
-1.4344277381896973
-2.193357467651367
-2.022109031677246
-1.561496376991272
-1.1663804054260254
-1.7853530645370483
-1.359443187713623
-1.712556004524231
-1.8347958326339722
-1.7084994316101074
-2.287662982940674
-1.1195147037506104
-1.046757698059082
-1.983415961265564
-1.557928204536438
-2.8368420600891113
-1.6236937046051025
-1.424507975578308
-1.2865266799926758
-1.9517358541488647
-1.3242088556289673
-2.005415678024292
-1.2919217348098755
-1.5241761207580566
-1.767227292060852
-2.397198438644409
-1.412521481513977
-1.4655823707580566
-1.2202606201171875
-1.3639758825302124
-1.1424999237060547
-0.8083497285842896
-1.3696883916854858
-2.418137311935425
-0.9725232720375061
-1.6825883388519287
-1.818444848060608
-1.4973293542861938
-2.312673568725586
-1.366458535194397
-1.9922282695770264
-1.0381680727005005
-1.619637131690979
-2.002134323120117
-1.7907787561416626
-0.0
-1.3435981273651123
-1.7417197227478027
-1.047724962234497
-1.4683839082717896
-0.6961214542388916
-1.8952114582061768
-1.8567546606063843
-1.423850178718567
-1.1222844123840332
-1.4200998544692993
-1.9681994915008545
-1.2205888032913208
-1.4586564302444458
-1.04037344455719
-1.6777374744415283
-2.642033576965332
-1.351529598236084
-0.803327739238739
-0.6304109692573547
-1.3504250049591064
-2.0164670944213867
-1.614621877670288
-1.6946477890014648
-1.8667588233947754
-1.8650258779525757
-1.7247343063354492
-1.669680118560791
-1.5985960960388184
-2.1672251224517822
-1.5403090715408325
-0.0
-1.891082525253296
-0.0
-1.8953672647476196
-2.327173948287964
-2.1415507793426514
-1.9113200902938843
-2.1692209243774414
-1.7740989923477173
-2.1998095512390137
-1.3084956407546997
-2.358642101287842
-1.2952739000320435
-0.6579303741455078
-1.6363338232040405
-1.577385663986206
-1.4406232833862305
-2.727684497833252
-1.3591774702072144
-0.0
-1.2979161739349365
-1.9172860383987427
-1.8478771448135376
-1.74805748462677
-2.4922475814819336
-1.9494963884353638
-2.164309501647949
-0.0
-1.0822346210479736
-1.4073071479797363
-1.6193163394927979
-2.226780891418457
-2.62199068069458
-2.236501693725586
-1.9414368867874146
-2.270521402359009
-1.6851248741149902
-1.7486648559570312
-1.2863320112228394
-1.9116573333740234
-2.22031831741333
-1.4555740356445312
-2.013127088546753
-1.9838637113571167
-1.8123033046722412
-1.9830889701843262
-2.868952512741089
-2.605672836303711
-2.070430040359497
-1.4266529083251953
-1.6456193923950195
-1.4232052564620972
-1.6430668830871582
-2.345991373062134
-3.5326626300811768
-1.6249585151672363
-1.6897497177124023
-1.3206173181533813
-1.8756111860275269
-1.3689640760421753
-1.8389288187026978
-3.580249309539795
-1.688216209411621
-1.477351427078247
-1.7701406478881836
-1.9161401987075806
-2.0461649894714355
-1.8370627164840698
-1.905443787574768
-2.215768814086914
-2.6269304752349854
-1.0562635660171509
-2.048539638519287
-2.422194480895996
-2.8894402980804443
-1.6355046033859253
-1.1995247602462769
-1.5437450408935547
-2.7796316146850586
-1.903009295463562
-1.2327529191970825
-1.2682840824127197
-1.1118614673614502
-2.3372111320495605
-1.400188684463501
-1.9360771179199219
-3.3689301013946533
-3.1285717487335205
-1.555220127105713
-1.068347454071045
-1.4850472211837769
-1.1323610544204712
-1.8172392845153809
-1.497775912284851
-1.3664724826812744
-1.720515489578247
-1.7013927698135376
-2.35442852973938
-1.0499871969223022
-3.8361847400665283
-1.116898775100708
-2.262392520904541
-1.8894484043121338
-2.3725051879882812
-1.0147548913955688
-1.3788403272628784
-1.975573182106018
-2.04569935798645
-1.1534525156021118
-1.5168159008026123
-1.6423827409744263
-1.0279399156570435
-1.7863627672195435
-1.9342328310012817
-2.352478265762329
-2.3237318992614746
-1.954349398612976
-2.6694493293762207
-1.9605344533920288
-2.778559684753418
-4.488682270050049
-2.830150842666626
-1.8428336381912231
-1.8246968984603882
-1.8967204093933105
-1.246019959449768
-1.2098878622055054
-1.1958774328231812
-1.0091066360473633
-1.336294174194336
-3.158219337463379
-1.2586395740509033
-1.617868423461914
-1.6725130081176758
-2.2174267768859863
-2.5342507362365723
-1.2894468307495117
-1.9887266159057617
-1.8871110677719116
-1.967348337173462
-1.9221667051315308
-1.3461543321609497
-1.4312193393707275
-0.8083497285842896
-1.1380584239959717
-1.9404056072235107
-1.6417640447616577
-1.4331233501434326
-1.8383122682571411
-2.302067279815674
-1.771895408630371
-1.8829129934310913
-1.2422457933425903
-1.0825340747833252
-2.6273655891418457
-1.7414518594741821
-1.6129131317138672
-2.365159273147583
-1.6898396015167236
-1.59508216381073
-1.5709903240203857
-0.0
-1.9697327613830566
-1.6262190341949463
-1.6264523267745972
-1.696842074394226
-2.688713312149048
-1.3616759777069092
-1.6945785284042358
-2.4385859966278076
-2.3046300411224365
-1.6739578247070312
-1.1989789009094238
-1.4045052528381348
-3.54032039642334
-2.7785518169403076
-2.3130884170532227
-0.8631808757781982
-2.3870298862457275
-2.075181722640991
-2.8313441276550293
-1.404340386390686
-1.6810126304626465
-1.6208031177520752
-1.6667838096618652
-2.0721004009246826
-1.3244293928146362
-1.9773941040039062
-2.6120455265045166
-1.1571348905563354
-2.0666329860687256
-2.030538320541382
-3.7546372413635254
-1.9539740085601807
-2.350705623626709
-1.488673448562622
-2.2073607444763184
-2.3301753997802734
-2.080162525177002
-2.6174428462982178
-1.3442516326904297
-1.790079116821289
-1.4660401344299316
-2.324327230453491
-2.200782060623169
-1.9631216526031494
-2.050863027572632
-1.5013196468353271
-1.20614492893219
-1.7086008787155151
-2.803792953491211
-2.020592451095581
-3.8030195236206055
-1.3299905061721802
-2.6674749851226807
-1.5122556686401367
-1.2998939752578735
-1.7766331434249878
-3.2257025241851807
-1.8865585327148438
-1.0919992923736572
-1.5400586128234863
-1.6330249309539795
-1.5721348524093628
-1.3169634342193604
-2.317807197570801
-1.2000154256820679
-1.6560084819793701
-1.2604700326919556
-2.988811731338501
-2.790128469467163
-2.2538280487060547
-0.0
-2.10379695892334
-1.6567901372909546
-1.6924824714660645
-1.097599744796753
-1.4816304445266724
-1.2847535610198975
-1.765289545059204
-1.9305428266525269
-2.4554693698883057
-1.254604697227478
-0.89722740650177
-1.9595701694488525
-1.5205512046813965
-2.269923210144043
-1.501709222793579
-1.8424652814865112
-1.1160908937454224
-2.088596820831299
-2.436340808868408
-1.3257718086242676
-1.8027033805847168
-1.4929170608520508
-1.9149959087371826
-2.7278919219970703
-2.0304343700408936
-1.5731985569000244
-2.0629305839538574
-2.234785795211792
-1.0451174974441528
-1.040713906288147
-2.7115092277526855
-1.8417959213256836
-1.385729432106018
-1.8862324953079224
-2.086540699005127
-1.4166014194488525
-1.8263801336288452
-1.3016858100891113
-1.2719671726226807
-1.5758967399597168
-1.3879737854003906
-2.42181658744812
-1.657496452331543
-1.442978024482727
-1.1196662187576294
-0.0
-1.3559560775756836
-2.2394461631774902
-0.915248453617096
-1.9391064643859863
-2.008331537246704
-2.8878886699676514
-4.3018574714660645
-1.1601577997207642
-1.2267886400222778
-2.4658193588256836
-1.6336816549301147
-1.2277681827545166
-2.274548053741455
-1.813918948173523
-2.971247434616089
-1.1959664821624756
-1.7447956800460815
-2.3172314167022705
-1.2673358917236328
-2.6059768199920654
-1.6666468381881714
-1.6127870082855225
-3.0127084255218506
-1.7089793682098389
-1.355201244354248
-1.1797571182250977
-1.5184584856033325
-1.2005000114440918
-1.5295789241790771
-1.83902108669281
-1.5662838220596313
-1.5646151304244995
-0.9708817005157471
-3.0886223316192627
-1.1847461462020874
-0.9445036053657532
-2.419614553451538
-0.0
-2.089592933654785
-1.4945369958877563
-1.82126784324646
-0.0
-1.4738759994506836
-2.443971633911133
-2.1338891983032227
-2.2082574367523193
-1.106860637664795
-1.9150080680847168
-1.8217881917953491
-1.0414680242538452
-2.391784906387329
-1.7748724222183228
-1.937755823135376
-1.0651124715805054
-2.332106590270996
-1.3167160749435425
-1.596102237701416
-1.293663501739502
-2.00671124458313
-1.9524219036102295
-1.3582440614700317
-2.0557780265808105
-2.0605196952819824
-2.83302640914917
-1.7598367929458618
-1.552027940750122
-1.9020626544952393
-1.7343940734863281
-1.6663525104522705
-1.4586561918258667
-1.4303390979766846
-1.3072630167007446
-2.041109085083008
-3.2708375453948975
-1.229811429977417
-1.4658880233764648
-1.1142202615737915
-1.3398730754852295
-2.1400911808013916
-1.1841375827789307
-2.3198559284210205
-1.2932636737823486
-1.5530352592468262
-2.5303916931152344
-2.152998685836792
-1.356658935546875
-1.6196188926696777
-1.7292059659957886
-1.3474503755569458
-1.6982707977294922
-0.7189760208129883
-2.1826789379119873
-2.362466335296631
-2.5832927227020264
-2.143679141998291
-1.0650795698165894
-2.7793540954589844
-1.6552356481552124
-1.890466570854187
-2.1648824214935303
-1.9009402990341187
-2.316696882247925
-3.560755968093872
-1.8139852285385132
-2.5816569328308105
-1.7915699481964111
-2.1397347450256348
-1.8706755638122559
-0.916050910949707
-1.1770201921463013
-1.8798449039459229
-0.9298007488250732
-2.6562483310699463
-1.1582239866256714
-1.9951865673065186
-1.6816927194595337
-1.8809340000152588
-1.825687289237976
-3.1259026527404785
-1.2865904569625854
-1.7495815753936768
-1.1512709856033325
-1.502657175064087
-1.6713777780532837
-1.6330978870391846
-1.3939260244369507
-1.4870226383209229
-1.81653892993927
-1.3247761726379395
-1.616047739982605
-2.48603892326355
-1.8481525182724
-2.354393243789673
-1.5536251068115234
-2.5556466579437256
-2.2781484127044678
-1.7713165283203125
-1.9768224954605103
-1.7442982196807861
-0.9459044337272644
-1.6565028429031372
-2.479771614074707
-1.304328441619873
-1.9591634273529053
-0.8515291810035706
-1.0086290836334229
-1.3768302202224731
-1.081295132637024
-1.2590187788009644
-1.5981833934783936
-1.8461428880691528
-1.9540725946426392
-1.1591625213623047
-1.4063928127288818
-2.0008320808410645
-1.3395119905471802
-0.0
-1.061472773551941
-2.264458656311035
-1.5860638618469238
-1.1209042072296143
-2.1785922050476074
-2.246450424194336
-1.506882667541504
-3.509708881378174
-1.8961241245269775
-1.2501094341278076
-1.5697845220565796
-2.3785643577575684
-0.8745248913764954
-1.246796727180481
-1.1506953239440918
-2.5037288665771484
-1.4959933757781982
-1.2052730321884155
-1.2154130935668945
-2.2972073554992676
-1.823241949081421
-0.8588703870773315
-2.4888694286346436
-1.448379635810852
-2.2491159439086914
-1.5635966062545776
-2.325627088546753
-1.912712574005127
-1.4575046300888062
-1.2352921962738037
-1.1874843835830688
-1.488767385482788
-2.279580593109131
-1.3034652471542358
-1.4220950603485107
-3.203937292098999
-1.7580658197402954
-1.169574499130249
-1.1682789325714111
-1.345147728919983
-2.195852756500244
-1.2922059297561646
-2.0960402488708496
-1.0175358057022095
-1.4387385845184326
-1.2960363626480103
-2.3399786949157715
-1.9460026025772095
-1.906861424446106
-2.31640625
-1.4666945934295654
-1.415773630142212
-1.903009295463562
-1.5668842792510986
-1.3509273529052734
-1.5839542150497437
-2.8431894779205322
-1.4089117050170898
-2.107099771499634
-0.9646297693252563
-1.8516632318496704
-1.0817885398864746
-0.0
-1.3865867853164673
-0.9621551632881165
-1.2431776523590088
-1.6919777393341064
-0.6684907078742981
-2.089463472366333
-1.3897382020950317
-1.5267918109893799
-0.9711599946022034
-0.0
-1.7773630619049072
-1.6097384691238403
-2.24108624458313
-1.3945598602294922
-1.860329508781433
-0.7299023866653442
-2.0539541244506836
-1.9973605871200562
-1.4726163148880005
-1.0453734397888184
-1.5304502248764038
-1.0360552072525024
-2.4129221439361572
-3.8575637340545654
-1.7040904760360718
-1.220513939857483
-2.0973258018493652
-0.9334899187088013
-2.2865304946899414
-4.077537536621094
-2.697744369506836
-1.69724702835083
-2.5560479164123535
-2.463397979736328
-1.6309964656829834
-2.3256707191467285
-1.7135883569717407
-4.00823450088501
-2.859402894973755
-2.742762327194214
-0.9196760654449463
-1.4272537231445312
-0.9978775978088379
-2.6155736446380615
-2.310741424560547
-1.139829397201538
-1.7881108522415161
-2.1805036067962646
-2.2999160289764404
-2.4540140628814697
-0.9806483387947083
-2.8780786991119385
-1.3908835649490356
-1.72684907913208
-1.5117233991622925
-0.0
-1.3781101703643799
-1.2231615781784058
-2.139746904373169
-1.0431159734725952
-2.2267794609069824
-2.090517044067383
-2.620285987854004
-2.3481369018554688
-2.291820526123047
-2.8399624824523926
-0.0
-2.5400702953338623
-2.4334139823913574
-1.4495173692703247
-2.004511833190918
-1.3817638158798218
-1.8697986602783203
-2.156618595123291
-2.3195807933807373
-2.329174041748047
-2.105252265930176
-2.376600742340088
-2.408466100692749
-1.4302451610565186
-1.3886489868164062
-2.38969349861145
-2.7756757736206055
-0.0
-1.5266144275665283
-3.237292766571045
-1.314734935760498
-1.5334738492965698
-1.1753321886062622
-3.296660900115967
-1.1935065984725952
-1.6393693685531616
-1.7195947170257568
-1.9843515157699585
-3.287985324859619
-2.5051119327545166
-1.8891503810882568
-1.466868281364441
-1.6309964656829834
-1.9465267658233643
-2.247722864151001
-1.6773220300674438
-3.0835556983947754
-1.6048370599746704
-1.8358615636825562
-1.455571174621582
-1.4319087266921997
-0.5217894315719604
-1.4154253005981445
-1.996510624885559
-1.8958799839019775
-1.981437087059021
-1.7183061838150024
-4.080488204956055
-1.7187501192092896
-1.667540192604065
-1.7412797212600708
-1.8385642766952515
-2.1225779056549072
-1.9000409841537476
-1.0010428428649902
-3.6048800945281982
-2.2768077850341797
-2.5818262100219727
-2.380366325378418
-1.6003594398498535
-2.3914120197296143
-1.0494270324707031
-1.8407763242721558
-1.5120640993118286
-1.763227105140686
-1.303151249885559
-1.9796582460403442
-1.9447590112686157
-1.5430124998092651
-1.7166056632995605
-0.0
-1.6347732543945312
-1.3575555086135864
-1.7830060720443726
-1.5198665857315063
-1.9181557893753052
-1.9763270616531372
-2.3556036949157715
-2.1382598876953125
-1.9685635566711426
-3.017284393310547
-2.6682870388031006
-2.585390329360962
-2.258030652999878
-4.549566268920898
-2.2909960746765137
-1.8042415380477905
-1.6274917125701904
-1.78446364402771
-3.3091464042663574
-1.2815371751785278
-1.6530296802520752
-1.9754070043563843
-2.133888006210327
-2.550321102142334
-1.6515730619430542
-2.0134541988372803
-1.864222526550293
-1.3573334217071533
-2.2403767108917236
-0.0
-1.6569244861602783
-2.7014658451080322
-3.0001237392425537
-2.9972410202026367
-3.7809534072875977
-3.581468343734741
-2.6811087131500244
-2.084771156311035
-1.4112839698791504
-1.975301742553711
-2.5360770225524902
-1.350549340248108
-2.4096362590789795
-1.6354936361312866
-1.135360598564148
-1.8767238855361938
-1.1274998188018799
-1.9555268287658691
-1.5241968631744385
-1.3737688064575195
-1.7320917844772339
-1.5087010860443115
-1.5368446111679077
-1.5976555347442627
-1.2424534559249878
-2.63130784034729
-2.6389665603637695
-2.938105344772339
-1.8170876502990723
-2.904759645462036
-1.9680505990982056
-1.6780493259429932
-1.3561537265777588
-1.4175448417663574
-1.4271583557128906
-1.1210756301879883
-2.838507652282715
-1.2678335905075073
-2.05926513671875
-1.939536690711975
-1.9597220420837402
-3.036994457244873
-1.925829529762268
-2.294811725616455
-1.2147523164749146
-2.5475425720214844
-1.341789960861206
-1.943970799446106
-1.7162290811538696
-2.1087594032287598
-2.544851064682007
-2.0472233295440674
-2.35786509513855
-2.484004020690918
-2.44958233833313
-2.5914628505706787
-1.7607004642486572
-2.796442747116089
-2.1927084922790527
-1.55910325050354
-1.4391741752624512
-1.7059822082519531
-1.2094582319259644
-2.8136422634124756
-1.0663679838180542
-1.9512032270431519
-1.4369416236877441
-5.147738933563232
-2.9586970806121826
-2.9466922283172607
-2.0884013175964355
-2.073910713195801
-2.113353729248047
-1.7647149562835693
-1.4792925119400024
-1.3486453294754028
-1.1009857654571533
-2.265664577484131
-1.8012253046035767
-1.8784688711166382
-1.238736867904663
-3.0744447708129883
-1.3662587404251099
-1.926466703414917
-1.5771564245224
-1.325443148612976
-1.6796784400939941
-2.1208624839782715
-2.6598005294799805
-3.1004185676574707
-1.4409655332565308
-2.146392822265625
-1.6014668941497803
-3.7327470779418945
-2.0930988788604736
-1.5193274021148682
-1.6103911399841309
-1.1265873908996582
-2.0467090606689453
-0.8162428140640259
-1.7020540237426758
-2.110224485397339
-1.2258213758468628
-1.757511019706726
-2.5818262100219727
-1.577580451965332
-1.7946468591690063
-2.6722373962402344
-1.8521301746368408
-1.276908040046692
-1.7479373216629028
-2.6954259872436523
-2.0989201068878174
-2.517683506011963
-1.2535336017608643
-1.960025668144226
-1.6629917621612549
-1.8908179998397827
-2.070223093032837
-1.281679630279541
-1.4669315814971924
-2.1722729206085205
-2.399725914001465
-1.6243027448654175
-2.1369881629943848
-1.3134065866470337
-1.0004040002822876
-1.6350923776626587
-1.868196964263916
-1.1040152311325073
-2.4442076683044434
-1.8336931467056274
-1.857009768486023
-1.3886168003082275
-1.789085030555725
-1.4253318309783936
-3.0698671340942383
-1.880533218383789
-0.8595461845397949
-1.8417949676513672
-1.920262098312378
-2.208761692047119
-2.129920482635498
-2.6208536624908447
-2.697932481765747
-1.382081389427185
-2.8682467937469482
-1.725616455078125
-1.7239713668823242
-1.4948903322219849
-2.1182281970977783
-2.3815743923187256
-2.662353515625
-1.930010437965393
-2.336615800857544
-2.3634166717529297
-1.1715703010559082
-1.7069247961044312
-1.5392367839813232
-2.1653635501861572
-1.205204725265503
-1.9782060384750366
-1.8135381937026978
-1.0566126108169556
-2.021150827407837
-1.1768051385879517
-1.6906301975250244
-1.86158287525177
-2.480698347091675
-1.441771388053894
-2.449592351913452
-3.723651885986328
-2.458601713180542
-2.2822139263153076
-1.8479796648025513
-4.660915374755859
-1.8268014192581177
-1.883167028427124
-1.9172778129577637
-2.106959342956543
-1.7361867427825928
-2.149294376373291
-3.4216089248657227
-2.4108757972717285
-2.3393959999084473
-1.8227688074111938
-1.7369061708450317
-2.2754907608032227
-1.42355477809906
-2.0058093070983887
-2.6032583713531494
-1.8824738264083862
-1.3788642883300781
-2.7583043575286865
-1.959581971168518
-1.1087682247161865
-3.321697235107422
-1.3523465394973755
-2.7299299240112305
-2.9399027824401855
-1.8163639307022095
-1.5175031423568726
-2.0082502365112305
-1.2436919212341309
-1.9328728914260864
-1.6624776124954224
-2.6665754318237305
-1.680574893951416
-1.8325551748275757
-1.0947178602218628
-1.934722661972046
-2.04771089553833
-2.032308340072632
-1.7753887176513672
-2.158132314682007
-1.176423192024231
-2.0302493572235107
-1.5118483304977417
-1.4000602960586548
-2.365755081176758
-1.5539802312850952
-1.907467246055603
-1.9355978965759277
-1.5566188097000122
-2.6664297580718994
-1.9088263511657715
-2.223668098449707
-1.32647705078125
-2.896246910095215
-2.4051263332366943
-2.4514405727386475
-3.0280630588531494
-2.134927272796631
-1.2575957775115967
-3.783968687057495
-2.280384063720703
-1.6721104383468628
-2.631916046142578
-2.229278802871704
-1.0732502937316895
-2.1994619369506836
-1.8772549629211426
-1.8131591081619263
-2.1739230155944824
-1.3237481117248535
-1.9345449209213257
-1.6550817489624023
-2.3429954051971436
-2.5888099670410156
-1.8668104410171509
-1.8558846712112427
-2.4085001945495605
-1.535090446472168
-1.4663195610046387
-2.229816198348999
-1.7530308961868286
-2.360898017883301
-2.1636247634887695
-1.652541160583496
-2.324829339981079
-2.2789406776428223
-2.254707098007202
-2.203188896179199
-2.587005138397217
-2.055485248565674
-2.0688822269439697
-1.5957642793655396
-1.6357296705245972
-1.6668367385864258
-2.399839162826538
-2.4094388484954834
-1.1413267850875854
-1.8266218900680542
-1.417240858078003
-1.7603378295898438
-1.4371505975723267
-1.8472163677215576
-1.6847639083862305
-1.0059778690338135
-1.417094349861145
-1.8257700204849243
-2.9431002140045166
-2.2076611518859863
-2.5444893836975098
-2.22332501411438
-1.1164803504943848
-3.8957128524780273
-1.8228728771209717
-1.702117919921875
-1.6941730976104736
-2.3942031860351562
-2.5166733264923096
-1.9110535383224487
-1.6181963682174683
-2.0814156532287598
-1.185426115989685
-3.0844101905822754
-1.0854969024658203
-2.3833234310150146
-2.138977527618408
-0.5701952576637268
-2.3195807933807373
-0.7260231971740723
-1.3557233810424805
-1.7102901935577393
-2.038952589035034
-1.9682387113571167
-1.3237481117248535
-2.866457939147949
-2.602062463760376
-1.9104238748550415
-1.9298478364944458
-3.2161569595336914
-1.9109091758728027
-2.68033504486084
-2.33626127243042
-2.04119610786438
-2.7146477699279785
-2.89070987701416
-2.149660348892212
-2.500032663345337
-0.0
-1.9018571376800537
-1.432334303855896
-3.03079891204834
-3.3523311614990234
-2.21099853515625
-2.0125279426574707
-1.7982271909713745
-2.062106132507324
-1.2250866889953613
-1.5911296606063843
-2.087357759475708
-1.2915843725204468
-1.5167633295059204
-1.4721733331680298
-1.7080878019332886
-3.6232664585113525
-1.4896366596221924
-2.2485029697418213
-2.108407735824585
-3.7728612422943115
-1.9208261966705322
-3.031000852584839
-2.810767650604248
-1.2427482604980469
-2.5063130855560303
-2.1143417358398438
-1.265957236289978
-1.7484647035598755
-2.5790891647338867
-2.0150210857391357
-1.707066297531128
-1.8100810050964355
-1.3618993759155273
-1.7103687524795532
-1.0434945821762085
-1.8514153957366943
-1.9872835874557495
-2.349059581756592
-2.5174436569213867
-2.440983772277832
-1.449540615081787
-2.5313024520874023
-1.1748467683792114
-2.269503593444824
-0.5500741004943848
-1.6786671876907349
-1.1181906461715698
-1.7922388315200806
-1.698704481124878
-1.981870174407959
-1.417291522026062
-1.0919076204299927
-2.253178358078003
-2.0038161277770996
-1.2178796529769897
-0.8924746513366699
-2.3507561683654785
-1.2136812210083008
-3.032573938369751
-1.0088354349136353
-0.726431667804718
-2.549941062927246
-1.1835358142852783
-0.0
-1.0236055850982666
-2.2007088661193848
-2.144554376602173
-1.6734849214553833
-1.198862910270691
-1.5654375553131104
-1.2546203136444092
-1.3681446313858032
-1.1188085079193115
-1.5999284982681274
-2.2966842651367188
-0.744850754737854
-1.2580868005752563
-2.032864809036255
-1.9211598634719849
-2.5714659690856934
-0.8895698189735413
-1.2828221321105957
-0.5610567331314087
-2.4612367153167725
-1.646524429321289
-1.4827334880828857
-1.470505714416504
-0.909132182598114
-1.2514082193374634
-0.0
-1.9613627195358276
-3.7086708545684814
-1.0867445468902588
-1.2078971862792969
-1.3089714050292969
-1.2417488098144531
-1.091185450553894
-1.1905196905136108
-1.3157470226287842
-1.754621148109436
-1.6351664066314697
-2.119839668273926
-2.639024496078491
-1.6603926420211792
-1.8321348428726196
-1.5178155899047852
-1.9217400550842285
-1.497519612312317
-1.9284783601760864
-1.3724637031555176
-1.1448973417282104
-1.4167778491973877
-1.6891645193099976
-2.4508132934570312
-1.1235407590866089
-1.4730355739593506
-1.428814172744751
-1.6951196193695068
-1.0597649812698364
-1.3187087774276733
-0.9157902598381042
-1.714259147644043
-3.082493543624878
-1.5245403051376343
-2.2654166221618652
-1.3491352796554565
-2.269737958908081
-2.158682107925415
-0.8512287139892578
-2.128453016281128
-1.0767654180526733
-1.4091013669967651
-1.8306353092193604
-1.844402551651001
-1.407604455947876
-0.7551762461662292
-1.4257569313049316
-1.7742112874984741
-0.0
-1.730384349822998
-2.3459854125976562
-2.0346839427948
-1.4570379257202148
-1.5541356801986694
-1.3717228174209595
-2.1116528511047363
-1.999199390411377
-1.3839211463928223
-0.9210001826286316
-0.8459656834602356
-1.7532070875167847
-2.4378013610839844
-1.8048630952835083
-1.1740140914916992
-0.8453463315963745
-1.5428493022918701
-1.6217033863067627
-2.30452823638916
-1.7293415069580078
-0.0
-1.204494595527649
-1.6387485265731812
-1.6023117303848267
-1.431349515914917
-1.631333827972412
-1.4981353282928467
-2.055685043334961
-2.3110761642456055
-0.9759336709976196
-1.249324083328247
-0.509986937046051
-2.3201987743377686
-1.8289499282836914
-1.6668978929519653
-1.7717150449752808
-1.513683557510376
-1.2861093282699585
-1.1267523765563965
-0.9225654006004333
-1.1687493324279785
-1.4227473735809326
-1.6418811082839966
-1.0669108629226685
-1.5922435522079468
-2.6183810234069824
-1.1795766353607178
-0.7900859713554382
-1.9987279176712036
-0.9768561124801636
-1.2189193964004517
-0.0
-2.402026891708374
-2.3748178482055664
-2.086001396179199
-1.3081945180892944
-1.9422245025634766
-1.3475501537322998
-1.2006762027740479
-3.9324257373809814
-0.7870261669158936
-2.2832400798797607
-1.3969826698303223
-1.2272120714187622
-1.729629397392273
-1.775026559829712
-0.8812963962554932
-1.4202346801757812
-2.5324716567993164
-1.3524948358535767
-1.2348345518112183
-1.5276272296905518
-1.317160964012146
-2.145242929458618
-1.2078025341033936
-1.2096153497695923
-2.486607074737549
-1.7446308135986328
-1.1174399852752686
-1.0327669382095337
-1.3821117877960205
-1.46831214427948
-1.9015004634857178
-1.085492730140686
-1.4530024528503418
-1.341238260269165
-1.1692836284637451
-2.686042547225952
-1.4278380870819092
-0.6941291093826294
-1.3300806283950806
-2.5305185317993164
-1.4733755588531494
-2.034642457962036
-2.1328511238098145
-1.1641253232955933
-1.5959532260894775
-1.359755277633667
-0.0
-1.2881776094436646
-1.25632905960083
-4.197633743286133
-1.8612565994262695
-1.6570249795913696
-0.9421128630638123
-0.6733786463737488
-0.543725311756134
-1.4797580242156982
-0.7091750502586365
-0.0
-2.736875534057617
-2.1010239124298096
-1.533312439918518
-1.5234543085098267
-2.592578411102295
-1.314644694328308
-1.7673449516296387
-1.9919074773788452
-0.7148493528366089
-0.9323393106460571
-2.0083022117614746
-1.6073822975158691
-1.4164199829101562
-1.525289535522461
-0.8967689275741577
-1.426682472229004
-1.1437629461288452
-1.4841433763504028
-1.5339608192443848
-1.4345043897628784
-1.8981937170028687
-1.3471384048461914
-1.0835597515106201
-1.3339909315109253
-2.8486011028289795
-3.1005687713623047
-1.5055415630340576
-1.5002316236495972
-1.5129878520965576
-1.473798155784607
-0.7504863739013672
-1.2978472709655762
-0.7777796983718872
-1.2338048219680786
-1.3612096309661865
-1.0311095714569092
-2.069739818572998
-1.3538399934768677
-2.0722923278808594
-3.736126661300659
-1.695913553237915
-1.702003836631775
-2.689326286315918
-2.2872238159179688
-2.228158473968506
-0.8043715357780457
-0.6331698298454285
-0.3047716021537781
-0.9218019247055054
-1.8300057649612427
-1.2504796981811523
-1.8631926774978638
-1.544264316558838
-1.246279001235962
-1.0628154277801514
-2.51023530960083
-1.7003618478775024
-1.644724726676941
-1.2718474864959717
-0.7037436962127686
-2.588127374649048
-1.5463637113571167
-1.6431870460510254
-1.3951988220214844
-1.0547937154769897
-1.3561781644821167
-1.510886311531067
-0.722916841506958
-1.5162854194641113
-1.8138527870178223
-3.7286272048950195
-0.0
-1.486444115638733
-2.4937374591827393
-0.3042185604572296
-1.4300240278244019
-2.0451173782348633
-1.5049924850463867
-1.008849859237671
-1.8506947755813599
-1.0719860792160034
-1.3394813537597656
-1.5869728326797485
-1.6065988540649414
-1.0444217920303345
-1.4950119256973267
-2.457517385482788
-1.4261733293533325
-1.186598539352417
-2.863410234451294
-1.9522792100906372
-2.6989669799804688
-1.3546574115753174
-2.4162189960479736
-0.691171407699585
-0.8927797675132751
-1.841403841972351
-1.840741515159607
-2.1341235637664795
-1.539959192276001
-1.3204071521759033
-0.9643484354019165
-1.3336976766586304
-2.5993528366088867
-1.2374470233917236
-0.0
-2.022646427154541
-2.5986990928649902
-3.131258964538574
-0.5738385319709778
-1.1850582361221313
-2.078153610229492
-1.6593382358551025
-0.5030247569084167
-1.364086389541626
-1.7113990783691406
-2.0859885215759277
-1.9199687242507935
-2.3276567459106445
-1.736462950706482
-1.8894999027252197
-2.459876298904419
-1.511576533317566
-2.109318256378174
-2.736868143081665
-1.3864068984985352
-2.190333366394043
-1.501088261604309
-1.3098881244659424
-0.8264585137367249
-1.2196688652038574
-1.4805779457092285
-1.9981052875518799
-1.1359745264053345
-0.0
-1.8141618967056274
-1.031714677810669
-0.0
-1.1664243936538696
-1.3830914497375488
-1.0906811952590942
-1.7621028423309326
-1.4638952016830444
-2.0194003582000732
-1.363861083984375
-1.6903990507125854
-1.0916624069213867
-2.00447154045105
-1.9418067932128906
-1.549217939376831
-1.3277301788330078
-1.8642505407333374
-1.0638242959976196
-0.850895345211029
-1.839735746383667
-1.3201478719711304
-1.2090975046157837
-2.823866605758667
-2.5585384368896484
-2.2415952682495117
-1.3301018476486206
-3.513819456100464
-1.4914100170135498
-2.2642297744750977
-1.5714243650436401
-1.3169057369232178
-2.428555488586426
-1.7540780305862427
-1.0821577310562134
-1.5727649927139282
-1.4660056829452515
-1.247948408126831
-1.4743441343307495
-2.6917452812194824
-1.7364453077316284
-2.2780072689056396
-2.1511480808258057
-1.8390671014785767
-3.18857741355896
-1.7958320379257202
-0.0
-2.154876708984375
-2.3803741931915283
-2.109241485595703
-1.975054383277893
-2.0766704082489014
-1.3864107131958008
-2.9756038188934326
-1.7160749435424805
-1.4680368900299072
-1.6902424097061157
-1.0461466312408447
-1.7640106678009033
-1.0605043172836304
-3.211416482925415
-1.21345853805542
-2.1828603744506836
-1.472215175628662
-2.5731303691864014
-0.7363894581794739
-1.4594353437423706
-3.052252769470215
-1.7301901578903198
-3.114473342895508
-2.5053069591522217
-2.0893683433532715
-2.2686285972595215
-2.268805503845215
-2.251209259033203
-1.903584599494934
-2.4629735946655273
-1.8085848093032837
-1.2669013738632202
-1.1640219688415527
-1.3479245901107788
-2.1517651081085205
-2.3788270950317383
-2.044184684753418
-1.502101182937622
-1.3846222162246704
-1.344431757926941
-1.6762890815734863
-1.3585609197616577
-1.0339903831481934
-1.1454554796218872
-1.4036997556686401
-1.022074818611145
-1.4456843137741089
-2.1810741424560547
-1.4622057676315308
-2.255605459213257
-1.449482798576355
-1.3438642024993896
-2.057753801345825
-1.7554813623428345
-1.3032472133636475
-1.8295650482177734
-1.908371090888977
-1.9236623048782349
-1.7512434720993042
-1.9454039335250854
-1.0077247619628906
-1.1650205850601196
-1.5547664165496826
-1.9892702102661133
-1.5111559629440308
-1.9939651489257812
-2.1032252311706543
-0.0
-2.143254280090332
-1.85952889919281
-0.6788939237594604
-1.7017909288406372
-2.0608890056610107
-1.6417943239212036
-1.8792284727096558
-2.1094133853912354
-2.323183298110962
-1.5184624195098877
-2.739018678665161
-2.1505253314971924
-1.5819250345230103
-1.756523847579956
-0.9335810542106628
-1.92633056640625
-1.4923210144042969
-1.557544231414795
-2.3344857692718506
-1.4081329107284546
-1.0916229486465454
-1.024777889251709
-1.485464096069336
-1.743575096130371
-2.603560447692871
-2.452666997909546
-1.270420789718628
-1.7098406553268433
-1.8431035280227661
-2.3717472553253174
-1.9770103693008423
-1.4177806377410889
-0.9535931944847107
-1.5435268878936768