0.7993552077293078
0.5683570516339672
0.232273068384655
0.5088329945239147
0.3191540696928987
0.5714660981686834
0.2687992609725477
0.446467218101108
0.6763801260753801
0.9925326243576849
0.47789204631159443
0.6068436750142328
0.5979153223494733
0.5886806160304365
0.448482568243478
0.5205032390828815
0.4901678018191994
0.607484536029887
0.756730957644504
0.5045489080324408
0.6486031531243448
0.6480536375122109
0.6413585488318109
0.17036717032500426
0.437025938275859
0.26942318479689287
0.3134699139523942
0.46251601431959655
0.35433142005251916
0.39697050446380966
0.6504388984500677
0.5648700223115425
0.28699799639045676
0.5417576981660259
0.562973714412367
0.3235978175341726
0.5693136595155456
0.6796947840688354
0.4509131677857432
0.6757644924215775
0.3585519386412108
0.5017911330595017
0.5350524057689235
0.351918336879085
0.3565415212893599
0.30902394642569353
0.653224523095405
0.4029276696002182
0.5567288950656664
0.42619095177119215
0.7209482110440588
0.5350957696822655
0.45066971054538674
0.47082182715062504
0.2578676673322041
0.6865487393694931
0.3579020750684978
0.34067858344133006
0.6723505348052927
0.8064081923540882
0.5989319843846725
0.11672125506159325
0.6555080886821711
0.5184609025986034
0.557939737519644
0.4204455044526828
0.5495350805359733
0.5215342484199417
0.4284767695548315
0.2887984197155907
0.4178518968172211
0.9942505717751333
0.32197015316339483
0.4857095233007165
0.5375180012765879
0.26920716988810867
0.5937208218767384
0.1976233192753729
0.6062458885312714
0.06440997321733377
0.4978384169437844
0.5208416065612461
0.40376037978075274
0.6031887121360823
0.40723484009617994
0.607114241085296
0.18178405476978554
0.39435828576114007
0.3781875694007366
0.38500510370688146
0.5800407772619274
0.6689132493459756
0.5495193681557671
0.7891346371612897
0.2980255752779999
0.5276855398212916
0.2958498678850139
0.5182505063351825
0.3643991718154489
0.3870736900656456
0.9920934806455564
0.3281520528819537
0.47295429623284413
0.36765443379449547
0.13553550365069844
0.45138288574631835
0.2852013276070742
0.16967762384841434
0.5260118921137393
0.5517530534122239
0.4430516648040499
0.34633186438390773
0.3564291282127561
0.3309675137530441
0.5099041666158859
0.1357669070864096
0.4064608345830435
0.6885219861692086
0.39343858514558483
0.5846149105742566
0.3737610427993263
0.46614196869321634
0.588884317516054
0.33705471363031336
0.5365750197221938
0.38778732765740265
0.47609733129248333
0.17162087569300954
0.6067152607538614
0.5742734353019531
0.1681712169962134
0.5801439663071135
0.4499146490791174
0.3798248104431303
0.4649946276896165
0.486916135589307
0.537615537616906
0.5654533918765795
0.5656457483553197
0.28094927973559214
0.42035034203455146
0.6067007849906285
0.7233564816499529
0.5682055607792718
0.21208853509588654
0.46323364696720226
0.1820140176935865
0.5117216820550955
0.3898284750339034
0.38961954737804894
0.17149881111720422
0.36293071848084757
0.36766015836818067
0.39047275090951805
0.6594551741516863
0.3720668573395942
0.6229604642458006
0.635639565389913
0.469571493875074
0.5526529301344114
0.19496610238957013
0.9868498823394839
0.5093990373763346
0.17082150888420233
0.30103132668600274
0.23860892580656012
0.41224598865619666
0.710528665864443
0.4905433911377841
0.29662974058215075
0.31265060317591753
0.4202874142063374
0.8605105354600393
0.4857232105803775
0.5532223128386653
0.2632416722962694
0.6169083809295176
0.4458049632812895
0.6407825323638106
0.5178689543479188
0.501460273665561
0.22113745675301022
0.31191257592204447
0.29442759548589703
0.45712383661739464
0.6120062534506937
0.4439024528785498
0.4661174809893873
0.24929874184538525
0.374499241168762
0.3606582304323668
0.5891249146636386
0.07219646664705526
0.3341062355566552
-0.0513247976946547
0.41241695674201484
0.5141335881137742
0.7013796278024481
0.6083312194933773
0.3757345660723609
0.5890485539651209
0.24450678410273685
0.9605253438470162
0.42158260710648365
0.6404739805866928
0.2851702179205433
0.44751671028572704
0.48658392998953726
0.3612532636409076
0.39291241618877504
0.5200741130428526
0.42940223575351855
0.8643729389636516
0.5866606450623023
0.6023181448393209
0.39435274315855295
0.3356364288818612
0.5696377467872349
0.4128533379606911
0.6461784616715435
0.3187285239961195
0.6324033068077803
0.5315933411380016
0.33473162290756664
0.4079859416485454
0.8875230607273212
0.48070812700808285
0.455166412879205
0.4312784235044075
0.46789272443797325
-0.01921374689918376
0.3042227018671384
0.43250559980577585
0.8274617384598019
0.16821113504138108
0.48446668389220404
0.449767552835209
0.3257248166195481
0.39160101771248224
0.4516396212072298
0.5508429237566984
0.3667268848124261
0.6321209559205099
0.31654960797057685
0.44051055887188817
0.550696313394317
0.17981909545953045
0.5288347355746127
0.29790786059769314
0.4720173647638326
0.6457134643533612
0.2690409581902268
0.6812802169372141
0.4806036128457226
0.5894742387552238
0.4861578719028461
0.5236184576861163
0.3823109759061454
0.6251575369294676
0.8112148413673693
0.35442698032128717
0.3259515779641887
0.9934313949362162
0.3654283358632504
0.46129852798900306
0.37070650108757386
0.4562507578448387
0.26433335862228047
0.17109736254593622
0.4237439495730384
0.48210035914992266
0.42960667720290147
0.6574459351267394
0.5846149105742566
0.20838451426739013
0.3820195955732131
0.469336868776848
0.5265258057387399
0.6663087908908074
0.373991992999566
0.5253653364358718
0.2589094872586495
0.5040742460883291
0.46299331848039404
0.31762123096559103
0.4511504664228956
0.577376165153858
0.5480027865241786
0.270822561611466
0.3918917128136591
0.36527924839961956
0.46723428638830033
0.3722369799918144
0.40399169795940393
0.3658961258170934
0.5721937396474173
0.44221354022987347
0.5807470001931216
0.6047870897155174
0.2801995883182846
0.34439750344794073
0.41977811253631203
0.4051021802779743
0.40450057530485695
0.8064081923540882
0.37065423442280965
0.538470185868335
0.6538071931990938
0.4434851014760448
0.39907623368968015
0.754225117972123
0.4246706893088694
0.1875760032232392
0.46443723022957273
0.4322412031884031
0.505064032642703
0.19049559149281559
0.46819783870594633
0.3166564621136607
0.36339624179186725
0.45036192773520733
0.2495355543695812
0.28773656351811217
0.3231599782052581
0.5874447732239781
0.2912477311176299
0.3076297700395817
0.3777740310874034
0.44684672902375244
0.49869876772427957
0.6336338644213244
0.32441695188121655
0.552529955869888
0.6446356862666314
0.31894454751520385
0.38322783473547706
0.24974511528896914
0.1866869965073239
0.38508266429300986
0.3140760250395104
0.31120240185257897
0.5527443261254616
0.6163580842522997
0.4670269566648524
0.2656077520115997
0.22658876648775328
0.5510871106984327
0.28355270862169035
0.7189506514522089
0.3554724403144651
0.31460781879037136
0.97247479167593
0.4547453356949408
0.31358987894685497
0.35476798645003327
0.5626056977709767
0.355467356425065
0.34564250001656616
0.24695121794672126
0.5705692307594212
0.40699660541171223
0.6117850486512539
0.4770416091456303
0.3342296774132649
0.4131474534765184
0.4380904882437766
0.550634221214042
0.3825547152401355
0.6670085105684881
0.6993763762622494
0.24524992825812864
0.5347606881497475
0.3845377477216151
0.1479024013202771
0.6053231660287437
0.4680041788967604
0.1648366478884129
0.6167766726580677
0.4448820171409017
0.6923388743096311
0.2767046608240368
0.4820247593021577
0.25656345965842076
0.48983529275003623
0.40174974016277354
0.30902394642569353
0.28192863579580096
0.3278304088560493
0.44123628380226854
0.6039885489440076
0.1379386938931617
0.17645608014959702
0.4328582463826637
0.6062052976702326
0.29936089877910743
0.4032530463880004
0.44706901011974565
0.48781664202548325
0.5261788090175394
0.2682969654981975
0.6332606865714714
0.4475555449166084
0.4299601670093496
0.564750080910448
0.546168417697544
0.38506344363599565
0.4698279690873639
0.5613012446217904
0.4761044105740637
0.374310328681531
0.6233549419668526
0.49661142888898757
0.271206154188229
0.43976314977094644
0.2981346500685156
0.636296561125336
0.5588419968014273
0.2807625157963364
0.4495106021714159
0.19855241676810975
0.23166626455948425
0.4921779533914552
0.4797116707233505
0.27773393254920387
0.6617965010849076
0.4258742125360244
0.6469398488348485
0.3748427720802314
0.35034233609751
0.28485920075948945
0.5027098212873844
0.6655026017237755
0.7007745005064172
0.5493008885754513
0.48045207741964113
0.6243411479849558
0.47371664236965405
0.44137693429639335
0.7108375506318845
0.3509354028424103
0.42031488921860427
0.47960943424500546
0.24513855198025758
0.569511450763751
0.4335538819801208
0.6491409088286146
0.5514022849732001
0.37971416889597864
0.2775106335979075
0.9811278557043188
0.4030730596577552
0.4477781275724888
0.7209765908938975
0.48411360227972067
0.8007953200460195
0.2117309690738851
0.37730004304252973
0.5115821697326899
0.675756118491662
0.4765238266608044
0.40022283282802007
0.6094525487471999
0.336783914604017
0.5041312307386324
0.24082353546660307
0.30864634144145553
0.3494964403364099
0.6603030116660056
0.8739636518676765
0.6952916537678304
0.3229774718754632
0.467324287650849
0.22112033166020628
0.4802901193463113
0.2836088839021944
0.3416441967033864
0.31886759289292343
0.4757974381374319
0.29390385083670634
0.4482635467988061
0.9825016258989476
0.24947457596597866
0.9877347068214604
0.4542579281681691
0.30803638999889327
0.4266389507658548
0.23117958031108876
0.43814446527958206
0.40516609595053543
0.43215733241456444
0.6368606398956949
0.4060648595530192
0.4381663421780817
0.7271011338543496
0.3720991008239771
0.5538029402684177
0.4639470134515099
0.21949542625519203
0.4929017088240579
0.9827700670203229
0.46167781036215794
0.3475209694379344
0.4802772651457947
0.38614113283646534
0.15427999088618027
0.44503822998225406
0.2849038367388783
0.983550152443982
0.5155620736658846
0.45526657652992464
0.34483887738987207
0.48419323405158254
0.16490022999659681
0.18541458821683765
0.43184954682146903
0.41705829214916035
0.529582057735775
0.4147375965931397
0.5051971681540451
0.34367564842029985
0.21732329296701636
0.45926011320642524
0.42411635560721883
0.44652727786173174
0.38837270692637427
0.2897067425084592
0.2596584474999072
0.404997525078173
0.1618850163078549
0.6115815447434534
0.4573281800925443
0.5401536117344307
0.354641397466138
0.3135973128415588
0.23145939312962116
0.33286374234692007
0.4097862598874151
0.47157698322147645
0.4340906951574458
0.5516542911241322
0.3437253804953655
0.3227795433306999
0.3475562044616355
0.6044281645664719
0.39206200407255243
0.39041785819842467
0.4114458092668227
0.47004643889872977
0.46195440078339456
0.49759979461136516
0.2512243085262076
0.5062689340401917
0.20298163349734877
0.22685645734666204
0.2900703175742121
0.5581005638407058
0.6792240598708499
0.5460595870721672
0.2638332986408043
0.6036734901246308
0.5414188184192315
0.5154741858263626
0.5614087215430134
0.274382666257881
0.49508625427955255
0.29319031878485136
0.16605593124102713
0.3667663898367626
0.37242805172984705
0.5296226072550807
0.6196416267971835
0.5575027428867904
0.4742918579666382
0.36876807368759557
0.5406676212083572
0.2722113919960837
0.43677147418729234
0.40722696703612615
0.5640376499720194
0.11809997862047927
0.5557092968207192
0.12731632986243224
0.3361714222902944
0.32193491947349906
0.6735605810346238
0.48091557953368813
0.25427262449475885
0.444800164529896
0.4640130963459739
0.507351240998521
0.5053707411117452
0.6555506251837582
0.5287939994228034
0.2842422357895322
0.22140701302506915
0.37714693204187233
0.2637821155569482
0.20616378099545918
0.461719652445741
0.2288837394962071
0.16622342784911448
0.4057911304489612
0.45425192593626496
0.3099330822956945
0.31972175938666236
0.39743279730527714
0.6340864808391535
0.37196220494343724
0.6355991738323467
0.5009694311043029
0.2091916569622425
0.6581965447879847
0.30747705381571366
0.46220528514322123
0.19143561783568086
0.07920046343509968
0.4993933634830656
0.3985559915658966
0.50779098173953
0.530413272721305
0.374154271478752
0.5169682212175791
0.6754481882649377
0.6243411479849558
0.5110753124037257
0.3656027177891825
0.39179056772577436
0.5282812936821418
0.32049438332443747
0.43988359522987897
0.4986034756820703
0.4901724887346154
0.55109251348411
0.6416501753405164
0.19030834583965017
0.2989260172114966
0.5405013857378871
0.2638093586486797
0.5617944514874917
0.3929883010739079
0.4575518947141973
0.985311148169631
0.49612804986261405
0.4929529535456172
0.48108779668390944
0.5845556133029164
0.2561117804141063
0.5181349642312587
0.5396980721955067
0.08788933131400078
0.26877867637206465
0.3357616412345503
0.6267744497214534
0.6612049129847428
0.0844435944023827
0.20320240095297648
0.1783007990182437
0.5559770322479346
0.2056271357418018
0.3409508279764045
0.49876327347610794
0.493324063847439
0.46474660904768306
0.30220812760463145
0.42513980777514426
0.4479453650401075
0.5692333158151021
0.3039654508463274
0.24254775283321472
0.43281333764612273
0.19557083772422312
0.27885720609488196
0.018163289911805824
0.3520676471520128
0.2791476263308663
0.4504109794883694
0.16577335099162493
0.29890990589677635
0.35049347528872665
0.2775566542550576
0.5396907656697971
0.4678522978903511
0.4158180853132718
0.39453349712866725
0.22110361352172836
0.3262776179861464
0.3674404422050219
0.526013118489497
0.516689096966072
0.5928140089346916
0.13185194108643317
0.49977650607050383
0.06487308771425027
0.2951833658860128
0.1300521386754444
0.4902972185103678
0.4792618561970141
0.3521350859760084
0.05307834378726284
0.5072377226426649
0.5896789289138373
0.4835805915858111
0.4043859611151662
0.3420083220767094
0.697401144427286
0.22173715047284182
0.4786654735829454
0.472442846189981
0.43652606457417464
0.12658814504174842
0.137306104888407
0.4144654942684949
0.976906143963656
0.3722227784058585
0.4851485807462321
0.24674343897411877
0.5133544348826262
0.33075620794252436
0.5655567886700708
0.3988195979774033
0.2627929419047955
0.28449605207758843
0.4824338747340018
0.6122213783711632
0.40431741879930794
0.4692257149358201
0.30772381134274207
0.3870157321142299
0.4727937572752312
0.594816041444951
0.31651198147808457
0.24856934138656273
0.5203994577283355
0.41385018863586076
0.4840416391016218
0.402254087541281
0.32548140540426984
0.38890987528672905
0.38936923086822417
0.3959925157824311
0.2728054056350271
0.7911527674361464
0.5007791677446901
0.25027215391217017
0.30181517098227495
0.43792657005054236
0.4850875926279202
0.410039764009713
0.43107797756364785
0.372676754971633
0.5755621547731224
0.46950925496676066
0.35614546412031967
0.45818584600766776
0.3393337789961718
0.34893107181061755
0.5295199007567954
0.592822756228297
0.9791275727399668
0.5372642822553986
0.22033117561819482
0.48560659393612593
0.5877233520530551
0.35021110709120373
0.13931829512536487
0.11297802281445979
0.5203390069146934
0.5073577410860787
0.350255370344835
0.43092282855469133
0.4275667902238086
0.013236109517132388
0.4897604394563544
0.21436613055210185
0.6272690885207524
0.5995377619889378
0.39202346206083716
0.6484962186909302
0.3080459979274398
0.6150864772788638
0.5820837302949755
0.14110503304978506
0.4188931955184132
0.31294365238162314
0.5474116945757487
0.5439068431827857
0.5865345932754342
0.6232781816252518
0.39460706893981035
0.44528485220693315
0.47290658402863583
0.6852729985271886
0.2883384113450955
0.5998878086819353
0.7539096710658133
0.39938427075432315
0.9856604691458167
0.2563035356867852
0.506214511897065
0.4605386356218386
0.9871151709011228
0.4732654764473001
0.37032048343068524
0.4151710796445519
0.10375298827696011
0.4908552683934463
0.3006045446261453
0.44194793821026457
0.6747782061285902
0.30365438992931204
0.5443585462873406
0.27530950580970925
0.5744750600757105
0.3617646228389336
0.4939492109986029
0.36885106462529005
0.5264921914679928
0.43318138199369716
0.30302118662732236
0.31815763599397606
0.3658587335775111
0.2165382638420208
0.2043031126237589
0.3726130861541844
0.40267342858195354
0.4690627629018205
0.5150075156988011
0.3221397863349368
0.5089550616162382
0.535011746241689
0.6646545592986904
0.2693717277265949
0.1323695712213102
0.3926930413468004
0.48964225123343585
0.73823738839225
0.4715594672533755
0.34697907800476324
0.34245253570553846
0.24603331568953213
0.6056600385834454
0.3550595166824273
0.15222501698965052
0.36601640716982
0.4312230437889093
0.4999889121341118
0.3866420224681135
0.507575255414219
0.413019502719158
0.6386073956549856
0.41452309662302544
0.2153617758405163
0.20711325396429914
0.3452837012102039
0.45969903595146655
0.35193874059790975
0.4413226562405781
0.3940488223154377
0.32109975622283937
0.5368848864509246
0.44827894357702247
0.037391308324132844
0.40392164494597316
0.2598838994938091
0.5147397436896686
0.4620637398320271
0.5455865088438002
0.5709234031260622
0.5575570210553741
0.3811685538379752
0.5519075209407395
0.3405824654835321
0.5302357862835476
0.3236968408851475
0.5212151354013171
0.37870124673595185
0.2854291455329987
0.14469881476987323
0.5791364934157286
0.4418973244639437
0.566225120971768
0.5629426812531206
0.4512628639191487
0.4090258671356457
0.45148435262541964
0.4372812932026662
0.38737405065854347
0.4914976634113146
0.3705407504312406
0.2882130340924721
0.41484128737869286
0.3482486199549647
0.44947491145496976
0.4087477053903714
0.25975610433355345
0.4596520713969905
0.257863918139402
0.4687258537530534
0.5708008415373576
0.5067670277341848
0.25925327793358366
0.6023820472985861
0.27413049828740155
0.6357717270719193
0.7098809577942516
0.5427033743894274
0.5602499789867255
0.5409546811753793
0.4422906523948341
0.311659784863504
0.4423743616014023
0.5687196217646846
0.47489885499412077
0.40972979772471885
0.5145122215243315
0.9925326243576849
0.5139707697351734
0.26350867251053633
0.4001520266209243
0.5877026470957106
0.3914558079053789
0.246833426793714
0.3982428023871305
0.21807802404636378
0.4560637026979256
0.5118129060462568
0.33355079148480526
0.21361922509376652
0.5744950085431999
0.4567764389537573
0.6583221236021561
0.22285040291805625
0.33291957111595005
0.4502374170400817
0.4687740762948317
0.45894395139136557
0.44755527609896406
0.7547605772637975
0.30102490289355566
0.4356622558351154
0.27521828168525286
0.35487931350127355
0.10820291950779182
0.5353009174780574
0.6083103312230842
0.6383186109331842
0.5070353577540989
0.42863030031099625
0.2467876128911406
0.5274948093082782
0.4914466390097919
0.18370007408982092
0.46492895140617296
0.6193943253065914
0.5566799641051328
0.3509747488495185
0.34912711124275797
0.4905859784395634
0.3992395938736012
0.6593440263514613
0.40347861169967203
0.4121141455705266
0.33014137665655585
0.48807646066245525
0.43991961106196953
0.35595682077068913
0.5915700276244429
0.3786210912368626
0.6036734901246308
0.47269920181832425
0.4605605318890369
0.450278951470543
0.17267485348031264
0.42646584071595317
0.3541493994456315
0.5429720548340866
0.5973692329709848
0.6087466348380776
0.9921123709043304
0.6150515087574825
0.6101843419560338
0.4637126634728175
0.39745824662472473
0.7409110573909716
0.48042730058429095
0.5656818887861497
0.42496265368323394
0.6093482523958276
0.995799507995747
0.4449156701283449
0.5524479034823969
0.2641356770106207
0.4288389921883632
0.24836940132985597
0.8269987935620801
0.39563959726454945
0.3377037239853572
0.5711804484072569
0.7183898738201724
0.49626983631408683
0.5576402433147041
0.3079812269902723
0.16114323152741805
0.4418652102193219
0.4300253334469043
0.22884935591112043
0.6729449223980415
0.413236014302086
0.2266027538026203
0.2373589453386198
0.3445530568890339
0.27899688675065426
0.14020159327676152
0.3455220062974552
0.265814632028346
0.49634889266016047
0.07289087317798837
0.08738789253552581
0.2559329549484133
0.6114854345447609
0.6319727985904497
0.537605451631277
0.25068428124915165
0.4125069577576542
0.7096895408589358
0.37622974344436044
0.30821700530550755
0.30159687686227366
0.2879913768193916
0.6309947373746416
0.1799870402354775
0.30756322906470934
0.49185691349659155
0.48602009903252386
0.9885292708381651
0.6089908773062855
0.5451762803859088
0.3699437634034899
0.6288021313467507
0.4347696810421021
0.38338563152597493
0.18438697090049172
0.27471373912709685
0.19830839680227896
0.37508670243954
0.977864482307104
0.30372876011726757
0.36210533127664823
0.4360098593518611
0.21596247448212147
0.4376300642675325
0.47527311604843714
0.2053023546757995
0.3729179577775361
0.28698952374481523
0.24731082807323246
0.22649837525648953
0.13690982220556336
0.4748451311619857
0.35561869596909945
0.18312910409532246
0.1662179808036286
0.9899522775724201
0.36391081071429965
0.06937352772430472
0.46409260404009567
0.3616262558479526
0.5808363396938037
0.14017216905971353
0.779842420711868
0.24589797640704913
0.4470584684630151
0.35699474987018176
0.13834127602726154
0.49959703228687513
0.4508882326205217
0.5225326278232687
0.3455220062974552
0.4331706244760778
0.29886249944496623
0.5049681000073917
0.23380957062341845
0.4296543768761292
0.3453585600976472
0.43899529645348356
0.3806453535677876
0.7864840241731308
0.49849565303047183
0.44814154148184415
0.27541142926698015
0.4209810238640077
0.24340057045852614
-0.04639147730053117
0.4746277791976947
0.26240052073466336
0.33112172408467777
0.2706321510022117
0.38927523445768675
0.3743511450821063
0.6293339358057424
0.357316271261521
0.20723761743082014
0.2548137287647517
0.364640079196068
0.40072707597695967
0.28373247154482095
0.711184069426753
0.37464956431955043
0.3970854065599836
0.43800086224943
0.4273650938865019
0.30009372394066025
0.4766586763502897
0.3390251318888169
0.23391307511777948
0.9920934806455564
0.5102161402839266
0.6250537896711733
0.25291029553037636
0.47556577777507236
0.40640359436883466
0.2466424964153927
0.2570859993076473
0.2730163842263885
0.22711906830608153
0.21873607866835654
0.2767365554435086
0.3002056590198243
0.2479406399839229
0.12404897230983614
0.3077404953226812
0.3654719854371069
0.3830246666800836
0.4207184386624634
0.06680423047431738
0.6194922845853421
0.3864714137441948
0.4894781271338242
0.49897440107641833
0.24553000205480568
0.47032761908956133
0.22588333474947997
0.39646385340269097
0.5700218899485524
0.25331785826106257
0.977864482307104
0.3978315562768866
0.22918233632962504
0.1324725773331712
0.2772012073050141
0.14594729879264257
0.140974232578579
0.11408677571397263
0.19324604821972324
0.3170340177609645
0.3231073591831799
0.3674139216263381
0.653455173577305
0.1537187606656203
0.48174732025227374
0.7452007359373951
0.08048807204127018
0.48840773463054543
0.2866782039994774
0.3767860979953933
0.5600371286984421
0.4417457977139586
0.49287666762744076
0.4547120437298956
0.4298783219211524
0.58772818972395
0.052444635293885766
0.24230326811471525
0.2324037986624734
0.3433656800541871
0.3048321189024106
0.31140025278805217
0.49293255195078745
0.6429589557796491
0.38199526883572477
0.4127773794244012
0.6101285210255105
0.12497238558299939
0.3837731834962681
0.3423430348615736
0.2444182688217491
0.36936731630986486
0.20497013617583304
0.3753612294253028
0.40849710044407406
0.4924621207057557
0.25983924929207747
0.47610130033922526
0.3283499696839488
0.2443684824289336
0.3878000661482516
0.36195678533623266
0.4117377906761648
0.2873338693199
0.2786661542454485
0.3299130341060179
0.25508604126888934
0.5127716536167176
0.3354234669251368
0.14354309681195865
0.3223297636555942
0.5912793808165877
0.5238810550955284
0.24768797688085054
0.4128702862157705
0.6543369667690669
0.244310394084155
0.47781846112214654
-0.007257254726894313
0.30276645475603225
0.07730494216946548
0.5131185021328579
0.4248262504148773
0.46902613376728874
0.2403800562109627
0.31715386511087473
0.41110106796090484
0.43690094743828156
0.191105572652724
0.39951715725998693
0.33594442368552824
0.4800172618215106
0.027659995391382308
0.3429852758808234
0.3470140744471558
0.6555262980400867
0.3984587311756864
0.5741548437128392
0.31227627349693987
0.20551230283303168
0.14874735054072685
0.5185998861900314
0.2942628510980425
0.5068595489919272
0.07477693512427463
0.39323378174759493
0.3311496741973836
0.2887306550299169
0.6275990345390496
0.2110697811519322
0.6996740503516394
0.46772439215136363
0.5380274969774614
0.6734158436834355
0.3723072927255078
0.2548137287647517
0.49718737317860295
0.33657144309952103
0.41285424629966205
0.4990715515325461
0.554719897046192
0.49381493019789335
0.22480619249200084
0.40258812840017544
0.17014800671119135
0.6153109280626374
0.2324345554812315
0.3131060975945196
0.315999108073422
0.23192853998103202
0.5808385611358655
0.5011342049970512
0.5832236089534885
0.40874761279021166
0.43840766399598674
0.38610508249605213
0.46075253320346
0.7344263077315633
0.3236366990639661
0.3256138260913566
0.5704592703945222
0.3456490685019651
0.42011438357249586
0.4677781652805806
0.43195600049702343
0.6035582153531863
0.42023648637965827
0.24920507615908016
0.3681201169298767
0.7311736056982238
0.5634796373037212
0.4452239808817211
0.47007152321177825
0.3502983695587991
0.31418785492420875
0.2587928275042779
0.42048769623667215
0.10330599936203577
0.6334672254304743
0.4128387629141288
0.39895238723289395
0.2536372738536158
0.23415164390432464
0.3220369685089851
0.2568564498409375
0.3810580737408753
0.3181438340833388
0.5042603941809694
0.5346687546221975
0.45178492275882587
0.22295565591182331
0.5631532173825721
0.36509675152980225
0.38198398326200955
0.5137978819287717
0.38132413842823754
0.7065516935342264
0.35513149525823917
0.32499564428900474
0.1177826054795712
0.3846802169847625
0.14052859753785496
0.12053603755760034
0.25930335838099605
0.31007875048564393
0.29748266909329024
-0.047232547590535745
0.41502500238042783
0.3235557040230095
0.32882374893233823
0.46492055211726
0.3772215397012052
0.3515314851914616
0.25635784197218836
0.10667779516986364
0.2806522289831216
0.3701108261505285
0.26945792705543425
0.21179637274554053
0.3714796833381008
0.17396662366074245
0.16178546549506034
0.42684782789494646
0.5209544582679337
0.3382878828288627
0.28065032317058203
0.6271976381660429
0.13797968910782665
0.5387672985870007
0.17068687367365465
0.1339455503356053
0.2940649787168139
0.28537436484619083
0.3805085168807064
0.6157349123903598
0.37847209717433095
0.3466111049196432
0.38478824767418773
0.25974699234339294
0.2216903559078356
0.5904723177917918
0.46575614914230545
0.3686344236618715
0.22864815586054932
0.29824123345205966
0.32228682388269203
0.7378556731230947
0.3049590173709624
0.38987522654856477
0.42879837890816686
0.09050005987911058
0.45646873502692786
0.3589718272734097
0.4322137078632866
0.420902834123418
0.185689740779583
0.2343115330237685
0.19167318396070754
0.47048839197119596
0.38396607032915075
0.2170245694378885
0.26632527585148513
0.26773734781544567
0.44439416996599945
0.37316581720919006
0.166688229049333
0.1931828440996619
0.36962830632351074
0.20295230406754405
0.3426377061340464
0.603499740962325
0.29504480009423983
0.23625880688567746
0.3967572507597219
0.293460805097155
0.3566328536226211
0.26678396023898665
0.3863265412506489
0.14798594044159075
0.3810368253041343
0.3938658649155129
0.31106984115555547
0.35876794577455584
0.3370409286031557
0.3962087520949801
0.23722332205846142
0.3477235509037401
0.40612173355061243
0.3341392664671
0.36437916534279324
0.3615574023365393
0.3761805807953059
0.3191760292363036
0.39488491162328676
0.26862891127742927
0.28907432345959294
0.44629670899630036
0.3592487257420125
0.47231186167896133
0.5646513603762742
0.23838794029175503
0.23327443064060094
0.40937736576992956
0.2833137609322627
0.7291416773906846
0.21666469939312893
0.4415702595039296
0.3621358503013955
0.4414798019638273
0.6257180704768157
0.7194774144840532
0.25123604014536405
0.2230872348054056
0.30380687250386074
0.18147500220614665
0.2577465482507255
0.7169395144248447
0.022092016270106152
0.3919891675803815
0.24964512278220863
0.45195509818247936
0.32456437450936293
0.3775791259804582
0.30660149159905226
0.39244887876339596
0.4590274394324385
0.540818724805445
0.1179131607563797
0.648729390577856
0.09899955154044249
0.3078187263767609
0.8710188137832271
0.3729179577775361
0.7821242232120819
0.45313150205857067
0.28340289083822556
0.4339008036217227
0.5419087933059912
0.3566328536226211
0.16225365213524678
0.09500883066912136
0.286120223245782
0.33758735021842234
0.10103138981467019
0.33837678052565523
0.3475307484721478
0.35781349542897245
0.40277551669995315
0.3229611053892345
0.20023930380428878
0.30494441708295095
0.3778347323810135
0.9888728436922049
0.4898988464414359
0.5605226951995129
0.2176087935098585
0.10741705122290779
0.24982387361122327
0.5209421045246867
0.3645962816397378
0.3372355689783054
0.6584283104847696
0.37889003186381776
0.32091417214478823
0.446743460861064
0.41787200206274344
0.4844147527465654
0.26818235123409173
0.12788699091198108
0.46342448952151283
0.3838706270402892
0.3011713164198573
0.036972597239072647
0.47981692307727064
0.06172840613921582
-0.053593348087238146
0.4734263226955947
0.31677320636053574
0.24619501176248804
0.44643868158014355
0.3719384689785452
0.35549990536810117
0.4155200601973117
0.4601911210146419
0.2731978668209589
0.5030198096075583
0.4499304203868756
0.5528622002047554
0.3259563562157137
0.32880043006766757
0.34856750007413695
0.19028060541817027
0.3154537789814921
0.35323565354969055
0.2565108567402872
0.4778690297586269
0.26450599987688994
0.7136014845436747
0.2895333737610075
0.5988087938291726
0.4725595821200109
0.441461060280959
0.6556719927410676
0.586152938451267
0.5022567487649869
0.41425256038484215
0.4523804630756785
0.49069267233487457
0.6053659911533337
0.3370221812232863
0.5119159173767844
0.31324075112424876
0.7058523325972337
0.7491798961202613
0.28243582741232887
0.47357320443444784
0.9828139687828319
0.4399588912247092
0.24275431049860163
0.36857911620925
0.47148888148801327
0.5397280341554291
0.49767668733173465
0.6209792671706225
0.3592181772384938
0.6241162964171025
0.5302588784948158
0.2511327344043994
0.5917140947408429
0.42425349737761053
0.3717303482341162
0.4422804557737573
0.3960782230585371
0.5931417136503253
0.5012626504282571
0.6853556723681195
0.39152095418603117
0.4679306947028524
0.41458669128172265
0.5983716202895673
0.623412794287468
0.6843415314706615
0.9925326243576849
0.47476487943658485
0.34868367104416076
0.6084492512757143
0.6220775110880759
0.6428309785823755
0.5970730137364842
0.6466922852806398
0.4808006269452383
0.5130408526876048
0.44461724038296546
0.4286900591459446
0.34374535172653653
0.22281610394747609
0.39257539992919166
0.4422305551406126
0.4795782303749445
0.28253397606069863
0.5508714750202282
0.5658225916112072
0.3654945567266308
0.4969973862064475
0.6167220880456072
0.4794477615993079
0.38668960561856536
0.4839321945517625
0.5085065410922961
0.3652639719731595
0.5033773999385434
0.6489101211818116
0.4446881124774781
0.6746151453425393
0.5425142117616965
0.26527840540317194
0.4175465809383143
0.23992486642149213
0.602505044546491
0.388672475471898
0.3028130018463978
0.6279793284440356
0.33014103401347505
0.7380598859749311
0.38717562713588105
0.47310021377485556
0.5297372294157467
0.5036920697984266
0.8415875317435608
0.4509580726695378
0.42887032989654483
0.984415785715277
0.4687364275666871
0.2962412314058075
0.3397291071230297
0.49126696931951397
0.5419337376557625
0.5301836893868285
0.38014645478116105
0.4467735498639954
0.4131768094343009
0.5909204574395753
0.6617919557778522
0.30598333437847924
0.3464082118597327
0.39873170065126773
0.6947991454926667
0.654446914173015
0.40767423385875234
0.34140123598992955
0.44367133620041577
0.5698917825887844
0.9972764657650997
0.4287920429763511
0.3735881409973312
0.39325887383063995
0.5304009492673096
0.288840207008761
0.49550593026927703
0.38016301260764007
0.27758876894482276
0.5576283644411619
0.723278959087106
0.8554834565326153
0.34989428492243957
0.37257848517131853
0.5080154984263813
0.3540179426271721
0.4153428789782043
0.7251587236430574
0.5927827495636943
0.6622708106215588
0.4553474224053957
0.5531057175075987
0.47878807979486215
0.6128291106247438
0.4034578384276941
0.2517811654034665
0.551973467509925
0.6795082019656216
0.2451741179229172
0.5650418771058426
0.48903844716450207
0.9631261430885489
0.3207127344807146
0.33483148265641793
0.22834856779457324
0.5585107722297706
0.501861835438239
0.44597053423922395
0.5376967567806432
0.09507876357010125
0.7129268123952847
0.17738466500143735
0.4690284740561589
0.621564636329481
0.2795494036256373
0.31923911817719497
0.748655765941718
0.3903029146879221
0.2835786220163502
0.670940607952537
0.6309304871272134
0.40021560793835964
0.5298228482707419
0.2998103776428893
0.6554544929447305
0.609634523410177
0.2724707918796887
0.45153209350549783
0.515878689412018
0.540828986602746
0.4699586575671133
0.4781317771320851
0.3983215727099704
0.6261213381217166
0.5058391978188558
0.5144690476127695
0.575294129183932
0.2614742441912008
0.4299995924093244
0.6627331681596674
0.6334553786589276
0.30274931989737797
0.553713646181335
0.37846819893012806
0.33379760530781777
0.6262619400584091
0.48499605142130675
0.33220436712378354
0.9820007918776528
0.5313383206321323
0.5468545385640251
0.22854483870600173
0.36552342355750866
0.4857937282536826
0.6825023060668653
0.7235059899031582
0.8305691467927532
0.4185459658434768
0.8189184089745917
0.96846739335063
0.3500762086489444
0.3590925095437292
0.4397405678709607
0.4692416681302587
0.3837937792847945
0.543824954899462
0.35567094527413334
0.40774085735743026
0.8262598188976298
0.685145271778461
0.40826983255249005
0.29256574411789227
0.4227070651928224
0.34353461137661045
0.6794182495093388
0.4600328846137859
0.5430446107846763
0.5533891481276195
0.6122601304174933
0.4706045698935021
0.4619385216504056
0.6152842219495475
0.546013464897059
0.5557712071790544
0.29423774267427083
0.3257198910522545
0.6769948126063259
0.3978865856959628
0.4764181973881547
0.532839578311364
0.6227040983839989
0.6478081834521636
0.5944857481044419
0.46258131868854035
0.579074025096453
0.6549834710834406
0.36278682772594006
0.4348549000370463
0.2254219395392948
0.4510694043168748
0.412187470188653
0.31758716587918245
0.24544805735475683
0.3178994347844628
0.2392288005554004
0.6061727530329629
0.7689206523297016
0.8649394498858991
0.7326283327488232
0.4023552726919468
0.5319910887157602
0.306636959730171
0.4372209826726905
0.6472258567280184
0.5573014214838722
0.27439973783289195
0.341804476389854
0.45828225946776735
0.46932121932937054
0.7928164119503307
0.2725148848229606
0.53935614667665
0.4907942486889483
0.3044436892989224
0.6711343167167947
0.5078897892814758
0.39374677629882093
0.7005770037579704
0.4995174553274646
0.2999382278885766
0.22926903303313617
0.987915970001686
0.3988047481607331
0.4217660211950769
0.9211529560277831
0.39458331318363404
0.4301625293799145
0.547597275456608
0.44810731133441584
0.36629336368457666
0.6601578586773919
0.6823848990429873
0.3524029974260605
0.5064810540181887
0.5799741945483972
0.45542304804981004
0.35949302565656327
0.4927345793718185
0.5623041802373174
0.27638710193432303
0.30057586534328073
0.26203957539286094
0.547294943264708
0.3131492004158667
0.6818457841594564
0.7006102153372324
0.3693294878556346
0.24202246451894416
0.30111182326511765
0.5702193050855524
0.5012533347922455
0.6966775736429096
0.6359401050439062
0.4250059825347994
0.5408731180992751
0.9952791172246489
0.31469433127034185
0.3424622689962904
0.23360073517823476
0.8088871725474939
0.47266199123905817
0.4205681158209388
0.40372375279742
0.8530653629490023
0.40315280357509187
0.3388365544668851
0.4711963958502843
0.2294833526313229
0.32990054450162143
0.47358077784691044
0.3235189300174103
0.3198411925346474
0.3854556853823
0.311143112382528
0.27577057805585703
0.5888981643051464
0.32160334131931423
0.5307989572113623
0.6072550117392675
0.8096484078068675
0.5923405199618945
0.4786665098230165
0.45984141239367304
0.5117176810823731
0.9767988075191336
0.5486514672401615
0.6707657663447661
0.9871838001482324
0.6382975628702587
0.4913170099644688
0.5778265706434758
0.48246384313099966
0.5216472237222171
0.3815716299450591
0.5262483573652084
0.339218494778216
0.5735647227591625
0.3054900624511807
0.4127969078322169
0.3668429242378748
0.6022584547779518
0.5038569557924875
0.5590606867079013
0.5126401020726112
0.3201813519372657
0.43758679142111734
0.5455264259676906
0.25850467706745095
0.34227492474682353
0.4139784113589524
0.4235668835372999
0.22350666582562462
0.5424481648946614
0.3005803825533837
0.4653765837322408
0.44716217753343224
0.27610577396231895
0.3222372145790485
0.6898788110955867
0.42207082257213346
0.4738095777753649
0.566661169738458
0.4487502782944036
0.3850286678184329
0.5284553906676717
0.4294423594250012
0.42259005654024273
0.4034327490543399
0.15190379640226226
0.3274436732559943
0.983550152443982
0.2682261022949687
0.39918167826815487
0.353000465881786
0.48544675372370993
0.31672392045485953
0.5569958004200333
0.23349190776071338
0.5157907444748205
0.5030010693454006
0.6277852498367421
0.6306438897966009
0.41358226293770617
0.6517063988636013
0.11245738936564731
0.6330219568571296
0.587295945550131
0.3476896277914162
0.2799310889783503
0.6975249046240707
0.47447935064965774
0.43883876945502764
0.47917742491935
0.12992675452490998
0.2542683782514433
0.24102726535851793
0.2669585308065823
0.4714304323728592
0.4511491185447297
0.3986362347137603
0.3185735817537704
0.6846338996599528
0.5353854529873763
0.6445501965044312
0.4703360939944179
0.2054194235479827
0.4231073236638174
0.29649895450602703
0.41741623839038067
0.3699527188535586
0.6313833969617735
0.49599907319705716
0.5675851946896058
0.603754156027667
0.5497594763979228
0.42663160933783273
0.5249884721435769
0.34938371460633033
0.25895346982291434
0.6269217888557606
0.34138930527646094
0.6069095758859462
0.4431837982287221
0.511980574197549
0.2703177396288563
0.6680090667480836
0.5788590426389999
0.37731007279290674
0.26200226584861297
0.5039873679534613
0.26614870068148433
0.6005391907226169
0.6028686980851183
0.4182253815673548
0.3247494836247634
0.3956436722256932
0.23921658565566806
0.3724359846923453
0.9826377549865419
0.4052824437444955
0.445394138430832
0.8367236381579721
0.3177396253141773
0.3514640112454269
0.6094458179435469
0.41744969200288795
0.21219295817759087
0.1962932369603474
0.44683517141880524
0.31634406928593806
0.3071494871444588
0.4029579670926362
0.5439760775775119
0.649252108190146
0.3470265689323122
0.5540504013192066
0.3425479867482961
0.3908655868640116
0.5746216788188878
0.7590142739749077
0.5962644478549106
0.47441395789057317
0.3645853275243168
0.4085250458843531
0.3185505882750539
0.45040250429741946
0.482335509701712
0.38490575611300737
0.41093150701853354
0.4452739017279066
0.5515122515756088
0.7154129692664473
0.637684540207597