-0.07319578700618656
-0.1340743892455285
-0.19168694855494217
-0.09046217460978712
-0.09642317408797396
-0.13833747619627812
-0.2533346600015589
-0.16300321995143396
-0.11603195546725109
-0.049921668548966736
-0.11140073126834915
-0.07948268436711325
-0.1445897560938758
-0.14349416762071066
-0.10534904617264496
-0.12602266646964289
-0.09709048757003202
-0.031161776749417225
-0.021936750605583644
-0.10120026191297438
-0.1705627998325241
-0.10561065052396934
-0.05594191241327051
-0.15983654075595943
-0.18780198861003328
-0.10884263732740762
-0.1078721226260162
-0.039837199022008773
-0.13919412505988915
-0.11323675146551881
-0.11921190050228914
-0.09095415366640003
-0.13589341084056583
-0.13667931433894442
-0.13935041972361484
-0.06873882021177558
-0.06819245697645426
-0.11339527053461129
-0.0781915479315467
-0.07153048098604531
-0.15566205582799197
-0.053863123165283966
-0.17209225770043934
-0.11440260669620339
-0.14490009755185018
-0.22518065678896315
-0.13628050483537613
-0.09715065403965273
-0.09329177755193285
-0.10562642269466371
-0.18330443556514342
-0.12113928500472948
-0.1665738654145097
-0.16244001435294875
-0.11790091888694443
-0.1865424312500239
-0.17305550774209655
-0.17134652870280886
-0.11085953065413245
-0.09875793018135726
-0.10779257414560672
-0.20429484399285824
-0.06836123305332631
-0.11212905071344959
-0.09785729800333476
-0.13754414586929142
-0.0715969867631252
-0.14258909092277205
-0.09957133831385923
-0.09000743495196306
-0.1167363358227207
-0.023212659902426935
-0.11668299919554892
-0.1893426062461474
-0.16854383403665674
-0.16701342834804
-0.018381668067230406
-0.07264167753606854
-0.14591904347215623
-0.07631259877317387
-0.09127110623204526
-0.06804410867103372
-0.12257143884098731
-0.10861911368982602
-0.15132065830607577
-0.04020300938382926
-0.07824146426023937
-0.15709880782408914
-0.1519132160803447
-0.17863239677911702
-0.11131527531201346
-0.07699517938077172
-0.13776432941425165
-0.040186241753122465
-0.15790698783058854
-0.17158458563313173
-0.15887800570857036
-0.12180936436742629
-0.15136584043362022
-0.12656606108364232
0.06769319854481815
-0.16086719852188103
-0.14283080834911033
-0.1969614470321579
-0.1151804403458927
-0.11336675546671238
-0.1710326551003858
-0.15414155269342888
-0.13761421729704493
-0.15827381588380196
-0.17366748504395435
-0.13946501631649877
-0.15041631788717336
-0.20356021582505646
-0.14469382405961473
-0.11434383222798505
-0.14352179993051095
-0.12429187596392377
-0.15343745437152778
0.05250265394186304
-0.15910120756614443
-0.17841594732538968
-0.15307627204009533
-0.15866125565675104
-0.1519582924685472
-0.13208952044495859
-0.18428974488547967
-0.19542704818901324
-0.16350239066253036
-0.12991164321318527
-0.09685697640000557
0.042773543292144
-0.14408036156274684
-0.08436589723480115
-0.09640406307677285
-0.13067941875479816
-0.05599062071350103
-0.15301410676585658
-0.17122681173291388
-0.14336042335992727
-0.06946337458782148
-0.059214969080144675
-0.09955935118795356
-0.14244875816341374
-0.20292288580514106
-0.13498861278249974
-0.22533764398612943
-0.08433897607590413
-0.03082529875080553
-0.19525784859055229
-0.24456873330473927
-0.17430166777828826
-0.15457486367244178
-0.18696421643426175
-0.14929070238697606
-0.1465103277730051
-0.08155943840085089
-0.12082225608230135
-0.10121510108281395
-0.08796556120002919
-0.2473741863548753
0.03219253326083482
-0.1142064528892317
-0.19387654383226272
-0.18004774520851274
-0.16132438063624255
-0.11248928652360424
-0.08239288145154267
-0.16648302212552668
-0.1403328060335769
-0.17307849430854416
-0.06575381726836227
-0.059148902445705476
-0.17153991806037405
-0.18615997701507547
-0.17652704549429443
-0.1227287037929532
-0.0167377721074371
-0.17373981676866146
-0.11491667222610102
-0.15783933004873574
-0.15933963381754035
-0.19874027163126096
-0.14303957788808574
-0.08425102772518311
-0.00583618731430513
-0.14675617319886491
-0.14863337419533984
-0.17400084984559938
-0.11619293991199475
-0.16680739947267864
-0.11304531940409124
-0.00026060627839163963
-0.13003385186496863
-0.17341046524700743
-0.175842606833017
-0.14618549457628238
-0.11090656631683204
-0.05486005747251799
-0.17535247388451602
-0.1482904564128149
-0.10723618384381517
-0.007133255262109062
-0.17753713257611792
-0.14128524122745345
-0.16288241627115685
-0.1400198915620754
-0.15407810124783583
-0.14367620386429536
-0.12546148115978895
-0.08453361244731816
-0.13758393881731412
-0.005796919638623166
-0.12757282098949352
-0.11467063548769563
-0.15492163742021514
-0.132480433421041
-0.15373851282996598
-0.13317473124425905
-0.15529867417457988
-0.1595715472611583
-0.09995584822587933
-0.037003099679334905
-0.1331724365124347
-0.12712074182038435
-0.07858016548782976
-0.1479227272122292
-0.13371759929324845
-0.1953160992617482
-0.17595356924438832
-0.2943981820968684
-0.10739021418312467
-0.19358080365974129
-0.03596825449103491
-0.1658661281921896
-0.09438766387791131
-0.07929846295634047
-0.13378350950574247
-0.1374994521013968
-0.205474270790444
-0.12719914935172327
-0.13346995445963472
-0.1283744493260044
-0.13735790665255077
-0.1564181177874282
-0.11180383265031191
-0.1717312584234887
-0.08440702364327901
-0.16175191423694923
-0.1820221129192765
-0.13273351684424828
-0.19401241879619247
-0.18014101548322214
-0.14447562590734275
-0.13378128574182058
-0.15184176259338011
-0.14455835572129438
-0.16785271682730962
-0.17609455892038728
-0.017519840511838858
-0.11865105943620202
-0.15727171270724094
-0.06297058959491686
-0.10598166130992204
-0.1805697472825636
-0.1437389492158474
-0.15906149929962465
-0.1876284118262015
-0.1402464716815348
-0.18976625853192663
-0.14581574788860507
-0.1624830625366418
-0.14866240790408014
0.05250265394186304
-0.14368817233504028
-0.14678578164928258
-0.14871192873514838
-0.12392235021293407
-0.0826423487661061
-0.09424299276066406
-0.0860493282523862
-0.11625070098936074
-0.05206725293122649
-0.13712740192861395
-0.18281890236100118
-0.07400972588282873
-0.052837357238717075
-0.14747915823752367
-0.17572529227765799
-0.12012402728460159
-0.13359794228895083
-0.09603167550933955
-0.10719602118853899
-0.15952794353304878
-0.09399030489063165
-0.0862509506700766
-0.2532093871106307
-0.12303347089942429
-0.07794477639676645
-0.17907192770060876
-0.16645423602014153
-0.1256495792495631
-0.15634261429735474
-0.155244119900106
-0.09875793018135726
-0.1001669283228912
-0.06056219786739314
-0.07962622287764964
-0.08344472148284221
-0.1464124591859628
-0.04950473531439026
-0.16618037844604006
-0.18592421928226166
-0.17157241909961884
-0.12065334800655592
-0.12481999827623547
-0.21103091661874185
-0.1319039927758192
-0.15450647332366652
-0.09778695958542016
-0.11803149558402248
-0.1319908790088724
-0.09217531404149648
-0.1550529252375461
-0.2094882751990279
-0.10360282093561302
-0.15370184458305491
-0.12351276365545782
-0.1553501138841351
-0.09302206190659357
-0.029406419176788434
-0.16347864934785794
-0.059206988483589074
-0.061841927798525376
-0.18142289717315419
-0.1493557277715718
-0.11960047476354152
-0.1748886059020891
-0.16384053502210127
-0.10971817390593319
-0.021206691949167134
-0.172320633331279
-0.18458893322399472
-0.12161585596464519
-0.21628282565093793
-0.054252571414878936
-0.19819538578232376
-0.14192003786802632
-0.03726488562293295
-0.09818777589360028
-0.1897088083905345
-0.025095586466804765
-0.07946771376564965
-0.1352815545876087
-0.15976115925124557
-0.137050238506762
-0.2095364183041757
-0.16343568991577162
-0.12215409464384708
-0.1340892510734859
-0.17669276793148558
-0.12017431015006741
-0.16068278309861395
-0.14289353915849712
-0.12815743128338686
-0.2517511054933246
-0.19539529407614076
-0.19914811002986887
-0.034773382376539486
-0.06808597035489061
-0.14436238474477392
-0.15651254158053707
-0.1651517906336224
-0.3005403504381934
-0.1263650523392481
-0.07659498540253407
-0.12559193702651417
-0.16787743489072016
-0.14405019385797369
-0.1324549743143808
-0.12271607664996731
-0.028747695634692816
-0.17661474870271054
-0.16444914556883328
-0.11930203861809896
-0.22518065678896315
-0.13553472512818243
-0.07687962723623998
-0.06007306789991329
-0.09675734454328366
-0.16277718435527677
-0.10656480505986599
-0.15147941815191035
-0.11003710492058616
-0.16656671310980298
-0.09691207924071588
-0.13738829218996496
-0.17890807371242556
-0.062207490731629456
-0.13129383169709463
-0.10642516365172261
-0.15185534685862856
-0.13822897944438584
-0.15161574063750316
-0.07583369708844145
-0.08838942058862287
-0.15764973561288897
-0.14779067306895488
-0.1913435876066074
-0.18047849566183682
-0.19880543908171044
-0.10315255115359667
-0.09449581930530959
-0.16534163318028483
-0.1111298784217889
-0.13298618339970059
-0.15068646952129505
-0.10904916165869794
-0.1631502988380622
-0.11552999309290968
-0.20994780910044808
-0.10687164192306997
-0.18247916360754557
-0.16877469085529917
-0.13675599269531702
-0.13790211153072462
-0.10333509087370873
-0.08061074919120204
-0.12556454100082748
-0.15371882414611182
-0.12936074735194958
-0.06723171960962637
-0.027209092574193683
-0.09259202449310644
-0.14041390020764122
-0.10534632766314278
-0.17910753408099023
-0.047873481293129405
0.04859149703428112
-0.15927390428408383
-0.21039465034810312
-0.13985775146924628
-0.14905810891537685
-0.0994861394623694
-0.11056238028003662
-0.0076025319595827145
-0.08246500478921237
-0.08975073378813936
-0.1510442903974778
0.0007472021203565049
-0.1578890534393702
-0.1660462705978798
-0.1381738666038479
-0.09502907868933663
-0.05008532593061821
-0.19008694229557932
-0.16134489785281714
-0.12707714515966284
-0.08921400028725035
-0.14564921732063274
-0.02325942892343602
-0.08420922463370184
-0.14732979700339133
-0.17041247990286235
-0.2247436486212233
-0.10461121726059974
-0.11387877126333579
0.02063611313104452
-0.07746243154079036
-0.05897948997923974
-0.17803045239710347
-0.10980674328799545
-0.15094621035567157
-0.09540815836783167
-0.10908941775764935
-0.21955997437488195
-0.12846296031932258
-0.1504110949632218
-0.11309802758816367
-0.19808956717347392
-0.01464851794781552
-0.058987656883586315
-0.005853850413679584
0.037193613191384145
-0.1374453277034242
-0.07917049365525575
-0.13204855054513054
-0.16447618119294471
-0.11621253278824595
-0.10383544421603097
-0.13203878624489773
-0.05072589013189033
-0.09865162535528116
-0.12303773605262203
-0.1467464442281181
-0.14006126651088646
-0.19313388436355527
-0.1844880918508225
-0.14326658942070458
0.07473144826231781
-0.1880556627412382
-0.07532665927995952
-0.17324220355254272
-0.14270440070390356
-0.12128622134871758
-0.12845574133982063
-0.16487393442730336
0.04239537843138397
-0.14988109383376158
-0.14225371648133134
-0.11555433206846843
-0.12197668734369627
-0.19965928149808287
-0.10574509918281105
-0.17701290446964935
-0.12460223702058038
-0.10520234577552934
-0.15844139302709914
-0.1141736262522326
-0.1693148911329878
-0.08193898406069988
-0.15487024763537427
-0.1865666765975249
-0.18549990980274145
-0.2072013998968374
-0.14632362113531938
-0.12071978161390962
-0.13320813343630844
-0.18825654578712836
-0.1674891498834139
-0.19314944590737126
-0.1400773149437382
-0.13071102352877162
-0.20746323365984187
-0.0758653002372709
-0.10555961247840417
-0.11411771630952727
-0.04003723656088187
-0.12988567362110137
-0.10975529960100028
-0.14446519198519114
-0.21078308993692008
-0.13119721267838047
-0.14148634192820642
-0.15407804024317673
-0.12789329677629047
-0.16069182603113497
-0.22730274435446662
-0.06770167123887783
-0.1557312810080962
-0.16552797935496777
-0.16788923344718443
-0.1526385291599741
-0.16210659298778207
-0.17041992174679743
-0.11999653759491302
-0.09379324173788728
-0.12566387080355712
-0.0956250396756364
-0.16301997207210084
-0.1007484291121965
-0.13109831055519083
-0.15950378930213094
-0.09518458170471522
-0.12231377514505759
-0.13025730273426106
-0.20544445647202858
-0.15591214902336525
-0.12735029204369375
-0.1018934431741787
-0.14300048640407947
-0.14130358418777078
-0.1778978125232562
-0.17805437125074586
-0.17727369407792626
-0.12362919761098135
-0.07298536396861577
-0.08248270221379217
-0.12191079267887162
-0.31064797407250566
-0.1751810548881796
-0.13446486016020542
-0.16778833902385193
-0.18206257603398646
-0.1260237817492651
-0.11288338483567317
-0.08640205818495117
-0.1554654984327919
-0.1741597087080069
-0.15298301370468215
-0.17871203158650273
-0.12641958649970775
-0.1483077726142863
-0.225170462619128
-0.08961684610433585
-0.2098059810440711
-0.15908471650860756
-0.217161746811126
-0.18650384099227635
-0.15576218802092123
-0.17394008613941825
-0.03583262079197169
-0.16593276117465372
-0.11361788492923952
-0.14254475716830228
-0.17700166850140864
-0.1471850384747686
-0.1282456520339461
-0.04063995115862218
-0.13244399072480606
-0.0963759055146769
-0.10554041066367814
-0.14926054144675294
-0.1263065150274345
-0.13630054704152328
-0.18061042775132918
-0.20292511171668548
-0.12437549683756588
-0.09527396735825544
-0.17501505801607053
-0.17049032576237488
-0.16607634141127203
-0.07864789105889436
-0.10534632766314278
-0.14034249501726093
-0.14341376941772577
-0.15694129509117194
-0.18141942968265345
-0.1411041763191232
-0.04192968809239517
-0.14761091432330709
-0.16972789769313268
-0.13556605533004795
-0.06664810631388107
-0.16150421156800698
-0.20536401782526514
-0.08166797088756805
-0.1374190298115492
0.0030713001874700385
-0.1363445673637711
-0.20430179380618574
0.050150753945763515
-0.06583273237229426
-0.17933654042691494
-0.17588682373190667
-0.15840956071679058
-0.1782016289493349
-0.14899318884314594
-0.11956010029561592
-0.05810181103440315
-0.14426005297125655
-0.14313026498303172
-0.14216437191342135
-0.030034505698552483
-0.22041218409914998
-0.1387815216518944
-0.13739985174033165
-0.21832099534656657
-0.15733178810349857
-0.10846156612549174
-0.06059110711665161
-0.12271114914953674
-0.12632611885570988
-0.20127379818096802
-0.12434252826635483
-0.07704777519496808
-0.08988633669064328
-0.12652219144638188
-0.10514639736984943
-0.13417474215999925
-0.09624079425713195
-0.10915300692996133
-0.12624214604748163
-0.12881069157504532
-0.18882230951160817
-0.19329481346604238
-0.1120627287747884
-0.10139171837228123
-0.11775451773201828
-0.1698953280856983
-0.15852224682076255
-0.06857029609879195
-0.16926701698552615
-0.18893077868099817
-0.20549163043570529
-0.09226284448645083
-0.12123444008159812
-0.15359625491240125
-0.1433407103457809
-0.07246991969577365
-0.14565440278807262
-0.13589117873828527
-0.1789768607490565
-0.14234630007667537
-0.1808493043713708
-0.14856569658487428
-0.10655499805016566
-0.17656654862111854
-0.13354841666509376
-0.04629905061354478
-0.13431910808630265
-0.1582482866082222
-0.17300351912188416
-0.1413516153818648
-0.15480430354279795
-0.08123682930683396
-0.14926394077734617
-0.0914771830260892
-0.17615796473375767
-0.190864546147266
-0.0947254726540887
-0.1197447890775738
-0.039974809868017935
-0.14188779129643114
-0.14684456989634542
-0.18950757912952376
-0.07778871723424552
-0.11353907817915898
-0.13285841516521213
-0.02221257621839645
-0.15181615042492114
-0.1544479540043251
-0.15660906585993906
-0.14445374710721892
-0.2156802619192857
-0.16315284214051617
-0.14915730667620686
-0.13487605475169806
-0.1456998678500827
-0.11529028504974215
-0.10983356872819217
-0.21702333852341082
-0.19239665107405246
-0.1725621152525627
-0.13571080432090454
-0.23119475386216704
-0.08086943199157526
-0.20250827920807946
-0.1306980400023261
-0.15228436184854743
-0.15444210665173497
-0.21607295883491795
-0.16035515030210234
-0.18060340818751186
-0.06719877854502143
-0.1548415002900052
-0.12369885585432083
-0.12174304687898885
-0.15875955841806455
-0.15592583145019878
-0.07806120379957893
-0.15269624123963865
-0.11465750120005591
-0.16621744508189762
-0.18593905849222203
-0.16448943164604346
-0.1227800502852121
-0.13607585063291072
0.08055863040000677
-0.10271999094212925
-0.13718459603606759
-0.20716357963764986
-0.12339958122397787
-0.08965496234441517
-0.20491103106696107
-0.2535742646204855
-0.15203434070308797
-0.13018256810873807
-0.16727178708726753
-0.12726079882180752
-0.09919154505862027
-0.12288203944291975
-0.15712269652516353
-0.148598639362018
-0.14248919316237818
-0.14863765221414815
-0.178018901034247
-0.12937487003050752
-0.16237621702806782
-0.18562445759178803
-0.18618939758102915
-0.10610305887754112
-0.19487156633190472
-0.14904951348437878
-0.09812873298256997
-0.1206129219941876
-0.15184562184373362
-0.20971626664254472
-0.17321263185425018
-0.12860184949050968
-0.1709853069464473
-0.10186014508714436
-0.23265167570332546
-0.158516657176887
-0.21155860324705333
-0.21653133582520256
0.004705634527476743
-0.15684290493942377
-0.14222698821594637
-0.1740976695719174
0.08121285205874962
-0.1151804276791093
-0.11684807152820609
-0.12427364051533862
-0.18212777295907046
-0.16929835705875118
-0.1752137151167008
-0.10723343287325537
-0.029625062044890127
-0.15795584094184134
-0.18229428881788667
-0.151747704741918
-0.14254039472115876
-0.1784763095458135
-0.08690015216616898
-0.11105237271449853
-0.09604701951720607
-0.09432253663583978
-0.142297478799841
-0.2060819201214521
-0.14095101363945073
-0.12462341303545021
-0.09248444301004022
-0.15532366378947016
-0.15113737879608902
-0.1861456132496404
-0.12102881636411222
-0.19509632122275855
-0.14338661349438553
-0.10578654847407565
-0.15617273979392543
-0.18217974992471841
-0.2103730304627598
-0.19462569306466992
-0.06402724331032195
-0.035098387649219465
-0.09252669206797481
-0.13054620816414264
-0.17138518211521836
-0.1369467625298184
-0.104119891183025
-0.15716722561381236
-0.16610190913893508
-0.09607170669357723
-0.07707006858432264
-0.21411502372662183
-0.21356872308822483
-0.16684011595710513
-0.25301631335109964
-0.1787400793759737
-0.17455894415219042
-0.14125930213634086
-0.11907931150209983
-0.2228405934368225
-0.1641032996816223
-0.13545570633855175
-0.1756214907058511
-0.13251411059879148
-0.0925876861172843
-0.0627111305269823
-0.15365345108570683
-0.20370186155779235
-0.12635901779140868
-0.132114708011573
-0.216283086080022
-0.05852904213657473
-0.1116424375235725
-0.17918615613334854
-0.14007943279354995
-0.17911563521213258
-0.12761236393012565
-0.11936795112122467
-0.1134215960861027
-0.20641352899214693
-0.09416518929193352
-0.16693309496210085
-0.1224121953151327
-0.15670855769344616
-0.19297685786898966
-0.14193778045775618
-0.08537305168860798
-0.04594104641719032
-0.14465374080169235
-0.1304704477947196
-0.14623105298128447
-0.09663764397066199
-0.18524954711103958
-0.14859633089541946
-0.1673114712802206
-0.19580708234484057
-0.08754201081857471
-0.21021713033938827
-0.09233291931205545
-0.1774475419659145
-0.13696761667396928
-0.16055346993526065
-0.15253231472848716
-0.12674180401569268
-0.14788318765100472
-0.15581035246045483
-0.08226957980750482
-0.1515321371639704
-0.15962541954894638
-0.09461205650807702
-0.06581284609321347
-0.15167124241280217
-0.11109766731031812
-0.11303958345726817
-0.18432003531819263
-0.17947388228378447
-0.18584841053688672
-0.17813532035746937
-0.17022843561020018
-0.1323365178454574
-0.03579883146335394
-0.049921668548966736
-0.11938046409780045
-0.07924042923778907
-0.11965373030461013
-0.049040732916409535
-0.20005963136475247
-0.17944629574686521
-0.1626606748524746
-0.17900682953450642
-0.09638989568099632
-0.2651607430640168
-0.17991595732962984
-0.18620977497078983
-0.17022589919294484
-0.10832051237766827
-0.11668396451950125
-0.10903063757284048
-0.10155936022730083
0.0029849706292978118
-0.08447822079945522
-0.1620238389111459
-0.16008626168163564
-0.09073733174646725
-0.16413560530340643
-0.14995088062867112
-0.1646325258858894
-0.14040963785519778
-0.2777668477737434
-0.19736190747019777
-0.0367202767068151
-0.12126255406346753
-0.2119432093548861
-0.11701685919001426
-0.14811832729562746
-0.11741669524754927
-0.10697563067372595
-0.1256432308152513
-0.12698442838111546
-0.10264127379407251
-0.14061958967128918
-0.07602065237441402
-0.17395636097998768
-0.16691870344817072
-0.10696565610680508
0.002186081294023978
-0.17449236942894908
-0.15916975906545106
-0.15833645117505224
-0.11112074197059485
-0.19585055726600298
-0.07706668411641493
-0.09639464809486586
-0.21748796379894353
-0.16301997207210084
-0.1887244685038032
-0.133742395163702
-0.1374135072383189
-0.1824921065851708
-0.143540640269322
-0.11073149160805396
-0.1149669424197679
-0.1301821932710927
-0.2112897155194402
-0.031187212623564164
-0.1272258022269135
-0.14984536168163354
-0.10601582617761984
-0.14506082934545939
-0.11838659678191443
-0.11924048265883447
-0.13648364126228119
-0.13775001171228318
-0.10177548868470776
0.08112493054361991
-0.10843559900622202
-0.15296581944049015
-0.08784720476533403
-0.1597461448623485
-0.18422377349676333
-0.12927199927626365
-0.16710787541210714
-0.11784987538512603
-0.12766296741948113
-0.05163520991874915
-0.13152573646273913
-0.10108312615098702
-0.15650122235837216
-0.2187674401898385
-0.13928431934799246
-0.1422330318059435
-0.06317204744585991
-0.09047061292684733
-0.143860690911908
-0.19568176175884733
-0.13959971437414964
-0.17870295682285064
-0.2127977143817288
-0.19692700256003115
-0.04931734157516465
-0.1666775502447908
-0.1723147767963169
-0.1734198502982809
-0.22145626240831606
-0.14548788118159894
-0.05704876538504933
-0.06474050268565534
-0.12350929014905931
-0.1464711590797121
-0.12907245091516328
-0.07348895265811684
-0.15631216321324137
-0.11479105048388294
-0.23845819313393068
-0.1831578852763256
-0.15454853512838151
-0.12711681384630724
-0.1334168382012575
-0.17487807644932096
-0.15122123970242507
0.05536763719658899
-0.14903120829598793
-0.034737953667281385
-0.1282614160874087
-0.12813585490468382
-0.07718539162475357
-0.14993494084640124
-0.18069951500719483
-0.12389627737058095
-0.1583492025217832
-0.17098877686391334
0.0578741926949462
-0.1582829093948106
-0.16537577536489745
-0.11846881781290186
-0.25282434336994797
-0.13223769253207096
-0.16513279914979107
-0.14990146283818628
-0.13854751860174197
-0.16769421371073756
-0.1420291213639593
-0.09969107625058982
-0.1331387443794212
-0.11883230217625163
-0.1528524954172803
-0.14940204643271304
-0.2534290056584303
0.11494596427845849
-0.1305748317221176
-0.12187828843926063
-0.14478650498325618
-0.17309487155953573
-0.143007241143017
-0.21023076174690325
-0.05120205420403656
-0.11742474619671839
-0.11745764068099862
-0.16907096116790998
-0.09892950032621028
-0.1913842481673398
-0.1446732593098905
-0.1481531654819337
-0.04931734157516465
-0.12790805780192382
-0.08458292774644405
-0.1458030442792264
-0.16303415235439256
-0.12956757336984204
-0.16901021565742913
-0.1529874770041384
-0.041072827552855795
0.042040188683179935
-0.07819701668102397
-0.13794536663713108
-0.1292129599596925
-0.1688650473855362
-0.13267575865838332
-0.21785522478500452
-0.23263471945676595
-0.21470057918722318
-0.12381045691236636
-0.10757118961179635
-0.16069120650155488
-0.1596873093559361
-0.14188710935014814
-0.21978990749250915
-0.20003401372828455
-0.20015186621752212
-0.1463920088000774
-0.11128501627835341
-0.2835445028149124
-0.13104444404788262
-0.1328806222799237
-0.1011094909552539
-0.13590394128863936
-0.1545561394293684
-0.1181439887124236
-0.1332904719697361
-0.10562146812528739
-0.1596808767603013
0.06769319854481815
-0.20493089701862033
-0.12297200448701284
-0.11919303085679611
-0.1471080511610774
-0.20880510748287673
-0.18378333817245607
-0.23017824989126834
-0.1470782963003674
-0.18438753382250095
-0.17935890042426106
-0.12857627713362318
-0.1607854004746665
-0.17015971415113618
-0.21366480665823384
-0.1197883456137836
-0.13312589411667997
-0.13494504682699615
-0.18380522223814455
-0.20948076595355847
-0.16552571305693808
-0.14624822638993584
-0.03960655051799011
-0.012167383046876479
-0.19952415171061633
-0.15462563886599145
-0.13516552706003715
-0.08510212179568732
-0.09347541534717574
-0.15370846225175128
0.0578741926949462
-0.1435584975973372
-0.12398859138737062
-0.1797015453988493
-0.15751147021465384
-0.12390587224663796
-0.1949722281131907
-0.18257064846932725
-0.11686465197632057
-0.12911335930090617
-0.1807627153707847
-0.18076280883605955
-0.11038688359568005
-0.06292970760698924
-0.09240586040903676
-0.15049044437005343
-0.19751903789791925
-0.19954069091879756
-0.16917477206055143
-0.1505061609190852
-0.18297796781328968
-0.12318202126765421
-0.09220890400669779
-0.11506160875455995
-0.13409965049530403
-0.034407963631110317
-0.19589461494505733
-0.15500222780387674
-0.1199701411266787
-0.19489702525027797
-0.10722402594283253
-0.22042944375263418
-0.17391833028202708
-0.06872902047946572
-0.13180664236595163
-0.1302206319717385
-0.04960187814675798
-0.25054834141123217
-0.17672990257783106
-0.13087451727211952
-0.17964826146761004
-0.15674802469396942
-0.17985168605250235
-0.15908993581529396
-0.021443173901469326
-0.1294344388034283
-0.17941669831565887
-0.11819986705767249
-0.1768859468176316
-0.1410722086861842
-0.15057608662136435
-0.2139781780192569
-0.1653407784790435
-0.2415378689849259
-0.12419697731187851
-0.16303237932057169
-0.15146666932383956
-0.04232912425271218
-0.24537813290761656
-0.17105087452492018
-0.17216294881242034
-0.10522196169819109
-0.13126857253771562
-0.1543428056735876
-0.09130011483250633
-0.05091394102050417
-0.1419724754042182
-0.18663537987101186
-0.155145685507591
-0.1892519823849641
-0.15435408295072506
-0.19585214746682
-0.16219159442241526
-0.15177669931678772
-0.16071230096168865
-0.15759380374224552
-0.1721352818802866
-0.12773848851977498
-0.09850549681918119
-0.11261227271393626
-0.16521345708745905
-0.15563479065357977
-0.15048049869545244
-0.17485680912052648
-0.1182821776511942
-0.04864237496813417
-0.17656461179734073
-0.14071459910405681
-0.08752668866692592
-0.2361920255642691
-0.19858963345430136
-0.11240865400416067
-0.07394414887931156
-0.1120177497981032
-0.2611189642212559
-0.1943896377441665
-0.14155511280084077
-0.14598731390716546
0.02288949125783435
-0.1750474337861294
-0.08758838545876424
-0.11339010942928107
-0.07364894927207954
-0.009731032288536667
-0.1176069638186501
-0.20015186621752212
-0.1662581946924715
-0.10599545680979716
-0.08171014677304922
-0.12574260828110084
-0.12034815377574137
-0.14719305677318784
-0.18581302289588075
-0.09952399835880632
-0.1948008685678766
-0.15613721771052513
-0.12648941626941568
-0.1069386738289202
-0.16553814855887872
-0.1646915795254904
-0.08973610079144367
-0.13476808393377948
-0.07529566729084092
-0.14045206772766572
-0.11577740694120942
-0.11926521670337653
-0.0845955182386866
-0.07162926971423023
-0.20358059017267394
-0.1379905998781661
-0.09411987929029264
-0.13043312291787723
-0.10699867542059005
-0.16101196753412017
-0.23962569592028649
-0.12435308004002454
-0.1708347930584968
-0.22071496321459416
-0.18292837268239737
-0.058570639764045085
-0.053383172109953136
-0.09018154173418003
-0.0869175114023426
-0.14382204360129558
-0.2508452163019521
-0.17170727882937498
-0.18391544451447328
-0.14647927354257329
-0.16283843515803742
-0.19049037418985337
-0.12813194143673678
-0.10089418852480092
-0.1404063711525878
-0.13646338960510107
-0.16560010519453128
-0.11709147245306184
-0.18450516712912002
-0.1469148384488954
-0.16857938770723413
-0.15159057492695616
-0.10704460262086957
-0.16350595550144043
-0.15676551670542627
-0.16045755987521693
-0.20552053683039517
-0.1304073957830023
-0.11242173650756948
-0.11488961101074047
-0.20512863412246896
-0.12935935073003857
-0.13075534484865647
-0.19634166005272835
-0.16912760084757217
-0.1607765258219085
-0.2069417280618615
-0.14066317067926426
-0.2332557681082612
-0.19061751287151263
-0.10153494308540223
-0.18632352050499978
0.0011313653915182575
-0.1343250222229666
-0.14451559325163243
-0.15202194398654578
-0.2302082831582708
-0.20191234280475134
-0.0823119109474919
-0.17780984068554906
-0.1180609667607675
-0.18777107426979933
-0.19155523500033356
-0.036995284217864466
-0.15897723483205217
-0.17026383367459363
-0.11860958936861876
-0.20620848578231077
-0.22031319540587724
-0.19918978586999092
-0.09512044329911018
-0.16704950230637916
-0.20960287866444505
-0.053960097104160054
-0.18239380011713768
-0.1435648054042178
-0.07298921961467775
-0.12457325223520566
-0.17893389426203288
-0.1435222373281655
-0.2145793576545807
-0.15122127679696584
-0.13803563438889732
-0.13002905787124597
-0.11907233284189456
-0.157118461149941
-0.09048751446443326
-0.2306521777936401
0.011861330260188652
-0.13098388977847586
-0.16554112009965705
-0.1804584886306495
-0.24896331085982437
-0.1440868756632434
-0.11864135627527106
-0.16537575067970778
-0.1804893543184214
-0.2442006065501845
-0.1798358866267704
-0.17899856436828765
-0.09474141978401374
-0.16364594959788104
-0.15139595916119752
-0.12044116195160726
-0.29501489840851414
-0.1355291954912503
-0.15565288743853722
-0.1952025625408107
-0.23204877087660258
-0.1537464353507243
-0.14520581756910378
-0.1572730167741776
-0.18339199677941398
-0.1315230698297658
-0.19695216771602064
-0.1507231849278332
-0.15515216005281518
-0.14411905019205373
-0.18491191953570008
-0.13815798433364468
-0.16594210992484415
-0.16313059664035823
-0.12915396608859853
-0.1704385195887752
-0.06360284762267554
-0.12211010920953802
-0.06369865099673477
-0.10706722461197926
-0.11129486093469998
-0.14761285174267758
-0.09947781494204144
-0.1372492919047863
-0.26968940392467644
-0.24092670798775284
-0.08261247414966588
-0.09882413736142781
-0.06571792125172449
-0.188417670918279
-0.13951758205760534
-0.14287231900343045
-0.17969203711395165
-0.1274681120487804
-0.1727510963604988
-0.31239969395368994
-0.15418439311305954
-0.16982976901695546
-0.14005660175204793
-0.1608818452093166
-0.10568507123817361
-0.21439319430803971
-0.10256263926246634
-0.21573520868522067
-0.14279006661604599
-0.1862368225661677
-0.1483275748786228
-0.1547784965200496
-0.19724223170464583
-0.08252262296095614
-0.021705806828474117
-0.25568701834530616
-0.1646677517743942
-0.2687099084516551
-0.10242026509061652
-0.1895213141232981
-0.22004681108872393
-0.19574714675729732
-0.1497672767580478
-0.17905932518297174
-0.15604457309347697
-0.16023989002647854
-0.01856486027881843
-0.17408618072819237
-0.1043142555233767
0.04847808920109564
-0.13854751860174197
-0.09070326117457705
-0.13746232080321485
-0.1230958492350458
-0.13749676006270306
-0.07203415114842082
-0.14411905019205373
-0.22311959524327318
-0.14928494975646678
-0.18818531756206447
-0.12012727924424871
-0.15230249064309875
-0.19321640157219067
-0.22537211456129436
-0.17942693177452362
-0.1336625440860193
-0.17320405819809492
-0.3363254172097623
-0.10484331873626207
-0.1435139643713459
-0.007225395977785709
-0.14380423846377588
-0.0909670308484607
-0.20595752178903215
-0.21456862003010402
-0.12433837336270348
-0.1457286552199495
-0.06726063131320315
-0.14487116563695368
-0.0679435707630407
-0.18465840965867297
-0.15384706902426482
-0.09168087784846479
-0.14956251836555556
-0.1428266954188846
-0.18156448672431202
-0.36806767657568296
-0.1152430882969595
-0.0867325637472609
-0.16379823844380903
-0.1959891384072816
-0.13928176231061395
-0.2485947050839452
-0.21495388568385332
-0.14165562723450154
-0.14932064721052307
-0.19716850836232713
-0.16035262153428587
-0.21891939612867461
-0.1810028806156958
-0.1976353382484981
-0.11726746400892352
-0.06851839092376832
-0.158404146795444
-0.10475302243076912
-0.15414013495703838
-0.1620073422318602
-0.18474336693398818
-0.14784188447752866
-0.17496314700102378
-0.12804431577500952
-0.19381261983480602
-0.1727394881263704
-0.09596793251375191
-0.18792358240626728
0.04232400939128078
-0.17328458087510334
-0.11911758417420382
-0.14660780044542499
-0.16669185527822172
-0.15859655392190852
-0.1363883918546991
-0.14228711878318423
-0.06203587212510775
-0.18813702320206072
-0.15476292857845753
-0.15239198094991746
-0.16851092346479835
-0.15494029481565086
-0.1783065277690139
-0.12997102996027965
-0.06249049483560376
-0.11753547906574591
-0.12937501990306322
0.042669332977948615
-0.08708775921788559
-0.18054401958113964
-0.14263922868737167
-0.14157910856868838
-0.18098995057016265
-0.13568781297235377
-0.07796301546332907
-0.15069718626137618
-0.15101371564266297
-0.15308288140446447
-0.134310523998717
-0.13948849637972938
-0.09694810247738994
-0.14384527636886535
-0.15275810523341082
-0.08645633808460973
-0.13434888431937386
-0.09557080563219622
0.00603063338849763
-0.11067245892173494
-0.06174204935473959
-0.18908566589488718
-0.11233289977801753
-0.15909709455394072
-0.10454855825514575
-0.049921668548966736
-0.16096022664110343
-0.2002984294935557
-0.17496605784405572
-0.07693129636070206
-0.08177571620937973
-0.13192390887096117
-0.12507572591164995
-0.1751563263408875
-0.11843898776151351
-0.1733064710172214
-0.14472722518485037
-0.07151166422745292
-0.19353866743738357
-0.15928916779949986
-0.09227372650988763
-0.08211243392643808
-0.1352151117764926
-0.14809400149529672
-0.16352437073212034
-0.16139269071719142
-0.15082664896351128
-0.15116494789925183
-0.0854427431877054
-0.20860428999346392
-0.20046173505489628
-0.17954623927863933
-0.11514296748937847
-0.15241828808112645
-0.09620534915897938
-0.14471175014784898
-0.08356600921936552
-0.11475723085104561
-0.16548053804491958
-0.17987652256223208
-0.1568898631079625
-0.04292762382920179
-0.1632963161571539
-0.08475691788621309
-0.1791882777301017
-0.11870351062212814
-0.05716092139711426
-0.12606478466316484
-0.18495188477263946
-0.1598473378094336
-0.1990046555566396
-0.048404476291588505
-0.15628126434837952
-0.10968128935911947
-0.007089542871485666
-0.10112999473190154
-0.11885531574615804
-0.14681992762831886
-0.17383421129483834
-0.17899475794441866
-0.1098302007164853
-0.03047517818928469
-0.16386923278577714
-0.13641251361770768
-0.14591629711602527
-0.15453963833418727
-0.201849747715255
-0.21833844302642613
-0.12291794953161772
0.01410509387726544
-0.10015734005857446
-0.16544276635193023
-0.15375305608717715
-0.057349864984953536
-0.089503512139123
0.05696855212049101
-0.16960120899041464
-0.1383906302365887
-0.06754237014098585
-0.17595677052285508
-0.13633455195717947
-0.18530995442297993
-0.11727540557160898
-0.14996854879217958
-0.13936187637437802
-0.03322276485444453
0.026373022329684748
-0.13550454903341302
-0.1601860247270286
-0.17354064340810194
-0.16259342894267004
-0.12499045101680295
-0.1279155627225721
-0.13739031951610192
-0.12959138916570812
-0.1518881073374425
-0.12688528972883795
-0.0440764618072631
-0.07778620287640825
-0.15094868412624285
-0.242160540615608
-0.127259998503793
-0.15011327763629256
-0.18702956184972486
-0.16954263311017015
-0.1764533261557908
-0.06632532380394185
-0.18074329645210807
-0.14823873194553405
-0.10522839569068898
-0.12300685701228264
-0.1331484546264734
-0.11404652804534998
-0.14823895654519115
-0.2517783267598992
-0.14307291092939645
-0.17376282581492442
-0.13348604420496324
-0.13391901367120607
-0.16003347616143815
-0.13400994694185142
-0.08159265451155129
-0.09565533829744766
-0.14964759526867732
-0.11613850870569142
-0.12202159870455986
-0.18343077533401275
-0.0789961984347638
-0.2013923809256235
-0.1413636508370968
-0.13599281719304823
-0.13570519165854233
-0.15594452017832805
-0.09320103366117749
-0.1601853141505658
-0.1675456919269429
-0.1787074074030055
-0.1144234269718889
-0.08380424696145372
-0.08529976182846077
-0.1388809291248061
-0.15382529840525727
-0.18904751696633504
-0.14916928885634695
-0.1064071164943019
-0.0734756281403619
-0.16016239333727822
-0.0723559378127343
-0.13531755490912878
-0.1069060413835885
-0.09052895475920497
-0.10821390811086107
-0.13412124548665894
0.0560411271560981
-0.1354837141767713
-0.14231745451128708
-0.10856275072942356
-0.1615033609840102
-0.16326199353471527
-0.12515565055948397
-0.03326461154111282
-0.10349270464483573
-0.12573768271663432
-0.0031991570879279507
-0.018939459064139186
0.01960788945865577
-0.19287530247128393
-0.1187524677738232
-0.1368088529302185
-0.17249299612686708
0.0012211571911933117
-0.16788885917677732
-0.13744206057723818
-0.05008492592965097
-0.13388215217526422
-0.12901860312200775
-0.2025422146082665
-0.197683084046967
-0.13734157211819586
-0.08928519950977387
-0.11706239037872956
-0.18399491400138723
-0.1310158004694446
-0.173054314724556
-0.13752279835858316
-0.13952809160281854
-0.1278837425236976
-0.11608776660153342
-0.17763940109614174
-0.29163326365384434
-0.1511341384673881
-0.12166863708548759
-0.18416794919358903
-0.08289471530136905
-0.18854647245802192
-0.12909680426769232
-0.08221383655878212
-0.14785714782291093
-0.1465042707853541
-0.058144436802290755
-0.029095897291872008
-0.11742026309052545
-0.16001962279977056
-0.11316624071003623
-0.18916199054016403
-0.21892945986508527
-0.20782537898464826
-0.17803654257639856
-0.20577027435603723
-0.195242600953081
-0.13220623002233034
-0.1516009642160112
0.03147534597761137
-0.1455831151601632
-0.10718708868415594
-0.09578624567959082
-0.11671522881847296
-0.1140592140726191
-0.1335145339260304
-0.10795433818469857
-0.10998659938594502
-0.17675163296675844
-0.17175269620789857
-0.14628153718293269
-0.05431304669616277
-0.09725655185838411
-0.0727715815593073
-0.12193001003764437
-0.1489895399580945
-0.19597281522892507
-0.10190264869679111
-0.14793464098398923
-0.10282295541323894
-0.17111660157994613
-0.16036041628956355
-0.23264104934709717
0.01302675014510557
-0.1793266682944754
-0.11573255231269819
0.009353221793152344
-0.16496763838409234
-0.12686997906247188
-0.1658438549647956
-0.15190311050709182
-0.16893611717418033
-0.20013563490364206
-0.0698395323042158
-0.11050807391908046
-0.051146778954319405
-0.05780249761993472
-0.06364815903490051
-0.16937177830431183
-0.15287030171710292
-0.17877502577158033
-0.09014066930288833
-0.15230209039945541
-0.16870991627216458
-0.08041642854862019
-0.1941600400838619
-0.17282178719149544
-0.09489287068582142
-0.09817928043030388
-0.14614146875979261
-0.11097583576439796
-0.2406274734389826
-0.15154163150217959
-0.08351025435796844
-0.12639636669558096
-0.19833985453676517
-0.12663334391932302
0.042503207902265694
-0.13566796255480718
-0.19135121653736342
-0.18714538650541912
-0.1268706767009784
-0.08690635297316152
-0.1646609009712381
-0.1480789012217265
-0.010652394345963767
-0.17326469379866172
-0.1855822481550775
-0.16043076176614424
-0.17182514069442067
-0.24214631763667827
-0.16943529110286026
-0.16523354689116942
-0.12548512067227202
-0.1514543071641743
-0.1804085332380878
-0.15740531695587245
-0.14961607249954012
-0.06312252247050676
-0.1594793001164927
-0.1347300166872527
-0.023265285482185982
-0.1227688685995767
-0.20210008174862337
-0.020916126206478758
-0.1693861376639374
0.006190762557061191
-0.1831405130747341
-0.13596660006409444
0.057447373800923796
-0.10886664970388149
-0.1485815699978037
-0.12583865046193243
-0.1757748748541843
-0.1728398504248474
-0.12089355904940158
-0.1238094165863115
0.003654266276910789
-0.18518837668851118
-0.07869435251865387
-0.09111715927631003
-0.14729805973386045
-0.15353676584491716
-0.1700883000056974
-0.1261362052926529
-0.13920766226264503
-0.1339795182267709
-0.16671430295104894
-0.1567159074812463
-0.1627104063856344
-0.1792819670647834
-0.09071444378636828
-0.1655144236676589
-0.23477171115557938
-0.12167679700481893
-0.21536782386393005
-0.12048438799298555
-0.14417482451466745
-0.18674673300511757
-0.05677800402952782
-0.09857195154128506
-0.16616165833665053
-0.10843804568646842
-0.14238614873409272
-0.1562903361841501
-0.15488605487467444
-0.22210342251298743
-0.212955564569711
-0.16312815354858934
-0.16345005620487685
-0.18122159124611104
-0.055063223133983374
0.04239537843138397
-0.0668826397127511
-0.12959991045597397
-0.0741174658886341
-0.052263794574769484
-0.11922595432800454
-0.14965817699518436
-0.18520693557608503
-0.1680699591316266
-0.18658698785722683
-0.10742176820084248
-0.11812400543738488
-0.12278809349736775
-0.130145188632369
-0.04290483490791264
-0.10028411681480742
-0.13816716130611617
-0.19128767285739667
-0.16052013576025548
-0.15101422644588336
-0.14897837685358972
-0.2069139087791776
-0.17661407413948416
-0.22541649208118342
-0.20450685573689786
-0.20567405870547462
-0.1874632225073407
-0.13088237558741778
-0.08773796353456231
-0.20744451136230468
-0.15014943887895593
-0.06354742184044548
-0.1508055775123971
-0.20739611275252412
-0.09346274489648154
-0.17469855122731914
-0.1886679054239082
-0.129212691136106
-0.14981666482331968
-0.2076579637891609
-0.07827602933685429
-0.012241229826987388
-0.11148090231171182
-0.15351335850584324
-0.17348385799507238
-0.14704213301569835
-0.07098671322927208
-0.1649444106650908
-0.1676576710204969
-0.13435984548874536
-0.09818433526274761
-0.07221963680514865
-0.18571209359501362
-0.12106689519169556
-0.16023361211292242
-0.17313973211369627
-0.18006098426758044
-0.14102189023831624
-0.16861242673160604
-0.10891607172983164
-0.12488075837444845
-0.15864412790696614
-0.10754437133728567
-0.15509243896469083
-0.19495821595581875
-0.15144929983149935
-0.20068280875772193
-0.17443347893958494
0.04997113935377584
-0.1984554526621909
-0.15619722261132685
0.04633273136662275
-0.15069443592722975
-0.15858798916406314
-0.14705164804715265
-0.1367887293838197
-0.1749002709439682
-0.20083724288758353
-0.13707414336977175
-0.22049468864504118
-0.13187823642123364
-0.16437745959872574
-0.08894280662122744
-0.16614898703039693
-0.22696247350716514
-0.13125680057704692
-0.12484608837163091
-0.13687868037256612
-0.17445359868902433
-0.08159448010353354
-0.16501361362877764
-0.13676621282591617
-0.1764659650649032
-0.0868911891103683
-0.10575219668386437
-0.10957617252256968
-0.1150290639167526
-0.14688000985503646
-0.1525816537361231
-0.19358708614818343
-0.20967611880696801
-0.055668773714746544
-0.01844907183804989