0.35853824438277493
0.26061577254446433
0.28641168627258584
0.33888228226940165
0.2537302702352391
0.23155345703419594
0.24614385699379548
0.3661923134296201
0.1742402844193589
0.0930746815317487
0.18513520409620132
0.20905284585315043
0.1574499580581119
0.24251850219056637
0.400612094057923
0.10641663457451034
0.41331026464735365
0.4965360989552169
-0.11296901197092857
0.7766803655351889
0.5476841148388305
0.5082790740685869
0.4082925919476883
0.29098607291520584
0.40986993244280756
0.33828779329524816
0.46114181775322893
0.9762847885522583
0.5817895168644565
0.5637861577306749
0.45155617687135263
0.39676397964448296
0.3226780203678695
0.39164563623988324
0.4497854937083605
0.5017053018538944
0.6145682607060283
0.5780895736752876
0.3193952366263091
0.6313098686902435
0.634885900510568
0.3361481304599705
0.4486187937148486
0.6151979259340512
0.5032857933012287
0.37605046729950464
0.690027266078444
0.3953193955165919
0.6294324164102748
0.9725674581467457
0.6004396870168947
0.6368063792269829
0.4007684383857941
0.4802011531016712
0.6918043412230296
0.5480423736836526
0.7514776876491666
0.7016246071916991
0.34181944547829024
0.2539595785545694
0.40663090509715616
0.30912450387338986
0.4752379789999137
0.4908777345468367
0.4373636270350142
0.37271558379143355
0.3550975384099455
0.36914642399287323
0.5595862730761149
0.4874517822546445
0.3149218646767229
0.38104571508827
0.3386018234562058
0.5781383388897839
0.4466052838998985
0.4110504596632234
0.5373956895077894
0.422622502824644
0.5244736935474288
0.34114588330303053
0.45568117327616153
0.48141522791089786
0.4142748742325215
0.3930556450342093
0.16768990798826466
0.5252916868096886
0.5289881803081573
0.5371567666465231
0.4736060353883962
0.36041012574714304
0.5043579029877653
0.48183917849815416
0.5161484150425174
0.2188955701063835
0.24759733795942285
0.23703118376805177
0.19839408758873023
0.23131429831273664
0.07055080041435013
0.041624147544019774
0.4535761988885716
0.2976739290924444
0.1404727470406376
0.12103026803559047
0.2426817335168865
0.29666424451515816
0.36870237856780397
0.44462183457083315
0.29277824431462185
0.192883580122016
0.08479223117448464
0.1759332194763361
0.3071884038040027
0.3035332747840981
0.44596093215374344
0.44577068390013896
0.28726649592528575
0.4266273725782084
0.34201211227881034
0.14202833187350938
0.24262014245997798
0.2131780041729181
0.2982219927483626
0.4187695602121507
0.30715298256806034
0.18276622888638594
0.23079876108631192
0.3530426394102375
0.4133815317920644
0.2156350934125717
0.3795257493759099
0.3163624446015745
0.5069159099035121
0.30846733595001585
0.5228300415849833
0.8060387648097349
0.4052092778538253
0.6402812714072578
0.5795528246272773
0.49148567150907574
0.5564745379645746
0.38746461929986753
0.5203822195669097
0.5077551877516376
0.24969902702044489
0.692123953050328
0.440308554286831
0.5145810982855447
0.4347983856624148
0.37262803214993157
0.5690237078541629
0.7496347197018581
0.5290994266642637
0.5140019158192131
0.4617483283637265
0.8309020261690063
0.7987817147352488
0.8284601440896591
0.23829102868649166
0.3978055558738304
0.3334470161093821
0.1308188871286775
0.2765151502048945
0.3976022553626778
0.3033557880284209
0.23454149771654853
0.26431365723699374
0.2919121118674144
0.32637525289070435
0.38331772186701496
0.32822874883102116
0.43316327195406945
0.4321199972896892
0.472495977693012
0.23876559920639773
0.427356407112754
0.3629273811547381
0.4548359239259677
0.41145738901617623
0.4461366397681992
0.35592176234859285
0.4537095436973233
0.302745556655555
0.21945080686607743
0.3222341984086936
0.337665744636258
0.2882355511694238
0.2900433647780619
0.39486382583046953
0.3436000346951247
0.397944823561615
0.43468335896041044
0.45324583589920575
0.26942854897005175
0.31314429314920933
0.4407275016708161
0.6527870474972587
0.2549005975234194
0.30091887756570457
0.3456091260205214
0.39365270147559794
0.4969716067890787
0.3349312123394219
0.36838116762672524
0.2872195510587827
0.2972000701147648
0.5274041408308624
0.44101203215645524
0.0655512046369211
0.09161340361851145
0.2571568385902264
0.25196562516498744
0.5496541791103091
0.25221509893716065
0.4572796315183868
0.34997075458951754
0.4920079493839006
0.4430832386048623
0.25686733713867427
0.32988016956893973
0.2767639737740891
0.4415621801879581
0.6193682263039648
0.3312394824460958
0.130605728697212
0.348087927750811
0.4995366832799095
0.28117198957936185
0.2988330559246659
0.4317171548190052
0.31362161130032984
0.5435812108020749
0.25477311654882395
0.29485402719097853
0.3970916297013677
0.3116691520473297
0.5539010597634546
0.5001456628779273
0.4755627980465904
0.5992567512404882
0.4521997335714767
0.48934842403955536
0.46867266170353483
0.41133335468607524
0.4434229876951775
0.45916727603212715
0.50753645889032
0.4203163764976374
0.27397062911428716
0.5757803478075431
0.29501667364762507
0.5081233892310071
0.39772457376609427
0.3045133528900966
0.4067938425801103
0.2737656459219715
0.28739050815730804
0.27837951869517874
0.4259428849313479
0.25243331387655643
0.4009017690526626
0.4220497856158849
0.06430513230527768
0.39288463423642084
0.2638684604498953
0.12400238656563145
0.29635617235314093
0.22761150630573868
0.24321726724535597
0.1297960641191176
0.20888086559121022
0.2533640642363888
0.4923448766011811
0.484481335720124
0.9066370223682485
0.6862559370496979
0.88190201321591
0.6098059526452395
0.6326844369254407
0.6148134757150128
0.8061091911618178
0.9692249844496235
0.9807299257152461
0.2012882244442109
0.40435032859200126
0.6610829410275594
0.8147308471939582
0.40452501032808597
0.45900871373559715
0.339359772673107
0.3826692621994361
0.5073965389582024
0.5602466022056348
0.3267262825314178
0.43703266533046636
0.3708387006579562
0.4409948223260536
0.5895596967225973
0.3380932068684248
0.7989446706178399
0.5290320099392758
0.3994274915472107
0.4686264328464722
0.5186994817339066
0.5616770960599099
0.40659937161487836
0.4243958463953228
0.6021317342174461
0.4657857487165664
0.6702610292247242
0.22465204083182166
0.6771034490135313
0.17581465999138357
0.3940390453073418
0.4571921987366625
0.7429924411074361
0.477704652351993
0.4219822639397206
0.5210192177815208
0.3688884325513133
0.491211306291935
0.38963938547145405
0.4788980727359453
0.6914018181921643
0.43959921735654983
0.40344257963243324
0.34211531861457933
0.11266771800932529
0.5019556094504771
0.23318548872567224
0.2910553124747872
0.3466841776629359
0.28540967505755765
0.5197622052299169
0.42153350303429515
0.2750420571008514
0.4476525205448585
0.658901416382824
0.3297947507414316
0.363973553791586
0.30630872319832303
0.38594104602018053
0.47546038332197726
0.6843658452063737
0.5889278450212152
0.4106075177438393
0.5876817694735462
0.23553992739215757
0.23818561044311093
0.3327477167087991
0.492946452682947
0.41531439585994856
0.3482599754992345
0.3486552233645088
0.4163184150338466
0.5050042200211108
0.5743547838250685
0.6193584088282087
0.5604542440732878
0.5299666392645104
0.5056882377428249
0.4490626420323143
0.4758250904454253
0.5110912649520486
0.3745251793225739
0.30512431764153014
0.2239511356256102
0.29738521319413747
0.2234195865641232
0.4147550260989481
0.5722108181563432
0.49212612630460406
0.4556674920302751
0.3346587073978219
0.40056821738782056
0.5888427558994377
0.6385928535942795
0.48881540588782046
0.4583793741245892
0.5275285602945834
0.740606436474735
0.6655015257913321
0.2647303091434341
0.6464791037853259
0.477166737901782
0.6033889426222436
0.46109783320818665
0.3610764576203981
0.4379422098761243
0.611990053431535
0.6479669262536367
0.39412813514762124
0.3978146341546418
0.6175998270850993
0.6730889546148318
0.4164219531590849
0.46587633763720504
0.5590718334723586
0.64591644265721
0.5673837548470095
0.5454600633907372
0.4841562306323337
0.3893425386131085
0.5507535880154542
0.4894746070509848
0.4244320888796673
0.5183467529116219
0.1875135835132039
0.4836763440786833
0.4950129053294131
0.5289315738386331
0.5210360317591145
0.647061232418538
0.39069517895397854
0.6589716500811427
0.36442482991597047
0.34946906509591424
0.455709271868745
0.43127655920620445
0.3606439792423656
0.9846380509778856
0.3558791283115198
0.2916226135517169
0.45215275110027964
0.4817382438108275
0.41717432715744096
0.43087906840329027
0.25284541952543793
0.2729769967823402
0.3434149144055335
0.42115307681364256
0.22351140933089808
0.38052702537826355
0.4243074732522021
0.2826819741993416
0.33802640024405095
0.4042935242183936
0.3460055283720912
0.3493487937998432
0.34038006552213984
0.14902825091344096
0.23235863844171
0.1631725003953609
0.4590923388143341
0.37129748438250443
0.29397241152009124
0.24741166683321336
0.4496930111854993
0.26927018109407785
0.27778431460695907
0.46513944712586386
0.4753027976589901
0.5549725949056568
0.7075049014955771
0.42598810918736874
0.6690140701174535
0.6755699447724137
0.5149329582122767
0.3828976261512258
0.16762552315316348
0.19299540010397487
0.23734448249189466
0.18354877125853042
0.369404194286705
0.04181137421926939
0.32164560966698574
0.4517472175285173
0.3896821318804251
0.09411904888905043
0.23115485456138551
0.21372704849312973
0.5580362151999887
0.5191812950151864
0.5253454832008786
0.5514141294588868
0.5884024582595762
0.724794307216201
0.7542458631227119
0.6273883630626518
0.8125865500286065
0.5564064334634928
0.5618557519382981
0.528734431092539
0.2753360451816632
0.43713625634407616
0.45715160221970463
0.4992172310501486
0.9770421725344134
0.7933302366811641
0.14812610569649998
0.6318652904884385
0.732382198528257
0.49668044323522675
0.6357471796959874
0.5128008811305889
0.5251958471821611
0.37442192167785726
0.4302659112368339
0.6018627482554026
0.5744498367485404
0.6380038075402719
0.40430485246094516
0.47519162530248926
0.42090232943430017
0.4373438029050778
0.40331754563099875
0.4626062823495538
0.34789729100660316
0.5524675271280954
0.3803398430970698
0.6429432268994658
0.3460100685158193
0.42380835759441826
0.38823362144751916
0.34308197477693647
0.5678558405912528
0.5749182751269863
0.3166638770429886
0.6434735825075879
0.3488004524275141
0.33875537781574194
0.30065610803013865
0.5081079180371598
0.40922030448442515
0.39269343049803684
0.22150508810973424
0.6297966642086097
0.45586427897114923
0.3887699898820185
0.2995014696838628
0.7030550349618752
0.23255646157799092
0.2221343042897228
0.46618571588556046
0.49409208275060457
0.6792952261691156
0.3293295751482058
0.4330639260203082
0.24305193708577022
0.5234396698452418
0.3392828324307746
0.14315770111384785
0.3233334962026525
0.2022787410615623
0.13061208765821464
0.3160915792054344
0.3624767811637928
0.39606039559693085
0.14291415063075352
0.2662346579640533
0.17648508147060227
0.3930308008695751
0.49328607972218497
0.4239331155254753
0.3038411193306352
0.3080560943871119
0.36420245440304044
0.4309490182375302
0.39853082383237315
0.6035348711271014
0.44047622573167444
0.6242378691882958
0.39682609613474584
0.3405896116798872
0.36993798655243504
0.4647309295459312
0.6060029297163128
0.3039768091343785
0.3909320053798543
0.305946174719011
0.3145882848712639
0.3843594177763423
0.5903377819650646
0.33682788664881824
0.2415227498154897
0.7068737446267259
0.32834911301294123
0.29744676671270465
0.5528290383644046
0.3185372747389902
0.5380623878817301
0.3359823364577994
0.7021956704367756
0.492457238093267
0.603596615498754
0.4249030113593607
0.46491512918831235
0.5950447692596523
0.3115121915650493
0.6640937997183375
0.2686344220006244
0.46698465795030386
0.5738629082359739
0.4499223136031216
0.7127239815050749
0.6257368147452731
0.4200965103004338
0.4705241098753956
0.3012827411485821
0.3305444175739496
0.561900911909684
0.4809975974140742
0.4609945413676365
0.48400737691391016
0.4378689655307343
0.5527996074226869
0.47170883164404165
0.5367509619968502
0.09944579074028659
0.24781902635284148
0.3503877326969137
0.1823426029950681
0.33195694225318095
0.3387925517835685
0.41507392073337
0.2510821932249584
0.31680657795012657
0.41168661686723595
0.280749465948711
0.29231841745808396
0.33653318431647194
0.5376414756498317
0.4629363727021043
0.4870791696128435
0.47827506653874086
0.39938222396787293
0.5109591223596016
0.6589310431103759
0.465600798438238
0.41317946653423254
0.9825751801622192
0.6560100087902001
0.40902378679357165
0.532385426956494
0.34875827394487746
0.2133362437512949
0.37549258047805256
0.538671063334741
0.46927846908202
0.4143861590012645
0.5157047271121227
0.49384283690977027
0.08920876670172473
0.4552040939299997
0.358470747719805
0.5344861481085181
0.2735826600544412
0.5992924046666217
0.3768257849446831
0.6148392958819078
0.08321010435470888
0.3068232097310082
0.24060362858217887
0.19529920399906253
0.2861738492868673
0.21278948573849943
0.13961232954019964
0.3883410215745122
0.17435981385526222
0.13554720886734994
0.19623964668888094
0.2654262479317624
0.09869824627370094
0.22248916105652694
0.38309719881397164
0.07424550566777888
0.4419083662023702
0.6032958688529799
-0.10248249535863052
0.6090469049525422
0.4379128390071534
0.47015394476616024
0.3186946650589427
0.2662416841668014
0.49020566632756324
0.33822681969643487
0.5017423889675463
0.35344261927978626
0.521693397150357
0.534954486394269
0.3901911057602051
0.4339593708296079
0.36550108053477204
0.47797334111358813
0.4510410065499775
0.5017053018538944
0.6094330894961394
0.4788947899869781
0.3299982078900252
0.5848668575816443
0.831098361321679
0.580348263141506
0.578122753781024
0.7206915539599421
0.804910874642173
0.391228030862403
0.690027266078444
0.4639727768069952
0.6213353018712592
0.8538436907311086
0.7205979350046947
0.7897544056663421
0.48698106258380824
0.9886506310910115
0.7532518764959567
0.7387215184626604
0.7514776876491666
0.37807462992731045
0.3871043808821045
0.2539595785545694
0.5104791598433
0.1794931215755734
0.38694919176731757
0.5023405101266185
0.38812786449891956
0.4276974210107807
0.425310383023911
0.29663241246226346
0.4607713429026815
0.39257391099359285
0.3267497320092557
0.3482559166908843
0.3492546905445115
0.47518736987132937
0.41272048005673034
0.3717876082851037
0.38377742378592794
0.4610713259145469
0.2517869016092703
0.28943421858042717
0.2894422721311045
0.49541723285653483
0.46171013912328596
0.3930556450342093
0.23217384731915236
0.5404467390775516
0.48021237874339007
0.5034837994557504
0.39383974774499886
0.3393497449723346
0.5043579029877653
0.48015492934498705
0.13578940498202674
0.16261072887129324
0.23112438192056073
0.3073770568791385
0.4170557703210299
0.23705685697375112
0.09577964839504394
-0.013818292061444915
0.41772854000826654
0.24793256523048357
0.21442357535865608
0.17483456960697252
0.2188254475941429
0.3085444084404345
0.3700256314900263
0.6156420108593246
0.221362326012006
0.16369463253704897
0.07709165373944926
0.15856581343329756
0.23321818284707763
0.28604018712514434
0.3961929354647056
0.36360005676902674
0.2667538650813569
0.30508146019666493
0.45631569285770635
0.1518449373247147
0.303669961611019
0.22062616216370423
0.4141139843732399
0.35941610426333914
0.31540448310169134
0.24553601025669236
0.25978485503420246
0.29273322067819685
0.3566779229257464
0.1165969086560048
0.3360227391722689
0.423392933412031
0.40172374869924465
0.4068816850423391
0.5898422611247165
0.8390266117596636
0.6428233756837066
0.9746306598125132
0.7851429544872282
0.5072696131575076
0.5711910390340101
0.5028980650778676
0.5872911976569016
0.4479833186860268
0.38266839864194757
0.7003704258792972
0.5234215509821281
0.28173661856368026
0.4807580100288751
0.33678730057277595
0.5402400533045254
0.6286666939236781
0.2564286071350732
0.4064415819661362
0.3671266146763841
0.6735287203150365
0.6219901053361019
0.749699427332517
0.2142993272795526
0.4327787323253406
0.2818636539125181
0.14446954049892902
0.2773607586414881
0.43947942958762787
0.1810867638964302
0.28203140691711326
0.3931129849216213
0.2825570890613225
0.32939616409428485
0.401680756044158
0.2845484466862207
0.09503221136344586
0.4116566747663254
0.41835087297361406
0.30505658829153504
0.3972709227228992
0.42335361261282645
0.47476685055532974
0.4654137038089431
0.3584904385174341
0.41297454206560635
0.42755864367382135
0.27683507099088067
0.23073625779591178
0.31614018436689184
0.43931795445567223
0.30967497624557594
0.2525102045837856
0.42919295744856645
0.35820976479702815
0.3626157559652572
0.44059953432317567
0.4092402577968506
0.23086382952976092
0.31314429314920933
0.4223655006091216
0.3891347164794875
0.2051635466301679
0.21129146253105668
0.35201675437121493
0.29249764806539535
0.5105521260723171
0.29526278611278567
0.34003399763053355
0.3152275031560797
0.32299435593943626
0.46710047482632977
0.45967556243791485
0.1480301995090385
0.13981573693048643
0.27643125333360974
0.26206562503962183
0.4328988376229438
0.10916866141286641
0.42931921917049554
0.25510302041208976
0.4148895161488845
0.543082236380904
0.24056035298539902
0.3481000950665569
0.22752924217748083
0.416248249054598
0.5025579469125987
0.3023008935339584
0.08882682584522694
0.21928222654395602
0.4628080463682245
0.27141858074065217
0.3382442120315525
0.49941804608540696
0.2770353553121242
0.6047308679723922
0.3706059580585319
0.3530565685344472
0.32204193681127324
0.2865407117101437
0.5365544994139138
0.5655882087261492
0.4749183907839124
0.6289412049117633
0.41483944641577697
0.6076620293209529
0.47265392674272033
0.3574612520452908
0.46563973487588295
0.42788725700232944
0.5264043258432631
0.4074261992062711
0.3759619976558317
0.5711767289793577
0.3888239083377881
0.4971934776609497
0.4176362250036896
0.4586884364572219
0.4371422340998713
0.2910511311503122
0.28478933088002845
0.3444990326261269
0.39848292925787865
0.3103953202418791
0.5358495638848537
0.372033679398754
0.044503270346453294
0.42258423727764705
0.35822669781932104
0.11921512690481906
0.3047519984651308
0.23601366134014878
0.20979837473445495
0.16885140460805292
0.22623674370517544
0.21751338325299785
0.43939856032834035
0.36376463376277957
0.7992876394977539
0.6470021706138696
0.88190201321591
0.4364085217315158
0.6189232222077998
0.46967668704328525
0.5961852230013336
0.8389248640373053
0.47867243906307866
0.36889654683912965
0.49022258240342653
0.6445229274319891
0.5950575149595798
0.42390184923381846
0.6219411201988798
0.33841303782098753
0.5654198200525521
0.5499034337071128
0.4807836049355977
0.4555233486451318
0.5886306215768444
0.4619028932327256
0.532162635516009
0.6159023007285718
0.3380932068684248
0.6712618436825832
0.49809705909814483
0.6154255492541851
0.4318232833252471
0.37727663703761727
0.4800120823928692
0.4015167718435372
0.3915337961756995
0.6499249296841896
0.4858305280329982
0.7992290716493065
0.34938844375200495
0.6813298129605264
0.4210044750421349
0.5181558747454523
0.44341400411995535
0.5016488917553781
0.4968779768348748
0.5176463310303177
0.43826926858136583
0.3406751198323831
0.491211306291935
0.42239148417318617
0.6414163973352714
0.7193161249830375
0.591765200503021
0.26593669703847034
-0.023579218019927684
0.21214115833807268
0.5145981165257397
0.4387352069705719
0.21161636404422213
0.38990287265799783
0.35077915141925975
0.6069262202042354
0.3799442932747701
0.4315810357467549
0.5467780777122714
0.7127030731874209
0.4711441890605781
0.7397820313440757
0.33358322515316907
0.4099383099058157
0.3172403661040164
0.5970047993807582
0.5829191211603293
0.3737776123474438
0.5084571423375283
0.25607078907960623
0.12036788467727921
0.34674159908200486
0.5214345170484647
0.26757093984497793
0.2091806494401386
0.5085174349994577
0.32396864131825887
0.4635322332125398
0.49739577782395084
0.6336545702459796
0.5017438897404272
0.5377363108318943
0.40897832436069925
0.4490626420323143
0.4470716724029088
0.4631751079048618
0.416462565540772
0.22177479957879043
0.2074676082849538
0.2888486968139675
0.1431248137342681
0.41204368745123787
0.5722108181563432
0.5372124511392447
0.41194212422015497
0.4186797737376665
0.4159655554612207
0.4146530509478883
0.608948584607111
0.38896597144974454
0.4259769142093158
0.6535948521999354
0.6087049046252581
0.6998123927028654
0.5670844521402432
0.8318177644555436
0.49024488949468603
0.71854390823972
0.86128158742372
0.3854980851143207
0.29392399117980506
0.5609545042511117
0.47915032402955426
0.3500298998844046
0.3796402270230277
0.4678632780610279
0.5792685201167264
0.4618147015822913
0.39396894975628916
0.5181734588029943
0.48012840023692993
0.5131411368352919
0.5778192461303994
0.5221944607142641
0.37283194766689054
0.3399525845402477
0.46249628059350223
0.5042616253700345
0.5261681985307808
0.26850655924378286
0.29542544558032213
0.4149159958891018
0.47671432292191596
0.45947683761305114
0.6708585649848113
0.4333807197439802
0.5061716117810271
0.3533005877636538
0.3716232708975943
0.4239003404956062
0.3220294310204852
0.30541247572526053
0.13189655160963976
0.26182323754496606
0.3334739746391642
0.518337964609577
0.5144186947692804
0.3688381974763234
0.3846478202225695
0.324401594081545
0.3031132942921384
0.22617685275606525
0.40042757608320956
0.447686687548992
0.4786827650369355
0.556577871269041
0.28468659620574166
0.2818051883523882
0.39684782672272745
0.39577243209851276
0.3736965653371964
0.3196657012890626
0.23657289414406146
0.17179945911876815
0.20717261902714412
0.4487699064628077
0.3568167819724447
0.3024727973564958
0.24898023706608885
0.3903300420942405
0.33963069654855116
0.25586008439050645
0.40042457336368864
0.6137056589892061
0.5806482325864077
0.6250112832412357
0.5181372078115071
0.6334434863944434
0.6910416897680375
0.535017100759734
0.3948551853823776
0.020271122108799222
0.17685634152445773
0.2784643403211964
0.17098162210540013
0.34305376421495626
0.013889171226180386
0.2397255375521965
0.4293397619551944
0.3344344556273813
0.3455559770580128
0.29790551026194945
0.2488224902898668
0.39130722132449214
0.4696944747088665
0.5692400126260045
0.6722010140115531
0.4688667831354898
0.8183005766002538
0.669153591238814
0.6463150686311855
0.7430890721870185
0.7063838626248324
0.5485858890134676
0.44763274520478125
0.3759619976558317
0.4656299230163097
0.41397626877655347
0.5223055173519686
0.5796236725674542
0.6339634372855382
0.17026970406778674
0.5736530764888464
0.5561204881538402
0.5163593785273668
0.43860865319510345
0.5206312780051846
0.5989188036992603
0.3825500280147839
0.516913773161542
0.6011786000049274
0.3881555012185227
0.6067773784803169
0.3977843342159997
0.36694529493198047
0.4106195916612352
0.3680514712566815
0.3979486949766575
0.4458445534734162
0.33017607623490186
0.5096831875706054
0.3973097405108946
0.6139958306447532
0.32163793674153407
0.40035624421288096
0.48783541807891195
0.4097398183871849
0.6733463295135486
0.6361924744488932
0.4023414763970776
0.6456584783269445
0.3973557590362081
0.37437175506900533
0.19571375294323023
0.3949937139864037
0.43704989953186013
0.3575295999662865
0.16424657343502735
0.5085558827675198
0.5489890848937049
0.4470524590200806
0.33717124623352146
0.7806658956756751
0.3203390617080125
0.45457873831431883
0.3328254583265582
0.43020284046425084
0.5934316429994553
0.35426446375823173
0.4913694152854676
0.3050413125736169
0.5234396698452418
0.18859328580735646
0.01679743709330528
0.25260787760640424
0.22181188230313253
0.14099684679282043
0.42940698738042893
0.3403622081236295
0.4306997870754672
0.22291537209608947
0.18849467509069706
0.2150767967714583
0.44718217777368763
0.548056446893622
0.24559092683091577
0.4339637306822196
0.3974968602453838
0.8109009088491385
0.48967160453776937
0.5859055809504434
0.44784415073066275
0.8671895018268598
0.7761958339986478
0.5611939693862802
0.2222660235573538
0.3910371205774166
0.4418013265012817
0.5948005569509499
0.3551857441837144
0.4034533018612354
0.3133331245986686
0.31287660295133435
0.33061782414048013
0.5427179801631588
0.3175402644073967
0.1768299724115281
0.5788869589110087
0.31148667383664685
0.18301689232012752
0.5528290383644046
0.1474999906102159
0.6244885399889706
0.29557783815686656
0.5278000551499927
0.6082123580006547
0.6245752621436538
0.45852408920795595
0.5615202700709658
0.6046438120751072
0.3332425905220402
0.6809955241673639
0.3748103508215809
0.6659176519143376
0.6468516525462223
0.5539809114188314
0.2882723264903243
0.4232420606747006
0.333779245563925
0.4905451856729188
0.37813579522262597
0.4356376516434519
0.4980714479017798
0.5480229538292185
0.4443125475380647
0.4792350185098042
0.4830034669769503
0.4903500563116808
0.4230308368216078
0.543330758609126
0.15336104122638416
0.27419863741916983
0.4191636265531251
0.24863250316819463
0.33283410890389864
0.32647654099781587
0.3877523442370845
0.2543577671478211
0.261479509108858
0.3915247428465992
0.30584776052980844
0.2783742707856628
0.320421358161457
0.5376414756498317
0.38480119695257664
0.3947146084991119
0.49552677345357465
0.817172755785605
0.5787620224542565
0.6536807385150762
0.482570672521317
0.4670683072936057
0.9825751801622192
0.6198484935942723
0.41910260215060713
0.48213074617595597
0.3432024838491794
0.3603197493959188
0.3684790703725619
0.5734741999615
0.3357923850870811
0.5549716043996779
0.4919440202126085
0.6245897487082142
0.18045852529660822
0.4674433920637817
0.4356204725692999
0.40675105363890884
0.35496944003718234
0.6128827695163996
0.41541264515071474
0.6241269216156733
0.2727159093154575
0.27279706893325495
0.21522622913982836
0.2579458582429405
0.2502569583898395
0.2717136106545618
0.12989734540614806
0.3968006317595614
0.17074277090054046
0.09694675099722483
0.2127389980063128
0.18302945580791774
0.1763736589390964
0.22885023452713726
0.3395654408763784
0.11545050981526916
0.4543559431064713
0.5827288197650207
-0.10747808013100801
0.721902525850351
0.6832431318558719
0.5132381322734189
0.4756945674161348
0.28312909562222455
0.46414594735163917
0.3852107021244804
0.48764258443656106
0.7361089731922554
0.6060436621312228
0.47576781917285405
0.43217494611413687
0.27552526887259254
0.4056891411101967
0.5170532453174164
0.5476912709051209
0.6075333436941959
0.5947677656452164
0.5780895736752876
0.34867856415720966
0.6351453751917829
0.7072910835717576
0.3972960768639787
0.5140043227903427
0.7625204397290486
0.6350712531800048
0.41525676411743784
0.690027266078444
0.3164561415102818
0.6678885023370932
0.9725674581467457
0.7112095018201439
0.8281290521501278
0.5514772053775028
0.4802011531016712
0.991303714578682
0.6269912798766387
0.7514776876491666
0.37807462992731045
0.36196178075614305
0.2539595785545694
0.40701450982924725
0.17628162084440657
0.35879012929821696
0.5011168984997334
0.4341707563919551
0.37271558379143355
0.37368666764289316
0.38484409522907004
0.4228720770468095
0.40374334270080303
0.3157774570687487
0.2873720673268977
0.34230999040633914
0.46744549185962714
0.4504504212184557
0.3758108895185388
0.507606315617414
0.4608374340228937
0.6041400452544881
0.5023983887004512
0.3975528075060155
0.4512972576980224
0.3614217247992909
0.3930556450342093
0.23217384731915236
0.4305984291685998
0.4865850695989222
0.5371567666465231
0.48981637556796853
0.3011019563023891
0.5043579029877653
0.5248553516278741
0.26261627504927954
0.11985725030069505
0.2309398819717401
0.21480285276337296
0.3760325583528352
0.19583778860757362
0.07038103415657093
0.024051846826658396
0.4750449318997697
0.3067249943194691
0.16214233920586085
0.16285460998200119
0.28078291312196224
0.3035049928523015
0.3700256314900263
0.5023111343400128
0.23024793513027442
0.2406801822040796
0.07605391000547557
0.15524211987192915
0.31114669530387584
0.26551881752277917
0.4203431215190627
0.3684186397467949
0.2968305283951814
0.3788224459720161
0.4005528095105535
0.14154388468902646
0.23657532369191026
0.3248420919345373
0.30959977882708345
0.39098778142391644
0.31675652249420283
0.29102206344528825
0.2254012596180215
0.41207248930263685
0.4503115415917749
0.19985603965183518
0.41925987496188344
0.43988079570488825
0.4855858617626996
0.4003310297763496
0.5936362859085381
0.7996072769042711
0.5875226699644365
0.9746306598125132
0.7598749540536223
0.5318187651033086
0.7073113108757307
0.37729754189654696
0.7327507247199869
0.40143561452908827
0.42604657021429515
0.6628108656898428
0.49549352451115625
0.48238218918315723
0.4455101486595323
0.36142017693547424
0.5562658317769205
0.7496347197018581
0.44844391025381225
0.47293977810391385
0.3078715226622777
0.8146501667661554
0.6344571338189562
0.7478291310958116
0.21874090432600823
0.43358613005713065
0.314303515014711
0.17206719930934988
0.2898610815271201
0.40886646270794036
0.38755678366969915
0.2895945073080308
0.31245313012365894
0.30742083595396075
0.3337653106363645
0.39991174824124665
0.289801226482054
0.2423140658987012
0.43113556856362456
0.452729386510612
0.2600440414913354
0.4166081282197136
0.45224016152469804
0.5113014225059485
0.41145738901617623
0.4321001490593792
0.40527078101575564
0.46560308437917897
0.28895997290895004
0.19856842885747494
0.3076091828077274
0.2866419868914065
0.27623902414173784
0.274132907837483
0.35943095093523847
0.2897161223375646
0.37678288302948193
0.4117778115619516
0.41580381385375387
0.23474486524073335
0.3430530606549964
0.4536936160165783
0.4503992133642942
0.2761664639287087
0.2556505511636824
0.34451041494608003
0.3744470768125724
0.549555949772819
0.3349312123394219
0.365070772634974
0.3669753093924768
0.36010070887953083
0.5117158229788914
0.4471164887146005
0.15810903429578183
0.09161340361851145
0.22986429599055913
0.2080043013648869
0.5496541791103091
0.17848921886751046
0.5127189367357834
0.29054865592841694
0.587213667351223
0.5118011999489727
0.25196676671547413
0.36732937719338665
0.32483361137177713
0.41780895977927623
0.6065622353509281
0.31715609694996105
0.08882682584522694
0.30580723159624545
0.5105849678705172
0.2859764170319068
0.3150279440709163
0.6192577911914792
0.40081642990819843
0.6069618350171538
0.3091094048270838
0.3442562109479721
0.32886212005566795
0.33104545915510486
0.4413172354131284
0.5090874455309301
0.7413941426889568
0.6752826788054727
0.4977429959769888
0.5097153831805565
0.4711694891919662
0.39102402105577116
0.37629165743217563
0.48628464580916697
0.4923092550497059
0.40812739969375156
0.3398093584102202
0.6120885133515128
0.4471163182458955
0.5354588656329571
0.37497521341198625
0.4552223886279857
0.36389143279507596
0.22135405283251441
0.29543041581610807
0.28336933319789703
0.37984252675881425
0.2734624480673271
0.4948150265256692
0.4220497856158849
0.023040141481293075
0.40080477406687987
0.3067564767764863
0.12902019430289713
0.3262431427738395
0.2086320133573023
0.23814999776961177
0.14799647900962087
0.1961577411819042
0.2554893034882314
0.3829289683454916
0.3727620839901431
0.7476002972492659
0.6516370418328732
0.7529502961276099
0.3460197350745703
0.6433234203760895
0.6148134757150128
0.6907273956081454
0.9692249844496235
0.6237857375143419
0.3047184236417153
0.573415779116021
0.7693835885824342
0.5788909699024121
0.486255862691516
0.519460430722372
0.338637052741096
0.5592983955364703
0.5573179735798985
0.7953081970560889
0.512603367392541
0.5443125521759209
0.5250879684637053
0.5207246282016332
0.5966061399821179
0.3380932068684248
0.7989446706178399
0.5167393649923592
0.5435999666524837
0.5004494891646742
0.638611072001958
0.5423191437043485
0.5522044670681137
0.42231901520304027
0.5956093358068097
0.45127373189385445
0.6822284116518348
0.2958242527629784
0.6634251075947855
0.22039831495478335
0.47481728012969504
0.4610922150620943
0.7229864548999883
0.5153254708422861
0.6047001838654564
0.4277781939861034
0.317838468458681
0.491211306291935
0.41564525643382855
0.550752011470195
0.7420160546639141
0.6288380984542568
0.3605159179307602
0.23955253138099475
0.17120821705233158
0.5424485193812161
0.3028244194012294
0.5388134069866546
0.3662845626485516
0.34228729089262055
0.6768314256889353
0.4692923238814912
0.3748153680192541
0.5402639679051788
0.6963779124565229
0.449429806350104
0.7397820313440757
0.2907382433074761
0.4207342585414027
0.43621637405917013
0.6960958954046594
0.5708674850837971
0.3224461387030526
0.5917240634022348
0.29008008848219313
0.14128297844773952
0.36446260284586285
0.3715390430647679
0.43912800964527543
0.19935956744777827
0.5240119962231056
0.3788541453664105
0.5509127524493408
0.5683286191192519
0.6701960882136703
0.5757894926149838
0.5745584379599165
0.5042016649932188
0.4490626420323143
0.4224034503085873
0.5276106226259868
0.3711137360601444
0.2667132703054428
0.2218842430826512
0.3404917961382853
0.21671971080963703
0.4069339846891695
0.5722108181563432
0.5235166069788257
0.48453173316349707
0.3569749257144069
0.40197761377035046
0.5158209724199592
0.609789891112503
0.529256709217752
0.4190826417315251
0.7065799971128816
0.6422885968453604
0.6998123927028654
0.22774416723195534
0.6923991941430077
0.8252811595671588
0.5472735943691496
0.6983452876374167
0.351744730480141
0.3486789104192125
0.5648094230822
0.41444194981917815
0.3572435923091001
0.3451013044183666
0.4440541828710073
0.6730889546148318
0.32110663413085405
0.4219623089708774
0.5181734588029943
0.48012840023692993
0.4533152758081751
0.4382860425540075
0.515615847427912
0.3689182580207414
0.36241907528807016
0.4702481263285584
0.4004892924656811
0.4543455101999154
0.19087407893355057
0.36768405207862753
0.38841622245899865
0.459867790211242
0.43749865144814115
0.4538183778869149
0.3814255205978945
0.6169593175869095
0.34538691664743915
0.3573214305781467
0.36429920026167895
0.40931589209825225
0.35604882974995244
0.3136158612439074
0.30245696999195926
0.3122220884219491
0.4283716569622442
0.5144186947692804
0.3521510020178098
0.43087906840329027
0.26597377791900856
0.2729769967823402
0.17533584612634656
0.43748636803009056
0.2568124171069419
0.40686536766824843
0.42897019585381413
0.23222691755699187
0.2717968458823825
0.3892960796206466
0.3843914326668645
0.3136444081287122
0.3275011349267356
0.24802468151174129
0.21982360899362097
0.2282152637491821
0.4557339174646391
0.29789223686758914
0.32404052298698205
0.260141227861699
0.38881431397732835
0.3386753579378148
0.3249335939576594
0.37801620427661387
0.5625517390552864
0.6386714824900802
0.8837254290205532
0.5820683470405423
0.8203344642203352
0.7022030015522671
0.5782324840077757
0.5091286961073056
0.004027549543852649
0.19305248213400672
0.2974803021855872
0.15309493882728775
0.3377125957334912
0.009871963694629171
0.29624747327099177
0.4517472175285173
0.4185756483124332
0.33108810681556955
0.24176210086968053
0.1841372704961458
0.5580362151999887
0.4392593902855968
0.7048092150531705
0.5484373304060497
0.6378738842725764
0.7649608490584092
0.7150504012369616
0.5520633504139162
0.6983323618523382
0.708590749078827
0.6329124769058135
0.4104002700995635
0.34233594860795824
0.48247969055603945
0.3696810788616578
0.46376810168104665
0.6126620746978622
0.7018620781627597
0.2369215449361457
0.6037693790626306
0.7247506617485318
0.5707632690753892
0.5057769964871307
0.491727398636133
0.5073342207519765
0.4809872226050096
0.5167443589148183
0.5560802208903532
0.6018233183731194
0.6067773784803169
0.4132227066583093
0.3610702965209217
0.4047443510409918
0.38351356830266625
0.46970476355323676
0.4555934838550234
0.3490385868349206
0.4171001691558247
0.3973097405108946
0.555749303487833
0.36444461866889555
0.4407259274482723
0.4095846291744639
0.3869820973433916
0.6068221720359164
0.5584048572071514
0.4167131888658777
0.6020325624361413
0.3488004524275141
0.3513673331077136
0.24592375518816212
0.518981433868016
0.4400609972517675
0.4435114865146128
0.11326645029996119
0.57905787287307
0.5588276972169617
0.3472111207225812
0.3263491641612952
0.5511434417621224
0.23424696322308924
0.38535383277964286
0.3328254583265582
0.45511936563656363
0.737929609698349
0.29656237113422934
0.4264205813872606
0.17771325473322686
0.5234396698452418
0.2753791321010911
0.08070143866533797
0.2818837309285629
0.22075300852945157
0.1456214097034424
0.3948863257150188
0.321874588387127
0.44033639792441803
0.15169988261301703
0.1962736736886055
0.19906777245113516
0.36000712765719256
0.4175721425157496
0.48020301313852354
0.2878045125004214
0.37444227019783605
0.2978841998807624
0.5702234226326491
0.4901891801627416
0.5446725118001936
0.5820427180636796
0.6063629191992819
0.38628752062775873
0.15768772632346528
0.38114767726584553
0.4353526980362311
0.5871607163631127
0.38657039776479407
0.3646703014433703
0.3294201426755017
0.3013817048595506
0.3062811162881409
0.5427179801631588
0.32862245033886905
0.22993740732899903
0.5788869589110087
0.3143586007760759
0.25997656587857143
0.5528290383644046
0.253341953444001
0.428794443855787
0.3211770482929266
0.692584535917485
0.6178567208869031
0.5977717439857252
0.5421525039565185
0.5592027949132824
0.43308671004567834
0.5096536671232825
0.6510361463689713
0.31025953364157477
0.39944485537586194
0.6380555112499132
0.6052152131818997
0.5716238877518156
0.4232420606747006
0.26097901986345684
0.4618847080990145
0.34206616837275927
0.4445892136470856
0.5695242032697264
0.5677957558912642
0.46025671925738054
0.5417981395261318
0.4826278768587122
0.607622031748605
0.5066167379058417
0.5078921581536409
0.2178095321565927
0.4382020461046856
0.37419880334430333
0.21927594423281727
0.26671434272343
0.23044939326217895
0.4318327153656125
0.2882014930695619
0.30398368391490216
0.3193214099979724
0.27907105131638055
0.30261389531641614
0.3461744837176378
0.6041264156552596
0.31224896023226933
0.48537869704428527
0.6640300995856805
0.4213025619208053
0.7361883706876021
0.5681839246751558
0.5076732460181246
0.5397229653361617
0.9825751801622192
0.5458323293668219
0.4538853590034029
0.5197268405528872
0.5431498685886675
0.3128629605810893
0.3978041966279544
0.4467071434521881
0.355543044061543
0.4784817986926724
0.4919440202126085
0.5867313168765842
0.19969367168328223
0.5195855940931162
0.4767385160436616
0.43138824068351866
0.3898337544773096
0.6899653182836498
0.36677466555291793
0.6226031016359583
0.16948815937027228
0.30141213708522585
0.21901626320758916
0.27591906150877143
0.2932438170696635
0.16007849630912752
0.17568992816401474
0.36543809964747087
0.16926451055496694
0.1261687961865663
0.19429821179869733
0.19666648081697746
0.23999414855365409
0.20624392997427
0.36659543550148643
0.09698119363599855
0.48319109847698916
0.5523148595055402
-0.10747808013100801
0.7715984693858571
0.4297182819088431
0.5104989795289885
0.3663516598271852
0.23508206070945792
0.4299879377785423
0.27994173235928077
0.5197987085516262
0.4718352865656814
0.5400783307198396
0.5322016319152931
0.4641639778641009
0.27046597182194043
0.38123273822116255
0.4522692431537897
0.4545624640351832
0.5961913250511062
0.5361206737049161
0.636735360200769
0.3484484977694833
0.5787799601909202
0.754585989273834
0.49685687373776566
0.5140043227903427
0.6384495552785503
0.6350712531800048
0.44034446809080063
0.690027266078444
0.3151700702675543
0.6916031892572083
0.8538436907311086
0.689439665026593
0.698537819778344
0.46749156346746623
0.42836684926297397
0.991303714578682
0.4967193512691819
0.6987368680928272
0.37807462992731045
0.3131953221381657
0.2539595785545694
0.46362253258385566
0.26283659721839636
0.3857470150095238
0.5382758243253891
0.4200986903077183
0.4709844921359929
0.39795239801745674
0.39015139234415974
0.46647318692603656
0.4629781152615289
0.33343433868467076
0.3858978481001354
0.33149996149022554
0.48183365018604873
0.4608215681153933
0.39101552821539376
0.3316147226093592
0.4050246404981146
0.45176917846845255
0.5287531914989292
0.47627371289493614
0.35289767999343313
0.3823629759060252
0.3930556450342093
0.23217384731915236
0.4407742618408851
0.4897583302217765
0.4775276071964196
0.5477180960313016
0.2795177255920027
0.5043579029877653
0.5366306409690902
0.16978055517625634
0.23063876102721748
0.2309398819717401
0.23659834626304477
0.39218355986719344
0.24767562921197217
0.06695900473077998
0.0029720652483783416
0.4051650772094837
0.2787142406750769
0.2646184382135761
0.173063609465139
0.23758903907850026
0.2596035733227988
0.34212796797754896
0.5720480950462
0.27348586853002244
0.2105228084415266
0.08739485203198427
0.1772087413106832
0.32410758117055183
0.23336712926258263
0.3641780509584186
0.3534751799658513
0.40864647632202056
0.3903586356949673
0.4673629391771581
0.22017768034523244
0.2769676910032659
0.2131780041729181
0.3377256148681931
0.467881444361967
0.33962831844638497
0.279169611436504
0.2058262701952016
0.37106743971790945
0.3868414397335629
0.17474201958695645
0.40457637641204347
0.3917193745469192
0.4076793355210766
0.3935442757254036
0.6016809115631836
0.7138099662853818
0.6459395627089379
0.9746306598125132
0.8119933825041801
0.4820602228951182
0.7051449759243628
0.44982963234706286
0.6967735142731027
0.40754915873574626
0.2953297817834658
0.7914168231512531
0.4621268470702782
0.3019595519711571
0.4923902450335824
0.23631320648018583
0.6401961520061579
0.6097533650021005
0.23728124071786982
0.5294882955138791
0.24769823072854258
0.4566586733926459
0.5888322616944384
0.8489103357922848
0.22341242705228392
0.2522469085742435
0.2576422942054051
0.14401493900844542
0.2502642308223185
0.37706870268857406
0.3010611425211843
0.29228683149726264
0.3146869016080285
0.2912253244722589
0.33206202262004103
0.38434200255798023
0.2699391105270744
0.31052626404862016
0.40927883523559794
0.43128017524048357
0.2526574768318459
0.428284643974005
0.4107725407482239
0.46459153594893166
0.4769992988583438
0.40335770156605144
0.42725079230936647
0.4115181559957287
0.3321535852773767
0.546003655256764
0.31195181935203675
0.2682742428112582
0.26442168215859674
0.2948379980805722
0.3979316995773339
0.2685235603325131
0.39593065157703244
0.4474493453336643
0.45649562481395267
0.23583297772501477
0.3929846215478785
0.38027528060216975
0.5161289196127161
0.2098839662121018
0.41992695489164156
0.352350066268331
0.27676993466762767
0.4934559628681142
0.35448208290345695
0.32568123439508856
0.3209436288290831
0.3574130575484026
0.46710047482632977
0.45237940341422145
0.19203363858388145
0.1287506632866372
0.20629627094213543
0.2688458166300832
0.5496541791103091
0.18041519031692366
0.4378828622077777
0.2989528988276047
0.43939007969032917
0.5140681951928208
0.21551626318602057
0.375350801760856
0.3338954352268415
0.416248249054598
0.6065622353509281
0.32197679434079474
0.09058357768835479
0.3082017496340961
0.47274202703336377
0.27114161970276085
0.31017988720298606
0.5682706001560117
0.3903502371784855
0.6232854091433826
0.37018078390602405
0.3871800770024605
0.3668271798500792
0.3218671562853952
0.5539010597634546
0.5326991974988752
0.7413941426889568
0.6325868454976716
0.46102285828234424
0.500001199327578
0.5158977632009659
0.35305438966319824
0.46563973487588295
0.4533869952848911
0.5219101415597631
0.4127069993446424
0.4933843965913651
0.6192645084208114
0.4538881780131345
0.45469104913249503
0.40525397267347296
0.3345455981408971
0.48946146910557964
0.2874012987901631
0.29084198716897114
0.335328132760915
0.39087997915425254
0.33191364085288144
0.5860636348083363
0.3167455549581447
0.033122768645261313
0.378893781410645
0.3771458075041232
0.10102172617264338
0.2947180523048143
0.20515523466806695
0.23498553225239593
0.12241785245136305
0.25911950285019225
0.2671573157524325
0.4613457005873616
0.31231507146886794
0.7476002972492659
0.5494309861292036
0.7529502961276099
0.3888792797950891
0.5070775858668719
0.5602680667350661
0.6066823571732787
0.8969881459587985
0.6786532376045131
0.17680389347677405
0.4733248491461436
0.8125548015783233
0.5968136068690009
0.4272416016360696
0.536522538148911
0.49722873224422803
0.542670051476474
0.5701125595496868
0.5465149047069147
0.5925452062706553
0.5527841020451808
0.5235660606498751
0.45130990935471393
0.6159023007285718
0.3690655709646624
0.6712618436825832
0.5391579696454547
0.5179472677919232
0.5655928352290587
0.5122150460100254
0.43637628881077783
0.5496377911834335
0.4085462911960921
0.5956093358068097
0.42186150108402654
0.713016311440841
0.334551069608364
0.6934796935377026
0.2077045104852412
0.4684661423043004
0.4581868509695741
0.7438335683007277
0.4794086132140487
0.5024779742512326
0.4399205106369799
0.446143289794778
0.5337258561710684
0.38866841071338565
0.6134602830815241
0.741652077778523
0.5412635824623315
0.3420374324962171
0.10285285032576086
0.08741640030339093
0.417872872302819
0.3418496270260638
0.24143463039546864
0.30010485590823044
0.29257483957861474
0.43197982614272123
0.4316932119000043
0.26538053887157176
0.5152482683728251
0.6171047444537616
0.40044180862313505
0.38583268007852767
0.27260431189117784
0.42834018102651816
0.450397747213543
0.5669603947223053
0.5571431346265308
0.3383373700982266
0.564421776771243
0.2593758711116094
0.16609325340000058
0.3116077170114361
0.4773047630801439
0.4243708838661133
0.20014279083596576
0.49027434663984015
0.3698487793859415
0.4687856478989729
0.49739577782395084
0.6786510867937741
0.5227807636287124
0.5559636252422636
0.4155600246511755
0.4490626420323143
0.501518855123843
0.481567608936043
0.4340632418782199
0.34996832851216475
0.2245441071893266
0.29669045743708145
0.1431248137342681
0.4203917604199934
0.5722108181563432
0.5554065056255286
0.5345257848548254
0.4062500590603544
0.4037397062051086
0.6119504221697497
0.5144563087979922
0.474988049970813
0.4259769142093158
0.6458180195084342
0.6411674929193716
0.6409573725056606
0.6196440078726585
0.5979222417227467
0.477166737901782
0.6216245045400663
0.7958157082730946
0.3856026866599589
0.3636402400384491
0.5455558406534275
0.36062250260464923
0.362485703883069
0.39223144361619466
0.49034617403650904
0.6730889546148318
0.3661595899672492
0.40460696699222165
0.5181734588029943
0.31309420831078405
0.4931846159726052
0.5324588472683867
0.5472300812207498
0.3689182580207414
0.3131419225202381
0.4807763897966353
0.4725907080816445
0.4920217414646316
0.26408636547514397
0.43603970257352653
0.3950937692587613
0.4695364451813784
0.47586163671251713
0.6708585649848113
0.43621606255308876
0.5331987995796534
0.3154303986961666
0.3513873555788617
0.3859679917661947
0.33966465166718907
0.2956168806362036
0.3930669052244731
0.12741957947418459
0.3094616975449065
0.5156090393366682
0.38782639876081326
0.32729154033132823
0.5616804529439917
0.30491991800399265
0.22385816079819398
0.2043555267871785
0.4312759871098718
0.32602140267867064
0.4565086817397308
0.4616700649243016
0.28468659620574166
0.25619056944501106
0.40852696020842105
0.39950453069582825
0.26472685838358956
0.32131062444911473
0.19474257835017061
0.14588282145287168
0.22204750800522433
0.4603005854120532
0.33069561478550646
0.34568167807511263
0.23847238132076276
0.337909500111373
0.26709327655056136
0.3007906577307058
0.3729425834378275
0.33686024734710884
0.5307512248938508
0.6575921686262614
0.43696812565420184
0.5342404373357735
0.6310157388068607
0.5366293125558591
0.44874953533023676
0.11493373083075775
0.21432652535179164
0.34241636801675335
0.17852530573644332
0.26203968273099065
-0.06527689206181853
0.2673220344044259
0.46956954545137886
0.3344344556273813
0.33305376214363624
0.25197917507960965
0.20749449618758653
0.5580362151999887
0.46931777120142915
0.5645824182298722
0.5330889783370285
0.4424775693365758
0.7680111202418516
0.6041141256266926
0.6469279049522101
0.6314385222172006
0.7413151776214475
0.5281950586441719
0.38286540533148616
0.4933843965913651
0.4627161034509971
0.45080522651620236
0.4348339961215193
0.6252659713778445
0.7615069188658947
0.21075418381316824
0.7667732894866266
0.6963350784348667
0.5024423353028831
0.5271615990747348
0.4765159484818242
0.6180044352702403
0.42036985551457595
0.478121138297817
0.587354285655731
0.6246531410257956
0.6067773784803169
0.37371503054483524
0.47519162530248926
0.40845504563628454
0.3879260044665527
0.395100657424331
0.4377615832756627
0.3249859789611942
0.5511405286960834
0.3973097405108946
0.6190422865760569
0.5892113706077791
0.4572637176979505
0.49146456429200425
0.386690848570014
0.6866569807037415
0.6211766849015417
0.45346035798884454
0.6061897466216978
0.38144849204376374
0.3777778606807881
0.19953641007705758
0.44152207742664795
0.4492532469423808
0.45942851885482927
0.05624396339538329
0.5770565806466735
0.45334337848366213
0.3709284449639838
0.3975635605269907
0.5603371107554499
0.33053554233096105
0.4841271920814507
0.4761375840686165
0.688954872776095
0.6261357941648631
0.41932160576383515
0.5780680871855077
0.2810207666927982
0.5234396698452418
0.33525263426492335
-0.057743808372932026
0.24876605374141014
0.3107860175438668
0.18247681739282084
0.36688126297197843
0.3374333116816386
0.4007631946316704
0.18445751074155425
0.1937988310839065
0.21559835463652666
0.48701704055987727
0.40471063825685294
0.342806453390591
0.32280626354895503
0.39620111077694564
0.36014597583573227
0.4439297554185113
0.4336482846494707
0.5137538200473895
0.9814846381375986
0.619672520579964
0.4375771195532574
0.26231729479893373
0.36852759947834735
0.4161647063018217
0.5871607163631127
0.4129934421941154
0.40415859928990117
0.31563786178430764
0.3228034254831864
0.30595755914695877
0.5054255361214083
0.33143661166771254
0.22376546027630195
0.5830122088805054
0.33834989300516183
0.275075674969935
0.5528290383644046
0.24795270740520214
0.42879026573430234
0.3186998553714767
0.6283174897261166
0.48556449859159834
0.631357114870394
0.5065427013420093
0.5264111471890548
0.4169851565436624
0.3332425905220402
0.7113407059042449
0.32556084692071263
0.50489033571544
0.5914369767580941
0.5527031709467243
0.6094788283385251
0.45146183786708616
0.3391087595168394
0.46070758361070885
0.37004159055194197
0.44668434441597693
0.5695843647209826
0.5082762586027062
0.46195327100417993
0.5527964484929591
0.44956425724858384
0.5604016281485772
0.4806722077704926
0.5477138810154925
0.1348698863795068
0.21986397861736828
0.37118619951609155
0.1883676519194184
0.25974551348132424
0.3790947878472032
0.41507392073337
0.29677502907621456
0.2359133546445883
0.3515869281873829
0.2597697122040762
0.2942647362265356
0.3522540701112423
0.6736113337955283
0.41034176201066197
0.4043661649142717
0.45599717963037656
0.4601390402699822
0.6506925862383842
0.6775142354783021
0.4266082781252535
0.6196884726680973
0.9825751801622192
0.48972210932857174
0.552257176844598
0.5373170668316145
0.495205271803806
0.33155104998740936
0.35580746634726546
0.5898836401228554
0.3289535841382718
0.48785835070030403
0.4919440202126085
0.49950103922700617
0.21180252575619207
0.42620238050271886
0.4971802824216205
0.3685399188498373
0.3413250215470065
0.6257918882995737
0.39916561934905825
0.5096526103236648
0.24224150975468195
0.24795456198096
0.18607825100442466
0.20505975127614895
0.28710044565930026
0.16070925084971266
0.1562084986015675
0.353824208620077
0.17486676306773719
0.11051708018068462
0.23337665547030517
0.20318810492437434
0.1763736589390964
0.18295278842806162
0.40261585967004854
0.11260601571956697
0.4591672516625984
0.5663952999220219
-0.10248249535863052
0.721902525850351
0.5370507960526196
0.5297925180382306
0.2984227738135945
0.33131286838637
0.5089224957107664
0.33822681969643487
0.4776438949215881
0.5709186039065021
0.5757319937229681
0.5124746063501568
0.4478638531350756
0.2769630134476492
0.4130173302836808
0.5009495663583802
0.4741589367552391
0.6075333436941959
0.6145682607060283
0.5780895736752876
0.37979329033815923
0.6352125517417238
0.7072910835717576
0.49951719639630643
0.6374735399113014
0.6401620892597458
0.7333094584075134
0.5126878320909807
0.690027266078444
0.3140086572094838
0.6678885023370932
0.9725674581467457
0.6540947477867309
0.8524745866306029
0.6401612336168687
0.4802011531016712
0.991303714578682
0.5409367896516671
0.9796925006546191
0.37807462992731045
0.3139262504398056
0.2539595785545694
0.38353479654171574
0.16476211129027485
0.3321199983156945
0.5276439991716309
0.4587538656512088
0.414352117040269
0.4292249373545025
0.36792181616266306
0.4257325322533998
0.40367290306983294
0.3157774570687487
0.3013340393512325
0.34507964865276575
0.4188724864282508
0.43708208016084327
0.3678707652487756
0.3540465242398778
0.3990925618951473
0.5367073045295028
0.4657005018189073
0.49745343356040705
0.4560308834462796
0.393013462436401
0.3930556450342093
0.23217384731915236
0.4101191702653646
0.4865850695989222
0.5371567666465231
0.5555339224400693
0.33280172369612515
0.44899676766078567
0.5248553516278741
0.26261627504927954
0.2802980262299768
0.22159195519184838
0.27500908557388637
0.3660446199567745
0.20432874077716123
0.0982716903012899
0.017142478738739753
0.4499107285295223
0.2921703481945219
0.21509318913763642
0.13357083203690512
0.26518477183502853
0.3074147083554405
0.3964022908131555
0.5720480950462
0.2774159888954636
0.20005168053379352
0.07506297748714441
0.15104559932980433
0.3023619336302579
0.2398393076527795
0.3953221722200191
0.39989157792764374
0.3464166742070045
0.3664488921088316
0.4095373929389716
0.19738963733107795
0.24873431678534108
0.22062616216370423
0.30959977882708345
0.39285355352719986
0.34273977477936257
0.3049677728377256
0.21136206297074123
0.3635077091550285
0.3988442691194982
0.17265395291684826
0.3619945305755834
0.4132311499211583
0.4929921325429194
0.4215967105049142
0.6120606138386184
0.7952875142317387
0.4891424673780662
0.8037009625024193
0.8119933825041801
0.49148567150907574
0.6526609412405856
0.477340208271007
0.705414182139932
0.478328986243884
0.3955061672985424
0.67469768902727
0.4437812870733
0.39707761833786737
0.4455101486595323
0.33692953648992785
0.5878981875732384
0.6790564205217919
0.27801033384791374
0.4292139525866404
0.27579896573346985
0.8146501667661554
0.6293998326147127
0.8081784943600079
0.23777413396483027
0.4086654778111424
0.2327186738739837
0.1704371863303158
0.24224848746795946
0.32121555711539806
0.3258888548103407
0.2623393929761305
0.24664001156582716
0.2896628291536816
0.3339649221219694
0.3841068854226313
0.32747028486251606
0.3008236842526203
0.40209438452550494
0.40074990985729997
0.26436009645221836
0.3953503198292758
0.42397660756939937
0.4749518575506795
0.5039554613126114
0.3956959056118702
0.41695141507559275
0.43123180913486403
0.30263000172741195
0.21945080686607743
0.30331718117177575
0.1668283498527533
0.30547393078779084
0.24585147870060697
0.38452128667564023
0.23520401945780356
0.3972783885291912
0.43391488726241134
0.41580381385375387
0.21234474903503875
0.36139401537889837
0.3760018103795748
0.40347665375839903
0.24863787886863942
0.27631325232930803
0.3219744347685969
0.3138194627720525
0.5633583231402683
0.3349312123394219
0.36698102149149303
0.34347100357431315
0.3473894146094608
0.5316264403888895
0.4250554355235353
0.13152020304988232
0.09161340361851145
0.17968450345496456
0.26443550848911257
0.5496541791103091
0.20163019599501442
0.46556291817083784
0.3427183268702345
0.46061060962066014
0.5118011999489727
0.2225032198416984
0.2613675054445336
0.3225388229150039
0.40051214947098723
0.6065622353509281
0.3023008935339584
0.08882682584522694
0.2918902996359306
0.46285886086044703
0.25551322303196367
0.3453071566521766
0.5723966773021673
0.3896935428751285
0.6069618350171538
0.3224425296142649
0.3612714737628955
0.35153797551512
0.32442208917556425
0.5087639100634958
0.5090874455309301
0.7413941426889568
0.6289412049117633
0.4634371514127731
0.5440099333680664
0.4987834660228174
0.35409158678692665
0.5163483615114857
0.48628464580916697
0.5081134095051121
0.40812739969375156
0.3398093584102202
0.65315162127784
0.383029336163883
0.49883457541865717
0.39654802469520334
0.35574002614207434
0.45105715162618676
0.33027355457570085
0.30764723934794835
0.3161385713214059
0.45306435122331035
0.28289873233493845
0.5468200574595115
0.4220497856158849
0.13196953254222166
0.38156215889709066
0.3184383683308154
0.16772560919819612
0.30056524404025897
0.21169929437708845
0.27445263206012505
0.1477271682318574
0.2517076591183425
0.26270274879101096
0.4613457005873616
0.3620045242891472
0.8693992186187002
0.6221773719727606
0.88190201321591
0.3769699743531625
0.5507975504706351
0.5602680667350661
0.6066823571732787
0.9692249844496235
0.6237857375143419
0.31958314488995443
0.41252359847384357
0.7284901387718321
0.6947980280028077
0.4897281835192212
0.536522538148911
0.3294980122404405
0.6093102369732475
0.6152018699165984
0.5383545724236449
0.512603367392541
0.5119217057281176
0.5173307537366397
0.5259201931266513
0.5964071845873199
0.29673479749512055
0.6894130500833751
0.4871452624339232
0.5728157330189783
0.425932243797313
0.5929830187961566
0.5423191437043485
0.45562016789785953
0.4368367143550227
0.6499249296841896
0.5437556083730379
0.6761962044379776
0.286800987283641
0.6777502673753295
0.1985556216225567
0.46571548700790266
0.4161319493806742
0.804484625786994
0.5257926647889138
0.5881122441902629
0.44817531258457066
0.35967969429604263
0.5429704319568006
0.41012600780400477
0.5517004075237388
0.739736138766088
0.4937362153131819
0.33924573840338745
0.030797634155566467
0.07804509496044565
0.5506294145241317
0.2901444909549602
0.3408259567418631
0.31268455110776616
0.3676355600437373
0.6944486153178209
0.39270075988278774
0.2574960592715503
0.5126333917323758
0.5854296727280415
0.43239393211208976
0.49536973075610313
0.3176726430398894
0.4009097295840782
0.4552918460798603
0.5529839040404074
0.5248391546046753
0.32325979640828817
0.564421776771243
0.24632962548160164
0.16690810742948292
0.3232496766125771
0.4598480152190676
0.4143521679267387
0.2991257815974362
0.4875729315473689
0.36378895853946525
0.5577570867613202
0.5008146448872356
0.6701960882136703
0.49154123141513617
0.529441023425595
0.4941175609291202
0.4490626420323143
0.4503931417639693
0.4631677378573933
0.4135080052019484
0.2920866449628936
0.2297908808878003
0.30449234664081026
0.21671971080963703
0.3967456926895283
0.5722108181563432
0.5247103057582154
0.5702280183305422
0.3331958915374559
0.42770454795890056
0.5891055780127756
0.5194024768803687
0.529256709217752
0.4190826417315251
0.6476859425622017
0.6133143297638495
0.6655015257913321
0.350974471948051
0.8458585312388052
0.6042278822054296
0.6393871839138441
0.6983452876374167
0.35478958552889095
0.38949288125632964
0.6338301784692147
0.47915032402955426
0.27286908961929734
0.35614269950386324
0.4678632780610279
0.6730889546148318
0.3661595899672492
0.41211438850749516
0.5181734588029943
0.48012840023692993
0.5147983625801968
0.4539428793824374
0.46765019371812544
0.3689182580207414
0.34184286969582056
0.4314551368360763
0.4018622900260187
0.4536848672622251
0.20214516105636438
0.35221649037685065
0.35538871846262265
0.4226416055453095
0.41214903017565985
0.45679915388785575
0.43502146026079846
0.564697918211845
0.18760426576066502
0.3432658699397395
0.3836484194121368
0.40931589209825225
0.3279572770797403
0.3136158612439074
0.3343735073141505
0.32302641046765257
0.49877868949930626
0.46696508085385824
0.40698788689988563
0.4391426647702543
0.3166729516609321
0.3115746769634452
0.3148345417651526
0.4649575206777442
0.3025210352934653
0.4283237638790074
0.43863015012127904
0.28468659620574166
0.3376618624796477
0.4128484802562208
0.42388973596832447
0.3136444081287122
0.2851116889662091
0.295787425033623
0.20491119959323179
0.2564204768825177
0.4607467672768988
0.3188827311857926
0.310882435651034
0.26346684658959607
0.3924900467846132
0.3184761030431924
0.3321309660398768
0.29952253555834285
0.5132750304969942
0.5454657769549693
0.7625136103184146
0.3914265738825988
0.5572622422398218
0.6638296982074973
0.459016893195071
0.4914960040711188
0.031826360508275586
0.1688451438627313
0.3440279100144671
0.21398917649123494
0.34862508775381895
-0.00169745354744677
0.3042074201788949
0.4517472175285173
0.3207301849501437
0.31748701096280485
0.25891193939568546
0.25224983252315447
0.5580362151999887
0.43336244128340284
0.6441672572310791
0.5619219384203451
0.4725575837453042
0.7649608490584092
0.7150504012369616
0.6106438423448143
0.7181812156665205
0.7302390260324833
0.48987704921139663
0.48871479228765247
0.34233594860795824
0.4650126423406472
0.37798063354077893
0.6032626852117597
0.6126620746978622
0.7615069188658947
0.19662348885362746
0.7667732894866266
0.6035530387440637
0.5991460144677476
0.5660924732589587
0.5146286618418748
0.654631531621279
0.4459808566966337
0.42479970889549035
0.5972675809637925
0.6452356617263522
0.6067773784803169
0.40476511026593875
0.3610702965209217
0.436100022829649
0.38351356830266625
0.4406879940075831
0.4582675274930954
0.318136350206053
0.529777892052516
0.3973097405108946
0.5434777429591752
0.40969919843060576
0.41393399181823964
0.46626622792638217
0.37292333298902425
0.5939525847347018
0.5496330489084524
0.4395891119508699
0.5220157012041632
0.3973557590362081
0.3283498787623764
0.21680849796409618
0.5081079180371598
0.4131875031412946
0.4435114865146128
0.11326645029996119
0.5943388101470557
0.5226088266343598
0.3627754617771086
0.3092678248574914
0.5603371107554499
0.2797325422476633
0.3098999465371073
0.3328254583265582
0.4027226273573328
0.6960642578241768
0.32814018605605566
0.4840975863607837
0.20573898077592323
0.45749140969899216
0.23827279768303333
0.01673899313069649
0.21068725939468558
0.20147430018277857
0.1986340666390607
0.38124948705488615
0.3211211911118377
0.43739439979468875
0.1657131807495933
0.20294117925132382
0.187724465288444
0.45422747455152757
0.5904649534464579
0.4239331155254753
0.28133641397534404
0.3947343432496385
0.5187873276360158
0.4378096776174605
0.566908900356244
0.5446725118001936
0.31450174117099094
0.8129592825493848
0.4007237553004477
0.27194213697881575
0.4146834547409469
0.43051623528517347
0.5871607163631127
0.3545482283313317
0.37273850767631556
0.28671307787632705
0.3126227048610859
0.3062811162881409
0.5427179801631588
0.3054309752806036
0.2106791898392526
0.5146375588083067
0.31148667383664685
0.27819270769608617
0.5528290383644046
0.16866473112643765
0.39307256803932933
0.38117910246329256
0.692584535917485
0.5030312443856856
0.5977717439857252
0.49555656688473326
0.48621125588650016
0.566708358295712
0.5096536671232825
0.6532963254573356
0.34749096900107856
0.4628454798767334
0.5105720222121011
0.5791124683083793
0.5716238877518156
0.4232420606747006
0.4200965103004338
0.5012638235155995
0.38973908023928505
0.4639873161523428
0.5695242032697264
0.5355408431654699
0.5188596985637859
0.5174924405414106
0.4224975847823247
0.6488703314765417
0.5066167379058417
0.5088250103027586
0.08299992227240649
0.24705901201108582
0.4085433031174892
0.22209505100134952
0.25974551348132424
0.29000221926298564
0.42294001277755344
0.3160392584984899
0.26572629416525484
0.4206034181823386
0.2597697122040762
0.2842581136325888
0.3654894304446342
0.6736113337955283
0.47796911808146736
0.48567497558663
0.6091517685747463
0.48319783053552345
0.7361883706876021
0.7756000781535425
0.4784828139501165
0.6443921466694991
0.9825751801622192
0.6118644438169534
0.41910260215060713
0.5197268405528872
0.5431498685886675
0.1772093771842893
0.3775564189500372
0.4915474287180208
0.3777604116368084
0.5216096474598781
0.595673065387723
0.5134630150666029
0.264164123575541
0.4967639253209213
0.5241230058298433
0.4554748786119961
0.40794117742542935
0.6206023452780953
0.5132658279626625
0.6186165730210472