-2.0063869953155518
-3.346632242202759
-1.5411360263824463
-1.4938945770263672
-1.1155730485916138
-1.6824017763137817
-1.864665150642395
-2.18514084815979
-1.8504773378372192
-3.079483985900879
-1.6271480321884155
-1.5030956268310547
-2.8007805347442627
-3.7330288887023926
-2.6860475540161133
-1.1776572465896606
-3.4621455669403076
-2.027085304260254
-2.3422915935516357
-1.8793538808822632
-2.030911445617676
-1.0550998449325562
-1.279967188835144
-2.214402675628662
-1.6787642240524292
-1.0034575462341309
-1.0654442310333252
-1.2350189685821533
-1.403469204902649
-1.6984277963638306
-0.0
-1.5611350536346436
-1.1218469142913818
-2.450066566467285
-1.253219485282898
-2.323338270187378
-1.858001947402954
-3.6600801944732666
-1.7208325862884521
-1.3109606504440308
-0.9841029047966003
-2.7521345615386963
-3.0056755542755127
-0.7987255454063416
-2.0076231956481934
-1.721378207206726
-2.2227721214294434
-1.5773143768310547
-2.437544107437134
-1.4657989740371704
-2.854259729385376
-1.6207187175750732
-3.2852890491485596
-1.886630654335022
-2.138460636138916
-1.9300415515899658
-5.720649719238281
-5.027231693267822
-2.954038381576538
-1.9897185564041138
-2.1695380210876465
-1.3041653633117676
-2.442969799041748
-1.664468765258789
-2.4199132919311523
-1.1449007987976074
-1.420888066291809
-2.3622422218322754
-2.0904533863067627
-1.7146587371826172
-2.1904869079589844
-1.7178497314453125
-1.275707483291626
-0.9450491666793823
-1.4335776567459106
-1.0890690088272095
-2.814695119857788
-2.3786957263946533
-1.2890040874481201
-0.8373026251792908
-1.7871791124343872
-2.072845220565796
-2.706958770751953
-2.081456422805786
-1.3016619682312012
-1.0843262672424316
-0.0
-1.4363734722137451
-2.9727163314819336
-3.710392475128174
-3.1887612342834473
-4.045266628265381
-2.9113051891326904
-3.970709800720215
-1.855376124382019
-1.398960828781128
-0.0
-2.9958884716033936
-2.2175369262695312
-1.5545992851257324
-2.434340238571167
-2.361706018447876
-2.262620449066162
-2.7450931072235107
-1.6246700286865234
-1.773309350013733
-1.421930193901062
-1.0728108882904053
-2.5242083072662354
-2.392822504043579
-2.087533712387085
-2.087533712387085
-5.703731060028076
-1.264752984046936
-1.3384690284729004
-1.2023520469665527
-1.032117247581482
-1.0132956504821777
-1.0132956504821777
-2.012073040008545
-2.295020818710327
-2.1561362743377686
-2.228215217590332
-2.5019192695617676
-1.381648063659668
-1.081662893295288
-2.544137477874756
-1.7005888223648071
-4.417073726654053
-2.6469850540161133
-1.6952478885650635
-1.638607382774353
-1.2514121532440186
-2.0629830360412598
-3.050589084625244
-1.314560890197754
-1.6851460933685303
-2.254232883453369
-1.6257323026657104
-1.4752596616744995
-1.1307085752487183
-2.557277202606201
-2.114201545715332
-0.8630529046058655
-1.6449079513549805
-1.7075526714324951
-1.0952993631362915
-2.2396514415740967
-1.0334645509719849
-2.135899066925049
-2.7182765007019043
-2.9846935272216797
-1.9455057382583618
-1.3105589151382446
-1.536319613456726
-1.898756742477417
-2.594839572906494
-2.1865017414093018
-1.6650160551071167
-2.132437229156494
-0.7222685813903809
-1.9362908601760864
-2.3604605197906494
-2.392979145050049
-1.2723731994628906
-2.681506872177124
-1.7612820863723755
-1.6294834613800049
-1.2260197401046753
-1.7094392776489258
-1.307498574256897
-3.2012925148010254
-1.0177818536758423
-1.1875184774398804
-1.5456218719482422
-1.8295238018035889
-3.6721315383911133
-2.8739655017852783
-3.161712646484375
-2.1715986728668213
-1.9479687213897705
-1.634681224822998
-1.6619755029678345
-1.1537219285964966
-3.364638566970825
-2.7407078742980957
-3.035653829574585
-1.5664052963256836
-0.0
-1.3673843145370483
-3.581934690475464
-2.8574914932250977
-1.4962644577026367
-2.514961004257202
-1.9990557432174683
-1.6887680292129517
-1.779814600944519
-2.009105682373047
-2.4372901916503906
-2.358330011367798
-2.0556445121765137
-3.8510608673095703
-2.4423649311065674
-0.8276997208595276
-4.869435787200928
-1.651627779006958
-0.0
-1.6838030815124512
-1.3462088108062744
-2.7249693870544434
-1.175032615661621
-0.0
-3.2144434452056885
-2.329712152481079
-1.1194415092468262
-1.3698492050170898
-1.641692042350769
-0.2722821533679962
-1.7478485107421875
-3.1408028602600098
-1.599057674407959
-2.0323119163513184
-4.480063438415527
-2.3198678493499756
-2.2308244705200195
-4.484365463256836
-1.9308215379714966
-4.470510482788086
-1.9936895370483398
-0.9664378762245178
-2.7579264640808105
-2.355529308319092
-2.693216562271118
-1.4875611066818237
-2.7882421016693115
-2.1288366317749023
-2.249401330947876
-1.7192150354385376
-1.5700098276138306
-2.2781035900115967
-2.552319288253784
-2.3747072219848633
-1.7151933908462524
-1.6571571826934814
-0.0
-0.0
-1.9827896356582642
-1.914109468460083
-3.6207995414733887
-1.440970540046692
-2.3582727909088135
-4.139202117919922
-1.212585210800171
-1.5084830522537231
-5.262658596038818
-1.1089414358139038
-0.9328290820121765
-2.269855260848999
-2.193934202194214
-1.9344819784164429
-3.9037065505981445
-1.5930228233337402
-1.7423219680786133
-1.7252193689346313
-1.6279163360595703
-0.0
-2.5556745529174805
-2.9553475379943848
-2.26424241065979
-2.7345564365386963
-2.5416083335876465
-1.168546438217163
-2.7789762020111084
-4.038877010345459
-1.8303682804107666
-1.2254730463027954
-2.34220027923584
-0.0
-2.861013174057007
-2.5532302856445312
-2.257050037384033
-3.2422478199005127
-2.7326560020446777
-2.6037485599517822
-1.7754625082015991
-0.6148889660835266
-2.7788350582122803
-2.3472585678100586
-2.4277760982513428
-1.918408989906311
-2.025914430618286
-2.3562519550323486
-0.76441890001297
-4.815901279449463
-1.4284032583236694
-1.6080735921859741
-1.9902480840682983
-2.027439594268799
-1.1364266872406006
-2.856207847595215
-1.3982796669006348
-3.1253085136413574
-1.3313686847686768
-1.0652395486831665
-1.8217202425003052
-2.174544334411621
-2.7388265132904053
-1.1200101375579834
-2.209418296813965
-2.314378499984741
-1.7392016649246216
-2.4384875297546387
-2.3887901306152344
-2.44169020652771
-1.1517434120178223
-1.3709330558776855
-2.2253148555755615
-2.854658842086792
-1.3285053968429565
-3.9952292442321777
-1.453292727470398
-1.3999412059783936
-1.6639150381088257
-2.129887580871582
-3.464010000228882
-5.019908905029297
-2.5335264205932617
-1.5162997245788574
-2.329472541809082
-2.2630114555358887
-1.6519503593444824
-2.3484930992126465
-0.9654069542884827
-2.3188111782073975
-2.304025650024414
-0.935910701751709
-2.4024226665496826
-1.6092073917388916
-2.5965936183929443
-2.154522180557251
-2.1880104541778564
-3.0537476539611816
-2.8560266494750977
-3.749150037765503
-2.395941972732544
-3.612241506576538
-3.2868878841400146
-1.277782917022705
-1.974340558052063
-2.1642532348632812
-1.8701975345611572
-2.911238431930542
-0.6113887429237366
-1.3978322744369507
-1.2980656623840332
-2.5071346759796143
-1.8874406814575195
-1.9919716119766235
-1.2184076309204102
-1.548134207725525
-2.753530979156494
-2.9182016849517822
-1.658141016960144
-0.6424718499183655
-1.6954203844070435
-0.657244861125946
-2.4499967098236084
-1.236097812652588
-4.232192039489746
-2.151381492614746
-1.1708303689956665
-1.9126722812652588
-1.3448411226272583
-0.5478068590164185
-0.251384437084198
-1.4210377931594849
-3.077439546585083
-4.342833518981934
-1.6652249097824097
-1.7676644325256348
-0.8103861212730408
-2.333590507507324
-2.3994452953338623
-2.284806251525879
-2.273733377456665
-2.7078001499176025
-2.316572904586792
-1.2008209228515625
-1.2431379556655884
-3.683908224105835
-1.4567842483520508
-1.3559490442276
-2.1923418045043945
-1.8217930793762207
-2.3053152561187744
-1.7079871892929077
-1.5442819595336914
-1.639311671257019
-2.2046003341674805
-1.71763014793396
-1.7465623617172241
-2.4856107234954834
-1.5782543420791626
-2.422098398208618
-3.181652069091797
-1.0062835216522217
-1.3250914812088013
-1.364974856376648
-2.0067572593688965
-1.8810832500457764
-0.42654940485954285
-1.6871609687805176
-2.07771635055542
-1.5720876455307007
-3.1465487480163574
-2.691525936126709
-4.022689342498779
-1.7644822597503662
-1.0982705354690552
-4.437424659729004
-1.2511214017868042
-3.405621290206909
-2.513631582260132
-1.658082365989685
-2.040130853652954
-1.1957383155822754
-3.3358027935028076
-1.8395403623580933
-1.2811033725738525
-1.902811050415039
-1.9133219718933105
-1.4094396829605103
-1.284584403038025
-2.376772880554199
-1.6834185123443604
-1.4156582355499268
-2.824326515197754
-1.6566901206970215
-1.7632237672805786
-2.1977617740631104
-2.029513359069824
-1.8107893466949463
-1.7988100051879883
-1.7451063394546509
-1.6781502962112427
-1.4672870635986328
-2.693286180496216
-2.5924196243286133
-1.0497077703475952
-1.2192143201828003
-2.2057645320892334
-2.892967462539673
-2.68394136428833
-1.4381048679351807
-1.3618911504745483
-2.837667226791382
-1.510223627090454
-2.366823196411133
-4.376655101776123
-3.566375255584717
-1.1199016571044922
-2.3552613258361816
-1.9291393756866455
-4.503330230712891
-4.238513946533203
-1.42174232006073
-1.7096691131591797
-2.241584300994873
-1.5849286317825317
-3.4926135540008545
-1.7498810291290283
-1.5377464294433594
-3.226341962814331
-2.379056215286255
-3.042357921600342
-2.4159152507781982
-2.0204102993011475
-3.693929433822632
-1.745632529258728
-2.5133628845214844
-1.958164930343628
-1.4529632329940796
-1.8927488327026367
-1.4985787868499756
-4.815079212188721
-2.214365243911743
-1.4306066036224365
-1.1932716369628906
-2.0890908241271973
-3.0054614543914795
-5.065173149108887
-2.544820547103882
-3.132068395614624
-3.7005937099456787
-0.9999202489852905
-2.2092623710632324
-1.2936056852340698
-2.4177932739257812
-2.427170515060425
-1.5452568531036377
-2.9193897247314453
-3.422056198120117
-1.0852760076522827
-6.4467973709106445
-1.4004870653152466
-1.2436878681182861
-2.290778875350952
-2.814326286315918
-1.493001937866211
-2.3211729526519775
-1.9381412267684937
-3.4267189502716064
-1.4760196208953857
-2.4495110511779785
-0.8230305314064026
-2.719301700592041
-1.1155197620391846
-1.2652785778045654
-2.7888455390930176
-1.9494231939315796
-3.8343160152435303
-1.7168681621551514
-1.7635740041732788
-1.8949090242385864
-0.0
-2.7030885219573975
-1.4204416275024414
-0.7522739768028259
-2.769171714782715
-1.7240533828735352
-1.3337228298187256
-0.6574831604957581
-2.851768732070923
-5.599713325500488
-4.329029560089111
-2.372312307357788
-2.0103166103363037
-1.3067429065704346
-1.192393183708191
-4.054333686828613
-1.8323923349380493
-1.6414998769760132
-1.1572301387786865
-1.5345723628997803
-2.100494623184204
-1.5941182374954224
-2.4806244373321533
-2.545708179473877
-3.494358777999878
-2.44036602973938
-3.7946460247039795
-2.7303380966186523
-0.5235903263092041
-1.5252264738082886
-2.2504398822784424
-2.9708521366119385
-1.5819748640060425
-1.0198121070861816
-1.5477831363677979
-1.5998603105545044
-4.535051345825195
-1.9369843006134033
-2.2035646438598633
-1.793083667755127
-1.1945586204528809
-1.8378008604049683
-4.2468438148498535
-3.671236276626587
-2.3804585933685303
-2.4055633544921875
-1.487182378768921
-1.7342394590377808
-1.566616177558899
-3.661308526992798
-2.8639097213745117
-1.451879858970642
-2.526723861694336
-2.6147541999816895
-2.994262933731079
-1.2797284126281738
-2.197033405303955
-1.6882288455963135
-2.0447466373443604
-2.819256544113159
-3.433640241622925
-4.334735870361328
-2.953810214996338
-2.2122678756713867
-1.8659794330596924
-1.6821191310882568
-1.480478286743164
-3.322922945022583
-0.0
-4.508934020996094
-1.1427463293075562
-2.6893718242645264
-2.3592708110809326
-1.65384042263031
-2.16577410697937
-2.3499441146850586
-2.0283102989196777
-4.467579364776611
-0.8924626708030701
-1.732716679573059
-1.3218942880630493
-3.4763035774230957
-1.4404100179672241
-3.2088677883148193
-1.5391871929168701
-1.634857177734375
-1.9163609743118286
-2.70194149017334
-1.9700496196746826
-4.281798839569092
-1.6510511636734009
-1.1368485689163208
-2.665865659713745
-0.0
-4.556010723114014
-4.2806901931762695
-2.835864782333374
-3.4101412296295166
-2.1348984241485596
-2.8400557041168213
-2.9202451705932617
-1.725689172744751
-3.4291369915008545
-2.7768709659576416
-1.9105051755905151
-1.9789438247680664
-1.2941492795944214
-1.4406213760375977
-1.4455541372299194
-2.055494785308838
-1.786018967628479
-2.650084972381592
-3.8865277767181396
-1.5383442640304565
-2.280193567276001
-2.1252543926239014
-2.7758045196533203
-4.25776481628418
-0.0
-2.4257140159606934
-2.4719552993774414
-2.779998779296875
-1.91537344455719
-3.0281660556793213
-0.598846971988678
-2.6237308979034424
-1.0387390851974487
-1.9787163734436035
-6.308260440826416
-1.5131405591964722
-1.4798649549484253
-1.6076756715774536
-1.515076994895935
-2.041935682296753
-3.0862624645233154
-0.0
-3.119046211242676
-2.967618942260742
-1.8039931058883667
-1.6514484882354736
-1.5281437635421753
-3.204000473022461
-2.3362274169921875
-2.549189805984497
-1.4978251457214355
-2.224886655807495
-4.989677429199219
-4.097878932952881
-4.820154666900635
-2.1117706298828125
-2.4469895362854004
-2.156297206878662
-2.5391478538513184
-1.3479453325271606
-1.7808910608291626
-1.7053556442260742
-0.0
-1.9833319187164307
-1.7615761756896973
-2.553236722946167
-3.1891210079193115
-3.2819557189941406
-2.197476387023926
-2.057314157485962
-1.6907365322113037
-1.7213079929351807
-1.0995677709579468
-0.5684478282928467
-4.339881420135498
-2.7916512489318848
-1.2888528108596802
-1.5871742963790894
-2.0028302669525146
-1.3023872375488281
-2.304440975189209
-2.919343948364258
-1.0844509601593018
-1.7468783855438232
-1.1006536483764648
-3.6132969856262207
-2.3281474113464355
-2.4081058502197266
-1.8115441799163818
-5.69439697265625
-1.4661253690719604
-1.8127822875976562
-1.7296693325042725
-2.3377630710601807
-2.8329949378967285
-3.0041399002075195
-2.02111554145813
-2.3504810333251953
-1.7997372150421143
-3.295461893081665
-2.14585280418396
-2.3577630519866943
-0.8814548850059509
-1.7619086503982544
-2.321077346801758
-2.4820470809936523
-2.980030059814453
-0.0
-1.5980663299560547
-2.533968448638916
-1.2278963327407837
-2.6284549236297607
-2.335131883621216
-1.8136041164398193
-1.4991405010223389
-1.3558192253112793
-1.2016432285308838
-1.6024682521820068
-2.8158118724823
-1.8115651607513428
-3.035703659057617
-2.5492115020751953
-0.0
-2.1972837448120117
-3.145604372024536
-3.199202060699463
-1.9697988033294678
-2.1761529445648193
-2.9151649475097656
-1.2840136289596558
-2.755009651184082
-3.6208670139312744
-3.88277006149292
-1.9110302925109863
-3.833324909210205
-1.6479274034500122
-3.718811273574829
-3.4634623527526855
-2.8245742321014404
-4.190840721130371
-2.1840827465057373
-2.6252071857452393
-1.6044895648956299
-1.6044895648956299
-1.345384955406189
-0.918635904788971
-2.576881170272827
-3.0051968097686768
-0.8415643572807312
-2.820385217666626
-2.2029547691345215
-3.0592222213745117
-2.5272719860076904
-2.0223608016967773
-3.017465829849243
-3.0914804935455322
-2.125889778137207
-2.5438003540039062
-2.7922065258026123
-1.1760008335113525
-1.8724604845046997
-2.660593032836914
-0.0
-3.2973268032073975
-1.74868905544281
-3.3911585807800293
-1.2918915748596191
-2.8278825283050537
-2.785475254058838
-2.363168954849243
-2.1525676250457764
-3.8582825660705566
-2.0163097381591797
-1.8164914846420288
-1.8157464265823364
-2.8585686683654785
-1.344043493270874
-2.6324374675750732
-1.6102505922317505
-0.0
-4.606623649597168
-2.98091197013855
-4.749716281890869
-2.2090981006622314
-1.9136244058609009
-1.6823707818984985
-3.0274622440338135
-2.2690231800079346
-2.8519468307495117
-2.5393178462982178
-2.4730870723724365
-1.2696683406829834
-2.835965394973755
-2.20449161529541
-2.1995201110839844
-1.885635495185852
-1.0412837266921997
-3.825932025909424
-2.521782636642456
-3.301243782043457
-2.6091461181640625
-0.9864422678947449
-2.0388681888580322
-0.0
-0.6495587825775146
-2.4023969173431396
-2.510791301727295
-3.0887155532836914
-3.973759412765503
-2.2538912296295166
-4.738659381866455
-5.4160566329956055
-0.99567049741745
-1.4976774454116821
-2.9046545028686523
-2.392768621444702
-2.3321728706359863
-3.2083067893981934
-2.025667428970337
-1.927261233329773
-2.7573676109313965
-1.7426732778549194
-0.9895936250686646
-4.013031005859375
-1.7635449171066284
-1.9248813390731812
-3.6396117210388184
-2.6879968643188477
-2.9972188472747803
-1.0623314380645752
-1.7928823232650757
-1.5633063316345215
-2.5925424098968506
-2.4958548545837402
-2.8901526927948
-2.245222806930542
-1.5004490613937378
-2.9626362323760986
-2.387965440750122
-4.776034832000732
-1.733513593673706
-3.1988449096679688
-2.1687042713165283
-1.581159234046936
-2.3651533126831055
-2.0209763050079346
-2.7595956325531006
-2.7218642234802246
-1.81586754322052
-2.434501886367798
-2.272914171218872
-4.03579568862915
-0.4049842357635498
-1.5269532203674316
-3.2012627124786377
-2.4754183292388916
-1.5169532299041748
-1.6057929992675781
-1.8888988494873047
-1.0529290437698364
-3.5751469135284424
-2.886760950088501
-1.8417279720306396
-2.2021424770355225
-2.0566132068634033
-1.2129247188568115
-2.75601863861084
-0.9132654070854187
-1.4004813432693481
-3.1141109466552734
-1.5582070350646973
-1.5241801738739014
-1.5473099946975708
-4.887310028076172
-1.2881863117218018
-2.9539425373077393
-1.7415512800216675
-1.8073885440826416
-5.466342926025391
-1.8119392395019531
-2.097503900527954
-3.1682488918304443
-3.9361765384674072
-1.4231371879577637
-4.153875827789307
-2.0496788024902344
-1.746280550956726
-1.8798691034317017
-1.6363656520843506
-2.7114455699920654
-1.2975696325302124
-2.1109778881073
-2.0896434783935547
-1.3512877225875854
-1.7187780141830444
-3.408389091491699
-2.7566258907318115
-3.435250997543335
-2.190993070602417
-5.414218902587891
-1.5599054098129272
-2.197244644165039
-2.241668462753296
-1.0704301595687866
-2.5593721866607666
-2.0091888904571533
-2.0301427841186523
-2.528015375137329
-2.8488962650299072
-2.581559419631958
-2.2915685176849365
-2.4511027336120605
-2.252359628677368
-0.0
-2.8976874351501465
-1.793243169784546
-2.4164602756500244
-3.4656567573547363
-2.0470900535583496
-2.0538828372955322
-3.399547576904297
-0.9901870489120483
-2.400970458984375
-2.1927850246429443
-2.0272228717803955
-1.5839848518371582
-2.103177785873413
-2.3088343143463135
-3.252429246902466
-1.0020089149475098
-2.2938523292541504
-2.6649796962738037
-1.7997883558273315
-1.4922566413879395
-3.2586309909820557
-1.9735389947891235
-1.7604215145111084
-1.551655888557434
-1.7914631366729736
-1.8736211061477661
-1.9247374534606934
-2.217735528945923
-2.9042391777038574
-0.41685232520103455
-2.0825419425964355
-3.6070337295532227
-4.968084335327148
-2.9618942737579346
-2.24261736869812
-2.27995228767395
-1.3072746992111206
-1.9120463132858276
-2.5037412643432617
-2.490636110305786
-2.0812363624572754
-3.200674533843994
-3.319538116455078
-2.174091339111328
-1.7832194566726685
-1.619480848312378
-2.1759841442108154
-3.661051034927368
-1.4329371452331543
-1.375744104385376
-1.9383184909820557
-2.900261163711548
-1.9849662780761719
-2.8626906871795654
-1.9240014553070068
-3.2613749504089355
-3.121373414993286
-2.955068349838257
-2.902432680130005
-1.718273401260376
-1.489365577697754
-1.0492031574249268
-3.435811758041382
-2.9819400310516357
-1.7903798818588257
-2.8250906467437744
-4.384474754333496
-2.537821054458618
-1.8714711666107178
-3.365370988845825
-2.3924238681793213
-1.5765982866287231
-3.681588649749756
-0.975048840045929
-4.994751453399658
-1.8308789730072021
-1.1486872434616089
-2.20757794380188
-4.28068733215332
-1.356661319732666
-6.299590587615967
-2.851353883743286
-2.6653597354888916
-1.4964642524719238
-4.85017204284668
-4.233699798583984
-2.515479326248169
-4.926933765411377
-1.4919296503067017
-2.873384714126587
-1.9198589324951172
-2.1851792335510254
-2.182802200317383
-3.2081267833709717
-3.213087320327759
-2.978196382522583
-1.8324077129364014
-0.7237431406974792
-2.006054639816284
-3.546571969985962
-4.0746378898620605
-3.424722194671631
-1.2214819192886353
-4.183337211608887
-1.4294742345809937
-2.1415293216705322
-3.3159422874450684
-1.1118159294128418
-1.123058557510376
-1.9247075319290161
-3.5581583976745605
-4.664767265319824
-1.3715620040893555
-2.4609215259552
-2.7069075107574463
-2.73071551322937
-2.0925328731536865
-3.3520827293395996
-2.808220624923706
-2.2580888271331787
-1.957031011581421
-1.4741106033325195
-2.5560355186462402
-2.300694227218628
-1.55694580078125
-1.1631008386611938
-3.048224449157715
-1.9364484548568726
-2.0782580375671387
-1.5867300033569336
-2.2662947177886963
-3.962756633758545
-1.4739863872528076
-1.1552995443344116
-1.6614177227020264
-1.223994255065918
-1.4054397344589233
-1.7611829042434692
-2.0461413860321045
-1.0972082614898682
-1.54437255859375
-1.8119392395019531
-2.5250396728515625
-2.3825695514678955
-4.238389015197754
-0.8443632125854492
-0.8921542763710022
-2.768178701400757
-1.5646777153015137
-1.7543524503707886
-2.4945566654205322
-1.2268038988113403
-2.1590068340301514
-3.965357542037964
-2.0731594562530518
-2.028235673904419
-1.6349775791168213
-2.003251075744629
-2.3226711750030518
-3.1489946842193604
-2.065228223800659
-1.2738547325134277
-0.0
-3.5632195472717285
-3.548604726791382
-1.9343962669372559
-4.243616104125977
-2.4457356929779053
-2.075582981109619
-2.307833433151245
-2.3838887214660645
-2.387345552444458
-3.498420000076294
-1.884096622467041
-0.0
-6.124797821044922
-3.6611108779907227
-1.6086019277572632
-2.7806453704833984
-1.7241581678390503
-2.3122775554656982
-1.484108805656433
-3.1866207122802734
-2.8096227645874023
-2.1882879734039307
-3.8223493099212646
-1.3962633609771729
-1.493856430053711
-3.3733668327331543
-1.3423961400985718
-1.006061315536499
-3.38272762298584
-1.8517597913742065
-2.732421636581421
-2.0662503242492676
-4.768189907073975
-2.0356216430664062
-1.4942967891693115
-1.1861114501953125
-2.164898157119751
-2.1759560108184814
-1.3686219453811646
-2.7003273963928223
-2.5526106357574463
-3.4218623638153076
-2.3299272060394287
-3.2149100303649902
-3.184835433959961
-3.8676278591156006
-2.254072666168213
-0.7834669947624207
-1.4443621635437012
-1.7683792114257812
-2.83843731880188
-2.1707210540771484
-1.377436876296997
-4.843989849090576
-1.489923357963562
-2.0779080390930176
-2.704315423965454
-2.385941982269287
-1.8196643590927124
-1.7970077991485596
-1.6535093784332275
-1.5106348991394043
-4.533130168914795
-4.4810028076171875
-1.8202763795852661
-2.2266581058502197
-3.462233781814575
-2.852141857147217
-2.261636734008789
-2.399473190307617
-2.346921920776367
-3.8906638622283936
-2.8579204082489014
-2.415494918823242
-2.3012144565582275
-2.9853408336639404
-2.437368392944336
-2.2553186416625977
-2.1039416790008545
-3.2791380882263184
-2.136483907699585
-2.345102071762085
-2.05349063873291
-2.3769116401672363
-1.408616304397583
-2.1098382472991943
-2.8556251525878906
-2.115170955657959
-0.5381380319595337
-1.7276889085769653
-3.1778042316436768
-3.8928418159484863
-2.510686159133911
-2.7284469604492188
-2.534268617630005
-3.768127679824829
-2.0470163822174072
-2.2812464237213135
-1.4736989736557007
-1.4069080352783203
-1.0507524013519287
-2.4277920722961426
-2.8814446926116943
-2.7867159843444824
-2.2726633548736572
-1.6112550497055054
-2.370093584060669
-2.9087793827056885
-7.119689464569092
-1.6416922807693481
-1.4140105247497559
-2.8207783699035645
-3.8724796772003174
-0.7599208354949951
-2.7954864501953125
-3.4436962604522705
-1.4761474132537842
-1.4233484268188477
-3.579435348510742
-2.4854636192321777
-1.7036536931991577
-3.2726452350616455
-1.8456790447235107
-2.4419405460357666
-3.1646721363067627
-2.584813356399536
-2.195014715194702
-2.200578451156616
-2.8888275623321533
-3.300823211669922
-1.6131036281585693
-1.3425570726394653
-2.0447678565979004
-0.9671306610107422
-1.184444546699524
-2.0651814937591553
-2.2888126373291016
-3.250352144241333
-1.68643319606781
-2.6148269176483154
-1.3902746438980103
-1.8427931070327759
-1.7217949628829956
-2.83971905708313
-1.8301478624343872
-1.371303677558899
-2.352513313293457
-2.2840728759765625
-1.9234066009521484
-5.46722412109375
-2.762119770050049
-2.8972673416137695
-2.2116405963897705
-1.9050538539886475
-1.7594850063323975
-6.480733394622803
-2.582329750061035
-4.2669596672058105
-4.817641258239746
-1.0843219757080078
-1.768075942993164
-2.3741073608398438
-2.109476327896118
-2.2533113956451416
-2.4314067363739014
-2.1515414714813232
-2.219247817993164
-2.121899366378784
-2.2593026161193848
-1.5224610567092896
-2.3560080528259277
-0.9576890468597412
-3.225205183029175
-1.946399450302124
-2.1267988681793213
-2.4385406970977783
-2.4028944969177246
-3.261531114578247
-3.3912062644958496
-1.2240735292434692
-1.433516025543213
-2.0122344493865967
-2.6154825687408447
-2.848855495452881
-2.378100633621216
-2.6735057830810547
-2.7531826496124268
-1.8546994924545288
-2.1607418060302734
-5.216156005859375
-1.792100191116333
-2.3669075965881348
-3.1656620502471924
-2.028144598007202
-4.1086745262146
-2.0459229946136475
-2.2061705589294434
-1.7561472654342651
-4.020749568939209
-2.597158432006836
-1.5745956897735596
-5.134787082672119
-2.82466721534729
-1.747593641281128
-2.4330673217773438
-2.569840908050537
-1.817484974861145
-3.437291383743286
-1.3326771259307861
-4.046657562255859
-2.4169113636016846
-3.4176831245422363
-2.825329065322876
-2.7190918922424316
-3.140185832977295
-2.624041795730591
-1.9223880767822266
-1.9611194133758545
-1.150259017944336
-2.732898712158203
-0.0
-2.5768089294433594
-2.487043619155884
-1.6437534093856812
-2.0140695571899414
-1.9547103643417358
-2.0618128776550293
-1.7734942436218262
-2.9796464443206787
-2.9251835346221924
-2.673192262649536
-2.4480807781219482
-3.9345951080322266
-3.266373872756958
-2.53558349609375
-2.053784132003784
-3.2550086975097656
-1.9143645763397217
-3.0100257396698
-2.5470340251922607
-1.5858272314071655
-3.100449562072754
-1.9778871536254883
-2.0978074073791504
-1.8003958463668823
-3.5685880184173584
-4.439825057983398
-2.8833320140838623
-3.529177665710449
-1.751855492591858
-3.8595731258392334
-2.3181052207946777
-1.3367751836776733
-2.0134432315826416
-2.0497310161590576
-1.995989203453064
-2.149594306945801
-2.011735439300537
-2.3575191497802734
-2.37426495552063
-5.419960975646973
-1.6897982358932495
-2.000478744506836
-1.1538654565811157
-2.4568800926208496
-1.9936802387237549
-2.2161612510681152
-3.377894163131714
-2.832271099090576
-5.133762359619141
-3.6316981315612793
-0.9168308973312378
-1.7732514142990112
-2.6027486324310303
-2.2034366130828857
-1.170405626296997
-2.863985538482666
-0.6376695036888123
-1.380536675453186
-1.5542256832122803
-1.7421406507492065
-1.4385453462600708
-2.3386409282684326
-1.871445894241333
-2.441274642944336
-1.5059069395065308
-1.9373562335968018
-2.4351959228515625
-3.0103132724761963
-2.323232412338257
-1.4293999671936035
-2.0860700607299805
-3.0400125980377197
-2.1728341579437256
-2.4845499992370605
-1.2463356256484985
-3.185002326965332
-4.290699481964111
-3.0297579765319824
-2.9854166507720947
-3.7100486755371094
-1.6186318397521973
-2.9236576557159424
-2.036468744277954
-2.374300956726074
-1.945953369140625
-0.8753500580787659
-2.8632655143737793
-2.292184591293335
-1.072439193725586
-3.0024328231811523
-4.597329139709473
-3.289008378982544
-2.7585530281066895
-3.497131824493408
-2.0810396671295166
-2.428377151489258
-2.2524964809417725
-2.2919187545776367
-2.5142972469329834
-2.522641658782959
-4.237947940826416
-2.2963972091674805
-1.6787136793136597
-2.222405433654785
-2.1614742279052734
-5.225018501281738
-2.0796773433685303
-2.51755428314209
-2.5489304065704346
-2.0297439098358154
-2.7451183795928955
-5.511675834655762
-1.3715661764144897
-3.2411623001098633
-1.9280239343643188
-1.5467675924301147
-0.8725844025611877
-2.1762750148773193
-3.725895881652832
-2.9355106353759766
-2.2710623741149902
-1.2151888608932495
-1.8948827981948853
-2.036243200302124
-1.3053202629089355
-1.8183584213256836
-3.77774977684021
-1.80551278591156
-3.4183273315429688
-2.328937292098999
-2.7617428302764893
-1.938381552696228
-3.2961037158966064
-3.703795909881592
-2.246370553970337
-2.295071601867676
-0.8539174795150757
-4.399288654327393
-2.224283456802368
-2.9117002487182617
-4.321282386779785
-2.707435369491577
-2.497192144393921
-3.1684653759002686
-1.2915186882019043
-1.680367350578308
-3.4455366134643555
-1.6345301866531372
-2.4140193462371826
-2.0758848190307617
-2.4268951416015625
-1.5360759496688843
-2.44860577583313
-2.627532720565796
-3.322127103805542
-2.1407630443573
-2.8334953784942627
-1.8437284231185913
-2.832207679748535
-2.5989327430725098
-3.346550703048706
-2.4247994422912598
-1.7001349925994873
-2.232546329498291
-2.0328967571258545
-2.5621044635772705
-2.9097888469696045
-2.2271931171417236
-2.728442668914795
-1.91571843624115
-1.7450305223464966
-1.1808074712753296
-1.5652695894241333
-3.763292074203491
-0.8523970246315002
-2.065950870513916
-6.273716449737549
-1.189638614654541
-3.5726287364959717
-3.6253864765167236
-1.8862296342849731
-2.131136655807495
-1.7213367223739624
-1.6445956230163574
-1.6517226696014404
-2.0860838890075684
-2.6787431240081787
-2.401632785797119
-2.026127576828003
-1.5007915496826172
-1.898162841796875
-2.3802950382232666
-2.1352005004882812
-2.861642837524414
-2.668370485305786
-1.7858853340148926
-0.7363684773445129
-2.8869640827178955
-3.3681721687316895
-2.5725889205932617
-2.7928221225738525
-3.186767816543579
-1.5945839881896973
-2.2928009033203125
-2.187878131866455
-4.776841640472412
-3.9794418811798096
-3.232189893722534
-1.8390440940856934
-1.7995796203613281
-3.963763475418091
-3.1718969345092773
-1.5902364253997803
-1.8085007667541504
-2.1424357891082764
-3.9344208240509033
-2.6027379035949707
-2.5430691242218018
-1.2691233158111572
-1.8028969764709473
-1.3087106943130493
-2.9855523109436035
-3.343351364135742
-2.7251999378204346
-1.7561932802200317
-2.261066198348999
-1.7118477821350098
-3.8802032470703125
-2.132544755935669
-2.795339584350586
-2.1687874794006348
-3.933774709701538
-0.7963507771492004
-1.3508168458938599
-1.76168954372406
-3.415640115737915
-2.269500255584717
-2.8095874786376953
-2.131394147872925
-1.7946727275848389
-2.048771381378174
-2.8778247833251953
-2.1695826053619385
-1.9856687784194946
-1.7986419200897217
-2.804185152053833
-2.57593035697937
-1.9380019903182983
-3.2159173488616943
-4.405529975891113
-2.7124762535095215
-2.751673460006714
-2.3971240520477295
-2.1641454696655273
-1.962120771408081
-1.8417367935180664
-3.0167651176452637
-1.7201263904571533
-3.034473419189453
-2.1580114364624023
-2.3077569007873535
-1.9727650880813599
-1.954728364944458
-1.2043365240097046
-1.6450425386428833
-1.8421647548675537
-2.9330852031707764
-3.4887583255767822
-1.6640123128890991
-2.9441275596618652
-2.872570276260376
-1.8841749429702759
-3.921475887298584
-1.4917279481887817
-2.044893264770508
-4.8427348136901855
-4.609238624572754
-1.8522865772247314
-2.1389548778533936
-1.6948435306549072
-4.0535197257995605
-1.1704283952713013
-1.4175125360488892
-1.9378410577774048
-2.2432024478912354
-4.215475559234619
-2.34110164642334
-1.6092561483383179
-1.8497413396835327
-2.333385467529297
-2.077728748321533
-1.8209141492843628
-2.393380880355835
-3.146681308746338
-1.4111577272415161
-3.152918577194214
-2.749962568283081
-2.2628023624420166
-2.9070074558258057
-1.659692645072937
-1.4430972337722778
-1.0724012851715088
-1.728540062904358
-2.1104788780212402
-3.758030414581299
-2.2853097915649414
-3.1759908199310303
-2.5358104705810547
-3.7640650272369385
-4.060023784637451
-0.6705188751220703
-1.9141392707824707
-2.3645718097686768
-2.468493700027466
-2.436762809753418
-3.55257248878479
-1.4787647724151611
-2.162679672241211
-2.0878241062164307
-1.695855975151062
-2.753322124481201
-3.217658281326294
-1.9864798784255981
-1.4102613925933838
-1.4158589839935303
-3.0571985244750977
-1.9882749319076538
-1.793322205543518
-2.729287624359131
-2.325208902359009
-5.598878860473633
-2.398963451385498
-3.176344156265259
-2.907297134399414
-1.851485252380371
-3.6655707359313965
-2.5618319511413574
-2.4709250926971436
-3.052809715270996
-2.6497323513031006
-2.087653636932373
-1.1899508237838745
-1.4610439538955688
-2.809998035430908
-1.583074688911438
-1.707062005996704
-2.822695732116699
-1.249449372291565
-3.241598606109619
-2.1183228492736816
-4.057621955871582
-1.7692636251449585
-3.514068603515625
-3.283405065536499
-3.235111713409424
-1.7820309400558472
-2.251555919647217
-2.184300422668457
-1.4125690460205078
-1.5100926160812378
-2.3974146842956543
-2.651585817337036
-2.7311410903930664
-2.448540449142456
-1.2216506004333496
-1.1472728252410889
-2.7221901416778564
-1.3859645128250122
-3.864380121231079
-3.4961915016174316
-3.781574010848999
-2.0774753093719482
-2.4570400714874268
-1.5347661972045898
-1.730301022529602
-1.6025755405426025
-0.8567026853561401
-1.5305156707763672
-1.5490633249282837
-0.7672660946846008
-3.5751543045043945
-3.655609130859375
-2.688382148742676
-1.1432020664215088
-2.443100690841675
-1.2520891427993774
-2.003824472427368
-4.492212772369385
-2.082096576690674
-1.8108917474746704
-3.1450750827789307
-3.1440813541412354
-3.112191677093506
-2.6043894290924072
-1.8343957662582397
-1.4066238403320312
-1.427197813987732
-1.6973577737808228
-3.8643317222595215
-1.365817666053772
-1.769073486328125
-1.8050175905227661
-1.3902702331542969
-1.5701301097869873
-1.8169691562652588
-2.7980151176452637
-2.5872180461883545
-0.9457009434700012
-0.8627148866653442
-0.6178139448165894
-1.3275703191757202
-2.201158046722412
-1.8119724988937378
-1.3671098947525024
-2.5451371669769287
-1.505885362625122
-2.4427311420440674
-2.3598601818084717
-1.5965808629989624
-1.9796435832977295
-2.4236040115356445
-1.615150809288025
-1.9522203207015991
-2.136963367462158
-2.428952217102051
-1.1798765659332275
-1.2751418352127075
-1.7232732772827148
-1.851419448852539
-3.2007548809051514
-4.756622791290283
-0.0
-1.3787230253219604
-2.795485496520996
-2.9974544048309326
-1.390485405921936
-2.6468567848205566
-2.163208246231079
-1.382980465888977
-1.8517118692398071
-2.9766149520874023
-0.3688727617263794
-0.3688727617263794
-1.0279955863952637
-1.1405075788497925
-2.005920648574829
-0.8631922602653503
-1.3018302917480469
-1.3458815813064575
-1.2139995098114014
-0.9079882502555847
-1.547163963317871
-1.4502153396606445
-0.9006286859512329
-1.6561787128448486
-2.198193311691284
-4.090739727020264
-1.0201423168182373
-0.6978200078010559
-2.366755485534668
-2.333611488342285
-0.8372443914413452
-3.3954670429229736
-3.4900429248809814
-2.860956907272339
-1.9003573656082153
-1.718753457069397
-1.7802331447601318
-1.7546637058258057
-2.2970049381256104
-1.3356380462646484
-0.9297931790351868
-4.120676517486572
-2.0868749618530273
-1.69295072555542
-1.6798988580703735
-2.0818355083465576
-1.6067171096801758
-1.3463319540023804
-1.3847815990447998
-0.9858123660087585
-1.4340782165527344
-2.78824782371521
-1.8170092105865479
-1.5890820026397705
-1.459388256072998
-1.1816755533218384
-0.9350807666778564
-1.8979984521865845
-2.1048085689544678
-1.3214106559753418
-2.323005199432373
-1.0995466709136963
-3.102943181991577
-1.682096004486084
-4.0627827644348145
-3.855448007583618
-4.0627827644348145
-2.2313663959503174
-2.156100273132324
-1.356737494468689
-1.6511468887329102
-3.2152552604675293
-1.0277490615844727
-3.2735207080841064
-0.0
-0.9346170425415039
-1.2828290462493896
-1.209599256515503
-1.5819159746170044
-2.006042957305908
-0.0
-2.0717251300811768
-4.514179229736328
-1.9640302658081055
-2.50411319732666
-1.9128533601760864
-2.7120201587677
-2.9580419063568115
-3.159641981124878
-2.7693283557891846
-1.2293527126312256
-2.0090081691741943
-2.1635546684265137
-1.3679949045181274
-1.5311423540115356
-0.0
-2.4485421180725098
-1.1793400049209595
-1.7654494047164917
-0.9637558460235596
-2.7751476764678955
-1.933746337890625
-3.8986074924468994
-3.5994503498077393
-1.9772111177444458
-1.4894065856933594
-2.3914377689361572
-2.0197863578796387
-4.731407642364502
-1.4375137090682983
-1.947248935699463
-2.4085497856140137
-1.78169846534729
-4.830437660217285
-5.241427421569824
-1.7790201902389526
-2.279491424560547
-1.9583309888839722
-0.9017898440361023
-0.5412887334823608
-2.575556516647339
-3.034992218017578
-1.828715205192566
-5.011554718017578
-0.0
-1.6301155090332031
-0.6478068232536316
-0.7833632826805115
-1.0178366899490356
-2.188582420349121
-2.1930665969848633
-2.4961931705474854
-2.138274669647217
-1.0945769548416138
-1.6202901601791382
-1.746108055114746
-2.204068899154663
-1.2339855432510376
-2.51741361618042
-2.6343488693237305
-3.696420192718506
-1.2814981937408447
-1.7166672945022583
-3.5494956970214844
-0.8248079419136047
-3.4810118675231934
-1.5420482158660889
-2.039262056350708
-0.6823970079421997
-2.788759708404541
-2.8762621879577637
-1.484706163406372
-1.7702040672302246
-1.5908904075622559
-2.909355640411377
-2.3596513271331787
-2.388132333755493
-1.4847861528396606
-1.675275206565857
-1.3925243616104126
-1.1464152336120605
-1.4676740169525146
-1.4172199964523315
-1.4364904165267944
-1.7146776914596558
-2.604278087615967
-2.6280922889709473
-1.9707632064819336
-2.100642442703247
-1.7257275581359863
-2.0389747619628906
-2.8032922744750977
-1.4899033308029175
-2.1484951972961426
-3.7819607257843018
-1.35527503490448
-2.2293500900268555
-3.915799856185913
-1.2692592144012451
-1.5306872129440308
-1.7086153030395508
-1.7105462551116943
-1.974899411201477
-1.0227067470550537
-2.5506958961486816
-2.631686210632324
-4.943522930145264
-1.5173373222351074
-1.254557728767395
-1.1954177618026733
-2.487729549407959
-2.1672568321228027
-3.1889734268188477
-2.0526154041290283
-1.845473289489746
-3.877476692199707
-2.909010410308838
-2.425902843475342
-1.7278188467025757
-4.106343746185303
-6.321594715118408
-1.3875845670700073
-2.9200713634490967
-1.2909120321273804
-1.6277533769607544
-2.471444845199585
-1.5997090339660645
-1.0117989778518677
-3.4721453189849854
-2.2714736461639404
-4.175320625305176
-2.9734883308410645
-1.951458215713501
-1.3536490201950073
-0.0
-1.9270572662353516
-1.3689004182815552
-2.5800111293792725
-1.674378514289856
-1.3627537488937378
-3.00492525100708
-1.3753259181976318
-2.9247045516967773
-2.122908353805542
-1.7401915788650513
-3.8951950073242188
-3.601158380508423
-1.1672049760818481
-3.1753313541412354
-2.7131381034851074
-5.595330238342285
-2.920274019241333
-1.97812819480896
-1.8421798944473267
-0.9055469632148743
-1.6413147449493408
-1.4543206691741943
-2.983484983444214
-1.9666682481765747
-3.29626202583313
-1.360474944114685
-0.8392331600189209
-1.002081036567688
-0.8484131693840027
-0.9006533622741699
-0.9861336350440979
-2.304172992706299
-1.9788360595703125
-2.439059257507324
-1.7465487718582153
-3.705587863922119
-1.3301236629486084
-1.729962706565857
-2.1372463703155518
-1.7737431526184082
-2.6351802349090576
-3.4740865230560303
-1.6687887907028198
-3.1203291416168213
-3.6964263916015625
-2.696195363998413
-2.7040112018585205
-0.906040608882904
-1.6633483171463013
-2.1250388622283936
-2.694314956665039
-5.375542640686035
-2.636932611465454
-2.617537021636963
-1.888854742050171
-1.9400339126586914
-1.6886382102966309
-1.2600606679916382
-2.3820502758026123
-2.776231050491333
-1.3250576257705688
-2.3902809619903564
-0.6730501055717468
-2.3186752796173096
-2.7711639404296875
-4.461691379547119
-1.5318878889083862
-1.2017821073532104
-2.5840532779693604
-2.4202611446380615
-2.0390970706939697
-2.1326327323913574
-3.1875524520874023
-5.430627346038818
-1.538646936416626
-0.0
-3.2089760303497314
-2.0203194618225098
-1.3264988660812378
-1.590233325958252
-0.9935895204544067
-2.4822170734405518
-1.8249852657318115
-1.8529802560806274
-1.9215449094772339
-3.0755982398986816
-1.77016282081604
-1.7703334093093872
-2.631875514984131
-2.248378038406372
-2.992332935333252
-1.8051737546920776
-3.296156883239746
-7.868588447570801
-0.7721036076545715
-0.8218597173690796
-1.9705511331558228
-1.4393595457077026
-1.3434282541275024
-3.2197089195251465
-2.3434674739837646
-1.9732261896133423
-4.350405693054199
-0.9489217400550842
-0.905338704586029
-1.881608009338379
-1.7916028499603271
-4.188079833984375
-2.821194648742676
-1.3843629360198975
-1.783592939376831
-1.3638087511062622
-0.9342947006225586
-3.4652764797210693
-2.760256767272949
-1.1842803955078125
-1.9438655376434326
-0.7780051231384277
-0.0
-1.3394157886505127
-1.9257445335388184
-2.0134878158569336
-1.123045563697815
-1.295230507850647
-2.1232213973999023
-2.50850772857666
-2.9155662059783936
-3.079878330230713
-3.271144151687622
-4.242335319519043
-1.1826262474060059
-1.5295095443725586
-1.4180638790130615
-2.0785152912139893
-1.6727211475372314
-1.089133858680725
-1.373042345046997
-2.3710551261901855
-0.9703101515769958
-3.5356271266937256
-2.170273780822754
-3.201232671737671
-1.7010525465011597
-2.3988518714904785
-3.310274839401245
-3.8304646015167236
-3.3529388904571533
-5.229525566101074
-2.8890202045440674
-1.5031507015228271
-0.9675816893577576
-2.070680618286133
-0.9551429152488708
-1.8736004829406738
-1.8946974277496338
-1.1225957870483398
-1.8373520374298096
-2.217970848083496
-2.7581331729888916
-1.0091382265090942
-2.139042854309082
-0.8948721885681152
-1.5875945091247559
-0.5185696482658386
-5.950150489807129
-2.0198090076446533
-2.3416225910186768
-2.36083722114563
-2.763413906097412
-1.6576951742172241
-2.3135738372802734
-1.4007152318954468
-3.047257900238037
-2.5499958992004395
-1.5852586030960083
-2.083583116531372
-2.9410271644592285
-0.9390683174133301
-1.748502492904663
-1.3138936758041382
-1.342322587966919
-2.289659261703491
-1.6771605014801025
-1.2419531345367432
-2.8137428760528564
-1.853232979774475
-1.9630630016326904
-2.3997859954833984
-1.2397730350494385
-2.3698935508728027
-1.007858395576477
-1.4535658359527588
-3.688415765762329
-3.0205445289611816
-2.9146924018859863
-0.7505948543548584
-2.3460357189178467
-2.33648943901062
-2.187608003616333
-1.7563114166259766
-1.8400688171386719
-2.074725389480591
-6.583503723144531
-1.3825576305389404
-1.697137475013733
-4.728452682495117
-2.271606206893921
-4.197909355163574
-2.213855743408203
-2.8861918449401855
-2.6137611865997314
-2.886887311935425
-1.3664672374725342
-5.2837443351745605
-2.1142685413360596
-2.1614067554473877
-2.840022563934326
-2.0646774768829346
-2.07354736328125
-3.3381619453430176
-2.239834785461426
-0.6422516107559204
-2.4981367588043213
-1.6165738105773926
-1.3707258701324463
-2.5073792934417725
-2.5089011192321777
-2.8369760513305664
-0.0
-3.8969452381134033
-3.097327947616577
-4.8328351974487305
-3.540886640548706
-2.45255708694458
-2.2676515579223633
-4.205726623535156
-3.0509307384490967
-3.4187498092651367
-2.1058905124664307
-0.0
-0.0
-3.730919599533081
-1.732079267501831
-1.6774100065231323
-2.92618727684021
-2.1347010135650635
-1.899695873260498
-0.8730618357658386
-3.85990834236145
-2.368335247039795
-1.4045428037643433
-2.580113172531128
-1.9757839441299438
-1.91765296459198
-1.5889068841934204
-1.3692106008529663
-1.5229198932647705
-1.8252358436584473
-0.8318942189216614
-2.8307111263275146
-1.3564810752868652
-1.3252174854278564
-1.638855218887329
-1.8866580724716187
-3.251063346862793
-1.0885200500488281
-1.2732653617858887
-1.7795109748840332
-2.527864694595337
-1.9771363735198975
-0.741988480091095
-4.372555732727051
-0.0
-2.1227283477783203
-2.0370025634765625
-2.039483070373535
-1.5911865234375
-2.9213619232177734
-2.1782050132751465
-2.2308270931243896
-2.115891933441162
-2.1693007946014404
-2.0798206329345703
-2.1575329303741455
-1.4295207262039185
-2.735745906829834
-3.064403533935547
-2.6223244667053223
-2.093472719192505
-1.9915845394134521
-1.998382806777954
-2.0430049896240234
-1.9346007108688354
-1.809918761253357
-2.0527608394622803
-1.5167609453201294
-2.3819057941436768
-2.4199743270874023
-1.297447681427002
-1.8011962175369263
-1.6358592510223389
-1.2225030660629272
-1.297719120979309
-1.4168270826339722
-1.601817011833191
-2.8093864917755127
-2.16658878326416
-2.758650541305542
-0.0
-2.672884941101074
-1.519142508506775
-0.0
-0.8415554761886597
-2.5296263694763184
-2.678281307220459
-1.8252488374710083
-2.781611919403076
-1.9026967287063599
-1.9612210988998413
-2.2168219089508057
-2.5915279388427734
-0.8596612215042114
-1.3379106521606445
-2.557358503341675
-1.9084484577178955
-1.6443325281143188
-1.378154993057251
-1.663577675819397
-1.663577675819397
-2.1950180530548096
-2.0750784873962402
-1.94758939743042
-2.054551362991333
-2.002706289291382
-1.9495258331298828
-1.1619197130203247
-0.0
-1.609408974647522
-1.8937186002731323
-2.161536455154419
-0.9833818078041077
-2.400519371032715
-3.128542900085449
-1.444016695022583
-1.9886415004730225
-0.7502759695053101
-1.5960383415222168
-2.071770429611206
-2.011788845062256
-2.1577677726745605
-2.200186014175415
-1.7826844453811646
-3.0326766967773438
-3.140394449234009
-2.9121310710906982
-1.2808403968811035
-1.8842109441757202
-1.873930811882019
-2.218456506729126
-1.926031470298767
-1.9213281869888306
-1.1624809503555298
-2.2652223110198975
-1.5088053941726685
-1.912894368171692
-2.7854418754577637
-1.8490021228790283
-1.4962835311889648
-1.5074918270111084
-1.534771203994751
-1.0061733722686768
-1.6720926761627197
-3.7215447425842285
-1.7984447479248047
-1.9289318323135376
-2.3721039295196533
-2.2282841205596924
-2.540423631668091
-1.9373949766159058
-2.0412919521331787
-1.8191604614257812
-2.261157989501953
-1.9781068563461304
-2.8340320587158203
-1.5203003883361816
-3.672867774963379
-1.4793647527694702
-1.483542561531067
-1.184458613395691
-2.085399866104126
-1.6809906959533691
-0.47629475593566895
-2.8031036853790283
-3.1598753929138184
-2.2778968811035156
-3.051689863204956
-4.1293182373046875
-1.6214637756347656
-1.8756589889526367
-1.539053201675415
-3.4842467308044434
-2.9725756645202637
-1.9638874530792236
-5.917780876159668
-3.448692560195923
-1.9330717325210571
-1.4475120306015015
-2.5314080715179443
-1.283018708229065
-3.017998695373535
-1.948325514793396
-2.314434051513672
-2.2569420337677
-1.3980427980422974
-3.1247940063476562
-1.910393476486206
-0.0
-0.9506784081459045
-2.3350114822387695
-3.730461597442627
-1.2947918176651
-2.301068067550659
-2.517578363418579
-1.5306739807128906
-1.8048559427261353
-3.8302111625671387
-3.6219704151153564
-1.2287602424621582
-1.8019920587539673
-2.2283542156219482
-1.5203646421432495
-2.5453906059265137
-2.045881986618042
-2.1020309925079346
-1.4816296100616455
-1.7332547903060913
-2.757465124130249
-2.696605682373047
-2.0698301792144775
-3.634500026702881
-2.4286115169525146
-3.0125279426574707
-2.6364612579345703
-2.2453362941741943
-1.8324642181396484
-1.8094675540924072
-1.5919933319091797
-1.5996050834655762
-1.5964245796203613
-1.6646045446395874
-1.5257257223129272
-1.3006428480148315
-2.032184600830078
-2.5547688007354736
-1.9888049364089966
-1.4649320840835571
-1.5883363485336304
-2.1516799926757812
-2.7565085887908936
-1.6811257600784302
-2.6009762287139893
-2.955838680267334
-2.7713804244995117
-2.570328712463379
-1.616960883140564
-2.2057478427886963
-1.5312795639038086
-2.763366460800171
-3.027275800704956
-1.0265700817108154
-2.247565746307373
-2.0007503032684326
-3.677921772003174
-1.9722096920013428
-2.0114150047302246
-1.611187219619751
-2.0573573112487793
-1.9149127006530762
-1.4696964025497437
-2.3638007640838623
-2.3013370037078857
-2.268460988998413
-4.009862899780273
-2.1261110305786133
-2.2237370014190674
-1.821276068687439
-2.2484207153320312
-2.0854077339172363
-1.3559832572937012
-2.0156943798065186
-2.16200590133667
-1.7294942140579224
-2.279197931289673
-1.9058188199996948
-1.9313020706176758
-3.163574695587158
-2.681488037109375
-2.325148344039917
-1.8952494859695435
-1.3388464450836182
-1.1496727466583252
-0.8656631112098694
-2.6658029556274414
-2.191453218460083
-1.8283582925796509
-1.884458065032959
-1.4649869203567505
-1.5673304796218872
-1.9100666046142578
-1.309036374092102
-2.1903796195983887
-1.3616639375686646
-3.617643356323242
-3.4934699535369873
-0.920090913772583
-2.8734631538391113
-1.3855364322662354
-2.097886085510254
-2.2694435119628906
-2.3023505210876465
-2.068188190460205
-1.769647240638733
-3.3999521732330322
-2.1724460124969482
-1.4663110971450806
-1.977049469947815
-2.3343446254730225
-1.6659550666809082
-1.6125117540359497
-2.984198570251465
-2.9964046478271484
-1.7491178512573242
-1.9881302118301392
-1.6034948825836182
-3.2310144901275635
-1.6254225969314575
-1.1673861742019653
-1.8270515203475952
-2.00365948677063
-1.3432456254959106
-1.7802038192749023
-1.2622689008712769
-1.9306365251541138
-2.8212192058563232
-2.5005879402160645
-2.0477285385131836
-1.2048771381378174
-3.388014793395996
-3.049164295196533
-2.0437285900115967
-1.8582584857940674
-1.3726568222045898
-2.4151625633239746
-1.047088384628296
-1.4115070104599
-1.4715735912322998
-1.2465955018997192
-2.0891218185424805
-2.0544075965881348
-4.337780475616455
-2.34889817237854
-1.5749832391738892
-1.7941416501998901
-2.2724125385284424
-1.7362371683120728
-3.393436908721924
-2.43111515045166
-2.0716230869293213
-1.9698865413665771
-2.9252777099609375
-1.980121374130249
-2.1668381690979004
-1.7609528303146362
-3.0423216819763184
-2.4035065174102783
-2.445122718811035
-2.254509687423706
-2.0290582180023193
-1.3048816919326782
-1.7213637828826904
-3.841222047805786
-3.4720771312713623
-1.0498127937316895
-1.4489881992340088
-4.046835422515869
-2.537684679031372
-1.7525240182876587
-1.0082372426986694
-1.410474419593811
-1.8276777267456055
-2.074920177459717
-0.9982041120529175
-2.957963228225708
-4.024694919586182
-2.78031063079834
-1.7584326267242432
-1.5389466285705566
-0.8811484575271606
-2.581101655960083
-3.008849620819092
-1.7464580535888672
-1.1253989934921265
-3.0694527626037598
-3.229930877685547
-2.4318721294403076
-3.6306381225585938
-2.8772366046905518
-1.6988402605056763
-2.155291795730591
-1.023934245109558
-2.6406850814819336
-2.3292605876922607
-2.0685575008392334
-1.666852593421936
-2.6981375217437744
-1.7126821279525757
-2.1598684787750244
-2.448505163192749
-2.562101125717163
-0.8638304471969604
-1.7185031175613403
-1.8294850587844849
-2.0544214248657227
-1.6115494966506958
-2.608603000640869
-1.1449843645095825
-0.7954931855201721
-0.8425125479698181
-1.6380113363265991
-2.212297201156616
-1.836746335029602
-2.5514886379241943
-2.240551471710205
-1.1586843729019165
-2.289919137954712
-4.276376247406006
-1.419182538986206
-3.052875518798828
-3.4501240253448486
-1.5685410499572754
-1.7075060606002808
-2.775832414627075
-1.398923397064209
-1.761818766593933
-3.9686880111694336
-1.7162994146347046
-1.8995859622955322
-1.877197265625
-2.205240249633789
-1.2439687252044678
-1.5785396099090576
-2.224451780319214
-2.385913610458374
-2.8535053730010986
-1.6684417724609375
-2.6934947967529297
-1.5552244186401367
-1.5536950826644897
-2.399449348449707
-1.3916012048721313
-4.166637420654297
-2.177885055541992
-1.7069963216781616
-0.8759519457817078
-2.1730260848999023
-6.197788715362549
-1.9388731718063354
-1.7675148248672485
-1.7884488105773926
-3.0352890491485596
-2.972768783569336
-2.990480899810791
-3.0902364253997803
-1.949264407157898
-1.9607658386230469
-1.9477795362472534
-1.982105016708374
-1.712748408317566
-2.122957706451416
-2.4990382194519043
-2.289907693862915
-1.8020156621932983
-1.6342936754226685
-1.7913554906845093
-1.7233868837356567
-1.3413739204406738
-3.701265811920166
-0.7882623672485352
-1.6600404977798462
-1.9933167695999146
-2.3417882919311523
-1.44740891456604
-2.2996346950531006
-1.8572261333465576
-2.9969189167022705
-2.2622132301330566
-1.349806547164917
-3.8524363040924072
-2.2971129417419434
-5.399651527404785
-1.6554059982299805
-2.8496315479278564
-1.830078363418579
-2.0088374614715576
-1.5777899026870728
-0.0
-2.2105326652526855
-2.1602256298065186
-3.885740280151367
-2.609816551208496
-1.616667628288269
-2.094916582107544
-1.3586866855621338
-2.7656333446502686
-1.5881047248840332
-1.9087016582489014
-1.6183053255081177
-2.2629170417785645
-3.817471742630005
-2.1526193618774414
-1.4885143041610718
-3.1259632110595703
-3.1468253135681152
-0.7433993220329285
-0.7947785258293152
-1.2964471578598022
-1.0579355955123901
-1.5934942960739136
-1.731675624847412
-2.2080256938934326
-2.4494781494140625
-1.7768027782440186
-1.7795093059539795
-0.9160931706428528
-3.910477638244629
-3.2120795249938965
-1.6394168138504028
-2.45095157623291
-2.8329482078552246
-1.5309194326400757
-1.3659707307815552
-1.363543152809143
-1.4665151834487915
-0.0
-2.685905694961548
-1.4113428592681885
-2.1223254203796387
-2.521167755126953
-1.4884247779846191
-2.612300395965576
-2.097092390060425
-1.546439528465271
-2.436357021331787
-2.244826316833496
-1.0870860815048218
-3.164555549621582
-2.938681125640869
-1.8278801441192627
-3.2689640522003174
-2.520632743835449
-1.5990142822265625
-0.0
-2.243044853210449
-2.7206077575683594
-2.374019145965576
-3.1999528408050537
-1.7083836793899536
-1.9898911714553833
-1.9053690433502197
-1.0952916145324707
-1.8159189224243164
-2.723161220550537
-3.327393054962158
-2.9525156021118164
-2.2453441619873047
-1.6010173559188843
-1.5325074195861816
-1.0632681846618652
-1.868398904800415
-2.486166000366211
-3.6101975440979004
-1.0304293632507324
-2.386129140853882
-1.5214613676071167
-1.3580931425094604
-2.3116860389709473
-3.4627223014831543
-4.680775165557861
-1.4861249923706055
-1.3346670866012573
-2.886270523071289
-4.899003982543945
-2.749802827835083
-3.4425413608551025
-2.483250617980957
-3.635885238647461
-2.3070435523986816
-1.4054442644119263
-1.8563947677612305
-1.435489535331726
-1.9321342706680298
-1.439763069152832
-2.117297887802124
-1.5968811511993408
-1.6374123096466064
-2.4517390727996826
-1.9814066886901855
-1.9974827766418457
-1.9055261611938477
-5.166741847991943
-1.8508731126785278
-3.8216607570648193
-1.0431184768676758
-2.3398752212524414
-1.563372254371643
-3.0504257678985596
-2.590764284133911
-1.6387704610824585
-1.41725492477417
-2.068192720413208
-2.108424663543701
-1.4381358623504639
-3.139423131942749
-1.8316714763641357
-3.6050913333892822
-2.510308265686035
-1.824240803718567
-1.5670384168624878
-2.6152842044830322
-1.630401611328125
-1.2989280223846436
-3.1286160945892334
-1.6822319030761719
-2.8290598392486572
-2.5493264198303223
-1.965321660041809
-2.6302695274353027
-2.0884177684783936
-2.3883676528930664
-2.5208919048309326
-2.2308473587036133
-2.2671852111816406
-7.76254415512085
-2.6215734481811523
-3.478123664855957
-2.7592391967773438
-3.6054861545562744
-2.0951812267303467
-1.5872037410736084
-3.081432819366455
-2.2470006942749023
-1.8437752723693848
-3.126023292541504
-1.918771743774414
-3.132380247116089
-6.600956916809082
-2.906287431716919
-2.7751829624176025
-2.460036277770996
-2.80580735206604
-1.5951448678970337
-3.175413131713867
-3.2446155548095703
-1.9637147188186646
-3.1506524085998535
-2.8006443977355957
-2.8523125648498535
-2.0204694271087646
-3.9049534797668457
-3.933347702026367
-2.0677855014801025
-2.14583420753479
-2.6890501976013184
-2.349534273147583
-2.345532178878784
-2.1871137619018555
-3.202540874481201
-3.01786470413208
-3.8166134357452393
-3.12127423286438
-2.762369394302368
-4.461770057678223
-2.140512704849243
-2.6136345863342285
-2.509939432144165
-0.39703482389450073
-0.5784957408905029
-2.9995813369750977
-1.6345173120498657
-3.067450523376465
-2.948875904083252
-3.0016469955444336
-2.62444806098938
-1.309087872505188
-2.0191400051116943
-4.574202537536621
-4.3480353355407715
-2.4369053840637207
-2.3052849769592285
-1.5926594734191895
-5.215367794036865
-2.850254774093628
-3.4121572971343994
-2.6607065200805664
-2.092043876647949
-3.961038827896118
-2.719681739807129
-2.6811249256134033
-2.570338010787964
-2.6321523189544678
-1.5415209531784058
-3.7917304039001465
-2.0869977474212646
-2.1150641441345215
-2.087196111679077
-1.720187783241272
-2.6379337310791016
-1.6995925903320312
-2.2271032333374023
-4.326294422149658
-3.019680976867676
-2.5766446590423584
-2.3547143936157227
-2.8131167888641357
-5.565713882446289
-4.050665855407715
-1.7872763872146606
-3.8133256435394287
-2.114732027053833
-3.956674814224243
-2.5745718479156494
-5.335010528564453
-2.4830141067504883
-2.5350940227508545
-2.461200475692749
-2.505890369415283
-1.9416781663894653
-1.1743566989898682
-3.6155848503112793
-3.7394299507141113
-3.32480525970459
-2.283676862716675
-3.448254346847534
-1.7313786745071411
-2.3542656898498535
-1.2418137788772583
-2.2362887859344482
-3.223475456237793
-1.7013530731201172
-2.660228729248047
-3.1021506786346436
-2.2232706546783447
-2.2064008712768555
-1.9606952667236328
-1.9978200197219849
-3.247685194015503
-1.6459825038909912
-1.5417132377624512
-3.058393955230713
-2.299403667449951
-2.7275829315185547
-3.5719716548919678
-5.199554443359375
-3.3773505687713623
-2.5396690368652344
-3.2064719200134277
-2.5082216262817383
-3.888124465942383
-3.121027708053589
-2.7589659690856934
-2.604177951812744
-3.155639886856079
-1.7172166109085083
-2.314103603363037
-3.095080852508545
-4.282642841339111
-4.467203617095947
-2.659658908843994
-1.95364248752594
-3.7558674812316895
-3.3546390533447266
-4.50118350982666
-1.514450192451477
-2.601475477218628
-1.7855058908462524
-2.386807441711426
-2.765070676803589
-2.44600772857666
-2.4225480556488037
-2.385453701019287
-4.411286354064941
-2.267106771469116
-2.252885580062866
-2.8990447521209717
-2.460658311843872
-2.3828372955322266
-2.458178758621216
-3.659886598587036
-3.2967090606689453
-4.13991117477417
-4.0744452476501465
-3.489759683609009
-2.643105983734131
-1.4464524984359741
-3.2873592376708984
-2.1413352489471436
-1.7544522285461426
-3.4319796562194824
-2.4105355739593506
-1.6105337142944336
-3.833556890487671
-2.054058074951172
-3.6463003158569336
-2.5668179988861084
-1.208437204360962
-1.2428079843521118
-1.7797755002975464
-2.718559741973877
-2.519725799560547
-2.2935006618499756
-1.196641445159912
-4.872841835021973
-1.9498071670532227
-2.4489245414733887
-2.129345655441284
-2.1296226978302
-3.444758653640747
-1.968040943145752
-2.430989980697632
-3.937018871307373
-2.97735333442688
-5.435855388641357
-1.496787428855896
-2.3813488483428955
-2.449564218521118
-3.5258734226226807
-1.9790799617767334
-1.7117767333984375
-2.301007032394409
-2.025355815887451
-2.082871437072754
-2.009843111038208
-2.7120463848114014
-4.092650890350342
-1.9486273527145386
-3.7791876792907715
-4.290283203125
-1.6605768203735352
-1.7099006175994873
-2.9784443378448486
-3.1136364936828613
-4.64141321182251
-3.2591350078582764
-2.5233962535858154
-2.157423973083496
-1.869960069656372
-2.829932451248169
-1.7597761154174805
-2.1935417652130127
-3.58591890335083
-2.1865055561065674
-3.622103452682495
-2.8685708045959473
-6.6522016525268555
-3.607290744781494
-2.1376121044158936
-3.2759809494018555
-3.7234644889831543
-4.133653163909912
-4.080726623535156
-2.296537160873413
-6.568337440490723
-4.191171646118164
-2.9682435989379883
-2.7383389472961426
-2.6687588691711426
-2.010615110397339
-1.2138797044754028
-3.5090866088867188
-2.1987810134887695
-1.909866213798523
-4.273518085479736
-4.374423980712891
-2.651516914367676
-2.7995259761810303
-4.72551155090332
-2.6174814701080322
-1.9190915822982788
-2.2554473876953125
-2.3231942653656006
-2.177182197570801
-3.357109308242798
-2.755931854248047
-2.2467620372772217
-1.3514448404312134
-2.8449788093566895
-2.8575236797332764
-3.821627616882324
-3.1964378356933594
-2.8318192958831787
-4.009760856628418
-2.5344035625457764
-4.657227993011475
-3.995652437210083
-1.7892283201217651
-3.4694831371307373
-1.8911869525909424
-2.446084499359131
-2.293323278427124
-3.5104475021362305
-3.9973225593566895
-2.231041669845581
-4.80072546005249
-2.1308460235595703
-3.4963791370391846
-2.9433043003082275
-2.4471070766448975
-3.2012672424316406
-1.6325654983520508
-2.987257719039917
-5.240553379058838
-2.7158374786376953
-3.1194493770599365
-2.760124683380127
-2.301603317260742
-2.087740659713745
-2.4801268577575684
-3.9542527198791504
-2.2391910552978516
-3.016749620437622
-1.1391029357910156
-3.350748062133789
-3.0866434574127197
-3.0424234867095947
-2.1608474254608154
-6.069944858551025
-3.113102912902832
-1.9476724863052368
-2.074125289916992
-2.0519943237304688
-2.088951826095581
-2.25947642326355
-1.474120855331421
-0.8757550716400146
-1.5590789318084717
-1.304646611213684
-4.225356101989746
-1.9770265817642212
-3.8111300468444824
-2.08878755569458
-2.2243518829345703
-2.088991403579712
-3.0747530460357666
-3.140183210372925
-1.8829169273376465
-2.468996524810791
-3.483717679977417
-3.3310253620147705
-2.3230533599853516
-2.6186273097991943
-1.8764859437942505
-2.230893611907959
-3.2338266372680664
-3.60103440284729
-1.262014389038086
-4.244884014129639
-2.0100245475769043
-3.5032999515533447
-4.991529941558838
-7.933842658996582
-3.1345510482788086
-1.6911958456039429
-2.7045745849609375
-3.2067785263061523
-1.6976085901260376
-3.0078365802764893
-1.4108384847640991
-2.7381136417388916
-3.2317521572113037
-4.336934566497803
-4.454761505126953
-3.296766996383667
-3.945493698120117
-3.4022791385650635
-2.590846300125122
-2.3982412815093994
-2.3500256538391113
-2.7694716453552246
-1.9687585830688477
-2.3989968299865723
-2.185267925262451
-5.077911376953125
-1.92874014377594
-2.6838717460632324
-2.2134907245635986
-2.6660361289978027
-2.5592777729034424
-2.922565221786499
-2.926823616027832
-2.349552869796753
-3.972818374633789
-2.081834077835083
-2.736790657043457
-4.696700572967529
-0.0
-2.6146578788757324
-3.7934274673461914
-2.893585443496704
-4.349433898925781
-4.764859199523926
-2.3343889713287354
-1.2080429792404175
-1.2130770683288574
-2.876386880874634
-1.3422261476516724
-1.171993613243103
-5.241880893707275
-3.4195125102996826
-2.6121771335601807
-2.353482723236084
-2.833796501159668
-1.2171597480773926
-2.1004817485809326
-3.595003843307495
-1.827116847038269
-2.9655513763427734
-1.637807011604309
-2.5935564041137695
-2.7624521255493164
-2.949693202972412
-3.4448418617248535
-2.4566497802734375
-1.5706826448440552
-3.384216785430908
-1.7495654821395874
-2.5430245399475098
-3.2190091609954834
-1.6655349731445312
-3.0523033142089844
-2.6514012813568115
-2.864114761352539
-3.4345200061798096
-6.809419631958008
-2.7917306423187256
-6.217328071594238
-2.4588706493377686
-2.6908252239227295
-1.5138050317764282
-3.563784599304199
-2.5123279094696045
-3.430875778198242
-2.087339162826538
-3.0568060874938965
-4.114191055297852
-2.4823882579803467
-3.3299267292022705
-2.225815534591675
-2.6262354850769043
-4.251931667327881
-2.2694966793060303
-3.101257562637329
-4.411770343780518
-2.5532426834106445
-2.6502625942230225
-1.4389723539352417
-3.3356282711029053
-4.301598072052002
-2.276780843734741
-8.350383758544922
-2.522784471511841
-2.431161403656006
-1.620842695236206
-2.3884148597717285
-2.777531147003174
-2.41984486579895
-3.222196578979492
-1.799879550933838
-1.639847993850708
-2.540626287460327
-2.5182294845581055
-2.7470879554748535
-2.1371543407440186
-4.1196794509887695
-3.1930198669433594
-3.2395153045654297
-2.5159831047058105
-2.4866318702697754
-3.901109218597412
-3.206021308898926
-3.0567269325256348
-4.3059868812561035
-2.9102184772491455
-4.02985143661499
-3.184962272644043
-2.9669430255889893
-3.081477642059326
-4.664070129394531
-5.166398048400879
-5.424518585205078
-3.112820863723755
-1.8698632717132568
-3.80773663520813
-4.231876850128174
-3.0717320442199707
-0.7622308731079102
-3.0436878204345703
-3.4925880432128906
-5.037378787994385
-2.5440421104431152
-3.0930960178375244
-4.782514572143555
-3.0108206272125244
-2.419849157333374
-2.532363176345825
-1.8411784172058105
-2.665053129196167
-1.8900288343429565
-3.2136073112487793
-1.9695403575897217
-4.4626688957214355
-0.8992742300033569
-3.138706684112549
-2.4843170642852783
-2.8896405696868896
-2.062509059906006
-1.698731780052185
-3.669975996017456
-1.8629968166351318
-1.7849684953689575
-3.0496826171875
-1.4855618476867676
-1.9801443815231323
-1.678625464439392
-1.4883208274841309
-4.546925067901611
-3.2178921699523926
-3.0194945335388184
-2.551084518432617
-1.890203595161438
-3.744011640548706
-3.759495973587036
-2.061368465423584
-3.8631439208984375
-3.142150640487671
-2.6934590339660645
-2.1944055557250977
-3.4529032707214355
-2.5968008041381836
-3.9499385356903076
-2.832467555999756
-2.4252846240997314
-2.6107215881347656
-2.0266144275665283
-2.500485897064209
-1.754080891609192
-3.9949283599853516
-3.9082083702087402
-4.792776107788086
-2.3653886318206787
-0.7572369575500488
-2.1503522396087646
-2.6310698986053467
-4.431700229644775
-2.477703809738159
-2.9755399227142334
-3.369776487350464
-2.526782512664795
-1.7979446649551392
-2.742459297180176
-1.728765606880188
-2.268071413040161
-4.440167427062988
-3.7744016647338867
-3.1250858306884766
-4.258781909942627
-2.6448915004730225
-2.946683406829834
-0.8334566354751587
-1.8547677993774414
-2.8576550483703613
-3.3252954483032227
-1.7417244911193848
-2.912341833114624
-1.8150156736373901
-4.131741046905518
-1.904617190361023
-2.3551864624023438
-2.6752796173095703
-2.9643917083740234
-3.657238483428955
-2.917623996734619
-1.9437153339385986
-2.5022194385528564
-2.596388578414917
-2.9186959266662598
-1.9220958948135376
-1.3725237846374512
-1.9460252523422241