0.48444349792605057
0.4272717542783677
0.41255924051807946
0.4691404124201837
0.3934882782754192
0.31331784704700927
0.41159351918215203
0.47053901502476214
0.29789015856816103
0.3202416365061336
0.31637749534123527
0.33357170912417344
0.35732219079881067
0.4004499285816987
0.5192881349541962
0.22369398891347925
0.5036882619791262
0.6133025096071689
0.03799666038389915
0.8197188128570561
0.6299689622546665
0.6143581293329163
0.499124706266286
0.41122370509580564
0.521957097766797
0.5226022517851355
0.5751827678693767
0.9798794309733401
0.6707155945703339
0.6415740556288501
0.5676102847624094
0.5376364576847696
0.46058805282578785
0.5301353351061374
0.5644262136168832
0.6258287063001258
0.7138630504951876
0.6749089357252711
0.4104220320931298
0.6825481499953263
0.732894608971649
0.4867334266966079
0.5866738596222821
0.676215577494985
0.6180717100760857
0.498439404084418
0.7905469137583792
0.5586494834369341
0.7188964197306558
0.9756454972974025
0.6646375764743091
0.7049284034223103
0.5561828123118677
0.6905325263861487
0.7754365318338314
0.6636279630618177
0.8670326737568648
0.8154077141030138
0.4497708957730502
0.4050855252114818
0.5302046671677147
0.4223152861255012
0.5503654485240745
0.5954497565595203
0.5417791710992944
0.47082178172316913
0.4722273162834003
0.4961368032582597
0.6450354028349929
0.6063743978168676
0.43649319855722934
0.49487610719660735
0.44891963499803544
0.6714498910630934
0.5646160343045958
0.5237278170945969
0.6369563911548132
0.5420672756548062
0.6296727927622808
0.45183526735175294
0.5556798555277531
0.5801655346589636
0.5311313857944167
0.4942428836592002
0.3494295008477539
0.6077130062886108
0.6084210681475344
0.6139722920923876
0.5829665748718983
0.4974602814117213
0.6105493027992728
0.5360278509921017
0.56657451484324
0.3519143371911111
0.3974300008946723
0.40063128559217664
0.30452445374789683
0.36011787374551396
0.2104574515476998
0.16001878996468588
0.5910641432647316
0.43467532825596655
0.2703061239820881
0.24321246662540652
0.35811843589874126
0.42183110649592015
0.513372319379533
0.5802512109829008
0.4365284707216933
0.34903074984201277
0.24020195561645785
0.28829598727365546
0.4229757508945986
0.42031851425418476
0.5406813757326252
0.5337072776850309
0.4137219054742082
0.5339079647043095
0.4982093635339139
0.2845299780403141
0.373613070650063
0.3238118942343676
0.45517043909615484
0.5256788422002422
0.4307838472258996
0.3047641963748563
0.34904661994994146
0.472565748219518
0.48788096132143466
0.33431169666949134
0.5085164531288657
0.4406634218092218
0.6345524318139737
0.437453339372614
0.6243656307410831
0.8473830522389567
0.5179690832373233
0.712573571167116
0.7161583407936147
0.5878756949803979
0.6681502222990691
0.4943848637871331
0.6600864146859846
0.6109179968201273
0.4391020273345081
0.7483528290995053
0.5483764539069703
0.6089382066137726
0.5247472397584376
0.4442673795894134
0.662358659275031
0.8227039225936341
0.6174745512491033
0.6278473073239549
0.6002928675310549
0.8835607129754026
0.8253769874671846
0.860448627146575
0.39349147102225124
0.5165998516327661
0.46064138431112744
0.2808216063738692
0.4025384411466598
0.49312283886557196
0.42810788237418307
0.42389915861953165
0.47083488783543237
0.42359684361851013
0.4416447571923695
0.5132568915998796
0.4352936985233723
0.5470111140774457
0.5634897908952639
0.599263219415967
0.36937942872426155
0.5290963044996817
0.4803038257611205
0.5472191005573124
0.5584344016733407
0.5459477599124507
0.46614509295467377
0.5778353037511847
0.4424064809057513
0.36759220808103366
0.4320750702274767
0.4581397567855172
0.4456512655671837
0.4255051348317679
0.517750034632447
0.47601066273817605
0.5479008934498988
0.5507516495861559
0.5602046198117134
0.41760586639604447
0.4344290597050382
0.5941310738685432
0.7275157438503028
0.35341184281306115
0.46919656373597485
0.5011870591887955
0.5141520430067283
0.6032235923177994
0.4135182976027618
0.4741589701144241
0.40034124067469756
0.40620851514445877
0.6409472058626138
0.5566627945882789
0.27087065126315
0.20009225535377384
0.40910652904828926
0.36990543919657015
0.6692107098342222
0.3300072416993456
0.5416040869828026
0.48330410675697044
0.5832776001163306
0.5511679400628549
0.3715364973396673
0.4775889837671624
0.40322564362958535
0.5387429260856342
0.6934117199072756
0.403245447854248
0.2923903854867964
0.49473397556622256
0.6174835609797951
0.3846539533088844
0.4020675839451626
0.5323836118133052
0.4246248273444221
0.6264971563004955
0.37779152500951496
0.41691217261806635
0.49796517468921364
0.436591795257095
0.6861319793858399
0.6260143312434999
0.5685396500175668
0.6710775898620156
0.5747122578437277
0.6006786975948372
0.5564886212075698
0.522591573659402
0.5472584161188729
0.5662066780762925
0.5969021143744433
0.5148294655727848
0.3881403094833549
0.6650816268096245
0.40873410443176206
0.6003467296993918
0.5030779349374248
0.42604301292378133
0.5263491230088159
0.3762350472769973
0.3822110412179286
0.40512003231541793
0.5229920271037034
0.3899241354634241
0.5160722511411835
0.4903135594124154
0.20460346478726077
0.5219945988249564
0.39950904797958076
0.2901622251518796
0.4219292294547129
0.36269657984720194
0.37428423345985196
0.2401102128099175
0.36496882964314636
0.36698192563759935
0.5488177207015295
0.55469545335142
0.9204726496899188
0.7978246147326772
0.9106572525958856
0.6952632149951268
0.7214423923738451
0.6927444019211675
0.8285523042306824
0.9737458983567925
0.9829554305876368
0.3334764253317781
0.5071067307397145
0.7285988122816143
0.8692121848762379
0.5133863038212747
0.5827182526248612
0.44124868539377315
0.48848404033466775
0.5981830361113905
0.6646994443539642
0.4773029813416221
0.5497870963064196
0.4940352056760231
0.5473600579799808
0.6972659887304682
0.4545733336460225
0.8492927434833133
0.6204717767287926
0.5393267864089635
0.5590357241375925
0.5915451671361939
0.6703635137077107
0.5141448437588991
0.5089275720354762
0.7166319741482926
0.5969736852912394
0.7396678883205615
0.34910189960297344
0.7550056039945361
0.3266098907693259
0.4982752957488541
0.5675029326726981
0.8143388813275796
0.5949188457072692
0.5640182397460065
0.6322869888181002
0.4836534899084234
0.6045660061058764
0.49325419679113636
0.5879513568860101
0.7316167019064101
0.5432677601691425
0.5301473785427809
0.47992846861443517
0.29349276752843045
0.6161585628783967
0.3545738181233573
0.45172828717951663
0.4960528564951111
0.4305287939148037
0.6365708546083415
0.5743977639655328
0.4274653397386363
0.5813508460460927
0.7541980655021832
0.4469592008338312
0.4997112829373378
0.4195151435668142
0.484013983482936
0.579629092623895
0.7698065547635318
0.6677042825498594
0.49516188142448603
0.6732757275302235
0.3295542756041381
0.3640425829231082
0.47011381685880993
0.5990228347834652
0.5419554617165421
0.5107083531691715
0.4835869549664159
0.5756605741960693
0.6051970426914232
0.6803026460668724
0.6997765808216202
0.6538114752338957
0.6268304126208984
0.5870115817473942
0.5042168814846226
0.5652605317869925
0.6104321157468016
0.524686214999545
0.4181817849296492
0.3511072263360351
0.4195534737832849
0.5196721602528452
0.5336414711570747
0.6880477510609294
0.6096237913787547
0.6045389779734425
0.5140788033510472
0.5233186111055421
0.6592165828404456
0.7107532069900356
0.5820243279113261
0.5802762370723421
0.6221588873395658
0.7942227104370301
0.7450389817076192
0.36080830042447487
0.7217861573643714
0.607912836265909
0.6955316988571254
0.5575877079134788
0.45629211708989215
0.5402764428211891
0.6674168774002032
0.7042949299139356
0.4957658640027234
0.4920780935490072
0.7156136153492129
0.7233365347246878
0.6212747574481314
0.5667125192182914
0.6521249060171237
0.7836669023627176
0.6331038024586716
0.6232226291081383
0.5958961257356018
0.5731665298188635
0.6269402093036502
0.6002034971510262
0.5431002944277508
0.6324799401691348
0.3855450110841514
0.629452059494428
0.6216474221596265
0.6517008084166425
0.6151894056632036
0.7113358874800909
0.5114394806747982
0.720986375759961
0.48045729354784883
0.4684593663480391
0.5708813411062869
0.5549193847630888
0.47581654089213155
0.9862357271830159
0.4905870107785174
0.42955987588300293
0.5651454452896643
0.586509603534846
0.5381742249798116
0.5555757442566909
0.44249083948834345
0.42480494170714167
0.5157433276943519
0.5305317964295975
0.3426827042527092
0.514082843174904
0.5980832179988741
0.3976732610415892
0.48903929785815625
0.5126227373989203
0.4808360316234671
0.4798962922633492
0.47229798658575084
0.2654410466339372
0.37307962011750395
0.3474858472867519
0.555390531505174
0.4744918473474683
0.456861071776379
0.3705760329526917
0.5652515082703069
0.38777405995101333
0.3707186885629812
0.5637062005617897
0.589692725106356
0.6492445400371079
0.7860357732518153
0.5449054738161418
0.7127422543551393
0.7629272908191874
0.6297815328882759
0.48816015546507885
0.312527044807969
0.3727432987856125
0.37123054546205037
0.31388439420677905
0.47882495145552706
0.20546015854096522
0.4357993785048594
0.5319430725810952
0.49762535613908965
0.22195445936524616
0.38378649862736836
0.3548398267130516
0.6333622109308968
0.6164950227450645
0.6296408170245016
0.6766481549173026
0.6813452598128615
0.7725876433418832
0.8093919990859191
0.7140182549933959
0.8631788473288612
0.6746679401454088
0.6948579254657976
0.651605337686716
0.38931538900518814
0.5457036830313445
0.569936083314034
0.581988960609346
0.980336121827891
0.8850281471269729
0.3313973263606669
0.7172035636083118
0.790584845343105
0.5927421452139549
0.7262059694930924
0.6081095799199194
0.6062120296000827
0.4520735803437257
0.5256345731963799
0.682697843427359
0.6491452427217439
0.7084784614422787
0.4765624187223979
0.5892089656552366
0.5749148990801798
0.5511165929900792
0.5110654418120163
0.5636111825001339
0.4178515362620281
0.6390126100353943
0.5101071181778793
0.7181330530945306
0.47041789779169463
0.5281251458486269
0.4823472351695435
0.4671971138951827
0.6523253081086673
0.6798030668315187
0.457059932645699
0.7148468972429534
0.47642114862655205
0.4737635394418598
0.4223026687349418
0.616600978594815
0.5008166217439336
0.5008179377878068
0.3915069383489702
0.7092353529970817
0.5782008361059715
0.5136977396137843
0.42864943602760797
0.7509889058030942
0.38967350573611836
0.36948451574505925
0.5713325497123978
0.5677479268802458
0.7553512985989315
0.41478313727936145
0.532164901814185
0.4160632162837725
0.6506392107641603
0.46455177833742434
0.1864596565592418
0.5455298370436572
0.3232036767707993
0.27352957198096783
0.44247338326113317
0.4859262537607538
0.5165195925660837
0.308546844971612
0.36833600159227764
0.3259797011849439
0.5572706856695094
0.6183978723472741
0.5949341302391188
0.4332452950837121
0.4031348599872302
0.5220674077074661
0.5220782668978972
0.505874480108395
0.6751609736449082
0.5551099781061906
0.7131077542022024
0.48323986579605693
0.5062052379384628
0.5023860896742822
0.601104512201633
0.6906561713766841
0.4672554175808836
0.5057678726378212
0.42705383435620103
0.4533906697986354
0.5308182238536439
0.6851111795995202
0.4568328426778676
0.3606791253216852
0.7500135308233717
0.4327852711971498
0.439423497054083
0.6689676241462865
0.4577484082443122
0.6690943064174001
0.4768672901386799
0.7891242613316152
0.6093499636239571
0.6852266654822349
0.5625105056247667
0.5679799282486098
0.7094483865724965
0.4428028518266066
0.7390234792188859
0.37472364577608175
0.5823878416118693
0.685433118428178
0.56389626760574
0.7514023497949461
0.6907217945914719
0.5097874447932937
0.5897030093603574
0.45965405071191867
0.5105886180957149
0.6479360404902145
0.5807975525132977
0.5589011670663473
0.5621308656029489
0.5545119253744026
0.656314956971679
0.5789268461091214
0.6287755713770717
0.25965443509251773
0.3683545964018734
0.47598184122634013
0.3093889858145631
0.4548821049989116
0.4321018720030335
0.5591686756449019
0.3868656527216414
0.4492917889388022
0.5249228105541321
0.4098832619810938
0.42180306047751537
0.47037396861337055
0.634295088642001
0.597733776387166
0.5678872100747203
0.5817159274216901
0.5225425910740419
0.6424612979954595
0.8270131033367586
0.5788991501169997
0.5375910944609942
0.9855814023958177
0.7318993730223335
0.5303840120055531
0.597768902853486
0.45296070252924914
0.40113432150149964
0.4999112576634219
0.639726652520832
0.5776606982476661
0.5258282977588085
0.5809459602758127
0.6018481731620937
0.2785495001453373
0.5639290174697298
0.46766016353590634
0.645809363877095
0.42008820392409507
0.7133440602242244
0.48280962325051546
0.7007630725726908
0.2270482509822238
0.45906222768156335
0.3673869416676059
0.3572921786876976
0.41160834027735715
0.28365254677767515
0.2946768403634683
0.4909210990504673
0.29389340683495835
0.33064197004162454
0.325739060321787
0.3821345532956667
0.28063986268778884
0.3824957979103589
0.4919720372233064
0.20547047815428743
0.5305999434259788
0.7051778616935438
0.04409539864144474
0.6951724646382287
0.6003706547146964
0.5892407656549195
0.44561998620759
0.38274778804070053
0.6100165023386477
0.5101012581133408
0.6098077609294328
0.475682159003739
0.612664135605114
0.6154704427923752
0.5061268910799293
0.5641119003938324
0.4920993784966149
0.5810807446135937
0.5681856746902835
0.6258287063001258
0.7011549595627456
0.6143650892682821
0.43508951934679096
0.6457831785814079
0.8661307916523235
0.6704757214514842
0.7026686338671428
0.7816423574980143
0.8371414801951567
0.48364322693549644
0.7905469137583792
0.5431106652308069
0.7103707925124174
0.8857138223748172
0.772231615942377
0.844846249171323
0.5853060991465205
0.9905542166965973
0.7992083400965347
0.8151000793118517
0.8670326737568648
0.6135294285617973
0.49127102180109317
0.4050855252114818
0.6050917503435902
0.2883373975103076
0.467366042504997
0.6018302051391063
0.49500660531117036
0.5630473955652084
0.5127001303842399
0.4346793685811128
0.5632691005005029
0.5191243309182434
0.4519749861155833
0.4522795728296455
0.45197535278358125
0.5823897542136006
0.5234168165001427
0.4935054219372814
0.5063272218032268
0.5630608856227179
0.4085152422752396
0.4319779431888131
0.40876043967362974
0.5906999127406436
0.5818715861690493
0.4942428836592002
0.41185711610202547
0.6290604759866322
0.5691932592278616
0.5890924902237281
0.5298666509799617
0.465459429040356
0.6105493027992728
0.5470357118901195
0.26319548501346435
0.34115083008833513
0.3864828796363703
0.43304372135870584
0.5179076081520972
0.3653959325655112
0.23169274526688
0.10662844248850767
0.5325801596408772
0.40118378992982506
0.3321007827166891
0.30144109140334985
0.3411386471303659
0.46944824302580745
0.45628195131960925
0.7101727070534305
0.38436684873552496
0.3337519797191898
0.21372491298344687
0.2800048454363854
0.3770402675767033
0.39319904300659336
0.4991358817189667
0.4760925094516637
0.41441361233269514
0.4311850677668484
0.5920186988200324
0.2798156048487239
0.44009873421074475
0.33020248088672366
0.5414131264675098
0.4813794889009051
0.4375422533635367
0.3512828770908315
0.3657066975250811
0.4043574682158315
0.4436148331324372
0.2443670200039917
0.4496607749415501
0.5324785179893534
0.573354918267819
0.5033487889661252
0.6763425637126413
0.8783945448421677
0.7322953670911129
0.977124728618923
0.8405721112996133
0.5937510423250792
0.6562059538581289
0.6038901141089703
0.6788839452907028
0.5575676691341791
0.5120801246340002
0.7583841132339955
0.6052120449229123
0.38942573522888924
0.5727272852423304
0.4262718882513028
0.6581699038775581
0.7360684047829738
0.3895488551522285
0.5050143536892489
0.531208012909262
0.7346258577933404
0.6998783389797156
0.7886571835721612
0.4149728098173606
0.5554765511186202
0.41627062349501465
0.280819621303954
0.4030069472117621
0.5327253146345244
0.33564346028561964
0.463298573700511
0.5691552114610756
0.41673766391676126
0.4332989027379748
0.5071950836164388
0.4127888803997104
0.25073128780409926
0.5277693970043847
0.529203276488619
0.4365534680580365
0.5140969949166758
0.5445317236821939
0.5734517190613295
0.5618310891424014
0.47355027467453614
0.5089493395054234
0.5526582971425541
0.4182231890465934
0.37023958606624197
0.4384307003655157
0.5562013071043648
0.4586831229821329
0.3756862163514705
0.5403024616340044
0.5079159960462465
0.5100336154404932
0.5495007692592386
0.48872218306637927
0.3658139242610299
0.4344290597050382
0.5386562674414301
0.5214056377210861
0.2924870045184257
0.37331431828667294
0.5431599620991419
0.4369920992866121
0.5959316263557384
0.3621836270397517
0.44852018450934517
0.4254053473040271
0.432842364835616
0.5923297074891053
0.6002323383055143
0.30504726728896026
0.27450505840778605
0.40447747030283376
0.38987781801422705
0.5491050047558786
0.24674639281048738
0.5326083443264531
0.38674089419904634
0.5010050655707581
0.644301150696204
0.3541411982382341
0.46613076309153423
0.3372382828480076
0.522302147154711
0.5959597770818218
0.3802871087827181
0.25043842386541726
0.39616057091716217
0.5918187857181816
0.38271702467970636
0.4385474355375809
0.6213232154905495
0.40049356892064825
0.6987952963493558
0.483383054126457
0.45588012340841866
0.4308891580838894
0.41292733557907724
0.6701940655800006
0.6892104100644305
0.545952130952305
0.7079390270943614
0.5420885248021027
0.6951393231295083
0.5707435862216662
0.48166929067983344
0.5646637428231934
0.5210279175349777
0.6279451630460493
0.5035817585959423
0.4946821783973736
0.6693942809893489
0.49168412734274924
0.5936115928005566
0.5304882440819654
0.5610559657357859
0.541502459331467
0.39598054108825254
0.374034265188652
0.45921201507688414
0.5014766433237279
0.43994118258008064
0.6179080884225905
0.4542674649878582
0.17705521201611873
0.5429106396331034
0.476260410864192
0.2775121055580596
0.42241361109648357
0.3749492708814456
0.33799265982360394
0.2805278166422126
0.36335821731375684
0.3465033466051938
0.5247821822179064
0.44469067149457553
0.8349386828039173
0.7522472317829815
0.9106572525958856
0.5358374209125736
0.6853501751626359
0.5612946968272898
0.6681674933072089
0.8750458093093099
0.5588543616513939
0.5019724824091762
0.5896636072636627
0.7332662209319984
0.6818794325423363
0.5526998233343156
0.6945996515458466
0.4262156504387902
0.6434351044600174
0.6295542253446202
0.6039945199298251
0.5822295306968127
0.6806135441073212
0.5804138221751883
0.6338562303105941
0.7050780623160728
0.4545733336460225
0.7463177214810808
0.5751950697600838
0.6776078194001708
0.5288458340428248
0.4613159349357747
0.6189447562603899
0.48435745457744406
0.4795959397555807
0.7401238688908323
0.5819143091491757
0.8558405444188733
0.47050860903659686
0.7600429932774169
0.5423138783699504
0.6131923699863623
0.5466277132940995
0.5970196256379802
0.595999464543876
0.6096550459183481
0.5341235522273031
0.4686956398969062
0.6045660061058764
0.5220533726158995
0.7109645973842008
0.7633107914008047
0.6771410189004312
0.39857089210997454
0.15791200586940968
0.3541675720181232
0.6135489402351028
0.5398985563603226
0.36578963542059006
0.5036508154874265
0.475029193279388
0.7190326843522044
0.5114708235148211
0.5063850962716363
0.6478292484985342
0.7961216758951954
0.5633419865858622
0.8079152073085812
0.4581164402321244
0.500895768044435
0.46587736932394797
0.6739986794379403
0.6554242879009202
0.4730463879109319
0.5883355425852199
0.3756419104341385
0.2684998899664126
0.47409364208635263
0.6232750541291622
0.40640590025141277
0.39460162200832494
0.6120805516716221
0.4798973966739404
0.5543991792588365
0.5960308469764769
0.7236992296075775
0.5978956335322345
0.6135962098459584
0.510998340154464
0.5042168814846226
0.5360994083122489
0.5598222095797547
0.529973061827403
0.3864466925100787
0.33375685689704593
0.4141191839539763
0.29051318719930985
0.515143166802017
0.6880477510609294
0.6395819869529422
0.5462509647903775
0.5461091843736947
0.5326490517991916
0.5349533804347065
0.6935848077744625
0.47286531680802946
0.5500751987688073
0.7239419492342842
0.6872323903757057
0.7815073505106462
0.6519343813042373
0.8675071345964673
0.6247186776548541
0.7865277715079856
0.9266773355527813
0.4715254048584203
0.40466537608826936
0.6551613617179163
0.5734372935044476
0.4874579205193377
0.45846201212803983
0.573805080663769
0.653183816304118
0.566066920895789
0.4958847993626143
0.6409316551682596
0.686862464939501
0.5886471490713157
0.6462135357217673
0.6145965225019102
0.5565703545391556
0.5246900458178678
0.6008721350311239
0.6093382213794589
0.6342245920998633
0.4377206627611939
0.47004154029535483
0.5348302572179264
0.5880877551352499
0.5829769945562155
0.7243960586826844
0.5490921706034531
0.6064447744208906
0.47420701392841924
0.48312252278998735
0.5312567764963045
0.4374144345307982
0.42948290252572363
0.21700624338834418
0.4061173150772943
0.4278508111174997
0.6254399412242226
0.6150236848598433
0.5022610890639085
0.5013703294398799
0.4872178286529907
0.44642157343690503
0.17059719395306705
0.5179949002885453
0.5418058891537113
0.6083844937348549
0.659645469028858
0.3888991675607447
0.4580601560152582
0.49859416348246666
0.5092004755481856
0.49563551518220483
0.44616114016305175
0.3832046650046599
0.3144193118577081
0.38262111018899114
0.54797057001885
0.48350165130678135
0.41525943984115354
0.38253122166058007
0.5038124160547917
0.4369060097432724
0.36784676761587076
0.5246028071514577
0.7037024951826085
0.6730673855470322
0.7063757385441043
0.629987372744786
0.7001627715048907
0.7674222910095975
0.6337028265708686
0.4866069565203197
0.1354775650030784
0.369005186697572
0.4126851160078313
0.30902783403998413
0.45485774068395757
0.17258959011377573
0.34769060900402315
0.5199754530481231
0.45043783815178084
0.45237644769950136
0.4416251236223714
0.37841162361309766
0.4424493329117438
0.5781182118643702
0.6702670552689369
0.7602327771903272
0.5638255888317583
0.8541165983790635
0.7345307651653046
0.7279505063201162
0.793977927778503
0.7725364847368972
0.6501095602412109
0.5874193477111036
0.4946821783973736
0.5793021688516392
0.5210456701051266
0.6337741368029182
0.6679621744636384
0.7081735498427202
0.30338169490724975
0.6288416244071997
0.6301566800600173
0.599287093565653
0.5434361015806126
0.6174519346572389
0.7030110553349596
0.52249652267304
0.6119863204547327
0.6661131070924025
0.47811850945529133
0.6784478817110099
0.4794554256087653
0.49546939103728926
0.5686501486179858
0.4721069392931695
0.5135343031718586
0.5487401881240093
0.39452914573736575
0.6094004599898722
0.472771212802918
0.7011707033284195
0.48528715625232355
0.5003213436365925
0.5728207825404248
0.5239024681416383
0.7436044531022266
0.7326514321330931
0.5060343644498198
0.7127415335922723
0.5377930831167282
0.5140756908339393
0.3260509765315459
0.49831693345546846
0.5254097226057445
0.47363317844622776
0.3277831327257603
0.5885562465953786
0.61799612506776
0.57201634710707
0.44530765337428047
0.815520188571054
0.46498920125328913
0.5559682073862835
0.4533888379086548
0.5534350064288653
0.6715623228328569
0.4744253563742524
0.5712600577651483
0.3892653566651798
0.6506392107641603
0.3355378438576022
0.18518752297623753
0.37915886524120257
0.3319069973181479
0.2666000243631905
0.5237122911783614
0.45417655015513336
0.542722034096315
0.33904413841948955
0.33311495715384065
0.3525400275919057
0.5875276422811
0.6464113183484426
0.40589110303117315
0.5560945941195566
0.484041950743509
0.8640933979211267
0.593789524241874
0.6783945107886001
0.5794313136702012
0.9104652371895205
0.814751965547694
0.6225648545243465
0.4308032551715413
0.5041708067074072
0.5736298688187109
0.6549919878733218
0.49233696554918527
0.5128583871823585
0.42077532729075184
0.4447753721068185
0.44854935717096456
0.6297203688611541
0.4368925820017855
0.29737351078435403
0.6763328491896791
0.41754630227050216
0.307206940760134
0.6689676241462865
0.2847354181437205
0.7533464081500936
0.45067462322765395
0.6480835214974736
0.6764938524431735
0.6871513738988596
0.5523043592717132
0.6336621730550052
0.7016738253183974
0.45284499805194356
0.7590196437079595
0.5012265822201892
0.7432579416303232
0.7300900746470322
0.6445776864074786
0.4676584529765161
0.5616663466250964
0.43347649352459916
0.6028285895696923
0.5196850483908638
0.5734085898128426
0.5860465794878459
0.6283270700801774
0.5605617444776295
0.6099161781371083
0.5859232123113098
0.584632867790419
0.5385773625441824
0.6292860599239396
0.29840395008592135
0.4099120117281829
0.5247276290443279
0.3674788667252178
0.45479322256150134
0.48970320428958247
0.5349069019101527
0.4027966507910704
0.41500759707942836
0.4941597445868814
0.4325211256539989
0.40831651629149623
0.4523481477897706
0.634295088642001
0.5146728964132419
0.5074554845304016
0.6047470809487813
0.885063792333746
0.6968057469929915
0.7236272667084342
0.5809276217868136
0.583114434098322
0.9855814023958177
0.7061496482368594
0.5938281481053043
0.5472992514581668
0.48198942483115714
0.4498411931226851
0.4769949072591855
0.6504101906311064
0.44461406841269135
0.6484982467631183
0.6170589681923659
0.7098067263374104
0.3092019857229025
0.5561156152689358
0.5347500504681414
0.5318730633832235
0.45466067856431636
0.6927446843418759
0.5160840442121527
0.6906519079553445
0.37433174325213725
0.4245444534775429
0.3540062775008548
0.40423478593639495
0.397178992708777
0.3201344111061091
0.28247262444590127
0.492998603307254
0.294188002552783
0.3221870371851142
0.34727969783707224
0.3025172024231344
0.3368976890962234
0.38996358629978667
0.4711312670214478
0.24941947695109334
0.5481885640212338
0.6714895559684203
0.046236324324134714
0.7879192696822153
0.7540305201787968
0.5936328979956059
0.5530162958653645
0.3933490818449086
0.5743920690168082
0.5112361728452319
0.5976281872741559
0.7851038154802945
0.6915378987368179
0.5827864085211363
0.5619294040816607
0.4369824818034891
0.5479694519082452
0.6304646960610365
0.6510932648558265
0.697484288364315
0.695349595061521
0.6749089357252711
0.4456061742784493
0.6761300125265758
0.7682156040365857
0.5415438924433738
0.6837899469978255
0.8330060111893052
0.687978146336655
0.5264117129894837
0.7905469137583792
0.48996206643263673
0.7636793579180278
0.9756454972974025
0.7514248934923833
0.8811948652005606
0.6413580959565262
0.6905325263861487
0.9925750750639998
0.7221503966712832
0.8670326737568648
0.6135294285617973
0.46569559413389927
0.4050855252114818
0.521163213835918
0.30318246526833414
0.44639942272506494
0.6019097578946887
0.5540159461332728
0.47082178172316913
0.4833270489515106
0.49290376238073397
0.5390475218907957
0.5217858877660971
0.4438375914374032
0.41863173897986883
0.453559862405819
0.5781275247518569
0.5802673005823993
0.4982932344484261
0.6144255054236596
0.5569540612783925
0.6992204286810092
0.5783848646429035
0.5000722299949711
0.5705994762205215
0.4795186781583345
0.4942428836592002
0.41185711610202547
0.5137493994422616
0.5735721318642012
0.6139722920923876
0.6018251228400051
0.41584544333569406
0.6105493027992728
0.5640267740255435
0.35159310250361897
0.25998535101949294
0.38269530264166995
0.35740407508146754
0.49357948590470235
0.31777201650687714
0.20793152318444608
0.15944274762479982
0.6032389834881879
0.43963407723269743
0.26608738036337054
0.29474390860494615
0.38488497642029973
0.4628465515660861
0.45628195131960925
0.6570430910863344
0.3805103078841857
0.40101533283618906
0.21055495080405007
0.2792037606523051
0.43399043176481844
0.39018637452573013
0.5191639258659673
0.5092506986394093
0.4421793488841923
0.5049471906883551
0.536152867746456
0.28065803530137323
0.36219591765385695
0.4419942507839021
0.46335094247191977
0.492748526222496
0.43979320412212874
0.39719755024031067
0.3455059914855283
0.5205095944256932
0.5201131778712107
0.3206958434050784
0.5301963188971812
0.54611087238571
0.6252894841583496
0.5006682541921891
0.6773849357026781
0.8466535200322829
0.6859708368237949
0.977124728618923
0.8267029974667341
0.6197791681641338
0.765759974786803
0.48738861971475855
0.8002280576403811
0.5117158078224976
0.5477738866626067
0.7316352463067863
0.5805196260447942
0.5830509385730995
0.5364503445443884
0.44896552642798015
0.683917017843686
0.8227039225936341
0.5478739736168614
0.5795504556262491
0.46497839701562094
0.8684767111574586
0.6974468210667917
0.805473659699496
0.3674838801920408
0.5573780933391156
0.4405067224765914
0.3242871930732667
0.40880626100951933
0.501817786858681
0.506765466265447
0.4401908826881966
0.49122708111761515
0.43232445575412815
0.44255105846682796
0.5013131950314091
0.4185573417514914
0.3544613557586991
0.5505476948807486
0.5784161866780878
0.41407917949496054
0.5262987587674692
0.5759005108725709
0.5958945721397677
0.5584344016733407
0.5405612417961092
0.5036534069288011
0.5942262828302682
0.4275436664674117
0.33370080169933636
0.429848818781134
0.4002888274614481
0.4288535951221253
0.39964419593884126
0.46102523571518883
0.4366618613192892
0.5173955589680652
0.536736768682807
0.5263296570103992
0.3816930232805771
0.4625829269101943
0.5683538188922789
0.5623052293303782
0.36681840977309443
0.42479751342998584
0.5019957621589652
0.5025692437928978
0.6266100190036701
0.4135182976027618
0.47682927246599394
0.48404893604882226
0.464585471246308
0.6315716448019157
0.5849437979431271
0.3259385798083714
0.20009225535377384
0.37896907456957685
0.33649310852809333
0.6692107098342222
0.29270984228470076
0.6034663307357588
0.4185207674885
0.652745948423953
0.6154584712553253
0.36434928906728126
0.5051479435356515
0.42728234035347223
0.5226658563900206
0.6959409554755545
0.39932053920875255
0.25043842386541726
0.46512059252460003
0.6378858986851624
0.3972721867024691
0.4251848031786507
0.717677847216428
0.5074043519202713
0.7090295915978678
0.4361463920096069
0.4547480665326771
0.436742021541743
0.4471013528398625
0.5669160715349701
0.6417795207242777
0.7760759618105483
0.7412738754440745
0.6147226181273308
0.6105582112536938
0.5429810406497422
0.4911730746483449
0.48937737993680874
0.5788436810854306
0.5952066168789479
0.507035288808593
0.46769375389296675
0.7034034965848222
0.5544783967571949
0.645546470227281
0.4863574186995071
0.557452674672568
0.47619716368768605
0.35119036798533376
0.3887961563658726
0.382616819907697
0.49086389411443865
0.4017349194355597
0.6051912911556888
0.4903135594124154
0.1648109812567191
0.5213939250062073
0.4438986293684548
0.2965995521805429
0.4423083194545949
0.3488365442593875
0.3736956862648496
0.2737011233881166
0.3373998667803929
0.3705582194802156
0.47404092074484594
0.46878929340135933
0.7796182842357334
0.7695657015099915
0.7869694415847538
0.4602458460249871
0.6905587874584449
0.6927444019211675
0.7436825018189321
0.9737458983567925
0.711951154945141
0.425829099317246
0.658225180559268
0.8222004765111797
0.6858160956021497
0.6113827676072764
0.6232121113319607
0.45137407693748344
0.6475225080676743
0.635801601412026
0.8417384096590212
0.6355099351294731
0.6394563544495322
0.6285937506096081
0.6165279816950969
0.7144163048740837
0.4545733336460225
0.8492927434833133
0.5996009830844844
0.6300613222385649
0.5980003836366741
0.7033401221590655
0.6562984676129988
0.6110275135078094
0.5170069124947754
0.681522930160512
0.58471749086096
0.751440551156415
0.41280498315592296
0.7401206920759293
0.34316377050561864
0.5704595100794124
0.5661409664533772
0.7921772751704532
0.6210389168072324
0.6536324783689116
0.5260683561021999
0.45464434432837997
0.6045660061058764
0.5186051078173034
0.6358728496132352
0.7827543184103981
0.6975812901212952
0.49388372639822864
0.4417928005930385
0.3392997816892621
0.6484257074005826
0.42648585570892505
0.6470873644470063
0.5075407496245818
0.47642786098274836
0.7340579152377396
0.6121725659577375
0.45556161140799467
0.6390494471346944
0.7871012226461318
0.5347371528886886
0.8079152073085812
0.4273261745652388
0.5156191126579843
0.5471995608522338
0.7673898366780472
0.6521775776232641
0.4415267043831529
0.644563237317556
0.4102447197859098
0.2926511712788826
0.4927495034648004
0.5046248703258528
0.5549087927596995
0.3720349368571232
0.6183970329409255
0.537272247578863
0.639802555113651
0.6415730215345142
0.7431655920171452
0.6560841921594268
0.6604404805223649
0.584498817793925
0.5042168814846226
0.5184647720034613
0.6135072916534438
0.4856355253528467
0.42364429570552
0.3597460892367661
0.46028507590170875
0.45768191097837974
0.515716180344806
0.6880477510609294
0.621122214983082
0.640261031892192
0.5089885954756279
0.5229630445953077
0.6169938575678102
0.6915195101498757
0.6126928248090218
0.5451186222071074
0.7646095885090165
0.7064020056325837
0.7815073505106462
0.3197769045990311
0.751302797746485
0.8696721418717348
0.6456640458952798
0.7700303398364923
0.439226546034865
0.4481361619981534
0.6454272033237947
0.5231699748307373
0.47987235096453307
0.44618472521893193
0.5429421500481344
0.7233365347246878
0.4852440791215821
0.5286385571538428
0.6409316551682596
0.686862464939501
0.5414798836002807
0.5466007368649592
0.6140325819678429
0.5384779559088481
0.5344007670525336
0.6018082616466205
0.5277793350250211
0.5632206816160663
0.3695209075377752
0.5338538224131106
0.5244420179344047
0.5813933240141403
0.5424329394843401
0.561026518471645
0.5136447704728133
0.6930529826536245
0.4539242772559893
0.47281900559958845
0.4824966388603993
0.5200690620613022
0.4713680234779968
0.5607876744707518
0.44830629433399083
0.4332343152532805
0.5363296504844494
0.6150236848598433
0.4735851216803463
0.5555757442566909
0.4459661915786842
0.42480494170714167
0.15905727278880377
0.5402408192086383
0.37652647150756424
0.5354987832059677
0.5972085751242587
0.35350700382980915
0.4417514908914515
0.4836056459146333
0.5109305581367434
0.4677295434319827
0.459319811817966
0.4091267274299173
0.33554202067076644
0.39458198943587264
0.5593754964936675
0.42367976180336087
0.4438736709913117
0.37876950105245744
0.5023615768759366
0.44215594552102844
0.40863420581198673
0.5220357563284818
0.683856553551013
0.7246929349027619
0.9113217186003416
0.6909651678453574
0.8589523682977227
0.7704238516888183
0.6747844762246357
0.5972080844732636
0.21687952812525935
0.36242511366240926
0.40052218292268615
0.28767027167679105
0.44429256866471856
0.1692060470115957
0.41106640143908435
0.5319430725810952
0.5198100487329493
0.44776230054678967
0.40365810684914827
0.31715239632909265
0.6333622109308968
0.5627908122848275
0.7813725995261831
0.6843973044091911
0.6964176798580646
0.8091147555517955
0.7734285609482913
0.6420302902682969
0.7635625230939728
0.7744989835022943
0.7164000979246004
0.5490356069286846
0.4651552527672935
0.5959194542842524
0.4780136959182282
0.5737790116881716
0.6921282304734927
0.803131359840384
0.38326893568883624
0.668180584441399
0.7561784819020768
0.6609661627699281
0.6048307920308683
0.6113384892541658
0.5898170728265046
0.5977268458743935
0.6098878068451641
0.6457537128370137
0.6586344888681667
0.6784478817110099
0.4993889516109812
0.4953662480032912
0.5699476987295737
0.4927552517321061
0.567446605303733
0.5635298937340794
0.4093224563745418
0.5217467008813423
0.472771212802918
0.6501714484829088
0.5214322828096496
0.545432568210733
0.507254705056876
0.5292089701485552
0.6962736608504844
0.6691908609340845
0.5239560799455402
0.682215544339492
0.47642114862655205
0.469471695603475
0.38722485238215465
0.6186628004817107
0.5283026795603678
0.5351012275133394
0.3074406943492618
0.6587879381162145
0.6261184093660904
0.4706915715637403
0.43212245244217173
0.6024611968796665
0.39355747717390166
0.5089461441170106
0.4533888379086548
0.5254606217851189
0.799679832681315
0.3925154481409252
0.5392763651064989
0.3270964163695531
0.6506392107641603
0.3998727970199767
0.199191037367638
0.5186689872149748
0.32433413419026025
0.26785881673621204
0.4835172555486271
0.44722772006230804
0.5520907493363353
0.29774389123749334
0.3293568296417346
0.3443021959783108
0.5412871194369424
0.5676366280139012
0.6383637282778092
0.40927956811171673
0.4601941726796954
0.4725919813732695
0.640780527546325
0.5721234716872556
0.63719828171256
0.6545241467380998
0.6976209084467435
0.47995241982474957
0.3576330828599612
0.48802664800956164
0.5663936501671321
0.6806528897116932
0.5123275297782424
0.4929605740100923
0.43978060952493936
0.43143147487309164
0.4361582425077316
0.6297203688611541
0.4447129312067255
0.35086019088741005
0.6763328491896791
0.4202120747489677
0.3883882891360074
0.6689676241462865
0.4100300922060772
0.6339121852952383
0.4778171815932728
0.7729812058425115
0.7050414893808805
0.6651363538995165
0.6433836515784479
0.6349253075405118
0.5686773580790492
0.6102880226833309
0.7444176998503288
0.420717968291201
0.5257923895213794
0.7293502095846875
0.6962328983162909
0.6905036295233827
0.5616663466250964
0.42797681887181394
0.583458514214839
0.4881059500709102
0.5810170831206021
0.6519664426290218
0.6505643337158176
0.5674348471953092
0.6039165543540543
0.5922585292362255
0.6933944034650952
0.6207115894917762
0.5978849186646872
0.39211912540691907
0.5448931356339715
0.48038934920155896
0.33709052923589033
0.42123564875716046
0.39381158962267726
0.5940837298463354
0.41285026104021993
0.4632274408361228
0.4153907320461119
0.4223562653141205
0.42732031270415705
0.4715522313859658
0.6558169707234314
0.42302472218454
0.5694041331456055
0.7357206370584437
0.5666870858963802
0.8002926537024447
0.656066613092984
0.5948293669001791
0.6359082596837328
0.9855814023958177
0.6458679632685533
0.5813171543899983
0.5847561368623444
0.6073728399627545
0.4115068368611361
0.506704396576309
0.5426652886888441
0.4538409176807978
0.5805226723590404
0.6170589681923659
0.6682538621396095
0.3124675775032617
0.6199652793298912
0.548550279372819
0.5400221325239093
0.47695806238179095
0.768194278799614
0.4603721668563936
0.7041868789108827
0.30402443908027776
0.4530599254476716
0.33523609769657425
0.4229270563324544
0.42339258926677137
0.25373096182822397
0.35576383010241075
0.48861244231516276
0.28286971057682875
0.31927021104917175
0.3532978547819997
0.3084302904980899
0.4197698598175841
0.3623028669016207
0.498354374983371
0.22145928515786595
0.5802688554845826
0.6619955421837023
0.046236324324134714
0.8272747146040542
0.5696758365127955
0.5964483922059932
0.49511070162887816
0.40016167026447147
0.5539752209550052
0.4484773894298193
0.6149614054658856
0.5276698696974963
0.6314500943830602
0.6151242942515798
0.5743023349623914
0.41403607295776756
0.5142651682159121
0.5667436642446767
0.5671562060370214
0.6913025263941159
0.6503012892227649
0.7439323672803697
0.45112559413386255
0.6281476084289475
0.8190209229387411
0.6025676126710036
0.6837899469978255
0.7015129613800377
0.687978146336655
0.5505080616362652
0.7905469137583792
0.49502215780454706
0.7790796553813846
0.8857138223748172
0.7398448622269089
0.7622492982327009
0.5685188354314307
0.5129589889116698
0.9925750750639998
0.5737954747672374
0.7744943859013532
0.6135294285617973
0.4369192056217748
0.4050855252114818
0.558302493643054
0.3564823188539623
0.47450053632029754
0.6348583146187781
0.5437794300245323
0.5565471334024272
0.4909470314339184
0.49559263589496994
0.5623754016167655
0.5800183886787066
0.4544681013948453
0.5045004061039468
0.4385950855327847
0.5698551183150462
0.5908818083129681
0.5007673151732581
0.47163673784655313
0.5319021658517051
0.5559289312720337
0.6243965268661895
0.5614157400890658
0.49340995029994295
0.5081168214219061
0.4942428836592002
0.41185711610202547
0.5294522466037139
0.5752346225146667
0.5716569357250023
0.646106005803876
0.40468926178170794
0.6105493027992728
0.5930572773622778
0.29941428334748965
0.36731330073787993
0.38269530264166995
0.39332152116731833
0.4976898241046599
0.37700944112065515
0.19441791485111237
0.14081694668305744
0.5136109973352322
0.40939702059035166
0.3715453010021744
0.3028768782342366
0.3399554480074989
0.4130108183593839
0.4944454647857699
0.6741206442674967
0.4034177469534157
0.3814965657284821
0.21723126774580193
0.3043875341264166
0.4363862703528494
0.3502747747277388
0.4741394602227399
0.48347067741805305
0.5263416492002742
0.5009317669529966
0.5997002987104035
0.3502766160380415
0.41229722844425887
0.3238118942343676
0.48757917346775137
0.5647464926719434
0.45367029514194934
0.3807617122549596
0.33358672236441445
0.4815656174062053
0.48655490318590655
0.28993870965928226
0.5200715939458647
0.5093144277576069
0.5803913812525958
0.505570070676985
0.6836782277559175
0.7749007034852322
0.7287322621160894
0.977124728618923
0.8649949888939354
0.5842786856553037
0.7568019369337243
0.556748473452373
0.7776130757329104
0.5219456417140851
0.4282184057331807
0.8243282467071862
0.5572972102672619
0.4145239929826371
0.5808983383381224
0.37912503647861073
0.7212798178715141
0.7302398400096684
0.36762933226350714
0.6232478997303598
0.4272169449087473
0.5729698794919578
0.6582240330669775
0.8722897503695844
0.3758550830618461
0.37252402870768875
0.3663161098829604
0.27508128367653895
0.37185534398004627
0.48133244281314
0.42185860622304516
0.4415328419164535
0.5043132715399228
0.42129833401385897
0.43465696898036954
0.4963750515443164
0.4042853933632595
0.42278836338063763
0.5229708559200914
0.5552807595329841
0.3854280469747925
0.5351458554543338
0.5286046191067361
0.5566657643905772
0.5922742155637077
0.48288815982359345
0.5234293431553022
0.5237345917924479
0.45910333767919353
0.6435807954265199
0.43318372752795375
0.40097112224892206
0.43517733636782585
0.41020742188725834
0.504667882811528
0.42056596303231575
0.5194807353063524
0.5550941875278605
0.5565150718618738
0.3788918543131179
0.5039195102455025
0.5284594494989847
0.6275403474002834
0.2899537246750892
0.555663961966011
0.4951912267214613
0.42744262527217614
0.5766804971746887
0.44075107368414
0.43936269723677124
0.4370864903759144
0.45896251964108714
0.5923297074891053
0.5932941656053987
0.3351424804621238
0.24373167386311345
0.35462489585763246
0.3906566405568985
0.6692107098342222
0.2753866427814503
0.5469235697274996
0.42738479684067054
0.5251249283197656
0.6145526825794874
0.32962357805695186
0.491048595734735
0.42573590930606064
0.522302147154711
0.6959409554755545
0.4183131423614268
0.2568674022506646
0.4586678429101949
0.6119202575558659
0.39932894453357004
0.41927486146948056
0.6838412581261861
0.5064559367268655
0.7113289915006087
0.47929542530091807
0.4848928662350809
0.45508173161550913
0.4396497901411317
0.6861319793858399
0.6659268334554104
0.7760759618105483
0.7003543474943142
0.5755000175015599
0.6048996456515658
0.6242788987771793
0.4640093639845597
0.5646637428231934
0.5373528332867505
0.6157517801493188
0.5183129652282308
0.6014205566909876
0.703311381049579
0.5535343426788606
0.5793505278788322
0.515074095879728
0.461583202432861
0.5872821553731634
0.37580232550040527
0.376390342925609
0.44968996360881386
0.4987424520800945
0.4520026505705239
0.6770287921836966
0.4269347566237931
0.1740995646257093
0.4979816742535522
0.4992382761125572
0.26410646923387004
0.4090740934511058
0.3382907808082656
0.36620180456370144
0.2407332341442927
0.4091719581894331
0.3805423575377549
0.5259625970404396
0.41482048186055254
0.7796182842357334
0.6491358267356582
0.7869694415847538
0.5207225947754024
0.5859340960175853
0.6447867288188754
0.6980362094726941
0.9141200641122593
0.7448362018049378
0.2708313417271181
0.5664345187068553
0.857865794880171
0.6841480420641585
0.5627412449234127
0.6348822580647218
0.5656021432763008
0.6323087906808623
0.650858470312411
0.6464223268854428
0.6984608844680216
0.6389434195964295
0.619581947087946
0.5690175781972814
0.7050780623160728
0.4814865148834856
0.7463177214810808
0.6056842134741189
0.6322769262548271
0.6319090045626613
0.594009454195243
0.5398086868999262
0.6418708356797326
0.49581618314569376
0.681522930160512
0.5185051432728647
0.7715094184564667
0.45723749219535825
0.7620304053903653
0.3031687736133948
0.5664626853145192
0.5565541933070784
0.8080208445248025
0.5721369638130398
0.5942266519005792
0.5434596600732989
0.5589706192758792
0.6312193220902647
0.4985678606026802
0.6782203880417429
0.7845495721405088
0.635855485264207
0.4697833546929432
0.26648879123999003
0.2266616639790613
0.5054633369279162
0.46385294251269804
0.38286455045953094
0.43204948533015397
0.4344902842464998
0.5501443350760948
0.5728611598256879
0.33271794989110315
0.6274470413448503
0.7098550953165288
0.5087281247825088
0.5287662884027501
0.39874091677159806
0.5226624199609531
0.5613460791018301
0.6511176466522995
0.6386161118244865
0.453554567204992
0.6765709618127171
0.3685480394220576
0.28270010382400257
0.4468742549762488
0.5912243238834919
0.5430197880713059
0.3845777817439524
0.5780116700603356
0.5257860944906847
0.5605426492247466
0.5960308469764769
0.7551439855303106
0.6030799890884746
0.63149858882504
0.5079141809650314
0.5042168814846226
0.5880102970970882
0.5794050001408937
0.5444989193094136
0.47989181445112405
0.3478238598374612
0.4215207367947924
0.29051318719930985
0.5203170615037491
0.6880477510609294
0.6584422761001
0.6642306238909574
0.5311023438544313
0.524530042059653
0.6792978179763957
0.6164817587428719
0.5755362305327192
0.5500751987688073
0.7001457900408911
0.7025804988052486
0.72013698998514
0.6953367476668576
0.6769437068716782
0.607912836265909
0.7071712022541643
0.8182127525364704
0.4782919043911342
0.48456040691202973
0.627244811368671
0.4564488043323198
0.48769592615946267
0.46838895317399665
0.5912425196835411
0.7233365347246878
0.5192488529534202
0.5048544673431292
0.6409316551682596
0.48673876330655785
0.5555342228629601
0.6205947002767619
0.6492705758575253
0.5384779559088481
0.48684915280552954
0.6165842738678781
0.5985218933750036
0.5999194836535116
0.4166568243533124
0.6044967729542117
0.524315588631412
0.5665323342789106
0.5698576102149548
0.7243960586826844
0.548749873914819
0.6279218889888079
0.4234272248040626
0.4578397912615776
0.5076054364264875
0.4585801720021607
0.4185436253416417
0.39143935909254246
0.2449166211134136
0.4593990927341878
0.6243564853249105
0.4988123637103322
0.46781624433602165
0.6867296394484739
0.45224972687223197
0.3625387515229802
0.18134759363762776
0.5330839232820614
0.43110059516568766
0.5781684007175698
0.5686564676029625
0.3888991675607447
0.43889673233757875
0.5112698390803234
0.5199107434227863
0.42975482185419245
0.44189299086553424
0.37109780905838496
0.2978307272054844
0.3816054319550555
0.5595439176429202
0.4668261321280026
0.4452213653644611
0.36347759894149534
0.4409831015162132
0.3843437492964782
0.38820172896042615
0.506986308036076
0.45193143603524244
0.6459328869036123
0.7358195432248962
0.5398194207227802
0.6511850823807859
0.7248217750408794
0.6289203908206686
0.5314608993187458
0.2784609919211227
0.3650695659810206
0.4709985309124618
0.3278065412926281
0.3920075402904144
0.07796737172586288
0.3767270276297353
0.5445568873439075
0.45043783815178084
0.44004908492691075
0.4169292739707393
0.34226901521574105
0.6333622109308968
0.60020402659713
0.6651013965784428
0.680210812020606
0.5372340902502635
0.8075325298586689
0.6760108762085051
0.7289388859603723
0.7672467940018272
0.8060129794944623
0.6353375050261252
0.5156362716729679
0.6014205566909876
0.5769023190640208
0.5535314997785626
0.5218787923899725
0.6977537624008127
0.8235255705359165
0.3732218213527513
0.7983933952506603
0.756255914011085
0.5966553265890018
0.643508102853844
0.5868893128220493
0.705979373903368
0.5598072852178028
0.5735485919225061
0.6743801057398724
0.6929915161509854
0.6784478817110099
0.46289831762428957
0.5892089656552366
0.5619935882569951
0.49597923506385844
0.5079707375636491
0.5395679157255574
0.39129521504932585
0.6491084322863218
0.472771212802918
0.7077064114501177
0.696472526453728
0.5575913941342843
0.5729561308849109
0.5109781530104465
0.7539007013975028
0.7069768428424461
0.5480585179037616
0.6739808692024091
0.5030482669231824
0.5016041573366575
0.33965200057815603
0.5387491445759567
0.5391364111146183
0.5569512045997991
0.26112667166698
0.6754078341201446
0.5450132094359826
0.4981105552522256
0.5036878277670026
0.622526787167409
0.515218493421674
0.5712828577577184
0.579856493724676
0.7571630455260999
0.7056503737791455
0.532006711734398
0.6554538180292345
0.39158856015975796
0.6506392107641603
0.4665228131080561
0.14723313152620332
0.45450044848472504
0.4050462504873772
0.28935307718277015
0.4813197742260482
0.4267369062638382
0.5160093216818591
0.3187675116750386
0.3309729657910274
0.3422239507658772
0.6262096926587839
0.5348681688492929
0.5192070893117452
0.4406656838814622
0.49436831626977196
0.4434819848040763
0.5410610855902676
0.5548175099130208
0.6377025430650749
0.983876866569138
0.7347700043879739
0.525406655573719
0.46212587991778076
0.4898734297000049
0.5529034805504345
0.6806528897116932
0.5373165802395523
0.5053752405410245
0.4271279660681613
0.46234304625225187
0.4372048607476301
0.6099794761285162
0.44574802717172746
0.3399944193786275
0.6747384895992449
0.4464014886832689
0.3958961219266677
0.6689676241462865
0.41237780203763286
0.6495471784976689
0.46352751252299407
0.7320699936483561
0.6020005201369318
0.6861591256094512
0.6025888678240028
0.6035083371699015
0.5463031073283771
0.45284499805194356
0.7844116185847478
0.4335033873606591
0.6214535291189778
0.6847373785956394
0.6404467291936101
0.714716276857454
0.5837962273351767
0.4361774199899058
0.5777252106567861
0.49905359030859187
0.5792271983773395
0.6431882738730722
0.5950620704049427
0.5655399786133497
0.617304669590953
0.5614115140224107
0.6492960373339696
0.5879375335092013
0.626221851523206
0.28139475349731813
0.3703290915556682
0.5034734745287195
0.31360106986879654
0.3799032503473361
0.49715049684746027
0.5591686756449019
0.4233800096763005
0.38518327232097316
0.4530857379060045
0.42308597610103094
0.41397923553073357
0.49057784668890125
0.7186674338027248
0.5679260035382162
0.5084978214319236
0.544417441821504
0.5665309467917945
0.764771520137968
0.7331174297510272
0.5216325442083998
0.6978125828329315
0.9855814023958177
0.5873286836134046
0.6779274476484218
0.6031081625874244
0.6034036409816592
0.41131044762144253
0.46663813347393157
0.6662493732001035
0.4316100199639672
0.5601018151209309
0.6170589681923659
0.5770968327632661
0.3221624026170872
0.5190179038362501
0.5799920677842586
0.4746167593321545
0.4489640250292093
0.7238047962672489
0.49342640541296356
0.5768393947412458
0.34122136610221754
0.4119972129119769
0.3335698182937379
0.3654913812469893
0.42458312964110734
0.2555380812353256
0.33589407102619806
0.4707564056383582
0.30314486738437807
0.3157160011826762
0.3612184945954906
0.3266403364740009
0.3368976890962234
0.35237120478450357
0.5292059422609892
0.22892635669164296
0.5285826434532936
0.6628879679224466
0.04409539864144474
0.7879192696822153
0.6697279018358784
0.6424947955479314
0.43440493703221494
0.47251111607592144
0.6123634520690349
0.5101012581133408
0.584289150054089
0.6772123306585682
0.6635353436230347
0.6073128342196067
0.5790080695344979
0.4177677195559104
0.5299707657418296
0.6135684645675122
0.5875011326528028
0.697484288364315
0.7138630504951876
0.6749089357252711
0.4753334562381948
0.6879154047613136
0.7682156040365857
0.6207994030417359
0.7453495319780601
0.721964610922544
0.7762505257918721
0.6132658473760422
0.7905469137583792
0.5012291019561326
0.7636793579180278
0.9756454972974025
0.7081625239477106
0.8966840891555524
0.7158221466693979
0.6905325263861487
0.9925750750639998
0.6265764479669004
0.9814849489353139
0.6135294285617973
0.4342794615223051
0.4050855252114818
0.5069411962206
0.26395267387459986
0.4035479369353514
0.6228156137297052
0.5613297442020446
0.518218350552456
0.5196510316995319
0.48741509175313835
0.5350143243665041
0.5266954696346351
0.4438375914374032
0.4131563277531157
0.45542056390844543
0.5450430905247421
0.5641258909589003
0.48517471568958603
0.45662703394045057
0.5242387647497068
0.6360677678989366
0.5427730582322046
0.5752719129791307
0.5640993807815154
0.5359603489622692
0.4942428836592002
0.41185711610202547
0.4842796858193976
0.5735721318642012
0.6139722920923876
0.6605575331256179
0.44198772168345735
0.5695768457015177
0.5640267740255435
0.35159310250361897
0.3968507133259649
0.3829729501482183
0.4138134465518085
0.4766223859665515
0.33448103632303594
0.23400855224115868
0.15194976513544822
0.5632611190272526
0.41595278663169677
0.3224056039572569
0.26467901853775566
0.37606954648336477
0.4608377481022282
0.5241465566119854
0.6741206442674967
0.4115196223435683
0.37179121287420713
0.22193785750585215
0.27837219819661896
0.40830271391010653
0.3705046945867879
0.4909993698325559
0.5237703101755297
0.47647401450744664
0.48835123631449806
0.5483931617833444
0.3158873756294194
0.3699078511201743
0.33020248088672366
0.46335094247191977
0.49484841434066296
0.4657387050622688
0.40781351980138103
0.34012750944784476
0.46945018140682593
0.4856975735020189
0.30608827993015264
0.4734587105987548
0.516360604577272
0.6553983332627347
0.5208145566560611
0.7029414354093683
0.8406819776355337
0.5854052072636928
0.8102478411878198
0.8649949888939354
0.5878756949803979
0.7148478621808614
0.5590378269090555
0.7783301557486648
0.5855274058705279
0.5460771407272297
0.7425843530421303
0.545295620131494
0.5070866002186873
0.5364503445443884
0.4252356033055944
0.7094310133290471
0.7761631013570339
0.39728664484499854
0.5367985515716907
0.42047013295507796
0.8684767111574586
0.6997506657449193
0.8414714118743406
0.383842167017718
0.5154330428579317
0.37299800144898554
0.30978286883070516
0.36762385486911375
0.42087369924378215
0.45253630444124093
0.4145773088017545
0.4339426947150372
0.4216569001244742
0.4393948174030783
0.4951443427125314
0.4339751962258145
0.43980557259377284
0.5239216147184169
0.5361494094836041
0.4063490711706913
0.5069011789219697
0.5454609641298664
0.5708037115039946
0.6058502370570809
0.4917526515134589
0.5146652052735896
0.5567994931520887
0.43662317833986497
0.36759220808103366
0.4243783252299925
0.3093805035688424
0.46781146639238447
0.3774760168285316
0.48435909519530473
0.38938188162231535
0.5357561092686671
0.5515434073820578
0.5263296570103992
0.36763694034999683
0.47952245480868705
0.5228400076277031
0.5354112673540322
0.3331840406833547
0.43607739776839516
0.47502865141473605
0.44975583801209706
0.636111250786622
0.4135182976027618
0.47337216561762685
0.463142540089738
0.4512831223762813
0.6393921558295764
0.5670423261254645
0.3234417494865721
0.20009225535377384
0.32315311918358847
0.38621740386947156
0.6692107098342222
0.3008785304507633
0.5500732959964971
0.4758124337449544
0.5541599010981361
0.6154584712553253
0.31775226271192114
0.41380522488652094
0.4272124936063597
0.5092349791922903
0.6959409554755545
0.3802871087827181
0.25043842386541726
0.43706944874883646
0.5988498185256472
0.3630152858658917
0.447101396168483
0.6828455728007303
0.49314533638700764
0.7090295915978678
0.44376047413593933
0.4676029845090327
0.45265078483346166
0.45275749649864216
0.6269907372678258
0.6417795207242777
0.7760759618105483
0.7079390270943614
0.5845148715833808
0.650691874915754
0.5801237239665357
0.462002589864843
0.6038571234901251
0.5788436810854306
0.601266697869282
0.507035288808593
0.46769375389296675
0.7377657704964431
0.48860567492190654
0.6192675565494348
0.5087129403148236
0.46749314583078927
0.5533013638635536
0.42481073181032125
0.39109138131367427
0.4402577331821911
0.5780350595242425
0.4092187444216032
0.6428344247748412
0.4903135594124154
0.2831582974172715
0.5059869212217694
0.4401811604431387
0.32702444598008684
0.4159535890890149
0.3493030165282698
0.40292145159507464
0.27287167124596856
0.39300445884467583
0.3754764102239212
0.5259625970404396
0.4537727956461892
0.893582754138048
0.7348893640275693
0.9106572525958856
0.5011972804939875
0.6308099915940062
0.6447867288188754
0.6980362094726941
0.9737458983567925
0.711951154945141
0.44884937794340773
0.522888863079896
0.7793766591057131
0.786685603329935
0.6215322814713709
0.6348822580647218
0.43871074250716413
0.6917028188145873
0.6889132693162437
0.6539192987600753
0.6355099351294731
0.6155792800744468
0.6143098037171562
0.6184043723237321
0.6767912940665155
0.4207308505528674
0.7379656945685804
0.5727520944349562
0.6912532020484516
0.49753114260197884
0.6654767338927084
0.6562984676129988
0.5500833616137101
0.5261296092419533
0.7401238688908323
0.6293813860468016
0.7478528552796996
0.40116384148707496
0.7455745439679218
0.32805006551441007
0.5647871523264467
0.519427881396025
0.8669378926579437
0.6244774852226136
0.6638273690442371
0.5361076975611695
0.48540958669793044
0.651458106412122
0.5138982452877232
0.6388961046413638
0.7850233625436589
0.5880720278647837
0.4782759155973615
0.18166893600334655
0.22805806107061022
0.6392750090267663
0.4404588795834993
0.47370154841661927
0.44764700363169496
0.5048244948183972
0.7610350075128386
0.5490078687023622
0.34498580589557315
0.6196643702520268
0.689240317595851
0.5267871047373573
0.6099665909649722
0.44624753966768926
0.49561882061396256
0.5667407133846516
0.6498010951756852
0.6073894069473739
0.42196825932098814
0.6765709618127171
0.36926593107914707
0.2980197861173919
0.4616423002068021
0.5841333085975731
0.528702274582143
0.4517511679445525
0.5906503064294455
0.5379695826083217
0.6443772710007696
0.6095095111059907
0.7431655920171452
0.5730601320966882
0.6120509025975079
0.572954784744067
0.5042168814846226
0.5389186267259863
0.5600922011868634
0.5258826696371309
0.4363311084156787
0.35051988458953753
0.4268077401935142
0.45768191097837974
0.5051745222707273
0.6880477510609294
0.6314951503737325
0.6952730670264664
0.49548230290418094
0.5418296834398129
0.6645175148299649
0.6159110881522571
0.6126928248090218
0.5451186222071074
0.7195356886941926
0.6713539332593828
0.7450389817076192
0.42788720626943133
0.8751426768305204
0.702141150014116
0.7195151619096378
0.7700303398364923
0.44290692157228584
0.48608921919441084
0.7109012763096196
0.5734372935044476
0.4707125806018101
0.44336749387151186
0.573805080663769
0.7233365347246878
0.5192488529534202
0.509219919128163
0.6409316551682596
0.686862464939501
0.5843835580423126
0.5479514260805142
0.5724498598161176
0.5384779559088481
0.5147745503813912
0.5606087066349512
0.5240145737471633
0.5557585309042361
0.3737993636664976
0.5019593339473375
0.48105211375044044
0.5283023097369384
0.5185824046885708
0.5631393243381517
0.5531729013529041
0.6534504728152974
0.3266722603223131
0.45430973679676356
0.49651436034600016
0.5200690620613022
0.4509928258887117
0.5607876744707518
0.5232535106207533
0.455599749779523
0.6088795621212757
0.5632752494002469
0.5271148910058078
0.5810536085025619
0.4624108681652822
0.46019766877097157
0.46878224191678786
0.5673154495955225
0.41131300498901036
0.5773598428549054
0.5945494232193813
0.3888991675607447
0.5247749415153382
0.5132415581755516
0.5343174802264659
0.4677295434319827
0.4156976406742291
0.45131820551984725
0.3531567270284912
0.3984173442488508
0.5529382351057481
0.44820343155252507
0.43263224333814143
0.3903905267500263
0.5097795528192894
0.43868004650868464
0.4165156324844387
0.45421895227791464
0.629977927813174
0.6534381839774408
0.8339169681430829
0.5129179195681656
0.6688457063669981
0.7550325905877135
0.5688352394136327
0.5757688753061667
0.23951746511055394
0.33688004292626883
0.46839481651029047
0.3584700085708803
0.4646871074381891
0.16471444058514162
0.4049150783022335
0.5319430725810952
0.4368909435077486
0.4471431592702104
0.41803097510516607
0.385255660649124
0.6333622109308968
0.5382085800606152
0.7344533377240089
0.6986794855568854
0.5672331931706904
0.8091147555517955
0.7734285609482913
0.7212874730758014
0.7866215063393147
0.7965445825753641
0.597992418002051
0.6174843139761773
0.4651552527672935
0.5820907899872094
0.4904704284303183
0.6696856802509861
0.6921282304734927
0.8235255705359165
0.352889533067158
0.7983933952506603
0.6828071388322061
0.6668531836025094
0.6695233802502557
0.6146672972288726
0.7322485692452215
0.5792240696819277
0.540540022352261
0.6795259330992994
0.7099798793466285
0.6784478817110099
0.49449289912883165
0.4953662480032912
0.5771035179763527
0.4927552517321061
0.550106054039855
0.5535856995152438
0.3853946132226388
0.6257294705191563
0.472771212802918
0.6420918117330427
0.5395216083223023
0.5186367008771038
0.5510247700988273
0.5049313520487996
0.6810028667712321
0.6508962079883714
0.5502342535684257
0.6058861267171628
0.5377930831167282
0.4515377207454151
0.35204360300960547
0.616600978594815
0.5007140504013097
0.5351012275133394
0.3074406943492618
0.6740647959241532
0.602029987126921
0.48984561141133465
0.41370522152954403
0.622526787167409
0.43194618518500916
0.4371621941718222
0.4533888379086548
0.47684836915193896
0.7650394806294822
0.44999430789383665
0.5815901287717333
0.3142100064949934
0.590725807230661
0.3616040984039939
0.22696608158255083
0.43441236498783065
0.3007730108541712
0.2951592094686807
0.47914470317107816
0.45003562621638893
0.5524595866976931
0.33147904172984244
0.33308108597469455
0.3351234395331566
0.6272601499855393
0.6922603035594217
0.5949341302391188
0.42254880623311386
0.4910951470904108
0.6257889742662333
0.534376569636162
0.6596246148291245
0.63719828171256
0.4199054863894268
0.8519693849811987
0.4982694446453657
0.4786626838102045
0.5260574037450342
0.5568853770563179
0.6806528897116932
0.4777864905062137
0.4823163400823932
0.4099082384033005
0.44156635147015877
0.4361582425077316
0.6297203688611541
0.42359176509023233
0.3294851351929622
0.6073251771343031
0.41754630227050216
0.41131922113435093
0.6689676241462865
0.32313689798888345
0.5789424622800529
0.5265893148140115
0.7729812058425115
0.619069457408035
0.6651363538995165
0.6087851990724826
0.5785548919645305
0.6884838343876519
0.6102880226833309
0.7278838124292089
0.4592859038256102
0.5960845114718818
0.6209457588750604
0.672363378652329
0.6905036295233827
0.5616663466250964
0.5097874447932937
0.6308499921648321
0.49023165928864154
0.5990796587225895
0.6519664426290218
0.6193122926166095
0.6267109476716004
0.5791423216856078
0.5352799831579651
0.7323923262588936
0.6207115894917762
0.60323457289184
0.24504485496077466
0.3907476740636484
0.5123925336800724
0.34297317534526794
0.3799032503473361
0.4439330208260719
0.5651541195096755
0.4436170492531606
0.4231718766552546
0.5159285435693686
0.42308597610103094
0.40967888835579
0.486258286422926
0.7186674338027248
0.6236427150843242
0.5688384623449325
0.7008936838011389
0.5980669873235304
0.8002926537024447
0.8124679574582047
0.5657144811432535
0.7241493563541532
0.9855814023958177
0.6914246355568828
0.5938281481053043
0.5847561368623444
0.6073728399627545
0.29888149398721175
0.49363703461675446
0.5796095622991717
0.4805335293715983
0.6182322908735641
0.6548278334508463
0.6009855662990555
0.36683095470222593
0.5933424170031569
0.6071855450422925
0.5534690375387212
0.49774309281331597
0.7139176166477591
0.6194602824974567
0.6954454261139358