4.748731533917322
4.514092307022392
4.13151458274886
4.434018588966475
4.172694862815999
4.846343191811087
4.386044767351718
4.786817204892959
4.691394981255076
5.238826211190363
3.7910638288328222
4.805724877094972
4.66301355013863
4.974438326724464
4.436447542471017
4.51431525225694
4.76755182799793
4.513241659563065
4.532736582210077
4.528157243823413
4.91654999970322
4.712316259007414
4.7781850494361215
4.377595420916603
4.331147934236679
4.028117684776363
4.40386380924773
4.929859891056433
4.397975903094277
4.476096453136454
4.730865554618637
4.346072044314633
5.190248639431399
4.379946090626198
4.681485568388657
4.615350184071108
4.5645410103308155
4.279590867791793
4.212600811256702
4.733597936058489
4.821928134664981
4.581338118260698
4.3198291374299504
4.7908319162583926
4.185673485097639
3.724134239192285
5.111591846308471
4.560613901119131
4.974430638706283
4.469611754896747
4.3134203950904295
4.838218498026356
4.610604273608111
4.473241695996331
4.169148299954561
4.602315269682845
4.095540594264037
4.142774101487979
4.751994801353022
4.763438246399993
4.502986847834782
3.472475841684
4.847628412775261
4.003971739208421
4.5283601201694506
4.1364593507690985
4.072323225878397
4.664790257623183
4.398353934728265
4.687337471074427
4.016634920231474
4.77521770131135
4.597645408613015
4.694264863556834
4.619347828196246
4.368180934104702
4.626631418680826
3.142318189768746
4.564050398131615
3.2936363972394247
4.520983420844585
4.9301103737429415
4.669906950691847
4.321913148961959
4.685642647517584
4.661389010716096
3.343496020790058
4.576571201476639
4.456077550620234
4.010769164909782
4.248981792346356
4.669890456615427
4.1822431028060905
4.842165295346521
4.282112323522501
4.6781207602030435
3.638585133684084
4.819795276966442
4.63900465806711
3.838693641185319
5.248369902621334
4.2097974412776695
4.386259647775448
4.7034496467571625
3.9981272853963863
4.087086900897872
4.5033576022594595
3.5889089755271293
4.582217656505025
5.048651416239132
4.765229128684878
4.9194266746423665
4.56538989481587
4.263982612592255
4.65011186165841
4.578382097299623
4.387775538564149
4.677352537352638
4.1975542630532265
4.885173091247854
4.24995765430625
4.508163285427754
4.876218980048901
4.293589540302604
4.409523938095473
4.536005559508451
4.625116403688457
4.651607574737717
4.789767977533677
4.720496367454402
4.5756398257952196
4.274714155426976
4.7022750196946035
4.516315873454763
4.314273137492544
4.520891769048207
4.481315315877005
4.796457607912805
4.6766277105713705
3.9128030398189653
4.211480490247622
4.434356045747512
4.674585131255818
4.548024385308782
4.601450412087509
4.423694685254326
4.861206559145023
3.9607280812538073
4.634496038293017
4.179953714488583
4.604079526636026
4.240923976225402
4.35865106988912
4.462682216250038
4.8175301293317805
4.776256822422559
4.777241633346099
4.5474914289900115
5.0022729895907005
4.427226643312451
3.324730881766913
4.4426726793821505
4.5278534856415655
4.38241974371001
4.740947852520147
4.406749637745537
4.704171661258938
4.868412366790165
4.726905897812708
3.872661938860419
4.3488681594865035
4.606420755114046
4.869191188423043
4.067024726504916
4.350740696118769
4.652581511942634
4.806900460120299
5.0446871852024895
4.868178354137747
4.484312015890758
4.573757237407468
4.211291914254868
3.9546522923163363
5.21323024593841
4.660489729385507
4.629996861240084
4.106606069665717
4.286774912423946
3.3000862336186048
4.04697919696203
4.23876434958703
4.4321105886719065
3.935722538374416
4.387555487530376
3.8199257967118214
4.542109250461501
4.740799429686451
4.808160567838033
4.257943637936019
4.176410055168628
4.637366797283432
3.628508421260496
4.986283082115932
3.77893806363024
4.403618730048
4.521830344940517
4.22620082950057
4.531306237398665
4.231567888051602
4.390009527119824
4.618816693835079
4.437098255962821
5.071375265393495
4.658610847375302
4.837147144387117
4.450775000929672
3.9280554427256593
4.2223887299979905
4.116246296890353
4.412804044256872
4.113681644912884
4.914671527613024
4.639614417460785
4.066200208205587
4.401309085527077
4.977567046380225
4.71160208433604
4.799005803762002
4.474681546290786
4.69487344585327
3.724179717382492
3.8872693990666702
4.0635951394931835
4.937934546754432
3.5763260368964906
4.282274194447567
3.951609017513232
4.014495348199326
4.848335296325321
4.551177530578369
4.659379348315619
3.8197751358347802
4.3183775420040815
3.987697685736685
4.248336676371034
4.537783160958945
4.4055043068680515
4.44318229463182
4.223908213825498
4.575213091077899
4.732670327455349
4.212179930208017
4.472138718053695
4.54865702644932
4.536783554537145
4.545633388470701
4.7364240262436965
4.522297363754762
4.467418471099879
4.822905119841711
4.8295209230058305
4.24241066236096
5.0340315895473005
4.215915301113759
4.593275514867919
4.4360851319317645
3.726398731542748
3.7842097226365383
3.8931457802750655
3.9588058752866644
4.43484203455143
4.491774606610257
4.310144464691926
4.885173091247854
4.016900950674485
4.342115773227788
4.68001931656117
4.530459822777603
4.552297330688894
4.763678013991507
4.592721288791252
4.185844630299718
4.595054198709912
4.602750376621557
3.543585371826598
3.6998992685146885
4.612444667002995
4.466295547224807
4.490254165288113
4.515365378569822
4.432263268679509
4.085665779481177
4.074818289816032
4.534921899807361
4.172239435263253
4.470964253175298
4.555516409369016
4.434889747397275
4.846249848599111
4.749248007881315
4.355043806308583
4.583987451253307
4.284000316990429
4.361141031506398
4.763438246399993
4.163319564201329
4.606324638207067
5.000149195098944
4.500646865603693
4.506098801819305
4.273566249307255
4.239420699689028
3.920169975297446
4.729382118693554
4.053980586642282
4.663995574663047
3.888182562106609
4.401486558093634
4.263075462935884
4.765117829386201
4.7092460042050215
4.468474110098811
3.739843898394877
3.8313610319680853
4.614330603826302
4.61862646214296
4.828681288686257
4.5020568651126815
4.055252650800293
4.163906230662048
4.879382657353196
4.599987221712491
4.4360031197567755
4.54783039220472
3.9808870259626374
4.370415546051399
4.542722745547176
4.078735470102314
4.531185153183175
4.636346796318659
4.076473800776537
4.421534438851728
4.610113135932101
4.626401018100334
4.887098868432288
3.9204561669121114
4.437566284935839
3.9018179774731276
4.618077144354668
3.9827616396900676
4.636145295478136
4.758892996041266
4.354455076372188
3.919804964589102
4.322251226751353
4.568632741122115
4.159087404338564
4.675600774916577
4.343344460062415
4.149356980486729
4.910353379111351
4.467577937120987
4.512531226260072
4.539296359543525
4.078408863697922
4.55828935820572
4.149085146472915
4.322559162681532
4.789784836815345
5.110326945480811
4.143714976078686
4.808348638589653
4.276828808658023
3.9053014354566993
4.488516501714043
4.3530574443381465
3.8491021430573165
4.702956951859982
4.682463629879839
4.892528245486911
4.109230105943123
4.668395679649549
3.957507914292017
4.226697340690414
4.497356511247486
3.724134239192285
4.524346072426903
4.242941343520523
4.194674614439593
4.703609391392157
4.195405693733568
4.310971593771093
4.306690969009226
4.572325236315923
4.17884015895213
4.249513270372957
4.868224671551998
4.522140350214048
4.767555222892868
4.366783473348584
4.646302290585606
4.5346378805428
4.394098987498461
4.566983107672707
4.0344498914806
4.017130279400757
4.557490924247471
4.115898655404182
4.379882244990204
4.731873059355914
4.742752121292714
4.289763025176645
4.391125686156351
4.609982081141981
4.6430997005366965
4.2952560325775755
4.35349345653751
4.485680244262796
4.385340261944471
3.874990915595018
4.079569216720708
4.572952663664726
4.158618496382717
3.9565737491730033
4.721817798980478
4.403153008100906
4.5281947663909285
4.55882018946329
4.517190934607453
3.8838528664324734
4.6895671330036155
4.871372845210808
4.578511367441704
4.712613443318829
4.50358640158429
4.741943654875791
4.168363646761916
4.927184921765145
4.726916116436691
4.155762047376744
4.286656202910705
4.698217982368112
4.155163689925679
4.447747018882896
4.760084863854281
4.681010974884244
4.746853791776482
4.07805030309866
3.715910437575391
4.778825572472593
4.083945933739489
5.010497134506837
5.049819327639771
4.87678259700875
4.684058823369202
4.28432371976549
4.187646388172102
4.3249623534615145
4.486208753605431
4.710475100506379
4.504367771279702
4.748819143051875
4.4501702310388085
4.489278847243513
4.386807622094539
4.590394593187987
4.145572527473294
5.061948160708592
5.071871517946198
4.704411029726373
4.458753985192876
4.364714038706444
4.140242515500497
5.204717200184202
3.993326345165358
4.442628133808919
4.400206000300135
4.288001407753064
4.659130444180123
4.35792570361944
4.835519189017848
4.808050425452686
4.651869489884098
4.44406276483852
4.611757107263534
4.289283694299257
4.635422299491305
4.471934536881253
4.4433524592316
4.931205344563972
4.397649695281276
4.521374320695431
4.8357331128267145
4.424250833914664
3.890155315978395
4.772887874010354
4.6193438576202475
4.161841745778615
4.538547198932408
5.149986727115488
4.597037062467228
4.002915965107805
4.01527980420105
4.047607587986137
4.413562335534957
3.9336850388696876
4.245534374477605
4.971156759448506
4.3702880938259785
3.911337157291835
3.7243465373215034
4.253865193702831
4.510732586588602
4.221156671886188
4.53420537474952
4.123921323986552
4.572754697677529
3.4229012425762857
4.465094439610338
4.060339088252534
4.5089183496387815
4.3558789840050185
3.8197647787083078
4.3169526955441375
4.004250347831451
3.6343378499716197
3.8880153046718773
4.300107281660889
3.6088946760726586
4.771467140077711
4.48234701973647
4.189100821176132
4.4576730958286355
4.267092618228718
4.597828009283139
3.7933115567891527
4.110400558832496
4.201489873704398
4.277157317083542
4.35171899097607
4.400902820175923
3.940545177666186
4.084736858189166
4.830194744624151
4.335258060848392
3.9182186345448713
4.175722171227078
4.501978224419415
4.607165804282431
4.448814029981647
3.9404203000926277
4.445740085039172
3.751236264596742
3.6337396712695273
4.080737652439255
4.3053422654591325
4.543567800133693
4.30671438271973
4.483394338926296
5.150473037828897
4.904584425970572
4.662409253991218
4.547510811089711
4.7291401606972014
4.204915487924961
4.658458570964854
4.124825005301186
4.432370519178736
3.9263799053908874
4.192576448787335
4.766854662258106
4.272609280350053
4.293493019020714
4.441167347393257
4.244094675746015
4.14300108534802
4.256000556426905
4.419099533136288
3.998085145396241
4.0430157088530185
4.47881544226783
4.242655220959282
4.486901942502681
3.9618764847077723
4.249211274872524
4.4757266816682595
3.693075671375513
4.217170644592596
3.975374595513032
4.313813814485113
4.255808423595635
4.206681717527057
4.708045925620044
4.643559771360803
4.779108223176404
4.148089006070437
3.9508806355638573
4.181753710048582
4.2903376199459045
3.9812067357250953
4.673200428975841
4.854410821947912
4.463523233451085
4.294860433149646
4.2761592393224515
3.6958697476222353
4.48693412307203
3.987238770827604
4.653967073848573
4.4429871685940565
4.479929551304782
4.42483664865091
3.7105260636873663
4.4765808345054054
3.910802591994414
4.568748767286092
4.159626460067798
4.61211923336479
4.735532399707516
4.590598271383961
4.196318766078955
4.070335556607608
4.70358163531561
4.68697093683592
4.356829327846576
4.249233789908629
4.230335574997749
4.4456336830693175
4.380976556336575
4.762167633761363
4.689870720058682
4.452025604058015
4.240244833252069
4.661288951512175
3.5370482378548456
4.247328516741086
4.440288648147574
3.847249143757706
4.6372582027549925
3.6212445975382543
4.773454976542967
4.9901671171307616
4.541008052880658
4.5028794456405254
4.382610628429886
4.522447428282159
4.064586240892491
4.2341712041860475
4.478734223869817
3.3118136286995776
4.702327983722045
3.5871974984474106
4.122206226985055
4.490103947915206
3.6899469099712583
4.050984532751704
4.049801882865806
4.434770431972397
4.262670659416859
4.219404435800008
4.429620823311821
4.331128636498341
4.737206015109583
4.0592547935721175
4.766717808314718
4.627543771096544
4.263393940843321
3.673694217836376
4.003674814779378
4.005052486134347
3.9003024980225365
4.562186469965829
4.128129057021075
3.9914132519593473
3.9270856217729544
4.142413654292949
3.9075414123629133
4.556866699883587
4.4348666029532176
4.67014585687774
4.582764329155076
4.777252010786528
4.1046313874280305
4.602630332402827
3.4532678519499953
4.093301337144054
4.09737125684476
4.581837742172491
4.0721047566887485
4.64297859360239
3.920784562872199
4.399874092412868
4.083710702076578
3.86832608029509
3.951362855095729
4.165226762888821
4.683873746595923
4.307132597839027
4.512907867553793
4.611076342184374
4.721917150669642
4.5978692034223005
3.8027640629642607
4.172617721956211
4.838851338059628
4.178139843321547
4.307564924667495
4.4408819101077315
4.759489889830299
3.9305080776730055
3.940366913557537
4.459419542995149
4.289433521396701
3.3999543093109885
4.579469877708366
4.097375287670102
4.630968732415599
3.9101147181604663
4.340624941094436
4.167590019639777
4.095036771875611
4.411248439301167
4.397735409965906
4.714321444028087
4.31590975361443
4.49802847818612
4.132822445945291
4.250376400836575
4.578234058158498
4.65794639685101
3.524733298092539
3.669352546804707
4.558431708478778
3.8682437205841484
4.323218880882241
4.965013822650439
4.831778564150472
4.1712990526199185
4.390934005957244
3.9797872281338655
4.3042584206928
4.820768871866945
4.501238284320495
4.354753554593351
4.8086981621110265
4.250950013408007
4.365175637223267
4.59529989261162
4.101645278566335
4.426573075693035
4.7279269193480165
4.339150290169263
4.076587640475212
4.52074988419039
4.191010521714825
3.9109521703152024
4.58285743195705
4.005202474773308
4.20774528916583
4.446586029618286
3.6276956366463358
4.883280176206712
4.687371279660408
4.72288578732543
4.141098966326961
2.984796003873953
4.1036680286417875
4.127207089971678
4.108631268305609
4.46371139661848
4.207311809074704
3.862454268442601
4.370912713727155
4.043780561737512
4.642714219836933
4.392903691621696
4.053283285035169
4.341319724710189
4.306174848619224
4.283808415258047
4.607883223174575
3.774534241151395
3.7810259010371134
3.7490867578703346
4.15970145972573
4.288553326366995
4.5296058680694955
4.684821485241056
4.237677400290533
4.202044926017176
4.570406612285662
4.780204298797153
4.021925923765005
4.613562807343342
4.744876320937154
4.499794292451698
4.7271950640149925
4.0566468879543605
4.6795051896560995
4.568044694075315
4.65268161018057
4.678617125472362
3.908464184069432
4.511011121582397
4.349776737302136
4.441696138220792
3.7248605751724932
4.529787844970167
4.502483374919754
3.725987492534859
4.70308255387638
4.68799982536217
4.437218645802799
4.026704996455539
4.6849127348810615
4.588154820548267
4.638888368185602
4.769610645809697
3.982803891934144
4.030416391005343
4.215647444685118
4.714393028143512
4.620001235105278
4.217513922263451
4.120391815257817
4.265083696425516
3.9882806590845576
4.186676644715292
4.455416566296475
4.234829756759162
4.7512561411408
3.721173426903996
4.04403510306715
3.9405344085154987
4.467471011445834
4.802275163571258
3.8917356537828978
4.373563546408786
4.31503320136679
3.7582920345252564
4.244175686226956
4.572944327471397
3.5857507327575293
3.7621110199276924
4.498983417007076
4.585458946529988
3.8688246542443654
3.673647452038286
4.274215096701852
4.61262585866353
4.088522617746179
3.863359309508129
4.257401745387568
4.218530340829761
4.227143455491124
3.8884311783511776
4.397453300780314
4.550063693519644
4.365638487310452
4.645653490356599
4.653386358283252
3.7300272616657635
4.712682980858821
4.757127815413568
4.403550873989973
4.325613088912565
4.312995982138364
4.754745696451312
4.5712483621701185
3.7647265876846374
4.73409615617094
4.230698172697224
4.013849927102401
3.9785969181701235
4.897711461232214
3.647318044566998
4.304458866812107
3.875036992566441
4.61471702328171
4.03742485360304
4.087430166424278
4.414326811116808
4.4237816155414516
4.740077733921022
4.260140580021683
4.441228224735046
4.419726638097323
4.522810261518117
4.293680998487929
3.8584964112780504
4.415486549652286
4.071165403274463
4.182891733441547
4.423055349215751
4.142107936470815
3.8857891955813546
4.055133118322891
4.305493113471865
4.075137857986162
4.351249972042556
4.660378456281274
4.691063908962608
4.2510978214229915
4.3708021573042615
4.619558137029397
4.500429317938238
4.707109803798864
4.778393207489154
4.637301882338903
3.8332678405497536
4.513520894316676
4.724200875637422
4.050070244102976
4.582548256520752
5.031594356528986
4.827052717211904
4.558441816694635
4.602216656345972
4.162887571494027
4.789437030281123
3.8049008619195597
4.847056376209694
4.072622676994593
4.072185946940741
4.281930204068442
4.5225083792486895
4.127635516101899
3.9299432629268862
4.733323689337017
4.733696559913325
4.7719872141914195
4.264595231011397
4.032302079568121
4.554667521583836
4.579181426949438
4.497404906582776
4.355345532590838
4.865035614061138
3.6877692086492835
4.30695101279677
4.300344034588577
4.180440422468586
3.9850382088391965
4.927853128541765
3.9939921118264308
4.529661424194777
4.053869295053238
4.40132846600666
4.364647002744995
4.778496862943472
4.628518680908161
3.9708734559013266
4.499474109243236
4.524789374577211
4.452638891971748
4.298199115664957
4.395443673827541
4.202820610636719
4.653824818337213
4.793834517984604
4.189471218252793
3.5042161900826096
3.948159329910851
4.732581042570489
3.956372591021616
4.339609307423987
4.510701031045198
4.107545452114816
5.150473037828897
4.503675198618393
4.564077389063671
4.404320870267278
4.308956890198776
4.120992320530367
3.4059287807838876
4.250523348602539
4.784430285081404
4.427032990700546
3.9797698742535887
4.262524107383047
4.610710119800631
3.990855400034023
4.1572561287010865
4.536985688049691
4.432052495118898
4.51634278023406
4.490792016724016
4.399577827464069
5.436563574369689
4.59154948978647
3.6669111710556637
4.098372251891329
4.276754705648352
3.648252628688886
4.642739165660828
4.832611309499645
4.542460947407481
4.385326715228871
4.741878608875691
4.006659057932185
4.510728710531197
3.996303176947217
4.659402901364252
4.34403697691158
3.8489849606697213
3.0672868403128666
4.660677445442586
4.359649780626027
4.3393934662502875
3.8022246021651833
3.847500026003947
4.050530407299716
2.924113813576089
5.13456423520498
3.7102400935460267
3.878218530739521
4.211364359345911
3.176482450032177
4.181288618398026
4.54705654051791
4.699517184202753
4.221474339308084
4.004480253985173
4.543863705712022
4.6634755493521105
4.37958974076551
3.6230232905609263
3.5140286644533267
4.659147637246193
4.323937575861478
3.003019695980346
3.9332316155428106
4.456157911546269
4.467097075094443
4.9482902131740225
4.518774270469508
4.280109193471366
4.545403939591948
3.9658731934774067
4.454573653721122
4.09833939942785
4.5856189853872635
3.617097012260316
4.3142284343842165
4.55049123860239
4.098043103632712
4.133811142249515
3.953140815517781
3.948106528840132
4.02598351051884
4.247557785429573
4.002907950576673
3.8895919315144702
4.45734242095398
4.35953396836398
4.245591913482994
3.414166277976055
3.8355459504827696
4.717421726205748
3.972144557306886
3.629523242313131
4.086746691366574
4.634456325507701
3.412796745845186
2.96208243912343
4.154524864551288
4.730521212007547
4.4550185247263485
3.9152774968053454
4.696573694052574
3.928696912616785
3.9674655046185467
4.28242947444061
3.262281974227214
4.494199258177014
4.323255123920909
4.514008949232402
5.13456423520498
4.45492985844925
3.8974491553053388
4.545532564932941
4.15391419885379
4.155502077823357
3.9607058302526728
4.0199406285320975
3.893002791463307
3.491017703114426
4.146236324838373
4.862253304109535
4.099786139078875
4.904647926942459
3.848244813816694
3.5893422372516897
4.268607193395324
3.7914114744749785
4.391785816534611
4.719579035065452
4.279174785214789
4.1383855621749905
4.733318839011238
3.4652258263044793
3.716961289057161
4.7729042640128245
4.27453231629513
4.124721483118267
3.5294538299328715
4.52384157475669
3.990906780688575
4.609579147153369
4.403339975679621
4.078801643035112
4.109555292960142
4.170048656128047
3.897773963994717
3.7474784462570607
4.493091644213801
4.225906115632776
4.265325553102074
3.90882445492281
3.7266450386567382
4.604606239624913
4.401685103170374
3.288327255439599
4.000447888681929
4.360409561824746
3.3469773352985133
4.15230132644928
3.9124595586145956
3.7450437538914496
3.847333020436934
4.18887061087085
3.9674438284656977
4.181989315783047
3.7511738191412753
3.35585459284564
4.0904224121567045
4.410946061478975
3.595681902424377
4.428823615564546
3.401049972739667
4.497231923319921
3.6022701871568703
3.8897768058900635
4.3165418976663705
4.495720572018099
4.098043103632712
4.124450459362586
3.6580654128703474
3.469001168434234
3.8883392537841384
3.3903939486930987
3.9534908652931247
3.2929568778223173
4.8181626718143695
4.2143638555807446
4.305529931364845
4.12857361744251
4.548516811096103
4.201100796163548
4.428718007145402
4.598299349264572
3.45725279313398
4.501252710652966
4.051085303965024
3.8304490845227774
4.16612901191612
4.410577475247055
4.345411441198266
4.136088453671964
4.002286167166078
4.476011516468919
3.764401242366864
4.912189653131271
4.456049126388898
3.879961709377472
4.41084260412851
3.930980790774062
4.418707912457661
4.922740978405143
4.265225146417219
4.295951775012577
4.4698023087991405
4.849717457113318
4.257208272940977
4.0139536461554695
3.3454274091525336
3.4221176053161457
3.64264946275254
4.274850715009048
4.805390504346705
4.178534697254299
4.33788195753868
4.385239825241922
3.870068555915198
4.150222789745312
4.518916957855069
4.554546003064155
3.699514419935109
4.864537640689642
4.052853552377135
4.182878908293085
3.582752672331817
4.715906384560201
3.3242864511110284
3.547928220744559
4.523826187187563
4.651114664315092
4.6415544004273395
3.769889206147049
4.167059941449363
4.527221196623808
3.869334999980935
4.54653478861362
3.486888048529637
4.258962380119389
3.059896642961737
4.4245154302457275
4.221539636762418
4.479224319516705
4.420645611538884
3.9597640413788144
3.992865525098308
4.310120842168825
4.236110761540158
4.053133095945399
3.740005431469017
4.156794461651102
3.1723384278381968
4.203972588294763
3.659727749511063
4.835180016935578
3.466199120235026
4.538525400650947
4.065132618892812
3.8543796694499237
3.3107495315679802
4.073549338147445
4.051027221716104
4.421266398755727
4.267869881476566
4.008520184877139
4.130161385913887
3.932566251148836
4.535603794298995
3.3144139750515134
4.6600198087355915
4.783740025895685
4.191768233384414
4.548145602960607
4.2608437217387385
4.7729042640128245
4.572288573901431
4.259458056029464
4.709551395134598
4.356002673163211
4.09247153931464
4.3538366115287435
3.88298646506136
3.2275371534889086
4.019769567301717
4.7202330010128355
3.807843323627412
4.298274558830929
4.070472497008801
4.295664512717462
4.7998846400215704
4.613246948817908
4.582070620169766
4.525028507317906
3.9701783741098824
3.786784668285218
4.5314187487292985
4.75332336895897
3.9420435708168857
3.820834130073387
4.749197371564515
4.14489971542259
4.1676507117536605
4.264834551739471
4.712880497813005
4.670584304160805
3.885547657116026
4.569958440110872
4.367140400232415
4.613665187499016
3.668217280440335
4.557256808154584
4.427760548850161
4.302085489996446
4.2917196963822155
3.9594932465609
4.077371329374959
3.6467230446544834
4.551597271436757
4.341211764296329
3.775227911763357
4.6255828134695
3.6477753640505726
4.164831069081201
3.0704828003947258
4.428728671538121
3.7560305589994303
4.972608025262595
4.321692451296962
4.2346662096813565
4.104402020346205
4.454995419058783
4.27379402528563
3.9742203734092865
4.299608051948287
4.0665799549191295
4.819730004879929
3.7985188455743084
3.9231421632372183
3.5406757975930256
4.025509883073294
3.7147592094348734
3.8019202029288395
4.542706735809281
3.7796235992518366
4.288338220386123
3.457139823045328
4.407838115200867
4.228721687857135
4.090799461501082
3.9882857201433803
3.798845562152011
4.236419937685031
4.528037490422587
3.8977794196941034
4.144689253423452
4.265903812671672
3.299826012116746
3.342194891448097
4.154696754705689
4.050084046361949
4.4101016157042965
4.397493082443048
4.2570523665646345
4.257577170492851
4.396069208285774
4.2739223843307315
3.9616201297116507
4.788481943556668
4.3132655641014646
4.317284241148186
3.6411498448319533
4.175252385777413
3.7025022739550515
4.321536996390622
3.896910566459052
4.0103696989110995
4.192528337469278
4.309113542495952
4.195558040808716
4.492644128321093
3.979768402881496
4.288825680453757
4.0324063726117725
4.3345141135442455
4.726508083910039
4.87868890037298
4.5765199090691535
4.2111339121426905
4.483132857088012
3.4460320105004634
4.313481786474149
4.184241419387597
4.177264836449466
4.144890421348877
3.9726924369766667
3.5813072675626954
3.3487262394068678
4.282913664582547
3.5570074942775527
4.041383408320823
3.6314032235611133
3.5930220654670375
4.594548296567399
4.192515054759703
4.034405605941702
3.971664881931342
3.7096315853897046
3.585897782956292
4.248171974796585
4.526431997619817
3.63668594811078
4.550992207980717
4.364053764861482
4.410058216700817
3.8869766993065302
3.7832885701772776
4.117052563330788
3.525606337499973
4.351991854267283
4.336925789921653
3.8972208056393107
3.9821862059697777
3.8589593492210805
4.126678407287799
3.9068682488288466
4.498994995338858
4.4886000549169465
4.3386763361433704
3.7415064030580263
4.314913242349421
3.8812407770092427
4.410217505009901
4.20225488768414
3.9980562802033424
4.113769413035069
4.900316328292424
4.069274673169624
4.531484227445665
4.832498909797318
4.177637500277717
4.357904534201645
4.032656223686918
4.011456169276137
4.694664747426322
3.483280613555509
4.411644751203762
3.7527350388305396
4.0867262087010925
4.770131218223282
4.666707355826591
3.986849935222815
3.952478644812704
3.6272119516921477
4.4208532865802805
3.397691428652258
4.442204670299981
3.7517537161033294
4.35097384318337
3.686619256961013
4.817751471430977
3.8594721476640608
4.797576944214661
3.978500872938347
4.107906180284025
4.717972311840404
4.137732451658577
2.6974642335171772
4.582722371352988
3.211814233185681
4.700826276293583
4.5943330981823465
4.45734242095398
4.643935242887304
4.098724970744655
4.4085382283443835
4.436609409995878
4.082146693881818
3.8869766993065302
3.8896599305847093
3.3901034336329867
4.34102029788184
4.521282251709884
4.782142725487314
4.42360344860313
4.712424326173827
4.379036006213471
4.404499973022503
4.213723315687507
4.430533271764278
3.727553776307166
3.633272004872179
5.436560819993298
4.744725966212913
4.630357944350738
4.129628337388938
3.15276210192298
3.763686483914579
4.565945755305274
4.488773378631301
3.9789303998254724
4.367220807617619
3.847776307840295
4.187224801051283
4.372204210225299
4.623147449827717
4.60049603203788
4.250821479939628
4.719325306235102
4.31547623686545
4.153671566653393
3.50568126279731
3.9214537192123258
4.179042845664953
3.1580475124712972
2.2030153274536133
4.101080120191181
4.593747876492824
4.036269158129861
4.2226974455779365
4.3788790555529395
4.088618035245125
4.222206727368221
3.848978839221987
3.6373864427964304
4.5101263787490495
4.20809839554562
4.207238774789296
4.101870229278035
4.371458937950643
4.548332528771402
4.291867425192172
3.581579379533152
4.676877865229125
4.012474162873733
4.485779743671294
4.012525316970302
4.355616890490493
3.074176234822371
4.468930224620094
4.871088844439093
4.408850100550012
4.676889223861844
4.575749975545731
4.115320077974463
4.6337079371418355
4.702113531185032
4.541387081838156
4.211673340372585
4.339605747151323
4.613877568318408
4.893966866838172
4.314553827608378
4.752619768531172
4.407687375644794
4.323108280869654
4.888792506000858
4.2284583245072245
3.738857919771741
4.315962901949472
4.338843136477102
3.8560314206440163
4.269215422038265
4.751549261616656
3.889937497592264
4.315423326410333
4.704769200979753
3.527735570502718
3.9955550729540708
4.494163787650086
4.095050898841146
4.358504511914792
4.239261579471709
4.351971480795762
4.689065332485713
4.848894755900009
4.349123606851233
4.783330930919219
4.516915180372381
4.934550118362342
4.488167587306831
4.5459046266406125
4.763273206947844
4.494380718533437
4.256486649237902
4.044651446266148
4.3385143175751875
4.724135123162249
4.341882697559017
4.275515233490433
4.438393564234445
4.639998743018369
4.681908982111657
4.540378939534982
4.436078446551594
3.7837857797340853
4.403234675600535
4.0127064377431925
4.602956864539916
4.264333235894448
4.213159055334581
4.320870073665411
4.4256272979235005
4.698932711787533
4.415989013962744
4.908896166242337
4.409985708613019
4.607023670031552
4.303726365231583
3.985041579076113
4.379765348336823
4.171910228168425
4.375552098993638
4.551637889189697
4.692040862214616
3.7034442661216884
4.517143589675292
3.812001556390529
4.534320874884449
4.1412427534948595
4.291694345447105
4.59653119342544
4.810807993116276
4.606093273782363
4.073764560153433
4.341557852233836
4.3688236188301275
4.6716219443849525
4.65642903401897
4.304084172994058
3.8605048584032917
4.71008187141482
3.2858493560216555
4.226748163120513
4.190235111757769
4.256574777416124
4.565051785487041
4.347722166512528
4.311990158610282
3.9260551474784537
4.2076690833374
4.366853894705772
4.1826964311530075
3.6934147107172417
3.8117201317644236
4.225834716639953
4.740677444806071
4.865584228452889
4.115309361739771
4.506028167874982
4.361305417561148
4.532619073235148
4.862451573531947
3.596016600031604
4.3258141569287325
4.621740441372685
4.334769758188032
4.0580977368601285
4.027982791283389
4.410414681775769
4.300881721630596
4.517236715922679
4.460623847071967
4.72514299350162
4.259199973852251
4.137453683515047
4.304789757598356
4.3501696619939665
4.292129241716831
4.932305029293515
4.444728576351412
4.630670560870652
4.228887950537889
4.0872710845666935
4.562177240109413
4.3644599126505454
4.1391130258906985
3.8053972114885743
4.4570959571388435
4.316820052783913
4.176767150829486
4.393160438061772
4.600786715616856
4.712806404811287
4.3940336353077
4.225617235680037
4.266042002377745
4.932259642599699
4.271094558242599
4.366487806018345
4.699261224736181
4.069733734248245
4.62246371878039
4.321676773316855
4.1322591798418475
4.864023363351856
3.6142270956223825
4.215188600504185
4.470244289349999
3.8830442289275755
4.761712100819984
4.346569967521118
4.957418044113754
4.363828099215684
4.668509753938183
3.9959569934347297
4.181592500070693
4.6329846030182225
4.409007366064149
4.242869654560058
4.367441320660057
4.158864414190066
4.181570825982721
3.7154828247558234
4.517987449730265
4.619393832182708
4.267663149769671
4.265109226264743
4.647741975699972
4.307219642183995
4.5836552022569625
4.6730245151020195
4.7392948988469605
4.522152374925595
3.818245933338833
4.366326678825293
4.173380502122252
4.09052106875408
4.303687987107834
4.040776612519514
4.875183204307069
4.295556548355077
3.6990077091241744
4.181101819179781
3.5563274335530597
4.7362808335756075
4.527090121836192
4.5629422306997895
4.8289849394848465
4.27420310959678
4.52812527973377
5.071214876040212
4.260073056274318
4.483894461193388
4.943244814938863
4.210331502567514
4.183711655834467
4.424437349017143
4.323393546301602
3.9647760324081855
4.987088743943305
4.812842036702957
4.485345759077874
4.270957303646397
4.605234716758754
4.71956653673019
4.175092805754841
3.866531213590541
4.135919534893682
4.6038793380409135
4.368950045489859
4.731896160487839
4.6154739318276885
4.6746220633200055
4.612849449779135
4.394914371127355
4.383617026501867
3.986472512729942
4.835316666924815
4.785897993696695
4.79706411905528
4.396216611372026
4.506411403217941
4.875251300206406
4.308129141392314
4.018323000417815
4.313573314594622
4.973032935831071
4.527964827839834
4.683390623528639
4.106616292472128
4.1822506922977905
4.398852055959604
3.74534552096551
4.1116296625422635
3.9443951802433874
3.9127989154528855
4.131129359386495
4.908219749677848
5.1103786163898945
3.959918921030495
3.9786478001001973
4.341154080378655
3.956205927401779
4.2177171095657116
4.688944586480789
4.263302020806736
3.736248976245733
4.637127967308521
4.44069069411808
4.098274829988525
4.381243980124928
4.316009575951578
4.704516572002968
4.155310628507374
3.76877299722807
4.6923484180984865
3.898501308269643
4.45012978627068
4.509064215994332
4.123100471545969
4.469285944033186
4.118529671579988
4.768497568874311
4.693048416895913
4.209352616482244
4.699008776562533
4.273326003560978
4.40733279403661
4.632127306223253
4.307763660086426
4.221488782144416
4.699354590789201
4.682143935485027
4.266107487208611
4.417087288618669
4.531348929786521
4.494836630642055
4.51359805593872
4.234961671180678
4.3081409368141586
4.546043359873313
4.285031663275943
3.976292676215458
4.578357725872681
4.20264062790937
4.582332648324083
4.705211216406239
4.2747017085321195
3.941915974159796
4.282385706999815
4.349786264086063
4.125023312539515
4.353483901248307
4.790439052001479
4.56934019381287
4.520962800316594
4.690528239481306
4.661096856050491
3.961028870421311
4.705307031227802
4.766181446125421
4.548264781278818
4.30983500965201
4.563650066249609
4.234879919112501
3.790274767101036
4.683464997290505
5.021254565076752
4.477913682631253
4.390515590678891
4.476432656621228
4.080195101681209
4.413996310916289
4.45113999997753
4.07333202269501
3.855911208239328
4.562809926717339
4.296033569085022
4.5596759633877815
4.409406847318282
4.337240401586399
4.752450238951859
4.231484013330183
4.522482736719929
3.958761142900549
4.263809721537784
4.276838995999464
4.572607681054949
4.724493615349855
4.257879460803664
2.726963402338546
4.742260950235543
4.496136389998338
4.063678664964472
4.393776206907825
4.368945960435715
4.129179238197417
4.262728287412572
4.480683573472673
4.231249914952195
4.327936595183025
4.835255857374792
4.323713253533672
4.657726399223652
4.228723209515602
4.376150727962655
4.429874211666023
4.147882968093209
4.365752331552343
4.0062339876886295
4.082824268016588
3.86163545649195
3.674044706158024
4.634961836132522
4.515960345534823
4.464446914947109
3.354604479506183
4.330905726142603
4.304508675751562
3.7040473723976817
4.342545133186026
4.082824346247569
4.866023979358831
4.41450435877296
4.688112566430002
4.282530378063902
4.420788123321065
4.705550593742224
4.570360079682228
3.137238638106563
4.349140164560187
4.6134281601343385
4.44995063227044
4.243192610647824
4.8102181689784
4.540757007508881
4.23745252256972
4.7619080145204205
4.525758207480787
4.66237529292634
4.701884794241483
4.34571626000324
4.484525224355641
4.474430906984227
4.478143335865914
4.326914044886447
4.586089202239514
4.478105962403843
3.81147178106914
4.52713144868793
4.233078728801208
4.242741279678286
4.089345884572505
4.320632045529214
3.699285732392135
4.555046884417536
4.015326722695512
4.110808657342263
4.344346991212275
4.456389632903629
4.255538535278863
4.229400801201337
3.704122991273145
4.303552515038239
4.714994299113444
4.4037256903705755
4.409892394919631
4.882996215614853
4.8001267614592145
4.147995497524254
3.8933325059655504
4.155382382331929
3.9117766280404855
4.51012249209601
4.7059414189389335
4.323184857142742
4.1868469638990105
4.2021210448250645
4.965893072686849
3.87927068897681
4.732811041817129
4.849650888623627
4.864151117715868
4.551336975781213
3.750204806985436
4.041567476877972
4.446703364255203
3.9535652610662457
4.380604558724963
4.3838295776741045
4.26303619267034
3.5044632788209866
4.611831258307264
4.781921206770929
4.329794543971768
4.43542464355083
4.471936345988269
4.267921965236082
4.0613896475097
4.679556253212492
4.31766428277644
4.278742971976528
4.728101942178023
4.46712895706988
3.68769852258745
4.394403854582896
4.624308571310542
3.6219959580795913
4.2880808038149665
4.231394966523127
4.716409062242475
4.120747289453868
4.055641903465979
4.829948352004843
4.552711590331154
4.31537729379342
4.705677798909831
4.041155814866323
4.2270361225317545
3.7341907930940486
4.50824387972667
4.242563931539184
4.492431930466019
4.086596205284088
4.446481033363966
4.268041796014787
4.295226544227149
4.369596522244338
4.722578938964548
3.8874490232900265
4.438701741516151
4.728037219429893
4.528780421043848
4.567141973901338