4.5803689829708425
4.166103693692549
3.95938887011385
3.394813038904255
3.8530014505554027
4.6117930499574324
4.007982249999204
4.248219563627521
4.447855756120212
4.988110369182115
3.56824755564279
3.860093155007435
4.235965173046112
4.355501080842892
4.0039349308058
4.240119991566183
4.3771210445976445
4.256939645385614
3.5736647953022933
4.197600244570525
4.632575052403958
4.289669757728396
4.5673575131824355
3.9305865319268456
3.980640324639284
3.2287789863474226
4.056297762849675
4.213175396763548
3.945779423152985
4.427519470920677
4.515095147592368
4.222595169756761
4.66331058404859
4.064383306133674
4.042855057631138
4.111563952553953
3.7425542201998434
3.8760779572362547
3.999577550275763
4.4610370967259065
4.334983048022973
4.293967536351264
4.128861943645629
4.312177773227558
3.9451019639628684
3.2798313185249723
4.742491945664579
4.472599307984318
4.632940108677691
4.347110993603533
4.3411350737449395
4.229329731289262
4.2473803925585125
4.253119832373527
3.8629008067744515
3.9918768073648945
4.076269236641902
3.55273209469681
4.468704623485818
4.455654015229557
3.967941884402978
3.4220082401412344
4.418663517027634
3.563094551750504
4.215692566950294
3.7570944459016067
3.8874014919945443
4.410712613618436
4.251310770348847
4.226182249665225
4.053597601167806
4.251236835550584
3.953359122022104
4.465713736334161
4.181795997653566
4.013271201380787
3.8954569152412244
3.420378668057627
4.474480534837243
2.7443550286605913
4.065952720511816
4.769026669272229
4.206440641960853
4.380439113497026
4.313025784635226
4.625660519712431
3.550724864163107
3.826202810275766
4.11956590523945
3.8489241095962776
4.184755312988581
4.268993035978264
3.7397549021859664
4.389076769539947
3.734094312169035
4.272019306247014
3.5100476283501427
4.5232586154986185
3.7577129079949856
3.734681615811047
5.0963803374615715
3.69072613479453
3.8537915864965138
4.330021199974538
3.8788073244086716
4.0723052223741405
4.076211601699926
3.305698743594804
4.179358269299293
4.528442709627443
4.452403646402029
4.283656940982289
3.897731602093052
3.6381406108811483
4.384655100556982
3.488288221412622
4.036350479818814
4.36299740505017
3.8993762531333855
3.8437583641501885
3.7551336714730996
4.336337854052415
4.557726554938474
3.9309422227547355
4.062334061259552
4.347524222799975
3.9485384513946897
3.985091480667826
4.586535605536796
4.3367759129884735
3.842800818498825
3.4251075291270228
4.402524352669928
4.170592288108384
4.094261027830807
4.290223093921013
4.098777647773271
4.447937165595774
4.236504883095732
3.3282370674774002
3.75013976794813
4.257888737647142
4.255437817561386
4.173250028195321
4.089334060115714
3.8161431708538687
4.295154652193452
4.028077864967024
3.4944312996685176
3.667725084990904
3.8553623103769543
3.6727300419322324
4.071265876516196
3.962768360913957
4.529634777013381
4.398414843128878
4.51057097991879
4.265745052408287
4.608037577201463
4.33691065365899
2.86258730446988
4.288886208753842
4.304563867515444
3.8187164010221366
4.242630360369044
3.9964765000275575
4.391794681174044
4.468460459689159
4.217359374657234
3.5076492761646394
3.9368367545670617
4.32096251222117
3.8189488386388355
3.749328980911672
3.9866629508311164
4.399408522141691
4.335479992237554
5.015370778044637
4.374327920918249
3.964789639257334
4.134599602327895
4.0029111558885235
3.6526249300548077
4.831550603421319
4.199192210357907
4.225098500937344
3.61426552058166
4.02843341594925
3.593112208129871
4.002976458101089
3.854653022149413
4.193123547542774
3.014992104357612
3.7296510209146083
3.0931463677742395
4.401124066225516
4.1957069435975685
4.391812572921808
4.05208224547879
4.06886973283164
4.42429908769061
3.5689099616674698
4.596216005089618
3.445487024519321
4.25416921852802
4.41970032931009
4.115349007773764
3.9354376133243862
4.0841430528614495
4.068355451995105
4.263871481988501
3.9846771097426115
4.947858298417794
3.7907806650144042
4.339938239352895
3.534680675672476
3.7263641077947036
4.117545308518674
4.02622742165183
4.059512532429783
3.605200748940718
4.554884912167511
4.2099486888222275
3.3186647858109133
3.933542246720041
4.253472362600384
4.526353486427328
4.2530957557428355
4.0076489448817165
4.569479122146825
3.3201575336681453
3.526092706662265
3.824562420279562
4.47994842388231
3.3036210317915264
3.8887374172754283
4.180091344959553
3.832181651668356
4.0029238964722555
3.973121225424339
4.390923204965957
3.536201282958039
4.438601120089383
3.6461484639424824
3.8776623632652036
4.215823188078176
4.159377217822797
4.2718656821041545
3.635090936672893
4.3631160722865925
4.0305884966203775
3.935712728751964
4.345777888401615
3.9580735458175793
4.399197707840095
4.318776858283294
4.289630212437393
4.233573056089865
4.127230643549783
4.411863215360634
4.4344464820407445
3.9553913974144344
4.38875207821132
4.152900348991936
3.91964649208634
3.9320805867527238
4.1078314080102825
3.335867611552493
3.94044674247188
3.728226969726564
3.9420489741414024
4.35079221575679
4.208910997139405
3.8437583641501885
3.6415742613690005
3.88391532875787
4.0806771759114095
4.286538395420769
4.363710200414331
4.381167079516035
3.826119074815905
4.018035120067168
4.448214522771867
4.360482932181483
3.5201319435930154
3.9364986817576275
4.548557082349573
4.1455305806564295
4.327921244572455
4.108763798177819
4.0977670927976115
4.254248900301395
3.488065236196352
3.974155428009194
4.199107756181545
4.354851993419608
4.056454639739938
4.211985979839531
4.36797518369207
4.223935412206741
3.9901562120963914
3.8508105305847993
4.188734008831727
3.943363881317299
4.455654015229557
3.971765624901611
4.4194752648739515
4.534666289808158
4.0981184611010555
4.295630857363257
4.078745215277062
4.058320667607384
3.7691396918264237
4.500722086511558
3.7079038041654355
4.431053919166259
3.8984519953721346
4.2536935576308075
4.260648891873565
4.219190546058894
4.287399139687724
3.953512469072486
3.446080927850261
3.2833132237358225
4.275231196916502
4.032928541984984
4.228894990001002
4.273373942776703
3.707971148553564
4.224332162823182
4.450652909714047
4.354676645206782
3.7446302989830462
4.356844948345165
3.5548411242709035
4.212967331152213
4.145688417351025
3.3900889621961836
4.016008919031768
4.060634124795103
3.6427327330432053
3.940414848189352
4.440613483658687
3.8509792441590625
4.2337169669274815
3.781057672073372
4.30165824314566
3.654227411024424
3.587973321930412
4.180543880824243
4.3443848159674205
4.387689321870419
3.648865346142424
4.115062895400573
3.764862799081464
4.230215018907883
3.6925313663235295
4.368552456217122
3.616565899646608
4.1469131913440656
4.432945975041909
4.321356717073115
4.155673674395816
4.372999831142885
4.1130042415962125
4.08593700675821
3.870439922991249
3.8015821488349495
4.661213912164449
4.682939823737646
3.4648527506674673
4.281266901859421
3.7209504047518633
2.919049378605609
4.190989231198301
4.239964759733933
3.1818200892716124
4.626668200173507
4.319718273491722
4.466102790563767
3.855959809238159
4.31640501536465
3.8486662552569566
4.065664990067682
4.294297657990668
3.2798313185249723
4.088819430618276
4.039558334505374
3.5338686404755535
4.431246876464334
3.886446437449689
3.821613582607954
3.897342963120673
3.7334766279996665
3.89321248944137
4.010875801690178
4.582456450186579
4.132575577833139
3.6650653507793605
3.4483872452480417
4.067987903895011
4.033287738665115
4.425485242761307
4.137229115661689
4.006959609941705
4.034490620964722
4.182572470308009
3.811177389847416
4.204080667650908
4.545812451922327
4.453076808417553
4.190932240673686
4.009984426773171
4.024395217281972
3.9958410019015496
4.091572427887823
4.078092684441517
4.116545618060885
4.229397880248491
3.321333038799139
3.59275091425747
4.069133216952224
4.130976635896236
3.3568943902738857
4.4035562752580635
4.172480161680641
4.249157254315171
4.055107749898566
4.247046440885707
3.882748668973252
4.264654946690599
4.803673113301291
4.338183108290167
4.5011318569544665
3.979299025685455
4.6796991322593104
3.8487897715073607
4.50343524801579
3.8186323387131944
4.1202134384577835
3.9059324224699052
4.124792032680384
3.2797919306913594
4.028859638144347
3.935632242861206
4.430081448854093
4.4780115283398345
3.819061335454771
3.4633426032437313
3.5397485965542295
3.653127142363077
4.636252073021005
4.744456669008391
4.483490430276909
4.5035874277303405
3.771897925049986
3.964682783809544
3.7831906570294143
4.1418525588975585
4.517443126994294
3.6367033281562513
4.3537665190375
4.2447726249195155
3.6434476929190014
3.9317115385541697
4.265624185334394
3.7794204762924046
4.68995472088862
4.636107200852043
4.239301465677246
4.105914244741955
4.247116732898619
3.79228371430123
4.937344633297336
3.7025736410177066
4.084290302928318
4.013228842954327
4.180215696646011
4.3050754475372734
4.169356061174497
4.528733198197585
4.421404607089295
4.2131008087738495
3.1171977430269884
4.026026570859276
4.190370125888109
4.054296057632359
4.291546761697465
3.905995136870012
4.608485377913616
4.367522771618104
4.074239285764172
4.630455324552825
4.205114336294335
4.003909824004179
4.14128262017469
4.316593605933014
3.998838828900438
4.198158331898935
4.950899326040804
3.974023519903553
3.942428787393929
3.7824901373760227
3.7545044706004997
4.310916875931234
3.9539127426810436
3.8820288059534076
4.855019229079836
4.307651884953241
3.471234300042946
3.610515619985291
4.150916313063675
4.233872845245437
3.8462630744203006
3.822486540123725
3.5901122722369303
4.254213195414954
3.802993057954872
4.497522574292108
3.733549223537075
3.7679767835237072
4.031781543976581
3.955829170834684
3.87407518709906
3.6762756775300547
3.2386452483003287
3.7109500847719556
4.102623969824954
3.1341227371794744
4.331311137445311
4.023169284497883
3.9912639978669864
4.016587272717115
3.697244256365398
4.066431678315375
3.5538066387022282
3.9125140251608386
3.821424369288051
3.8081059144078884
3.9510748977681898
3.40695053262925
3.8595458955592767
4.071826839379571
4.51111034954423
3.9487349984402806
3.917349725245536
3.694435968845919
4.216268140995099
4.275695410236395
4.101533952955035
3.6895156631307424
4.149951866042025
3.551835576973463
3.2622370185046714
3.6700299489699413
3.8226455163320194
4.177928394279232
3.8275720964640785
3.714062639967814
4.254329734172559
4.215002934891979
4.082756044209502
4.1753250569883456
4.41227492308389
3.327604388344984
4.0978768631774045
3.7323839531621466
3.9777913576717268
3.8035470365581965
3.8938142092028003
4.096103302409057
4.098448880606014
3.562658973503359
3.769773581310316
3.8689429575103125
2.7255922472850336
3.593403511229174
4.189153231464756
4.08123244955818
3.5294755158659483
3.9942723172007195
3.9007189380346006
4.086033828280304
3.806768330499499
4.282441968259898
4.095808179850577
3.487014520335508
3.818025325338827
3.817792974494269
4.089385519996332
3.8940813279043818
4.039475033523765
3.439447920717555
4.326134462292105
4.372532071925554
3.797381303830864
3.448836479426177
3.450203432957476
3.6612068081668037
3.5404795198913788
4.4347896975154875
4.154377095408556
4.2066513700866235
4.130720941380637
3.8052377974591627
3.820427675242734
4.141517113522506
3.8172853643457496
3.410219340296166
3.8929558858570656
3.9522809156156056
3.6413277199284835
3.75662833602098
3.9709292095218798
3.8117587381478995
3.5852369915632814
3.942429153821209
4.243876594180354
4.376683640710397
4.123435381471648
3.7976286567778974
3.591821316759517
4.513785835656465
4.547095459958407
4.032383831230686
4.043116367693046
3.911109335151076
3.318829513938283
3.9666352225079136
4.3973867295709885
3.971656680547115
3.826247568734023
3.975182775893897
4.417880852690586
3.2964623044013637
3.958287258697701
4.0422450341002705
2.951768180546333
4.160980150535279
3.8341219442132775
4.2850071508737075
4.1610876559001575
3.9605950217180075
3.7890366750407374
3.8830383599665526
4.168033032593298
3.9460671253665924
3.9990890712373326
3.870646256731378
2.7645461509572
3.997319786683104
2.842622285757121
3.7954891162778805
3.8827589116426138
2.6479571993697744
3.903158972867062
3.5969631178124324
4.01935785048072
3.704087650221057
3.9130967753745427
3.412331488607392
4.050623496840327
4.539131873934241
3.7140966450534707
4.3618222321165625
3.824724778263417
3.8175788466315765
3.456629622701281
3.4208429016860054
3.89534244480516
3.7923246318618675
3.760555637677974
2.901726207083267
3.584944725322048
3.819678083968637
3.843275223525214
4.028795114180771
3.6794692960780795
3.740700858747815
4.202048748947581
3.990377881603246
4.414458429202409
4.016229694998946
4.214308255892809
2.422149102691439
3.8545507041825413
3.682518374260545
4.113461357656385
3.8521182582204956
4.214908332538825
3.8693987404977523
3.8737917809718283
2.980783170106059
3.6080709129727015
3.216886453001873
3.9508838437659124
3.9840264575707023
3.9074265963156094
4.131793647554201
4.358998164833453
4.125098148614132
3.94180177447867
3.7324353734562665
3.686574406914157
4.4223618276965
3.687409339351251
4.132162049205754
4.28945164340913
4.651709136651202
3.4511561847013184
3.323867089165675
3.9776258548281973
3.9848147669710814
2.709041369340483
4.04117191066813
3.690565333204335
4.587557092745696
3.4761373550970824
4.035464391610621
3.3129846331057498
3.7026206971120152
4.065644489364489
4.021251241171265
4.330993098064282
4.026264580775861
4.1223454566709
3.858199972459598
3.9575944055062866
4.163807255089477
4.387916394873248
3.4642375838635884
3.351774741370625
4.20372780486178
3.679329938491559
3.9379042507120965
4.33028363519195
4.142747807115856
3.7355563266362726
3.7882317952522873
3.5215680912932434
3.797353582528085
4.336282659786001
4.028782117075359
4.008772189878373
4.408164319496846
3.5389088786740412
3.9650466741582706
4.108934896839885
3.6111091347628754
3.787102225329816
4.2316639551584085
3.504063992844358
3.9629559160431875
4.068239649691579
4.02126551448094
3.379659552108685
4.039501328947994
3.890128017242243
3.1826839506397704
4.296646410063926
3.3255759126757916
4.714325887499371
4.251257552306266
4.223639602202726
3.566425577113648
2.408728990164615
3.5362159154328454
4.090548750608817
3.656039964753336
4.0246108879175875
3.9865782495929105
3.8256293550140104
4.125248551729431
3.881917175572953
4.254929946778591
4.222579999454249
3.502019196617238
4.145376475744647
3.8518701743684876
3.50717979222937
4.33744653004963
3.4577977852700843
3.215371346679623
3.976117947361204
4.0239120918066345
4.08358939172172
4.130830107837999
4.34372036396483
3.382516797695925
4.001356465253059
4.0661604350671
4.432409856589277
3.660124848198773
4.297088290809712
4.290380819296539
4.297654564679774
4.500417584792546
3.613979010549227
4.023504904882326
4.222348908354801
3.9920755441101674
4.183480483852635
3.6350740536001602
4.062349788847021
3.860158917622357
3.904223816456426
3.2772309709674126
4.156811480147262
3.8587800143926674
3.565631806069811
4.1411990334775615
4.1635059150672475
4.229421962024476
3.6011702813767466
4.358574505886077
4.263123627476871
4.583990250720157
4.362418568166766
3.8434670686395442
3.536582015294637
3.7219540882916053
4.273711726781661
4.291975950045184
3.994894438651527
3.5704056958606243
3.8112171584935206
3.269971770427382
3.7777586079555663
3.976576090442493
3.8320171827413683
4.265282464475886
3.255048623452655
3.4092563203599333
3.8147604408452658
3.949743757715182
4.451963424753613
3.6676827571636395
3.541177146172577
3.6549436007189717
3.5759782180654867
3.362215460744764
3.8479610882280277
3.2261037572346236
3.259799870663543
4.002529202398086
4.235649344385941
3.413529287176919
3.841275949609754
3.9263055444891486
4.338992736446865
3.847936972444332
3.0483689547598605
3.734241245858385
3.369824399156304
4.168653454301385
3.1487577403413405
4.023914932178217
4.015686558200272
4.104642178793751
4.080233990291429
4.22363787558772
3.4703247194409084
4.538772141913641
3.9542693633983594
3.994837373300952
4.0386638719846655
3.840315530780556
4.188126145824226
4.266753416074765
3.284025626817624
4.197640528162589
3.8468686998243475
4.034363937472151
3.5630925710228736
4.406393183241053
3.274228546842786
4.0587020794296516
3.226677038805697
3.7373956972083713
3.446331262848636
4.038135058605391
4.133733820363588
4.265109537206102
4.27640245711752
4.060106864486265
4.058105485019438
3.509274859079709
4.100159093317868
4.077794208066196
3.708002067902771
3.5887651937917036
3.6621393614053757
3.8559925185947104
3.6257584011151214
3.599175902019491
3.4525060882700327
3.67722619016798
3.8472790909347374
4.025268450533842
3.959726808783891
3.9153676746899126
4.3144511926004885
3.8479878458336385
3.3140888419598613
4.107776210556814
4.183053212103621
4.26967931842233
4.300662370427755
3.251806769871642
3.2929023442961203
4.201923236793893
3.9669051758938094
3.7728380764258063
4.081636319620786
4.5674879016133385
4.357640790537898
4.15330864071242
3.8362029081884295
3.5575718357882113
3.9663327964522885
3.3946316457117436
4.024819407048847
3.259342534469931
3.846974375008914
4.145090595359782
4.21444474572659
3.9393318661539825
3.6367523223024616
4.574380521832078
4.205364545690279
4.417899865910993
3.9916907769106253
3.6986214619917313
4.130121962525247
4.123179316532918
4.065961753216878
3.7130375043687693
4.525629177474979
3.5910620159306106
3.9311889181549367
3.5922833702346826
4.021118562183251
3.3974638903535714
4.48312765020203
3.2729779934196976
4.007077215125346
3.7853558701073657
3.9348225593282837
3.769284586447994
4.421934719791278
4.198467335316358
3.914067189905764
3.7896053104123038
3.7232388082884755
4.270098992201681
3.6113793633794176
4.09411207401523
3.922391277612766
4.136441144635945
3.7278977975618237
3.512680538363591
3.7266371158768985
3.8955339119420307
4.066382316848884
3.6185105525223396
3.8789974351871455
3.991877999265485
3.9069087628613706
4.254329734172559
4.180874246490238
4.029935143546423
4.070892665699321
3.7885173808090404
3.8612407236283506
3.1095510243245377
4.291520684625689
4.385121450690331
4.316477541362238
3.2803284986776875
4.069991318497594
4.194723808636438
3.7133018600672036
3.684547738519953
4.2764035986543245
3.9662832703697237
4.243487359970919
4.024669597212651
4.130569396757577
5.436562116170076
4.072410511145778
3.218552267638951
3.6194239291280628
3.760880969380568
3.425638415987053
4.286811649444196
4.151221549802116
4.217430691709117
3.9146199862642925
4.404313197760709
4.024519996779614
4.075489013542867
3.4801728624654036
4.39728187987117
4.270079676621532
3.6059203375483566
2.9829550652868875
4.2191831430611515
3.984740187155346
4.137597663246007
3.7557719696687553
3.544550640990297
3.820613752307498
2.8469808481140806
4.725184685769484
3.607804000973073
3.7830499906052175
3.512918843753699
3.078492370928155
3.949909715076572
4.404771680618752
4.06199535271436
4.05547855556128
3.6169519803878867
3.5749997598180348
3.887480616539696
3.598392646200961
3.051191963516482
2.8061797097408334
4.179915682939749
4.047019293867953
2.739112525667631
3.95993112041845
4.250051029950015
4.110326080713977
4.595370877359648
4.092506407325719
3.483341952509277
3.9428050313318073
3.4944412237060125
3.7648878844937306
3.889238122061875
3.9766271217013105
3.459440968120999
3.865601313398645
4.159671465763335
3.390411233213948
3.554991931194173
3.5628069476322843
3.943127700482795
3.7510760643131276
3.941693946801937
3.8748178643307636
3.277714514848313
4.229509946207014
3.1745260857360775
3.861169831171668
3.2014347229944473
3.6912447509631225
4.243400057422125
3.976098676594352
3.2901304005570857
3.7155965297906883
4.301225121592528
3.6394248248398364
2.561353183890331
4.034104005959605
4.404048461402255
4.1841018164955
3.3073962672387482
4.1708079579395765
3.79682227419631
3.5518755477553228
3.866494351096833
2.7480639296879987
3.7388391315648555
3.6399704858866864
4.308932769108552
4.725184685769484
3.7198458085695076
3.6899601732298892
4.1199894531616685
3.6166182886817815
3.7856158608295
3.855398531130083
3.505292433990843
3.192682512551503
3.61159727058887
3.3403542891402216
4.3455585986485525
3.7278141546317456
4.349226842135944
3.5371512519643353
3.2917489004238574
3.5605766522593636
3.619404430341304
3.993997400569154
4.165963348550041
3.7287251988057006
3.7174807895371496
4.3427428190432975
3.1950179204797786
2.989130605476749
4.32013188459644
4.167846311124096
3.5771336528793274
3.723535957308182
4.1712638941693605
3.70911550972882
4.174023307219677
3.9556413200071123
3.8240655523900626
3.4804300332890192
3.913278514423543
3.6231421677833486
3.1665528250994397
4.297818453329758
3.9631584377314777
3.869335669754852
3.4103146002979643
3.9238662090372953
4.058850700577745
4.124599150373737
3.5201199740722093
3.9757180765108977
3.9693352724147206
3.21487604649571
3.0999456026669465
3.7002257138085626
3.2259143782996387
3.546132243937489
3.9164170845919077
3.74029616045814
4.130776025064328
3.3672810699356517
2.375792825995627
3.374169150200296
4.130911135197684
3.1325288240043623
3.5980986189787596
3.0270373752213695
4.294778869561608
3.008849066574366
3.70082468907556
4.051388405114237
3.860351062026484
3.390411233213948
3.741715357391789
3.3891085893375896
3.3388568805823686
3.7583622020267287
2.715996094728025
3.6373982840463612
3.0728522022107536
4.626319573065611
3.5796584659953927
3.613077845726911
3.4651407988830174
4.0249686432832
3.201427621740934
3.887539518429537
4.121778843135617
3.379725263707619
4.159601408022244
3.638904660825542
3.37689941761196
3.845088472212767
3.9820393473584588
3.722279726662911
3.82726126077361
3.811379633269705
3.64487509127038
2.533305729571606
4.578701343123379
3.495625318465457
3.901286018903402
3.585014998643918
3.5929671011527655
3.5894846097955044
4.118002678680282
3.9779456795828696
4.26154863275336
4.200569289199468
4.388362873917913
3.8573312470315146
3.615593819987547
2.899608280769172
3.5752505254204126
3.5362873936793475
3.7878163273104297
4.184515426424641
4.051336949937337
4.056920711764315
4.007238094975879
3.7252202471622686
3.5234257264671793
4.059978730665461
3.9824787518625873
3.430713119096511
3.686702721190181
3.713768770942748
3.2929561617615217
2.937879782599255
4.319334605399073
3.278686334384389
3.031586183980451
4.013377809084877
3.9577447680100732
4.135709934675618
3.609107957818449
3.758124758758944
4.330511734176022
3.674194233175271
4.262199067473523
3.417865225214685
3.7234229582908602
2.7180511951741604
4.090752585578375
4.0505314527696825
4.118180138508647
4.030113121245064
3.540368898172416
3.9849273909651695
3.871881069326421
3.4908792474153474
3.9266556299541335
3.4871421556453424
3.9026886911456984
2.5752025864201182
3.580695057724992
3.2961828137548377
4.343495359351126
3.6639822132707582
4.150390811391048
3.5202026424764474
3.4424398131667324
2.9762304463196654
4.115081722450881
3.6662369101649825
4.353618344656269
3.4081295116968238
3.7091918803106942
3.7910556668704336
3.3683755559901885
4.340525148181129
3.237581332413015
3.9575785990741816
4.05464842353546
3.8957275763744104
4.123043438722988
3.8320605972923842
4.32013188459644
4.240715215514498
3.9294754477855953
3.904315301461468
4.237648234059749
3.549804928450407
3.649516701058756
3.2383931179844554
3.22996188681637
3.723725346602339
4.042913945928408
3.5239040010010916
3.261752678683634
3.9192688975391965
3.7412706355695997
4.161618986392306
4.0271318296153105
4.138339939478912
4.393378403414427
3.292461260638119
3.615109631366577
3.7818742591295953
4.2472611534994975
3.389105228370566
3.762192957233439
4.579935959114337
3.8625968586603987
3.6704871947012414
3.8685537924451388
4.23175957608775
4.065370148135279
3.071696335855509
3.8854388528192874
3.893804448193651
4.131006571650584
3.528058338677564
3.8639405450182256
4.061805146246954
3.77048820089923
4.17569536823131
3.734948995516292
3.8235427281916756
2.6833395185094258
4.244571346619264
4.06407935053031
3.8195179437426967
3.8901021781288074
3.2491937390350705
3.430208924777499
2.9840406979184158
3.77844997770772
3.4957954358911474
4.113192098281014
3.995811997122729
3.976101307712784
4.061933049704112
4.070603804582528
3.7375265614531923
3.6609385063443396
3.8596349510888004
3.8690835215820902
4.457532467280354
3.23536761701069
3.3763898166240627
3.0529121805460493
3.72309722771907
3.6490091858164795
4.096428877765516
4.1544391083244525
3.704975007617588
3.737105179702912
2.5570688196977573
4.114225466680576
3.5907674704307735
3.150964055413012
3.7318386262850436
3.4426877554648945
3.9801567031535816
4.113821252439955
3.4734453221354444
3.8502754056799606
3.2122971802924347
3.611119939013804
3.271024230319379
3.6086352688697265
3.329658327322138
3.15756809071315
4.294839430677083
3.8038147561450417
3.487357799876161
3.63380878555771
3.8982627675389994
3.606512338982803
4.153829255977097
3.696725520959524
3.1594684149894263
3.528062102654406
3.3136330062005133
3.7001983849390294
4.145968362024057
3.302159041083706
3.5428771440673357
3.444261757931435
3.567937275683408
3.8137425806727543
4.100297496459508
3.6656322380641218
3.743457547684833
3.5927450501868696
3.8441783584885134
4.090168226105013
4.426829825217531
4.278315800375891
3.875667704226416
3.4389319853778364
3.0089423140199596
4.044085881238546
3.5015676087657877
3.367842880090864
3.9049522548247495
3.5488703518450393
2.879790144108413
3.146017512485955
3.524549597074583
3.6375477353419425
3.626729808520772
3.599538428596742
3.204785328431496
4.1433670038516315
3.84696194473651
3.7226033869781876
3.5472136606030853
3.3329480580504343
2.8145619257981807
3.8055279697143067
4.025307312949956
3.5903046980480324
4.183277543395704
4.016568029577998
4.030119747577233
3.587312135479422
3.79659747349458
3.830897961955385
3.2633303622922023
3.8766072611871034
4.052522858320761
3.5302162956776595
3.1406455781499876
3.7916605222037068
3.3703001285987844
3.586307681930488
3.676873130810252
3.965617374085175
3.8191147682218176
3.383728072441347
4.461730567262822
3.6441182276999853
3.867143213124076
3.667545092326068
3.3566684738463284
3.717812170772505
4.145568775302952
3.702026807862827
4.264318954793167
3.9223755764006976
3.8418759530588336
3.6999421003980917
3.8259700587837795
3.116854955356324
4.23486145762986
3.1977624464938996
4.067141706715098
3.3541922997444793
3.761777042823221
4.466557414700311
4.229754782873989
3.6939949966628562
3.112390164973413
3.7260645514415507
3.335269752625252
3.2382638507750174
4.217955171082747
3.474144022897219
3.7697017338321137
3.666273726777019
4.317359635842484
3.2486983379361334
4.242337922558345
3.861236940042236
3.820911960725569
4.287906503098239
4.001043631305627
2.5904878353475387
4.365839447427897
2.680232699433397
4.10507426236956
4.021785059735754
4.229509946207014
4.186552198114158
3.6350894127149522
3.8989235333859398
3.826069484048542
3.8816707523288034
3.587312135479422
3.499909050631811
2.945745362675535
4.127984423000253
3.7013897111804166
4.238764861458211
3.977384497235117
3.8553384057991122
3.9316898633315214
3.595893087390656
3.6720419822913524
2.9501279641193623
3.557991979524533
3.1881713274076375
5.436563574369689
4.301449998358934
4.189786178553723
3.8058955282317024
2.9632534060055775
3.2115865668772425
3.8524786949222385
3.8332576596448185
3.7934913202098537
4.156154659938137
3.8609759830732306
3.4718385504563383
4.126596784876237
4.224139719154794
4.213379226202592
3.110144836850216
3.6073144254574387
4.035986496969688
3.9107383484134792
3.5913574715716052
3.635691935820833
3.4765698062163217
3.267188460177344
2.0264886617660522
3.768496916539706
4.016853620719578
3.7684760278989993
4.020491527360893
3.958631385343463
3.496642711469326
3.9194697645772845
3.163201972691664
3.3623062326225313
3.9724446479580786
3.958421631757136
4.072896838194346
3.5682395337741006
3.666971373209936
4.065720560380179
3.7976578048760334
3.3366358492504284
3.922043625453283
3.663091013978762
4.182136610339408
4.091574981798431
3.5902828270240352
3.321452827041319
4.105711656491113
4.490773235738581
3.9410016523131244
4.225721748571462
4.072124847612432
3.9709294069941716
4.316412167163188
4.480434670664468
4.060927009157973
3.865697431621669
3.635547306901935
4.356944231272936
4.591204766381837
4.118579946582491
4.3864102339448845
3.8844585814831865
4.068732890501459
4.610219377788427
3.8835617579846105
3.4724201192487314
3.9347694699015707
4.185590453802113
3.8818605032287206
4.065836803204903
4.392394962246354
3.734526269199373
4.076946872403437
4.244252580055897
3.308945272136047
3.991512544464346
3.9227228423741183
3.5758175478164027
3.847384324729574
3.3335841666648904
4.2400505875688825
4.181743453425878
4.539084989352829
4.077431860683869
4.3109946777366615
3.972428827710016
4.379417827190098
4.27409763242085
4.232061216528798
3.910880972332785
3.9602359454652025
4.315145415490978
3.3962364619548504
4.197862560468416
4.5071012554966225
3.877750672739885
3.7844256838715458
3.9457555876950243
4.159130230876435
4.229146774835446
4.226327967427817
3.508804366805319
3.6431084991649874
3.7806513180475845
3.8201618423895205
4.209311449424174
3.589817453080366
3.880012558127391
3.7703034232959753
4.174351649549381
4.276103314588987
3.75045290098822
4.580971023921227
4.043995623654418
4.26269088877552
3.8637488261702426
3.3126861367090203
4.089424742815361
3.504373850512187
4.089604599355029
3.82327397097709
4.432352621609418
4.078048102232297
4.156766822509866
3.499021035451196
4.080855187628936
3.758783351558606
3.7432539780485907
4.403700585511735
4.379502573479371
3.947539515378574
3.7303706085582196
3.680466395614589
3.9310084011835116
4.44281348744892
4.306372190055481
4.132160204573374
3.3705884181148194
4.1374506010953995
3.4786905561851986
3.9056535042788396
3.8049601510028914
4.068737239950936
4.080721004571201
3.8917976319048515
3.752823902873118
3.7581327282381247
3.90123477088462
4.121623456267578
3.607711490956352
4.006018445661592
2.68950161903632
3.848624150973611
4.298819466597799
4.2838691757225416
3.6011388040174976
3.5540054084736417
3.9609016119116447
4.111737588772944
4.479193410087799
3.4311604437671717
3.8606692486624246
3.9687626922306274
4.222995650461213
3.5860254246053165
3.568820118041417
3.990508211955148
3.928183406083542
4.227026064545143
4.2459521483872456
4.477024727283822
3.8979251249579105
3.790333643800192
3.895248351690036
3.6785084815236777
3.469869064267785
4.480519702429137
4.163219406574637
4.304887893363948
3.7847593634513776
3.8678197568848782
4.0775579357068885
3.570938490923931
3.6911988987210167
3.704092783308636
4.143627232414239
4.159176562742143
3.8307046599948142
4.187881188246628
4.277958308308433
4.473266585740594
4.125983165913905
3.6912672167370966
3.887782967640637
4.747763222468654
3.640237657785474
3.8517132852538962
4.046765462574643
4.0072031233155565
4.423720355647567
3.228365812564788
3.7447692482596877
4.679157094504838
3.6553789739465454
4.1017408012976935
3.8873862006425006
3.4736089413126114
4.174792560945853
3.9621356361521176
4.657267466989148
3.9532866776612137
4.2622287375468995
3.324513257591148
3.550821807156839
4.07737378057443
3.7420218834064873
4.018357272808607
3.6841931767298473
3.741292607823282
3.986740370523402
3.571727016900118
4.22440560868201
3.951209215894499
3.8729679511580795
4.149250223149902
4.2845780800108475
3.8132507527360913
4.266656225673022
4.124632566074375
4.345477437675777
4.07955147282148
3.6307146049756653
4.333857805391043
3.7240358471205957
3.602828122252907
4.2572066501766095
3.742855192999741
4.116923272801479
4.064331453111183
3.6437697966580647
4.396866128428932
3.368277295453052
3.8977851610007637
4.058966462538322
3.988611705588455
4.368643226551014
3.883939512615981
4.500354966847588
4.451270537576158
3.73981511233022
3.933827687756109
3.849188538031836
3.7663080546800156
3.726204443986571
3.5571262232004766
3.922134073685843
3.7014272451194716
4.548174184313499
4.342881995940436
4.019209624354114
3.8591461294562395
4.080823952529489
4.188144783570668
3.7410879562265684
3.651857052340776
3.7470445212513193
4.150351662414075
3.6142800294737554
4.317010116062228
3.8908582748873766
4.318433722074379
4.196318400393748
4.20167724497339
2.8922245646966713
4.020278706419976
4.1744639242219215
4.221402353014389
4.187808899038027
3.640367309300481
4.022774641418667
4.4578441120105206
3.8919034061637316
3.392592357175242
4.192932278534018
4.412952614245628
3.9275939523958803
4.218076528605791
3.7288120948034704
3.5876462702222485
3.622373447416157
3.1402411439020783
3.613449992694328
3.314729631777041
2.6571708195499166
3.7889949170993438
4.5489997318067825
4.642140483539671
3.3068331744159676
3.4895766225277365
4.132547071869142
3.6773563781009297
4.13723116353606
4.365117917667337
3.991520282412994
3.67146453588558
4.3260230766403085
4.113033712498634
3.532070179894097
3.9593547936669466
3.6305329179819017
4.235938187864872
3.863525604415665
3.733481241583714
4.0689061151098596
3.6578287234108866
3.806229047243024
3.6218992827088963
3.890049787640336
3.8788644997239974
3.5930440670673565
4.3132564220516745
4.1364603031806295
3.5478064991574354
4.1769297761902795
3.643942807766832
4.043175973206606
3.8567985500066766
4.028755391786864
4.079741360094436
4.100114688108235
4.193350049328454
3.564257673010833
3.6458741491729674
4.074165831510307
4.123860341912275
3.8438841556174017
3.582904974608332
4.087506770694953
4.204758335142349
3.873815226821452
3.928640750062157
4.401998655563744
4.030161812919047
4.461263869171562
4.450396042074569
3.92519411260508
3.637093064420653
3.458825350839252
4.013485407630196
3.5503652698641295
4.000459290431772
4.409021871223144
4.254921896145228
4.2928183365702575
4.3644523900233105
4.245141555014395
3.2478934877374614
3.8077486694366267
4.278384991402323
3.9229913807736754
3.9001669909594896
4.296513217370879
3.9001746465505414
3.470956390914694
4.244163147848877
4.55002964786308
3.780788940197686
3.7745001090478043
4.160075369421848
3.8569108155659357
3.700586634151821
4.002545950894614
3.6102263114567563
3.4875706429936844
4.181402483835794
3.606565685637432
4.24432892339155
4.1487592521319065
3.9515460898761106
4.3474612509580055
3.902588595569375
3.750986351737955
3.929760950655485
2.8343570893185146
3.76029096126507
4.1617752276468085
4.194432105915169
3.6146329150246563
3.5888021808946933
4.343706451559011
4.043800643225305
3.6604966880945993
3.7889503039419843
4.0874689303708465
3.5051387106478917
3.5500796465623115
3.941000561666084
4.055439628899006
3.7001832794406253
4.535777531815349
3.7879274558626013
4.2422051908552625
3.9402391652716546
4.130479705035818
3.9432735255462994
3.34326200314991
3.9088698140178817
3.7368644250944145
3.1851531341898838
3.5865462387037104
3.463971409394807
3.9366097220925544
4.159928312384434
3.989932214101032
3.6784887532647996
3.7433993773181315
3.571744928821262
3.4545382168528316
3.9603459240551677
3.6593557382315494
4.48500988271895
4.123586417303622
4.307240433654289
4.01788024228651
3.9456150946892077
4.133097914252642
4.306151777220768
3.115988455564278
4.111800400807476
3.921348788666533
3.95759331942011
3.2821649458813553
4.506528285572397
4.210392818515201
3.715394573385221
4.268288782093397
3.989031455782613
3.8756086621608965
4.3968884070746315
4.044404445107608
4.318578146202691
3.6962192630464155
3.9781702034888378
4.115932856483116
4.3141812323369075
3.8430065856686735
3.5631146772078193
3.811081262646009
4.360561705984745
3.7640417127338113
4.046926348739584
4.17016456125587
3.8336775697322425
4.183166575560382
3.4796334828255886
3.5213811310025145
4.0765599631420635
4.007146671345104
3.7159074775359855
3.643519545926721
3.528981921267286
4.189706148977235
4.396713218210935
4.102056286254882
3.822609426761999
4.5441937955959455
4.459303352301479
3.825437432909051
3.157998103322426
3.661595709535585
3.5440402160423123
4.352139950991719
4.4563902083436435
3.7837923834866944
3.5181935475149784
3.800033443090366
4.492729342215375
3.1107054294258667
4.426610819605229
4.451839529694425
4.304001024221973
4.2973156239509365
3.8152911054255543
3.565565238184627
4.211093698655816
3.7682896353515436
4.138998727434373
3.934735329160101
4.162856862548182
3.0738684833129564
4.140328039327012
4.28262749093527
4.19415819039195
3.939219053190582
4.201331711849768
3.6713286126203206
3.790175580367143
3.773806262811843
4.003685780590051
3.974645105837162
4.338104641229525
4.081048143549605
3.212305210540241
3.597902301743125
3.720188576137014
3.4532910721182124
3.602824180843976
3.985037629609234
4.45085799070982
3.8129513143293376
3.643114644976651
4.257211417564279
4.1754853646839
3.908587451609397
4.416279110152441
3.449092106662839
3.7644607015134355
2.7491602490090523
3.8875890954412062
3.9918100322322325
4.174841102487866
3.698883800387555
4.080017175012463
3.9009214236172465
3.9180311325505865
3.7272026436277437
4.299595423699525
3.925408783048595
4.115295544562295
4.255285801589581
4.046809409161532
4.1216389970057445