2.921049298748264
4.183133264197677
3.9685215468084416
3.8376330571442527
3.6144205960358855
4.411488274709109
3.934369123100993
4.334414755916822
3.867321183139017
3.9033617101668012
4.09983005315417
4.1178764848147305
4.164621154034891
3.5338419792677933
4.391374410737113
4.125834487740753
4.141153788692112
3.736730478046818
4.645545411742527
4.048717069477537
4.7020919082797
4.069254006999014
4.451026033554854
4.4713994911723685
4.246092064504957
4.942640196166111
4.300257533098232
4.742870958649338
4.537669728623424
4.58824373613947
4.055693098057881
4.329626335341896
3.9878407982940036
4.167930512396689
3.9830812905012873
4.651111472005679
4.367802308186133
4.2530883366741
3.9371392096213396
4.301852120837117
4.783212124818294
4.697821384709265
4.482601106517289
4.398578418197468
4.61402821206434
4.379241385787594
4.833391853327541
4.1408605257014
4.640241009793514
4.178055553870096
4.465190042444983
4.2204124479394105
4.830677817330155
4.586614290836332
4.546451041549247
4.682301559407363
4.760872336797626
4.563132294426941
4.492250704227555
4.769538450470884
4.423519522533891
4.855888341553476
4.6161004431892625
4.523040576735005
4.654863102746582
4.45102503333268
4.194997233482624
4.839325407564608
3.820035579843862
3.5676278792145646
3.6652344433669652
3.803516231735099
3.4216799791247374
3.8139870984877104
3.8927169761262643
3.5968495619962964
3.8258444234847753
4.467970425223078
4.5391902417241425
4.642410663780447
4.2058468584840485
4.577929489816926
4.286234340967585
4.765330782520117
5.001399244153024
4.3871452164755524
4.551234482673998
4.252432668937397
4.503335409565852
4.313508128210777
4.79547675416267
4.989698734885703
3.3494575739428356
3.2167874583820253
4.012244516084959
3.7315084731961843
3.950606702431301
4.379485451137834
3.8402860343252767
3.61706652248472
4.489096788586031
4.432435115703585
4.059885530458682
4.045455900433971
3.8192281788004983
3.257870690889853
3.7465974927045846
4.390075921460081
3.965485451212115
3.8426386313405665
3.853594870781818
4.662893834623887
4.231797384317867
3.7220756632639835
3.661034929385748
3.841283977360387
3.5846382806981296
3.3580588436487533
3.8835123837051118
3.4820100388262345
4.352139209530718
3.7539073911323015
4.399581834585448
3.938204513374691
3.8225953315827015
3.908727330070686
3.580388612229638
3.7578701125732303
3.9083271080022284
3.7706652880870792
4.374446444653028
4.064178008771994
3.8805751257818852
3.6874015847082244
3.6753824856345836
3.6845267114765203
4.279572274328567
4.087368899383624
3.636479186239061
3.914466772216496
4.177449763557469
3.935287177800872
4.169446704811315
3.781051890650801
4.148941145989614
3.757165448612925
3.8860225340390633
3.3649001762887316
3.8212233157209208
4.130834028587145
3.991061352046543
4.484512234410887
3.7264752594575974
3.936244670283492
4.331719329423234
4.3224776708905015
4.1182185892450764
4.480958407090601
3.071920793365913
3.9159658329913754
4.0667863503885915
3.9252502093200645
4.0606324325721666
4.3507394321128245
3.795465728756078
4.310309587771573
4.516239241154793
4.114068381706668
4.001323135538982
3.9374688363223793
4.125632450530434
2.87284336935977
3.518813788638237
3.7939280984795793
3.7163477537502567
3.6050913337821338
3.63100064556921
3.6977796677550074
4.138961501404896
3.5399447527940353
3.2742587744529894
3.7530276244920273
3.988258824743241
4.3689725115736895
4.396961928523805
4.03243194400156
4.301969118432327
4.188760952656515
4.364316682090233
4.52060123500978
4.09197043115358
4.2430005444218315
4.487135081719742
4.1970117049662905
4.738607138122342
5.01823040651637
4.342310769435273
4.193275149114514
3.4906357539532626
4.128011135007103
4.248749456725355
4.133501138554823
4.849048429618692
3.7544781771612747
4.099365468313562
3.737335533721181
4.008062077266441
4.079566517369943
4.19220744948366
4.359073272025786
3.8090480641608426
4.516781637282958
3.579619314939398
2.6776715782114136
3.8648407578420887
3.7293439260542227
3.622497330063654
3.907662282032611
4.142885585639194
4.092119907493195
3.58910431553233
3.9582093767857973
4.312953963991854
3.653465111187453
4.5308686530392555
3.693619011170787
3.8789789164155115
3.0555442324494555
3.3389134263834404
3.470106322754593
3.4504254592766572
4.181679571135275
3.559238423207
3.8700880805841558
3.647962281623707
4.261960632351571
3.9184855689701314
4.684141870003838
3.641868938186052
4.120550005851397
4.2658274649301315
4.282080871916849
4.804953234885974
4.075411145317668
4.273609313656712
4.264489382296082
4.016708911156375
4.824272813675703
5.019013659184341
3.8858478412552366
3.7454574168947516
3.8097225397733974
3.559562012049456
2.978942894474385
4.07269213657229
3.4480466462646318
3.672310008851567
3.8467674755810473
3.931723440943217
3.9748084564089843
3.8249480634603943
3.853707498265422
3.238227747954774
3.666153540425635
3.701200058033458
3.583714759756545
3.6767280549916075
3.616984649756313
3.1911746351451535
3.369964437543673
3.9279737343200765
3.7889249883923775
4.2523396498788895
3.8761993785485327
4.440329302794308
4.400517911222807
4.493518917282742
4.097959847489818
3.9612012689587273
4.578065669465787
4.301079959600862
4.471220553965852
4.750197090362494
3.6240674752162376
3.6183269416965027
3.817089714156756
3.755986836762692
3.6476722478622827
4.270685446000188
3.49892710456613
3.6088969324872715
3.448738318330558
3.6673003852286556
4.032838908237524
3.7819513457203495
3.8632441578769496
3.6297385041641013
4.181241750316056
4.231715595474875
4.100376960902099
4.195802863158686
3.563680957653916
4.4457261741459435
4.292879375361851
4.942647569927907
4.115632235151121
3.768653118148067
5.0368733817704525
4.087057069612534
4.129561620269528
3.9862799506683393
4.004274529702202
3.3546401590549566
3.774347365782619
3.9580674664690614
4.356259864998531
3.976166832540048
4.72329266374067
4.012322711634411
3.7748966801633683
4.463093405728217
3.9818412569943877
4.393647681604741
4.214910929379696
4.131760294001386
4.197345278549248
3.1777098248130438
3.331828064849863
3.477778015264276
4.059021790971004
3.677865575891433
3.8532032066458486
3.9808902330102027
3.4994299374493076
4.372119350004414
3.073840009128202
3.57479572273418
3.722116958112558
4.298021438237704
4.490228039140321
4.138397579883773
4.121731625372904
4.248520675377205
3.784924174040384
3.4688213659964138
4.450148163024723
4.210065834292681
3.727088096308369
4.244119788930498
3.66266700028304
4.475568537564889
3.2628487640358976
4.169294820454926
3.712197101741017
4.658662758806274
3.8014688405582886
4.186651691803172
4.654487830628759
4.388869266691379
4.114835368981316
4.123096123553358
4.502010951508708
4.25560614797547
3.959927204651489
4.359322887281088
3.640212313076574
3.7041299511267427
4.081704519542507
3.16412800225977
3.709829179056143
4.065224910405677
3.887927185885326
4.333918291601302
3.661882101637268
3.8061936011955826
3.791196677283087
4.1772340088812525
4.968749665987167
2.6856800128308165
3.9175363599328388
3.977041697494364
4.094777405556102
4.2637284035176055
3.9310822644718932
4.167515811870993
3.5701943328252215
3.961041690319289
3.8277334442560695
3.8018917796448752
4.311588430760574
4.5079912497410035
3.7607468584579395
4.387286026990996
4.539096340064154
4.845068165560545
4.526563224841245
4.129420393437298
4.690305313289608
4.250498915462112
4.564891243745635
4.84764669042757
3.9848318566849565
4.362128122143135
4.251536809236323
4.273755419522821
4.316374057390234
4.039685255242874
4.4867507854363495
4.6167837405784695
4.314614552337777
4.52932146736166
4.038839162749322
4.608835589346339
4.312429812927619
4.018435919767427
3.6424522991667105
3.69578014793084
4.192607651226147
4.240207029466856
3.4890395625632964
4.381438221538961
4.160491755398699
3.8456538308176578
3.943672906994875
4.591253949653984
4.160295228505876
4.480726558210309
3.990577716816996
4.468111849412557
3.9435814330570134
3.9181193675793957
3.951030915114087
4.199004756301292
3.8657479780155732
4.012052347725918
3.461295357391751
3.542167721827775
3.622286820149057
3.7489719156973864
3.8285648092956035
3.8304361544225185
3.5032779062962813
3.841286969279248
3.8654403903452614
3.4105082879478594
3.850710100776574
3.8341641627545413
3.877609163483079
3.6648709560742554
3.880499334998437
3.0892008942891147
3.3869260493951074
3.1530439853668213
3.752430374854222
3.3722109028655076
3.510270990479385
3.113761270439458
3.482274490529358
2.9270123442160525
2.9603284974519926
3.8763472958454956
3.794765918596381
3.9386771118382105
3.796088548426858
3.693444502351107
3.649873975264052
3.963779588086151
3.6088136099951247
3.2673725702934115
3.993964668960709
4.316076649722129
3.3644309090191244
4.2529033603460515
4.212686332483819
4.384531150915748
4.03877480781825
4.4581991430824965
4.298267825225275
4.162774876783249
4.60393490769111
4.13695906395521
4.164262606442431
4.13522122846442
5.000851019256318
3.634564312649183
3.801388355436832
4.193250920003452
4.157502672659354
4.425895505595697
4.496026196851453
4.3160963764926725
3.7040459760100966
3.650957176674862
4.272179871490449
3.64572641691196
4.490419291000904
4.162942296669268
4.615967085961415
3.2443449791358914
4.030079908140659
4.4727507365572965
3.4284139979761763
3.9830317269559234
4.306041742277792
4.145863499374633
3.741914144465735
4.493926204845375
3.6909095614975986
3.7159386166069384
4.688052269295117
4.0570136378852375
3.7576809508627416
3.904845657681645
4.25856292939867
4.563495369663202
4.179686410168548
4.065831123197089
4.024769317291847
4.611514966796962
4.485079196303378
4.99064221154889
3.972590588529919
4.616133075799236
3.74080260280086
4.261649285413425
3.4764387147740226
4.106823954817689
4.088062008861313
3.7349185013470003
4.482926782688891
4.6502309345685
4.4235181085176825
4.232940295543985
4.8504172492073785
4.282360420119986
4.434468342879013
4.342614288677778
4.286793235992666
2.933145009266288
4.50259528644145
3.880844601725184
3.898892322304248
3.9781750709683554
4.346772863118718
4.329646854141363
3.9848906569855718
3.6433427364456183
3.6929444334670642
3.8375913849763643
3.7611288370742084
3.7775634784804586
4.613673075414663
4.151688469261892
4.061601311493672
3.7645894574550764
3.732473760013641
4.075995865561813
3.5751758581196045
3.9259789209139697
4.262991084136331
4.813975809460327
5.171783557612574
4.218832451751347
3.920462831754745
3.9999146364231386
4.2077913402835545
4.240619046045879
3.475575129109539
3.627046021061226
3.305389929727803
3.9909739142583405
3.873266474466729
4.762035242368842
3.9830130113082856
3.948673020680662
4.530692367112183
4.3478145512539434
3.7021406075610743
3.693535856303949
2.7130006941895433
3.1414538867710617
4.195852347345809
4.151761353086899
4.0516086867257
4.2760565751450095
3.904027051475109
3.882026662747797
4.721294600988
4.300928994587286
3.9829355679874086
4.119250576473949
4.244425948902161
3.5615005474993016
3.7430793876978266
3.5815399594976394
4.494410966439057
3.7851934860618845
3.8335786819671873
4.402373643985586
4.47914081203101
4.786881854542951
4.024555070525529
4.19292355321649
4.252784280696381
4.221609955762019
3.8573398272776513
4.2842169206709215
3.780945211105354
3.388844055590535
4.0775182253176165
3.804652789691662
3.708455740321064
4.11461379188933
3.5753462275983403
4.118690088806736
3.6921262598508715
3.8193993478148354
3.3218285883086125
4.155620914827343
3.741472128800969
3.521364125568649
4.632876694483151
3.713926254258606
3.8164550213853135
4.122648163193091
3.7596551904412645
4.667899886297068
3.9918660959816155
3.6045549157806995
3.707411301587716
4.911640316757397
3.983704498344868
4.130974212349697
4.077861951657308
3.5064966415240804
2.717912269284361
3.4628445140592525
3.7925644523939672
3.594201295735399
3.680100019001814
4.893566495537936
3.598273428137025
3.6716818084743057
4.004113839079917
4.059991569257541
3.7193769368188594
3.963866201352562
4.2558411212101355
3.560561417325712
4.045634094483452
3.308564966250346
4.177860191478852
4.016717840650372
4.0498752221092476
3.4965107312144683
4.398219937695471
4.035663715902058
4.253181583109449
3.756058676410722
3.756071196541046
4.2212406742116535
4.109039094289008
4.340984164582197
3.6845881113414105
4.462045040303527
3.9372403164304943
4.18962570024432
3.780215259158836
4.684391924083522
4.462909736499631
4.6689913545988055
4.054693539162222
4.405124721530287
4.6499435136787515
4.397932443613045
4.854407440787536
4.107997888662128
4.619695288064056
4.17899618057426
4.567356821188766
4.1056363868118595
4.048383938682983
3.784935240664164
4.015937804556197
3.952088076598825
4.651111472005679
4.345724348925506
4.162666065552665
3.779039974632135
4.293131817456963
4.241629660336291
4.78466884145916
4.420760976058503
4.018251129870031
4.305465645222732
4.153072834364783
4.833391853327541
3.8636755075420384
4.604382616481638
4.136355744807175
4.46280669448219
3.937839445591405
4.304423712181335
4.440695805103258
4.699033283685885
4.6708322834055975
4.760872336797626
4.756543111812153
4.480273790635756
4.769538450470884
4.443079004494846
4.553644476548
4.498771640334952
4.438251065548082
4.660389802466279
4.3668354379827115
4.394787719912815
4.924955280137501
3.8969184782117696
3.6258236492917795
3.6560109747450857
3.974290926985382
3.5950911622819373
3.908918668414822
3.9402994460250675
3.6019629315565864
3.7396053142821133
4.460499294619514
4.263639135620764
4.2622716238799585
3.898585804597529
4.337606694794832
4.393920338746349
4.765330782520117
5.018362235042991
4.329580268863245
4.494555544372869
4.262140126793522
4.460862662368583
4.29470011129458
4.79547675416267
4.53505563548865
4.2577649664687005
3.021130231848307
4.1185054559517305
3.8360581815123034
4.002592297246588
4.0967479363058885
3.8109751113596184
3.6850644111353903
4.3958485994177865
4.452001044874361
4.0539234528693076
4.1990308399583665
3.824135554246693
3.1809987618474467
3.849010137465737
4.295940316298014
3.857486662784863
3.846047216882585
4.003318204157962
4.673193186890535
4.120153037419949
3.892046427568407
3.6064615078861997
3.787936821433436
3.4154559320209277
3.691320736892723
3.887822646384583
3.6685942915190983
4.446094982482909
3.7309704336139813
4.435249792666909
3.867032997177777
3.872840801626883
4.0025078932132025
3.9170655125558342
3.7495098261648634
3.933150549317279
3.7671627316488365
4.382610574426834
4.012064674778209
3.81603297680152
3.6836306794676386
3.6644185658397292
3.707368019028319
4.179949476853597
4.084052292586278
3.725295753379471
4.0494576375969045
4.182251257757004
4.06381289463579
4.102001222280971
3.5892627884257484
4.210930162078271
3.8452677703913287
3.7721345312405816
3.9206059856693027
3.878043348518089
4.055108404954915
4.110666194767322
4.704811440707207
4.257493443996303
3.903571752141408
4.077517719314459
4.290478089317213
4.286234933072597
4.410301709075531
3.2527251635971073
3.942779669477272
4.048486815899335
3.8793790892991904
4.114943983952567
4.303122351529613
3.763931621194856
4.5073299845800125
4.4798679738693785
4.095533100205907
4.105005687544603
3.825015415570844
4.017710424771285
2.717900472651887
3.3328971199718476
3.653188009756915
3.681856343542078
3.419005824622124
3.612664086545948
3.695850419492891
4.0678181763959085
3.714352104200311
3.2139725880769348
3.754158159053823
4.018209502687888
4.407726688402832
4.297697312485369
4.079289236475205
4.338915980448585
4.416738193558336
4.330293995643768
4.639942109626144
3.980464434469237
4.265412585583381
4.4439231134096016
4.252889513662103
4.738607138122342
4.696679669108214
4.407806017444313
4.041456238755934
3.4882408796659656
4.115717960657109
4.2259761533246865
4.0937354480447405
4.600872820301145
3.796250082557293
3.963450001954575
3.755274159120959
4.138190657776366
4.273642945684314
4.488615461383818
4.410383539840781
3.8031016607218375
4.417690029827816
3.7262118305374035
2.8791052587746933
3.935657351065574
3.7858549130493846
3.4109058945544506
3.951605425096507
4.131368984657215
3.9084494273685295
3.7036177164539907
3.880288310904337
4.391343665802467
3.6486439878281227
4.499527058095609
3.9438951828477897
3.9443323547164097
3.099991312838083
3.352343882297564
3.7378501857064763
3.445079367187339
4.347268043447301
3.6000732109438007
3.839841149424957
3.632631437650309
4.2536405440087535
4.310979717167478
4.784785412556319
3.828894009059292
4.156948578108541
4.2634918825344705
4.269168098200792
4.737089565343728
3.867025116827833
4.276605996570657
4.222256921775537
4.106367332804121
4.743876666755998
5.0698164448275875
3.9302770970939958
3.7213655762926345
4.1241786582028075
3.5014611184973603
3.4643109718574467
4.098384955516445
3.57327210025613
3.752682354001707
3.9688847571580723
3.8465961985689123
4.061493366462987
3.6724773983078896
3.7910892686626516
3.6009100118231743
3.7125091759365145
3.8429830466666584
3.610250335099208
3.708296037628686
3.7621343865952643
3.3771948365035893
3.6331605011203365
3.842505880524724
3.727679885029587
4.126451361439324
3.864969775913929
4.421985957133987
4.418257124681494
4.493518917282742
4.070307088544452
4.052486942475522
4.363143898792119
4.243404876069706
4.480253698760812
4.766433441821081
4.005986409274878
3.996264224796814
4.150927961027375
3.818053273117805
3.9912721359925873
4.0280876592608195
3.991692647282968
4.016860017980043
3.9466508262256492
4.348585318542115
4.3877673785352735
4.382054907069747
4.261894826146765
3.8155213662235283
4.152633301767969
4.231715595474875
4.077899518945864
4.178429685116615
3.651128438941985
4.472402491411769
4.606185388108808
4.745483130126614
4.119620967736335
3.8267130611632596
5.034688573228209
3.986205937730291
4.1529538024622425
3.9976715437151125
4.065626535601081
3.4496532503496082
3.8752093869329007
4.123748005600985
4.35437448723441
3.9169889424888025
4.638679080199584
3.780477990137423
3.8142206601270576
4.463093405728217
4.073376405477994
4.329507408275388
4.121575291691398
4.083336537367019
4.024247424411323
4.016042072885167
3.3418926658871966
3.549923225025737
4.006955590407616
4.161764443295899
3.817950851712724
4.254482185411335
3.5707416002559773
4.268567306351356
3.1065096197567508
3.5652285440343436
3.770728384908467
4.001223448830993
4.269915100951202
4.1439675173808554
4.144776725950289
4.307835322488594
3.8019793394065893
3.4367538898141925
4.4012388663890505
4.2939623913135225
3.7480930187139707
3.79621120063144
3.8002993467726918
4.402620291164494
3.588153800604423
4.54691696525785
3.6556125774034776
4.47544817865691
3.84514119871326
4.08917090931011
4.738171054271737
4.385208624185807
4.086112253462634
4.192045860463533
4.502010951508708
4.304350486922629
4.061616562597219
4.495927644954943
3.7224023132461994
3.5508034874669665
4.126029458681166
3.159690247864121
3.69700986912278
4.065224910405677
3.885034417162961
4.371662510828905
3.758575619482599
3.8953547445464345
3.740291758959421
4.145004948689797
4.534001952976178
2.853230291406671
3.7658953357607117
3.932475449744298
4.032296092767695
3.7410526727366786
3.9025072872121505
4.0932616138508795
3.5919624658975096
3.655512735819128
3.9029410220419307
3.7279265645804123
4.300655394875519
4.36035425132392
3.7209802537755308
4.4769980932873885
4.424351866963791
4.790561978079268
4.41229216929991
3.735397510720274
4.681698357150544
4.249976963182316
4.465859762658148
4.664683181347506
3.8566538424748185
4.5401381697511525
4.4114565713286025
4.3042486048552435
4.607600978358633
4.0380584371583765
4.518415876107914
4.2024586489164735
4.404448150917996
4.5729783456861925
3.945655844769062
4.622150022359446
4.446481722959866
3.9511295625666656
3.659871212600331
3.748249328794063
4.154268968284573
4.150344478390716
3.6911008697060845
4.420249899230374
4.366651916588953
3.7933910920674254
3.9485768699569994
4.625410917574354
4.1084631763259996
4.5022874483789845
3.8105293955576425
4.472245420771861
3.140797539037105
3.8541482721113725
3.874212508840918
4.214005127684136
3.9891612941978543
4.037737510401621
3.401266769377896
3.744095602512874
3.621888756610004
3.6134384139943387
3.9881466212002192
3.9821070209546674
3.5096257341688624
3.609096101796782
3.931614111474702
3.5299071681511984
3.9366893526706197
3.8968551609868474
3.9021224603932416
3.8375760255425213
4.015104452141735
3.054804619038876
3.4372465329671176
3.2402282036274554
3.788037593782539
3.2872899312842803
3.579479896219949
3.1525545319415995
3.3983796575731438
3.014640101668707
3.0250041769778147
4.393338922193092
4.0339751323182735
3.873592754787692
4.036958749559366
4.04220148131731
3.99224947885995
3.9095346505264272
3.4680437485018727
3.569618498239976
3.971834192996062
4.197945260755185
3.4403248613718165
4.32208130391432
4.163077459461164
4.561620507558328
4.072310373490756
4.590503953788632
4.43785276714237
4.133441232975538
4.55697612195832
4.2588322955390066
4.2893868291946955
4.096009091850585
5.073683023487417
3.567855108185638
3.826974258259149
4.241158228580907
4.276859917457192
4.396583210667929
4.474085711306343
4.218846207486954
3.7639193102529624
3.9066873272043443
4.175638485096975
3.465134938862183
4.371233309408284
3.87281293763979
4.377237630499114
3.352993923919432
3.96940969089709
4.468222947973285
3.7470211998200824
4.12081113526142
4.311469410816271
4.167321656357782
4.0260436968169655
4.3153129399141354
3.9369861483238493
3.9267803821200875
4.62050768726608
4.01015305483747
3.9515664664372756
3.792304176783192
4.179321558473641
4.659012611653534
4.369521002805354
4.091504923178727
4.0327989738387044
4.6460196358844685
4.54378935042663
4.982605303246408
4.3579688892591975
4.536341103695069
3.753814425604556
4.379105204920304
3.4188451701676814
4.202312736529532
4.02673525119237
3.6073183698925586
4.371736404434863
4.554390067323628
4.428583146382928
4.185395931795682
4.87332598702558
4.293390454185931
4.37663129652649
4.424378486545907
4.079607460269767
3.2137744439580898
4.50259528644145
3.676924476892715
3.680933969611943
3.911698984780013
4.069380202943878
4.404564124168474
4.0617559304304365
3.6845337339069415
3.7814456333593105
3.8433682034149066
4.165733856573896
3.6332903549109044
4.625946955723046
4.234695672618101
3.8406708584215483
3.9503532891051165
3.745392843289707
4.289404719875495
3.5657860857497434
4.426236582195054
4.283989112758062
4.714258061138764
5.195883273601796
4.133110435340315
4.1129656646801855
3.9479961996872843
4.258668153754071
4.238763764647063
3.7532277218338237
3.78419861065869
3.4865401853863887
3.936446099513075
4.176093911346223
4.76924658662171
4.046734234096412
4.182055977816193
4.638325516540651
4.429976284079932
3.8765020095224703
3.693535856303949
2.7164119457905502
3.096256141878274
4.208750833860882
4.27311791591039
4.025524662378306
4.318867221906289
3.762276162106792
3.7831552219581424
4.507852728971246
4.3683905272181605
4.019423388520999
4.146036778235101
4.240257509093787
3.6455790340644514
3.726215205864259
3.051940310671987
4.490133579581181
3.815172979924467
3.92860599794714
4.506695176208123
4.552725043858917
4.78872025530999
4.072023892848413
4.276693470773142
4.41886684784351
4.328549926158974
4.0189801759382
4.2827347118309795
3.866324930975128
3.3699374137686506
4.133435411274049
3.794962999912213
3.6645692625800397
4.044462075049842
3.730170062108464
4.073400918206371
3.8337623089854462
3.790539042560461
3.4863811000915597
3.8981659448951804
3.761338777258783
3.6374444297464983
4.711899772742051
4.396014097192785
4.283215754450485
4.0445193177684
4.175840985842687
4.556097362003557
4.235996071087711
4.121583356399422
4.130258993525418
4.911640316757397
4.298099888400278
4.204405231300891
4.101007412980947
3.7267430400364203
2.8997822800909248
3.59007125858971
3.88782455512618
3.5986071313600645
3.633248000830978
4.610925192934783
3.6426101107432713
3.458036382204908
3.8966430791517648
3.9507366403031337
3.723009420995286
3.9442757669533055
4.436913462366516
3.6299557243147618
4.059754315698003
3.1056030104899754
4.142781388828018
3.6011210902666746
3.954097867007829
3.5848738913476836
4.111808346527107
4.005249987360527
4.206395212023534
3.809168985672481
3.8047836001889923
4.175977815326453
3.8508096862135197
4.375774563714542
3.80910241974491
4.381902811152945
4.087448848750654
4.208947930534289
3.9301923429965586
4.539106781881946
4.437330713667265
4.681855579681699
4.1510930246174205
4.5012033977081485
4.504942675498004
4.340908732983557
4.945945330791315
4.351280058715979
4.77207199633547
4.65328889429143
4.547394453242999
4.046222371029199
4.228497681478949
3.507145373029343
3.9667409668663023
3.79749294557182
4.643678789458448
4.373655189165502
4.2530883366741
4.044427312522953
4.320104672870285
4.729154892805427
4.771471814709598
4.450345102358408
4.058642840850938
4.710673602831954
4.478494206302948
4.833391853327541
4.185346673090563
4.6403193582226585
4.178055553870096
4.502808368298335
3.9154388502031403
4.7594625440819485
4.586614290836332
4.651883842000158
4.73641615526092
4.760872336797626
4.756543111812153
4.511581438722527
4.769538450470884
4.438605081373467
4.935883718116857
4.720736836084119
4.4219688334870675
4.709073622504482
4.45102503333268
4.34895165150916
4.917341171323581
3.9687375637516795
3.7503997379068372
3.608688443529945
4.0282138536717245
3.6262947218380734
3.926236456580649
4.009566465642218
3.557800407297079
3.7375649123107646
4.506786662509528
4.564431048350732
4.570311882076043
4.276725267078599
4.443988130611322
4.478032460560875
4.765330782520117
5.018362235042991
4.5727717557047445
4.518458727223511
4.252432668937397
4.575880995021414
4.182720494659844
4.79547675416267
4.952437603963121
4.050979662631862
3.086063054085966
4.005378420186646
3.7372670515874153
3.9020500374141545
4.283533929899018
4.1443055994756435
3.5657829212810404
4.643849763464637
4.5240304979971695
4.214776468114711
4.335598652889283
3.783752190416063
3.0927485978310765
3.849010137465737
4.325389351499085
3.920202246946312
3.852943585632353
3.6207937211613217
4.6657642383790385
4.212289382209743
3.8106135105257177
3.664301641903566
3.758368215541705
3.7924019447402912
3.402073662354217
3.951856957200275
3.3773466673453902
4.429607490898756
3.6352876012842206
4.478753804810912
3.7578614038760443
3.8257609213438677
3.800597224442112
3.6952623142375467
4.044038706681745
3.9735158899082226
3.952498460580098
4.411937959813505
3.9903665624213
3.878584675498554
3.650201235388595
3.709190566827105
3.7002058639345465
4.3050853423888835
4.084052292586278
3.738968010531762
3.8878119718515936
4.125692878521111
3.9520520743943583
4.195898715277143
3.666179810734035
4.2113447936458055
3.817306480802412
4.035937555233185
3.34685706474393
3.8182584599826814
4.122956947676734
3.959848699194418
4.484512234410887
3.5553404460992004
3.814889552944865
4.247129074793378
4.31550054301422
4.251555475261171
4.509553387454923
3.1484833855992704
3.849025454011746
4.052218261094126
3.8719654416764193
4.027534293276754
4.342972897367892
3.795699937677543
4.275330619842843
4.418872401590045
4.092673438401126
4.059246703774277
3.798459395884839
4.377536662991443
2.886308901146397
3.330973161709271
4.006328770896165
3.7864259642402245
3.610040385056617
3.5032971786489417
3.7062042475431607
4.138961501404896
3.5045536886106783
3.337913717566317
3.6995985305772363
4.145624475494454
4.382665749118409
4.396833292806719
4.0079599578687874
4.149705881068799
4.470807569090487
4.266363236704596
4.549646028411406
3.9781749936956476
4.33220344021172
4.6368664970581115
4.182707329133331
4.6508534748944825
4.79270835902491
4.3607794665018265
3.9927306889836642
3.653728956865211
4.1968284375934495
4.2851482561081475
4.06213631285684
4.849048429618692
3.7310130845462535
4.192496283102557
3.7237869900200806
4.002098214223766
4.315858693627332
4.362207448304063
4.359073272025786
3.7838929084897646
4.458180955755141
3.579619314939398
2.790890834006575
3.90059700089808
3.7338213274684096
3.5367439374129823
3.9560911708353967
4.1612153215261865
4.062699574489251
3.780514411701006
3.8925924042299167
4.276960799438747
3.733167521721788
4.499527058095609
3.9066115519846853
3.8905678573063183
3.0851791237494273
3.4426055728024667
3.750596420299449
3.6141734505385283
4.372494435857394
3.5940322295953644
3.8445771949215946
3.750337414398202
4.307111132998304
3.98864245838531
4.71141507624173
3.8451465132848845
4.165136504654415
4.327617274605782
4.3522634326782645
4.654634073679668
4.10769589108981
4.161480283480902
4.298178469963992
4.055070239907207
4.845169604118469
5.002838679177893
3.92674378276679
3.688553537811602
3.7686570716735837
3.4807845139737887
3.5125783837200433
4.1042927537577665
3.3123740842773923
3.5946091649455427
3.7473272030474263
3.829015643224458
3.9610711172864805
3.7936965010450456
3.853707498265422
3.194816306196814
3.683445006945318
3.784947836676395
3.6435067890646
3.674194168926349
3.6159934067861625
3.320159040702135
3.6842211440552344
3.8360290378587196
3.702335893518632
4.13220993327155
3.880226277368863
4.422289487575611
4.394728041457958
4.484121499289468
4.314309561696648
4.022024169699688
4.578065669465787
4.254480619963782
4.471220553965852
4.623228808709986
4.020853370467963
3.9779720310153763
4.0884665984302835
3.856778486140392
3.6937989956115826
4.122596296084516
3.967636651888554
4.112895264011646
3.8696283019215256
4.35382878576748
4.396674301284256
4.4363511273130705
4.332621138787511
3.8025783842416234
4.130362306724789
4.231715595474875
4.100376960902099
4.207572373435896
3.563889189832528
4.391967514017325
4.251262079496282
4.946783612616315
4.149780821660995
3.878978327264284
5.050726497586502
3.9592345598514562
4.027927590494915
4.0487811421184965
4.066969101301537
3.3393464712939567
3.8442308516615933
4.129933419876258
4.343554984156221
4.049738088150475
4.983331576749702
3.7993297082923814
3.8580519735812198
4.463093405728217
4.063446055868245
4.374795341975075
4.138399495441384
4.083817559839573
4.185156119884203
3.3096474755004506
3.307610659152342
3.443553260031928
4.189809610750875
3.772984126929793
3.9015427698869445
4.1026290644119054
3.4642212707282836
4.325670473555611
2.956445738605444
3.578851537588985
3.7585890130241637
4.249626720007512
4.269915100951202
4.150006143503705
4.163609428590141
4.267002109723611
3.840902717053904
3.504725150842405
4.3404410958175195
4.225204056719556
3.7082913265504116
4.157746812742837
3.9030620076371285
4.530199991165364
3.088419989975315
4.525510581894178
3.707974161812079
4.784672612192969
3.8709244475192843
4.315344785996398
4.683455267163259
4.570127760335854
4.119906151676498
4.1502043121682295
4.502010951508708
4.3756390376686785
3.9906579245747986
4.474645408465446
3.7750049105635703
3.6319653827976186
4.035227808552241
3.1791665688370654
3.7197566429769617
4.065224910405677
3.986475028146846
4.350755923975303
3.7107303750531253
3.8357133102291705
3.778560625431931
4.199158760606775
4.8945661027541405
2.564288520965845
3.7919383270169673
4.048205194873903
4.032296092767695
4.244484143395305
3.969231231633988
4.199208196143097
3.5122719074422264
3.942727658022805
4.019378582557463
3.7453455408392182
4.399136127489193
4.344074461589796
3.750321402031056
4.331717753602459
4.345624224412952
4.845068165560545
4.399996501411284
3.791694599594665
4.681698357150544
4.249976963182316
4.481782666153329
4.525899731646665
3.863148160019934
4.348847129471307
4.453686667995381
3.956399165589355
4.541266792852708
3.9485639702522635
4.458468828786765
4.627992640978768
4.328686353876157
4.561568738260454
4.156058091927208
4.8254705505861555
4.371486359592355
3.977409375695326
3.7778790572400918
3.6707949154276864
4.251084155457966
4.28612294872215
3.7050066060362243
4.383257454758576
4.2167803368139705
3.9248422948195385
3.9714149455143435
4.625410917574354
4.159813073721664
4.480726558210309
3.9588118797375014
4.468111849412557
3.9069087828050617
3.714996324455794
3.883111979279308
4.241289238123973
4.110567440821528
4.044604978301045
3.323408406124237
3.598538491631447
3.548699293249828
3.8101754276194733
3.847377091105759
3.8663209617979337
3.525412072795115
3.72248757685242
3.9837101884084305
3.333027244538508
4.074580321302742
4.033452119568793
3.734028542594239
3.5166954574892504
3.8964579015775778
2.8903549010241294
3.351441826765755
3.343621556403571
3.722134177573439
3.2904288753414095
3.5443077435318044
3.1785256145204737
3.2835695030740837
3.117624028600483
3.113931863119478
4.449836133826487
3.9823672181946037
3.886328040232033
4.056189573061094
4.018240234400217
3.8929389982463345
3.963779588086151
3.4777401667009755
3.4650805362192623
4.028506855882768
4.34770241125805
3.3644309090191244
4.205141458543284
4.247611408528883
4.4068316745608875
4.0666715745155235
4.606382985665514
4.3307857528203835
4.237653335377988
4.649549467980439
4.243535322377346
4.275611986028137
4.080109153635139
5.016364225679276
3.571648955317767
3.848164932746821
3.9794663084536186
4.241651949302116
4.3795376077564505
4.513550561056338
4.286092985218217
3.6773553831964416
3.971342118802958
4.3061804533994135
3.7070370085678563
4.573472655114481
3.8752398998860187
4.205702833231191
3.287458029374684
3.963650213310793
4.468222947973285
3.600854737014542
3.982229254145821
4.288913868011415
4.098447750615294
3.976564470394032
4.503492086107533
3.805165566566803
3.877155022505801
4.62050768726608
4.059892456236318
3.7891421711268722
3.8638453055560795
4.209900470330733
4.801361299643261
4.312850043250293
4.104330814402443
4.023767918893344
4.637680249520775
4.485079196303378
5.030064758715371
4.190718679248592
4.5411174395737
3.74596540245901
4.400579263257387
3.3202884724801405
4.134600390090241
4.102433848485617
3.7378666303982846
4.426362092673119
4.656947477489462
4.433372704065695
4.136080071793898
4.87332598702558
4.229496299466663
4.410537740244628
4.425304397640224
3.8440868740470293
2.9452000122356665
4.50259528644145
3.8166119339840296
3.338109887720549
3.9431215102183486
4.128235283222086
4.383845474485925
4.064942702913534
3.6332960153725256
3.7788067145078834
3.885817473505509
3.990105884792817
3.701633162203679
4.427538133043452
4.255464118430939
4.029398985762608
3.8685940538531143
3.7411963173746923
4.4157559019733785
3.7610085365900714
4.287692918506054
4.232282964512378
4.636462364208611
5.37554415374591
4.209791057141693
3.491512703281958
3.87588708473184
4.006391343921845
4.2325598803217055
3.621759248230089
3.7720664442381637
3.3552361736279974
4.018883908126844
4.060126485499974
4.76924658662171
4.027506004259741
4.124293417011533
4.638325516540651
4.3488579824721665
3.755607434639048
3.693535856303949
2.72670915907585
3.0460309817971254
4.137103804981574
4.166761945499745
3.9593339891924293
4.3062588179805665
3.9008873114796647
3.9194967445142703
4.805608597579321
4.387754957510464
3.930386339297765
4.054549497223955
4.019889622496383
3.6584084856185397
3.681298861841901
3.6084577424641444
4.490133579581181
3.5123631273760996
3.7795348020834427
4.29439964044243
4.387436757360253
4.619996250022259
4.114277951076234
4.178479888111614
4.294672115378601
4.457486846950607
3.8766067275095155
4.309730469697366
3.7828073422945527
3.50636983362322
4.266152087945627
3.742444182412923
3.8267749178662034
4.28174992866138
3.4311596690107966
3.994545625922034
3.6632061496607227
3.795167304977577
3.7149187374776966
4.151134074178666
3.877907888424064
3.6981957168567963
4.605672987219671
4.389518555294185
3.8232235571023163
4.09448859848716
3.910182510257438
4.704710923104244
4.175853414939957
3.627947559689064
3.8849406190923075
4.911640316757397
4.196266159117339
4.172185242336907
4.090561141143341
3.598267328395241
2.8031437775348707
3.5054232642446275
3.8945058194300772
3.618774146916059
3.5189623702186905
4.610925192934783
3.589937308771983
3.6309860477101257
3.981845930475451
3.9929211546022114
3.9085556825427132
3.9344419446856884
4.257350959403089
3.689756670475355
4.085490877207649
2.959817089273507
4.016325813262177
3.6826556871037015
4.094013229477615
3.6025956576369906
4.257936960671449
3.9259378676917125
4.1769570901477415
3.7461353580601884
3.8101183437584227
4.233374685348481
3.8264161168081676
4.120137978121869
3.643488443013359
4.330791996053465
4.116539755214026
4.163869398493367
3.90961377440593
4.539106781881946
4.392942521912639
4.69511960002851
4.073617371817874
4.405561474286492
4.1893793241854125
4.231612035652448
4.693189494642942
3.886671764237926
4.561942192979149
4.6933747517549005
4.568781621495645
4.19535950611543
3.7885919963904593
3.598560232727026
3.8944544979780584
3.749985710931232
4.572468939203693
4.306343923491957
4.209702140730451
4.054638113111137
4.5402151199273115
4.315043779563448
4.701851403506488
4.450345102358408
4.425738535394128
4.631064294244357
4.413201100486884
4.833391853327541
4.057794815191582
4.669219778102505
4.071704901228322
4.484732367124358
4.239940040185598
4.284119808175049
3.7674782455835265
4.651883842000158
4.334018847473043
4.5781569319516535
4.756543111812153
4.426164520822137
4.769538450470884
4.374272560874009
4.8414999060033805
4.52474089430849
4.467145169724468
4.615799901899211
4.322071497424881
4.168763921192062
4.776227856003035
3.777896001013571
3.6632252098389024
3.61619637017402
3.9671247807859213
3.582429706360129
3.938977257341219
3.9628097556828976
3.6810364488283307
4.07372729070719
4.518850296245698
4.572734434962101
4.567536083592229
4.212803211655185
4.5894530658594945
4.207869458744044
4.765330782520117
4.855941628986648
4.387557856009958
4.487101969475912
4.159287555585408
4.543435680150273
4.2293345250367995
4.79547675416267
4.8800012065218645
4.306566424699286
3.2379968892156086
4.005378420186646
3.7907983744986122
3.9217823956559608
4.164727012210576
3.7619301774149267
3.806412924699508
4.583020342672835
4.396531517292687
4.0084996067637135
4.312279521307969
3.8251740193868864
3.3693033777953794
3.8907842784067155
4.308730233777045
4.031466867851219
3.8071423186903894
3.570948008654401
4.762687381191781
4.174500007720398
3.76748474857826
3.5938973262168004
3.801030301381653
3.6125073119747304
3.430075489183385
3.8834912905408436
3.4262000177108143
4.611577835398368
3.6804917202583383
4.443199332099926
3.957448990996152
3.7828078545439787
3.8158090803554643
3.656005315536777
3.8368872672462397
3.8599201839663753
3.7877429232710442
4.252823400332423
3.9889309931832044
3.842917527429476
3.6381543234843443
3.50437012303973
3.689794983754254
4.201537920995328
4.084052292586278
3.740127358149305
3.976282997925497
4.259148845502064
3.8737659123086123
4.133387898135002
3.5707495989400284
3.9563119675230682
3.8561526167148563
3.847612347460415
3.8661430974683304
3.8675177507789162
3.8609185048869663
3.7449349393918094
4.608572259710796
4.250083497592585
3.853918825887031
4.303553044702561
4.290973452283482
4.284782016004942
4.457065752893426
3.2350342071455116
3.726341092647032
4.087467711951247
3.747269510365463
4.232540042649122
4.113784380376747
3.7499102131369773
4.47501724073011
4.525429848813889
4.075881262057157
4.020972584658223
3.858214170483093
3.9663662230928147
3.0679433753379577
3.377496396521783
3.6718880687407855
3.6649943146440838
3.4551457599553173
3.6161457743539236
3.6773047259784217
4.0447927500518945
3.6011608103026895
3.261494763829152
3.6463595620202502
4.117529001298856
4.354027107967257
4.449658093446734
4.085237867499909
4.337089865598023
4.406781097041337
4.130367535262373
4.46466357810985
3.9161766964486535
4.257184546554141
4.499540833116889
4.199467622547993
4.623650066887111
5.0120932614821765
4.332709546941745
4.126898823137617
3.7041320092918024
4.195983965321888
4.220599496951975
4.01559043841071
4.488542998314861
3.796644993031639
3.8665542746987196
3.714364494951956
4.138190657776366
4.2245488241477585
4.290097008050514
4.485400070644324
3.5893005416803474
4.408919348638557
3.579619314939398
2.6615905507102084
3.867793588136206
3.6306412139699145
3.5338576414494525
3.9786766585774718
4.15596977652777
3.9203618067421324
3.6020981949097246
3.880288310904337
4.276960799438747
3.6181886495131055
4.484364749259748
3.845762831557399
3.8983789419631263
3.387332520671778
3.54572702515347
3.753666388235947
3.733002978472457
4.364782024845193
3.585755931133088
3.889969735413663
3.725561667508055
4.1950893978109285
4.046995697411973
4.77968521049325
3.8451465132848845
4.201747775839833
4.1896995255790115
4.209637591801826
4.684262407768697
3.893465327995174
4.276605996570657
4.210885686523702
3.957185256165569
4.809024435654404
4.45715641582585
3.8788483474184448
3.553283685190733
3.6809576691681025
3.52372526786847
3.6135824479681364
4.035590090031228
3.6438987508833964
3.703662872116944
4.068481069241252
3.8922235217844543
4.019023232427046
3.717435082173217
3.7395514085222454
3.440054208602308
3.670371405669173
3.724542254145825
3.622269606747327
3.6316173061350865
3.656317761516153
3.2547702649340486
3.7629475403138697
3.8883002562023616
3.7867906808444003
4.2825810700591305
3.86356240274396
4.422289487575611
4.386062756237095
4.484121499289468
4.043984572908611
4.176543184764453
4.572710715759911
4.23141465304659
4.444827717435038
4.618709037217901
3.675281783672933
3.963900401377579
4.059789534963681
3.799894443676937
3.986457478205807
4.058248861110732
3.874543259667174
4.0295608474227915
3.814858611251029
4.412079614425679
4.40802766757135
4.491352371912916
4.205962751121575
3.720465678566422
4.004647192807882
4.211331514884145
4.077899518945864
4.067405966163545
3.6926537040168155
4.245806038953902
4.2522684763221035
4.816352768888117
4.13487508786173
3.7018591775485543
5.050726497586502
4.208578389438568
4.335854960854769
4.039713889195089
4.072319133184338
3.419514338845408
3.8323339599475332
4.035401415673915
4.365296583675306
3.904041615614828
5.08049687193494
3.853236691818776
3.824325199142601
4.409550580316592
3.960817526453494
4.265219730264249
4.221533269595267
3.9927200782037247
4.1522372024148435
3.364478775201847
3.3974115549259896
3.2990253310120328
4.013567092824087
4.1446544063053095
3.9053607776713513
4.202690220337221
3.571676827707443
4.3630087889995615
3.2405024599386856
3.535004503193395
3.864880190023961
4.364382302641102
4.327563018530566
4.179981291592872
4.043671059649137
4.160978286849279
3.815750925921419
3.5022871682245174
4.243691132518718
4.262275195453269
3.7135768084393934
4.076777885017006
3.833409372201149
4.278975433046542
3.181318162642227
4.519029279649474
3.6764209020778926
4.647445116643757
3.730124200114339
4.08917090931011
4.634391201825297
4.292704523500797
4.048308848665366
4.153763525563687
4.502010951508708
4.300853693083484
4.020046377351041
4.324970083481878
3.843970785997242
3.6151924471890364
4.119087796673032
3.159690247864121
3.6115961959259977
4.065224910405677
3.952880861459424
4.386522056780395
3.6812621631156652
3.8401721333660297
3.8357680751958965
3.98252180083914
4.984517858640947
2.853230291406671
3.8478527197784462
3.9733193128239943
4.081608291269326
3.6679167125459102
3.9083023648968114
4.167515811870993
3.484115054077402
3.6422347041015186
3.9151111836835004
4.013000107237239
4.073023213415128
4.502275774016205
3.7221891265142784
4.471420886771129
4.477007458827323
4.845068165560545
4.481967939672609
3.7644944436443954
4.681698357150544
4.226788049831304
4.448452946309578
4.532902622494377
3.9092151103561843
4.348847129471307
4.280084823331743
4.2481423438244565
4.387834739044889
4.035939278049601
4.484765854508348
4.518797495005307
4.447597431301481
4.658345867039596
4.010353645521635
4.622150022359446
4.321518299058349
3.9549735166836615
3.536771262182847
3.866893125057356
4.236356989831913
4.1995227863400455
3.6076386588682525
4.719420063017494
4.1122263039282725
3.908867489307114
4.111498549941062
4.358951389159312
4.132492387157347
4.3036741495039665
3.929564933728364
4.416848656426569
3.335199971586886
3.691690111869855
3.7837393548934517
4.108223691267161
3.9688028295963993
4.037737510401621
3.3731486950400256
3.6845110156058394
3.5539964463749203
3.6311789549324422
3.92917322626403
3.958405323000923
3.6002784852608505
3.46575998474285
3.9680056394694962
3.620111725803759
3.9647685108675423
3.8122969934465702
3.7669670827908885
3.699147207690709
4.136153321342862
3.4402439477511377
3.367365345298441
3.3703960606400933
3.751656396920611
3.6739290291990727
3.9161671823572206
3.4213552882865073
3.6153169533015843
3.0942731041945284
3.1243929284295495
4.374089474987448
3.9760185096984735
4.034694888461462
4.122376825049156
3.9985414319427486
3.973471615181806
3.930075527205739
3.467655237382463
3.583234339938234
4.017906095249838
4.258627563897785
3.3644309090191244
4.4205379898127015
4.027054691261276
4.395241422885096
4.116505619844499
4.563379674298815
4.261547068898509
4.12770469385095
4.48351708570762
4.231615986792858
4.230119492864888
4.118234401997819
4.433034475599328
3.744540219474809
3.6823462456646334
4.372951826711677
4.209821378426572
4.408798995239497
4.655943847833473
4.150832929431238
3.7030626561291804
3.792471306780546
4.355874565457694
3.5522960939074544
4.457443837660792
3.928992096994722
4.417892865529224
3.2211361164206957
3.9910883728242585
4.468222947973285
3.68121645264587
3.9830317269559234
4.3739823038131345
4.056805482311735
3.9999807016845166
4.4072014177908905
3.831586093025291
3.7094874828314133
4.62050768726608
4.0611136492106015
4.039173748445712
3.8769061653305563
4.1422178232444145
4.628235112615641
4.3110801230644284
4.088896903807491
4.132349326017169
4.601578893064014
4.3987965160501235
4.783783596581117
4.139850242297814
4.476081519719693
3.780247772396269
4.3705160416253195
3.298663870885183
4.061574708531097
3.9433910443402915
3.5610222570025885
4.396336812257861
4.549263700257578
4.29409048361308
4.108776712672652
4.464776027039223
4.200007422100129
4.365873560088454
4.537268752975569
4.127854576042223
3.1417782618369516
4.50259528644145
3.868216644280112
3.6644163220680563
3.8860902933750134
4.085722182662074
4.516026784397516
4.034802192999008
3.7186892721617193
3.774980353742597
3.991857910788265
3.9802539310275646
3.646123637770558
4.576237124792333
3.9816517062790893
4.059115208922787
3.897080599970264
3.615538267949163
3.6452788754893906
3.5894371765250046
4.1709530851452445
4.230203426839003
4.833661023370256
5.086230124999355
4.178241866875774
4.343713857362841
3.8577370477406716
4.074993434853398
4.2325598803217055
3.3344734712228954
3.5772714343355716
3.3565927507512
3.956723264741909
4.081768482602794
4.362585513659223
4.028870519738708
3.9827951058025994
4.677104881576108
4.320833438669961
3.8245525704070022
3.693535856303949
2.9448033531224027
3.130116714200469
4.096816683805766
4.158583034925409
4.0093338408663115
4.354869269018733
3.723553254417597
3.7949999484764154
4.465132810877574
4.3683905272181605
3.9329135184994755
4.026943491388241
4.041068184429879
3.679386385184654
3.650942853636494
3.255411892806028
4.26590658501387
3.806409803775739
3.9308334724196037
4.551734091257534
4.552482704563853
4.689685884634578
3.96323121861528
4.160491117309972
4.314231158033312
4.386686017975185
3.9870108745209487
4.230448040202827
3.77835540165454
3.3833600099717196
4.237476392756461
3.7643304079420723
3.485957412173253
4.27576465971584
3.7935819226333845
4.118690088806736
3.315666503715212
3.7810702197336274
3.406764484875329
4.18798230342263
3.7634268386214806
3.6952063862561264
4.646438435954293
4.314381832371748
4.262642931449955
4.117054499031817
3.7336662129916514
4.677259178970823
4.22949068689595
4.114589707636668
3.9715994542894966
4.911640316757397
4.200717327409783
4.251263572935953
4.174389047832233
3.2831977786286375
3.0625343200608848
3.5531911011548667
3.8041518296926693
3.8153046594917823
3.637188682723126
4.610925192934783
3.7102032538558802
3.657982573214862
3.913683484006233
3.953105918743489
3.8897118537122046
3.953115342988885
4.1836138883355165
3.8960912488520743
4.153524824584595
2.945702036267388
4.141642528627151
3.8043897492794416
3.9683050669444677
3.6775294688414095
4.315477562292342
4.124976741619172
4.2844846700853765
3.9156411644640094
3.8054117708777433
4.095411408007266
4.116454535073093
4.375774563714542
3.7903417775876527
4.379872873755936
4.115934314937664
4.081577639668755
3.964005644238858
4.684391924083522
4.437330713667265
4.7075873711856655
4.103281370601463
4.38251335634011
4.237609975136296
4.380810113041475
4.854407440787536
4.042231479956024
4.608146061847257
4.655057826561277
4.652060885713785
4.013076542227099
4.112396339469978
3.630821966416976
3.98904119729752
3.815856695220196
4.838644459206865
4.367802308186133
4.2530883366741
4.0896026994993
4.308756131109666
4.426204188479478
4.792888734418888
4.383454768475747
4.393035276059312
4.392326711195645
4.184423906939466
4.833391853327541
4.049180943835021
4.6403193582226585
4.178055553870096
4.599095208575731
3.8934853807337486
4.764807504552424
4.586614290836332
4.651883842000158
4.750414686013056
4.633788637463297
4.756543111812153
4.409346735661577
4.769538450470884
4.582985860095535
4.6990635242375145
4.59963519706424
4.454118992919062
4.679519528610862
4.360098405879055
4.246324516952391
4.793874820000029
3.885599758146741
3.6767463016543656
3.608688443529945
3.9348504463513674
3.632861760999435
4.017831382811821
4.007615466220217
3.6247300968620726
4.024501696643862
4.488903887959577
4.514474868386383
4.529615537267638
4.363476586815856
4.409508927195168
4.759720433083862
4.765330782520117
5.018362235042991
4.40606312189379
4.544488729229417
4.252432668937397
4.584214620148489
4.407709129582408
4.773346378930718
4.952437603963121
4.050979662631862
3.1628989208451523
4.033004230904745
3.9026349290869735
3.8687403646698293
4.312405122155511
3.932120257011521
3.9690056983821216
4.421154833116331
4.513046530810117
3.9815506971839536
4.324354548649147
3.858098965502924
3.305652585549568
3.7237924227361643
4.2757622261667985
4.068927178900983
3.9685400306936325
3.8572932643522684
4.626427133105443
4.304696293179518
3.782575828782927
3.6201838840293936
3.8771667405930907
3.70092672336858
3.6010371855369563
3.9134458156372998
3.6760772912283457
4.400020296178093
3.7212393531735044
4.478753804810912
3.746309780060235
3.76015685059544
3.791771674960032
3.6833392613373395
4.020257293922718
3.916747642446256
3.8315990129344835
4.379316589162234
4.063879334508663
3.944070551387898
3.768122774139547
3.5928557506297096
3.6883706163359795
4.334393287067744
4.075297309683311
3.740127358149305
3.914466772216496
4.230018935190937
4.22421149167624
4.2790985306992715
3.5537310580082315
4.224527901974746
3.8642286176969245
3.857715889433737
3.7374570175903115
3.8182584599826814
4.013344232302855
3.951536558208238
4.6822976667660665
4.286920899774179
3.916642287655203
4.283109390578567
4.24112286683132
4.301160906115005
4.480355748791042
3.1472761935935756
3.8893255598558136
4.067341238930476
3.84694101850267
4.016299957804708
4.15800309558896
3.7726782803290897
4.428619609626435
4.597009353478519
4.079926417255599
4.019462855725514
3.8489860091577133
4.1177887164473015
3.084753541798312
3.416712071803163
3.8159863478080656
3.8374408261369872
3.63831255498433
3.607890492514798
3.728335232456443
4.143343697292922
3.6400697018474655
3.3036289598334907
3.8220296667906997
4.089995429735354
4.3689725115736895
4.5157978918992026
4.032168365056059
4.498112950174606
4.389075245922438
4.400747822014291
4.539439070937167
4.099881014887172
4.287172975344122
4.6368664970581115
4.38221753678185
4.760217933102682
4.707244381825479
4.41346306101293
4.161738841654731
3.6493079339055328
4.083312222743457
4.224131057941401
4.13125346988684
4.849048429618692
3.877857889410897
4.192883941826928
3.788624191719464
3.9529295779506377
4.275274125715319
4.309250742007177
4.359073272025786
3.5774001457945
4.605055455474446
3.579619314939398
2.6853634827261867
3.8626917444400566
3.882407280934232
3.5451733840604156
3.9560911708353967
4.143226729829498
3.7060742166166936
3.793663861324617
3.8632218725688903
4.276960799438747
3.6486439878281227
4.613795529435638
3.763098038049213
3.915196232463679
3.3721454949440597
3.4246894973923254
3.6952411836479477
3.672044224203611
4.323614140166007
3.6166416661120313
3.8314769981171946
3.7187754377277553
4.245133839793147
3.9255549286227582
4.71141507624173
3.8451465132848845
4.156948578108541
4.232824792694416
4.336343419542855
4.809013123052512
3.9965169014080955
4.2986176104096225
4.2748080930047205
3.980753497739176
4.845169604118469
5.002838679177893
3.8790666696584863
3.693955756174171
3.7491067512641476
3.5038562640784208
3.644163194706123
4.171081817082202
3.6981011688585372
3.648939768107028
3.9319332590959384
3.9928785563898295
4.251451919982769
3.7858805058640996
3.853707498265422
3.173669251659327
3.717453651745934
3.7981402304797816
3.623896907350761
3.63584766925466
3.6611276810035207
3.277783593069544
3.696103445854055
3.948570061239335
3.763499966212788
4.1913078872192715
3.8801060935897285
4.429933802494101
4.461054673750559
4.493518917282742
4.402912477957935
4.003101906551933
4.572710715759911
4.247461758946792
4.471220553965852
4.623228808709986
4.017555459298152
3.996566916507122
4.09615059468198
3.788994222122799
3.7697706472871246
4.036935909957389
3.961833310889002
4.116163060665458
3.8341904147430634
4.49500863215692
4.396674301284256
4.030421680996132
4.394556512055414
3.8734338641378323
4.076092061637905
4.297667370849074
4.033074314203768
4.153213243245313
3.8497638412106543
4.34320026004842
4.246423757264959
4.946783612616315
4.1978419382432
3.816309650616085
4.9917238897893395
4.027409605161365
4.128674007963381
4.028846669526007
4.028525169169148
3.330775201325671
3.806608172132632
4.2510412984613914
4.326665284974872
4.0042325776391605
4.66258081567967
3.8276527803429636
3.7738019817878743
4.417467049035958
4.089738361452772
4.376020932565311
4.0756392375458494
4.083530214510566
3.9210617877547187
3.4346868540650286
3.3224586071165088
3.448777382502899
4.138987240248172
3.7975541419746746
4.126924837513711
4.091297461218657
3.686683057639228
4.289402548816935
3.252204432749494
3.498719437755046
3.66994058832591
4.2952984129075045
4.409738497780149
4.127680980018879
4.139940911163443
4.266325742808571
3.8884514498807494
3.616133640686779
4.5193483388055995
4.272541712507225
3.7180841121390467
4.082997430836181
3.8521643577600404
4.518923760940901
3.149273968709044
4.407214197475499
3.674137396378626
4.6275335036890155
3.8953008956352657
4.0820022889826495
4.683455267163259
4.392082585156357
4.087895844601707
4.118178744491744
4.502010951508708
4.229109683323791
4.076565928483179
4.429575537124547
3.766653736513169
3.7703958509395297
4.034679863712387
3.1791665688370654
3.697966808763627
4.065224910405677
3.956369505789615
4.247020778956331
3.8080742450144003
3.8953388627878316
3.8054746497840677
4.046788715000277
4.8945661027541405
2.695852968739599
3.764974163317032
4.003126365443301
4.094777405556102
4.089901743838445
3.88003410253515
4.184284675425845
3.4851172748945087
3.942727658022805
4.005508044547598
3.7939819556415446
4.327617911494419
4.36035425132392
3.6713791426839117
4.486228031994227
4.424351866963791
4.845068165560545
4.481967939672609
3.9466185604010215
4.681698357150544
4.2736849415700515
4.552065704408673
4.611715778595764
3.9101014654538955
4.348847129471307
4.295767381543554
3.96401296462121
4.4989124651757795
3.934102757412724
4.465188089130766
4.845782637633938
4.39256456397515
4.66484825938787
4.010578993105611
4.817396067038745
4.497087189525047
3.9418447599787245
4.000367379039003
3.8307571310665
4.238998838879174
4.28612294872215
3.6559867882079473
4.383257454758576
4.35241303844514
3.938787361527848
3.934307164809633
4.575356477380513
4.166527969574965
4.558335079092361
4.212033176221393
4.5009047907926645
3.5098110186507565
3.8243213631417112
3.850755253349352
4.148517232898882
4.178957213253384
4.037737510401621
3.3196702628934163
3.809027643196405
3.6168863507414564
3.781594941807043
3.833096035408011
3.956936307049265
3.4525556644623325
3.8837450998139706
3.982806751094276
3.594591218423754
4.065248821344639
3.955750657083483
3.947224367486605
3.755694323573675
3.8012931134452077
3.390995175700539
3.7449610122872707
3.397969675117127
3.7238236980855106
3.50936856027466
3.953434828726289
3.458804986059701
3.5873830078692555
3.4034732802034613
2.8732495884250544
4.3730410540029405
3.9296378948670627
4.1668655023106504
4.022363485135961
4.114444325251952
4.015373277946826
3.963779588086151
3.6309820231416388
3.6175753944034073
3.982141966961806
4.273760947159468
3.3644309090191244
4.293368246540569
4.232481839828949
4.638273369269023
4.150927786124592
4.606382985665514
4.377552271246465
4.1210085739606725
4.658403467611629
4.236888350547861
4.293786513424285
4.080824948504275
5.016364225679276
3.7364271456655738
3.829234046977633
4.2597093872609815
4.241651949302116
4.408798995239497
4.54997001604019
4.150832929431238
3.817978528652915
3.9335293215206812
4.343773820791351
3.594925134421018
4.414257786580134
3.8736357641072727
4.2563911081544195
3.3160068846532247
4.035731373938568
4.468222947973285
3.731728638762692
3.982229254145821
4.291749308152374
4.098447750615294
4.08685561137421
4.425936475673937
3.83778116627576
3.588542126390138
4.62050768726608
4.067281300913114
3.908189856326044
3.949028159032764
4.227656314196105
4.77154262974077
4.21774875622403
3.9794691928391943
4.048955497083095
4.626251699881797
4.54378935042663
4.79741522138041
4.220917615877563
4.616133075799236
3.773982539986969
4.400579263257387
3.3202884724801405
4.174253238796179
4.257710987649563
3.797467978839255
4.3676096625087215
4.632731936710215
4.385525647231278
4.17978899165454
4.87332598702558
4.197543011212673
4.391418754694272
4.513115676458849
4.029264261902928
2.7886200232222063
4.708919007891831
3.7649392885794333
3.7052281402332565
3.974758762735497
4.214211548603108
4.587894669977938
4.077756154036475
3.667417973298593
3.8093950347050263
3.9449691413691585
4.125114561003316
3.6153930293240943
4.2654308835884
4.014660399128141
4.061601311493672
3.937793881932129
3.647357728300242
4.543638699127316
3.575832361643381
4.3756263998218365
4.232282964512378
4.694112688101618
5.314528683214968
4.248182293762703
3.9208408629375437
3.963499961824835
4.245506036816016
4.2325598803217055
3.6013240095758574
3.883956944009751
3.3003640887477896
4.018365128189772
4.024846857058542
4.651112734729306
4.033888656246222
4.133833695901023
4.690774052453241
4.398993103901307
3.7741889193881826
3.693535856303949
2.7149284547006776
2.8427038820560755
4.156359012827547
4.166761945499745
4.107860462038028
4.304235060497011
3.852388996967381
3.777551607660522
4.68738673628604
4.387754957510464
4.0686145251523635
4.118020006699966
4.264639450833696
3.820619102216946
3.6519139167135464
3.537068280398859
4.514175521091968
3.7851934860618845
3.8939587425286586
4.47103466119988
4.449893190091546
4.619996250022259
3.980688702316125
4.285031058553863
4.260365342256363
4.392205600757199
3.894165101686269
4.239441993408661
3.974816859442583
3.315513124913944
4.346695010694141
3.782861513151519
4.04246786118711
4.27576465971584
3.6922421205713816
4.0892115432147715
3.9035107328334844
4.024381026433295
3.5906319237875115
4.183222689183832
3.957154090420608
3.9990860952583835
4.566395057436163
3.7282296565717346
3.747408822748114
4.198080263892702
3.767645150931415
4.704710923104244
4.165102038548051
3.6217553107558205
3.8097641433890024
4.911640316757397
3.941837329772966
4.302320898623963
4.090561141143341
3.598267328395241
2.9440830554821176
3.424318119428235
3.8839698213149223
3.6075444298977133
3.582012830705824
4.81063999402333
3.7109946715371596
3.615922898174392
4.103074259394811
3.969368167341549
3.883580422703562
3.953965399535542
4.232464763792404
3.7303387785925435
4.03850814026564