2.9352560658304783
4.013209481849044
3.422928542180003
3.710108204391567
3.452142063054013
3.747180200538839
3.587379491448161
4.093302046871412
3.5400316818603472
3.8093042507971777
3.810985307504407
3.5384134797488125
3.64553598519639
3.1865761826158994
4.093079609562375
3.9788792360470273
4.004586084667185
3.735091017185545
4.551887410889149
4.25995236840537
4.695059107644275
4.2599102107475355
4.450603441090868
4.213725750785406
4.301137907629347
4.656308809247965
4.444925598085791
4.463764818512619
4.573436807023082
4.363715900293522
3.9266143536143696
3.9294161597882558
4.022082951461728
3.8701835741521706
4.014625975865057
4.4789162660961335
4.295976565464575
4.361270387922369
3.631554063671022
4.346207036456014
4.628654318164973
4.546293961976696
4.454405613788962
4.2955069670103345
4.494375940793588
4.454690375655758
4.47786454657356
4.095040499932152
4.401285273633236
4.332325964407816
4.521216978022376
4.000940993319049
4.641154858850484
4.532555098257861
4.413386056273978
4.463951625783095
4.779748029093656
4.302212653479861
4.24186994975673
4.3550582411202985
4.142095476971146
4.653622166458617
4.723891151731133
4.330859227934345
4.445274789736546
4.3266525510328755
4.292774906697404
4.4680272905836755
3.8963657647803855
3.798989745211879
3.4355000100204593
3.5795723729425366
3.623761659422589
3.8563270191378383
3.956408018489643
3.649390102691487
3.6137249633788793
4.401384884451594
4.408811315253655
4.640839892974865
4.24030069725865
4.500671237190046
4.36605115920489
4.678463468365578
4.830140053812409
4.283887119850803
4.484451718726744
4.3350149042737005
4.379452146169758
4.275917386099571
4.72349767391146
4.886832735119948
3.0333883761766063
3.5008669147295937
4.0452805096610085
3.71682403449074
3.7942618511272457
4.334835373318009
3.8322228657844017
3.5111038673885453
4.583759950498166
4.090800126918795
4.248269348131411
4.115030363679094
3.481722361387168
3.606997818094944
3.4971126683009794
4.19781279508679
3.921601435369788
3.6664399104085597
3.181711802540136
4.411556783232285
3.9316765537819776
3.6517577039719544
3.5637395825970044
3.7553195360609486
3.0980443189824314
3.568444582105567
3.8347687812049114
3.1802981532720236
4.102374713794058
3.691873022617287
4.201266603546473
3.688870654884701
3.746723148736632
3.978238505226326
3.3309757325008023
3.855306661297599
3.885887687040996
3.779735922928998
4.4006521909524405
4.2058961579571745
4.020273321711878
3.6813056984777557
3.6538786057455175
3.573686574787449
4.301519916684793
4.243810409485359
4.009901011889562
3.934541262426423
4.120743811866795
3.6329876782891533
3.8595397452776234
3.931966321269087
3.6262523995372824
3.9711508159664617
3.556632842452715
3.4162046919240705
3.9732924075177958
4.420355722770495
4.368716199525657
4.375349257333735
3.936114093457231
4.066790328223794
4.112484428579336
4.284986349326781
4.160998796056961
4.502880824023519
3.7265782239947534
3.716304390289881
3.821188987870281
3.7308285613555663
3.778624134292424
3.9435184090839925
3.7594046802483874
3.8945133078643464
4.315275979181254
3.9650994466938503
3.7271763778000686
3.7451170806763816
4.217894841112538
3.1407668436715985
3.332977524210027
4.022225952918074
3.6887198088039677
3.558338483398666
3.734303933536542
3.9838092099538356
4.268753790189004
3.4633954611833175
3.4887129484947375
3.7502813836183853
3.7653664348018614
4.432346315666097
4.194516898311402
3.8281756478437234
4.029463358239456
3.7343208357741906
4.207441820885284
4.253948098198533
3.991804440258947
4.016058482043902
4.500513463448868
3.9349014716594057
4.432512968505643
4.852626730656578
4.134809817816742
3.8055139421787114
3.350911489694108
4.0849727070393715
4.210336113432076
3.9140743894794077
4.444973845116018
3.680514604315937
4.112121339132654
3.5227936216423235
3.9307021624867784
3.867679626771955
4.062611931371477
4.313264916658633
3.6220733002906034
4.336871589306317
4.451749250744952
3.3858424357093195
3.8924021840048084
3.221127187353356
3.5607144931495913
3.883973965687396
4.206445586594037
3.7945923558421937
3.5399352519642147
3.985514992818981
3.8122310788600178
3.548230249813552
4.375770453194895
3.6394238455366317
3.6425523245423426
3.4652743092393115
3.608743162850984
3.40124838874487
3.388473385171678
4.38542175409947
3.4808495787931184
3.89139888685857
3.239914128700123
3.9312130420530647
3.682376789062905
4.7720050768672415
2.8582639445665263
4.204350299078898
4.158197450510576
4.080165320318018
4.911766564510293
3.798522671838671
4.33054772346201
4.28285619595575
3.9598494988761246
4.611810466664075
4.84755827588356
3.786787517524023
3.307092627317494
3.6312848299650478
3.5316662038295465
2.906600141064046
3.9843578145965823
3.3917033820263907
3.4503261733593327
3.4260056519268725
3.891025579582063
3.5141018366684067
3.169064632025763
3.2004025846414064
3.158521317519593
3.587808380244516
3.6312298706720725
3.6456127528443134
3.6093943567189024
3.5825355492619284
3.418793779740173
3.1281930971734946
3.9298610557922444
3.5751591287884956
4.013853135277444
3.8234220882042944
4.284053265158439
4.402524918821684
4.3431114322906135
3.8337264504748916
3.9955533458229358
4.313724553514249
4.113460289695601
4.4622669826462715
4.563294328903144
3.460406948940603
3.4366451894916077
3.540991939651141
3.6208068402722136
3.8246473835201624
4.3457768028714066
3.696498766492902
3.523576817397855
3.5594680584228877
3.412863057843707
3.693409291309423
3.676903570242684
3.580035374102052
3.512509033139345
4.0031825300020305
4.129222309342063
4.214493629603271
4.1429009302437105
3.804629992344773
4.427158850461251
3.905547085834155
4.950782411846852
4.257512032132933
3.714904579592648
4.720169771812037
3.74614699298221
3.9592251353604704
3.739642972511754
3.960925800043398
3.734446199399647
3.643170655653835
3.7044294373705506
4.100321271298781
3.8431544682081458
4.522335603880441
3.5792046066997187
3.5613342129307393
4.390717869763251
3.9346868304196807
4.393862542270323
4.094551270184749
3.900020057719037
4.165071641331325
3.5838781664497015
3.5068714093475437
3.182267096950712
3.613423427094661
3.5716461649951317
3.965971141445043
3.788529593438059
3.7336748801144077
4.194312972593526
3.4541733135334143
3.3800574591589276
3.706741467013806
3.973587758840952
4.4230497897811905
4.007336787527725
4.007709608847636
3.9628163010638504
3.8459200540235483
3.1378479792318874
4.254463014785587
3.8761193791286415
3.216068389582295
3.949857480190235
3.385205709923543
4.313507680722133
3.0172529512383512
3.667284361669443
3.4370375043441665
4.344919262146147
3.9365272435734253
4.183834537872508
4.648718598959423
4.164787822798672
4.066723453392937
3.929129019595228
4.628215442170329
3.9013421501771712
3.9509562287756346
4.202418666700034
3.806140113518451
3.458953355989471
3.800208233150295
3.0229898220351603
3.5446535488021307
4.027228618291419
4.0532183951501475
4.323248622232005
3.7497929922164914
3.6020538275083993
3.6350417442720966
4.00371964273135
4.898782396089706
3.7017673064556944
3.5695464977260105
3.8951647043150426
3.9486716046802472
3.934813522765042
3.6546693006047057
4.1066098784908664
3.4549597333918305
3.2609385293692332
3.908445088197558
4.0753016230896995
4.234583521245193
4.373228578599148
3.9390247593855623
4.2304952398278255
4.286691425454453
4.764464924534413
4.628341732073911
4.429585776897648
4.698614916027035
3.950316334514236
4.457657238195513
4.684793211042194
3.847558706729082
4.040989956162973
4.106057441750617
4.154074776441156
4.099961751558324
3.8599782873773605
4.193609879291447
4.568904578259984
4.211087769589923
4.520849541834206
4.118465016237253
4.648438381535605
4.2155748684444285
3.868720367854852
3.093396603632958
3.503909198149825
3.924993763439282
4.19377331522361
3.1828268989127837
3.533030189545051
4.034381916912981
3.777457228595829
3.8695392724276143
4.448884917747856
3.956583824585375
3.986438232900556
3.7027582332019042
4.2090335851761065
3.461645752667853
3.4987688627042126
3.6124024653947178
3.9952190984186013
3.5326192872959687
3.9518987441721465
3.3630705982898834
3.4628131742010453
3.512784498740453
3.8002292875998522
3.56639854762263
3.566466688256421
3.7064619567623476
3.3594389398278413
3.5347692575824023
3.4960599074775836
3.400819274878134
3.5674090586896
3.631130129059251
3.4550107655382143
3.5793071522085196
3.703533632921242
3.7237167302804224
3.1482622623443604
3.746852500909786
3.7487659880476976
3.8251183405999294
3.70002413439318
3.730260091954529
2.9653499275268715
3.7570753474657255
3.8496491833577027
3.481300760553749
3.666795486091245
3.7837360015676573
3.2353835552789683
3.8157525095810687
3.922794242245697
3.209666154644914
2.9541455128364413
3.787491446561406
4.197324955753436
3.9366035669100796
4.151606935480329
4.069294356352234
4.4999123584690155
3.762619336016492
4.431176135456852
4.245985379912565
4.124675364731065
4.488795423285592
4.118902432866953
4.109411789715747
3.8846087311347084
4.842296820133959
3.9879475255742873
3.5981634580521886
4.205321098989048
4.082030317770438
4.619742923427118
4.159230975263102
4.36650087327481
3.5309648164184217
3.6503852707878606
4.30519448529923
3.7713212712668183
4.535754890426878
4.176814399906879
4.65300872166717
3.0016533254616116
3.7954499829622863
4.467039374428092
3.1667959436811413
3.716102338909659
4.2196011577928205
4.054745163650756
4.020972362468054
4.321687848207324
3.6763217964385415
4.023038197371709
4.4867285455539
3.846673138007308
3.4585235698050023
3.920519635012066
4.15580827489565
4.466704579105341
4.324497086743255
4.060033897122306
3.964943816086674
4.596542060802092
4.505349332459275
4.972981116883362
3.992880508974132
4.633060933629816
3.711058364689925
3.9477039919869115
4.319234440631673
4.089413914915956
4.145546158794175
3.764728678802312
4.088967260441577
4.2527183831716995
4.158330129773176
3.9774497540858547
4.655814998154522
4.141112670791372
4.381170346358017
4.30936824833354
4.033166412567373
3.2999870538336524
4.421996855770992
3.6365539488176766
3.8082478822553094
3.938892152991976
4.0389703544296385
4.361229918382647
3.707892852343848
3.9550053186127845
3.5801797666994006
4.066252445309616
3.6414143545040347
3.59310951424706
4.802377149175893
4.341391985279502
4.003922612000264
3.6400357770351546
3.2563845477022775
4.009094897010177
3.891262135749482
3.8278885106814258
4.256393565215433
4.813975809460327
5.055414071757472
4.158452863763949
3.6734674666541434
3.638005485345868
4.0194830499901
4.343775851084331
3.109092990475811
3.357721241550728
3.005156923250447
3.9881571596172343
3.7047841708473443
4.720288938843764
3.8371547234970063
3.891628514607664
4.424703391801925
4.155453966470721
3.408907928194009
4.2343346396062564
3.5411952123310044
3.9623242862461594
3.950221844645004
4.148052698772114
3.8694665422018284
3.906083392466787
3.7137838073039666
3.4323487185644472
4.6609623027091915
3.703410431316717
3.945500151009983
3.9362156796233627
3.9776210153541873
3.2737290826812755
3.6110412712427484
4.307086677141378
4.710633491082001
4.020892475417386
3.87473950388186
4.3345408883687195
4.4004985126348455
4.773821284779768
4.001204116469743
4.0950667931914655
4.359019308009613
4.36579593276165
4.118922201850405
4.290070068436993
3.8285742616436713
3.24996118014803
4.123705886491792
3.75337324486134
3.6592583049420355
4.166569811428628
3.9427977761746953
4.230200456835794
3.4851326799863696
3.7266562908817606
3.3783558888102205
4.002945531702164
3.936485286387973
3.475709385881962
4.611095249933591
3.6366022327848455
3.8030175118485703
4.259216170114368
3.961038661930217
4.542374411748728
4.018887980899828
3.7826690915772083
3.6850285653816615
4.5350348060457275
3.9676834168757824
4.14309827393417
4.160691188641561
3.2628209327533284
3.4027075297137435
3.6010831282019016
3.57286101649614
3.5884330569933276
3.6904659819839916
4.896143650596937
3.616888151149345
3.930821346285585
4.126954958846152
4.113656888857119
3.8693915757196162
3.7950586947912828
4.209991082681693
3.617535589917875
4.056871477372246
3.3835985117444256
3.9157125264550485
3.527020622709088
3.9469136818870796
3.3656509437314854
3.605803961171118
3.718924395147053
3.967279362290414
3.5726147724876873
3.6193910622032295
3.9854153739949787
3.58363586942345
3.969477712021772
3.328008248270843
4.217428886225445
3.9528283615507336
3.9715954859346274
3.7908234554173807
4.676592740330667
4.501103916034543
4.694419191796827
4.257988054771963
4.488483486178724
4.443779868888102
4.362235627323301
4.565473445477977
4.283941263295917
4.261091810586029
4.2688995492942405
4.294328562717878
3.9870097922684025
3.7928252892982264
3.8524267720362344
3.8954155438903033
3.92844031339037
4.4789162660961335
4.263826233656636
4.371403567930565
3.59424423933103
4.3202578912942435
4.204443061542996
4.590227284528618
4.335448609572907
4.0108602579571215
4.456638283162185
3.931209294951202
4.47786454657356
3.705791744228745
4.443178516826487
4.014586078135422
4.452644817803723
3.7302077267785747
3.8657180294268185
4.414979373442509
4.553875271069922
4.442083001589721
4.779748029093656
4.544471464274064
4.249079387593729
4.3550582411202985
4.186957625534972
4.181364919159682
4.650465772794201
4.314841317470689
4.432973048697358
4.276787872201881
4.4082643300965305
4.627976091218434
3.979680481156716
3.8393835152433176
3.4756942881148367
3.8142776115203363
3.788030205326981
3.9742951885716824
4.019420802755449
3.6089962796400825
3.9147042103087246
4.354715418800339
4.103477239297765
3.9334862804022044
4.021474131242426
4.319221761323153
4.4129495243462635
4.678463468365578
4.884577669520885
4.288605175021693
4.391967606064153
4.345460029213566
4.301924905511337
4.2528984202392826
4.72349767391146
4.536259887731692
4.009416222675185
3.633794957494203
4.189055825161574
3.8913254237793975
4.0285165030266175
4.052251428450623
3.6217104542704446
3.423129773112014
4.4084616575079965
4.18530173075693
4.328399742618453
4.136454546013054
3.471019041948109
3.6512797865857296
3.8178453721077656
4.074230111219889
3.8041318114057923
3.6103387599473473
3.274766500814553
4.420453518998079
4.12396082054678
3.5415579085818614
3.578655702679901
3.642086580623432
2.959748391915183
3.685531695373558
3.891505736594544
3.366073062728815
4.258136265136717
3.6602678273131604
4.149644585526225
3.7099375648962827
3.8270504719360563
3.9868282727408224
3.542656873384864
3.9866647867971876
3.886422653580585
3.834740019122834
4.454473272028152
4.188924743702315
3.6906858837079315
3.6868611734852497
3.865788520579123
3.655741436948628
4.0820614839947105
4.299507414699015
4.0377079120244765
3.9789648931511037
4.009225172857102
3.845583271658882
3.809507163671962
3.5994041611064125
3.761917697436032
4.088517276624122
3.621236991690674
3.776307909039664
3.979407126201835
4.2871566780414625
4.514664331287708
4.614490138293267
4.399186320812099
3.88124455589924
3.9275355053404595
4.252664902671706
4.42624886625436
4.376602435012421
4.043688330478914
3.7505742404001237
3.822217093914472
3.752934511128414
3.8554760546968283
3.883554733587504
3.343028957456501
3.635886712943049
4.161422405017894
3.8458654222003585
3.83614835528764
3.669011463544477
4.012335736732863
3.059683740946784
3.406121941039349
3.8628088389693076
3.8166447375163823
3.4194128051366506
3.7068663665905035
4.039757899601488
4.4278113412471924
3.5983482723548827
3.3885921435502624
3.671739955699941
3.9805295920280983
4.41059286933676
4.160462386261614
3.8733132271063084
3.9491954987447877
4.20211641125548
4.32481084516159
4.264134703393498
3.9438615399720582
4.031109464020931
4.523869502505175
4.022383087258368
4.432512968505643
4.559015456340925
4.205961802051247
3.734957234391921
3.3635270853652512
4.07939406607268
4.26806037039622
4.100553612303259
4.292800129464967
3.73714602013949
3.9450244347042083
3.4897087637657345
4.090304329505696
4.124404933772147
4.2198557319392584
4.29556693385781
3.462992647540975
4.232138547252262
4.393111386453072
3.736832477027913
4.092281429816184
3.4603844655091014
3.3451850979693676
3.9351667024860335
4.109758929553808
3.9920521395871083
3.4738796001896475
4.009417005438639
4.029524807492366
3.5544542668134596
4.374188026876126
4.060531459092907
3.739644997767557
3.372049203730112
3.5819569480171687
3.9390127978301708
3.498837232358545
4.459296949682225
3.6264922356618925
3.8964144689543327
3.373139098308173
3.9898308531475415
4.047549002560239
4.83697591795217
3.1334997963042817
4.231066667001235
4.109575523586717
4.117085178126329
4.821383869032212
3.7366666592625255
4.339949690494172
4.209629580205989
4.073303205835737
4.511863202781999
4.959712984192573
3.838292586672243
3.509893780256868
3.910961995795886
3.4948610579963395
3.1613696379848504
4.0342503324334675
3.412599369581779
3.5629371917489845
3.481165698167594
3.8653514003222726
3.53907665560941
3.068804536254972
3.088387700059136
3.3867826779894457
3.6613614765804354
3.7800146616564603
3.6614225915689347
3.7448903931178
3.71446974426128
3.376062368786278
3.3747302585818844
3.793053337266057
3.4540671473739475
3.849954892954988
3.8829516293474358
4.253311212316767
4.378613424568464
4.3431114322906135
3.8288901573921086
3.990765855973446
4.0680086566868745
3.9979336243993018
4.478176330487531
4.536613744451474
3.800326169237358
3.7469413879713054
3.812611758863679
3.767833022034431
4.066239251224406
3.992767553796436
4.066627822640204
3.8629678179013887
3.8867733211582776
4.095430777522937
4.439358059611323
4.300020557628219
4.149555567952795
3.7730413743106865
3.97003184989419
4.129222309342063
4.180110266650394
4.126110873699989
3.954395679466277
4.608532188713106
4.339667404329216
4.607060879378933
4.165411163201423
3.917296862432791
4.708876471864073
4.014372192324169
4.032746293040109
3.7098626486040285
4.004178226645116
3.942864877356139
3.854097823253027
4.110649527283725
4.183668930364903
3.59920081840433
4.454867177199706
3.531625737177218
3.7397563576858017
4.390717869763251
4.029520976782315
4.299060402049802
4.02433794313488
3.9201051645337675
4.168707848169026
4.3171973703381985
3.4257831039670306
3.33154921112498
3.467238384728826
3.951724827664796
3.7973024241762574
4.012872612047077
3.834363584392337
4.138413402189434
3.407038146062903
3.3900887592214164
3.7260258550012404
3.6882187313544716
3.995218512434967
3.9639816942086874
4.024120707939208
3.8986675635863324
3.629899207678214
3.2432831240894995
4.051258750498548
4.006213775453919
3.1911926366720396
3.6383721893371974
3.5103503906747875
4.089134777779609
2.628609737989982
3.7746765167036065
3.4485532396792613
3.95917825640044
3.7596669460124543
4.053601956749685
4.752459002880135
4.09914641164473
4.028566353117785
3.9505955507101147
4.628215442170329
3.9664434110406708
4.012605394032651
4.539789823112098
3.7202238755196118
3.292433564829027
3.769152608552992
2.68691680789037
3.6630216317417985
4.027228618291419
4.077253822301202
4.351282013850145
3.8602096450563295
3.685917259767946
3.502679619581791
3.960547646596291
4.395381444619167
3.8486759004993836
3.41654917487204
3.9149566909704943
3.8167043247287475
3.3653475497889858
3.5169060050923995
4.113633766179371
3.490093359604785
3.062640353159561
3.995175633553161
4.000166069436309
4.083204615429781
4.092162675319892
3.83491190965932
4.398936751048009
4.111726458791184
4.745406454739241
4.456483717957141
3.984181814385435
4.69453266768216
3.878352242767353
4.436261288155585
4.519926128364485
3.7620240779179337
4.347241803631768
4.223582867139635
4.191095150112195
4.480201772197134
3.8859835373825833
4.337197967248661
4.335694428520545
4.304804443642605
4.54106631436091
3.9696295481534616
4.652058441014842
4.291392344602932
3.8030989112448816
3.1164222875820204
3.5857601529975542
3.7523023156139974
4.152033318005713
3.498803411057403
4.125115589835761
4.174382546853915
3.608467795788094
3.8323165798111254
4.504509571367689
3.8626902185241803
4.011331075252238
3.5196045885278875
4.272888016053512
3.517390294354793
3.77723396165605
3.482963090582251
4.057737723127862
3.7094480201762225
3.992790124613657
3.277265385596463
3.664589920521297
3.4441274403105657
3.7701166876613357
3.673784095260278
3.441044288346239
3.60257488616166
3.0973570862175586
3.551972220948884
3.5686354644926883
3.7452993151339986
3.6598799679631657
3.6528813586913644
3.656214111861491
3.5692294125405453
3.668772633755978
3.754805417587784
3.1575832962125743
3.7738180713063425
3.7205303457075525
3.876231887743731
3.665489162569321
3.7021089533037346
3.0908238975976623
3.6875907467638864
4.234757627293964
3.6795728286225944
3.6228858437006557
3.715584646960168
3.7605262751021304
4.063962962306874
3.9158919430039982
3.120599929455852
3.321635400209886
3.8101933105039967
4.110092888377532
3.9846010112524612
4.134718886528252
4.014718659976695
4.645310047128917
3.848383709523745
4.560685657356137
4.363925623023082
4.105968653571
4.571555990903996
4.188287710976047
4.307699939374144
4.0867250723803705
4.971946716343252
3.9413394812782894
3.5823141191752867
4.249079467943629
4.154942192847817
4.61220945044454
4.135577727469363
4.106580988414082
3.7039084002187828
4.0129945953470445
4.339946532036556
3.655726035740235
4.546411312400446
4.130921601732632
4.492121737803215
3.1552056272516915
3.6201947850238936
4.461783023733172
3.734815837500136
3.845868115096812
4.215675209919055
3.9231190425272158
4.3818446331472805
4.150993663104443
3.8081068396232878
3.9519365077489654
4.438370197947233
3.7907184897466824
3.842995175467427
3.7943013243462786
4.179189263496475
4.54633349387105
4.553443667782586
4.293390775067896
4.130730358878988
4.589886604039376
4.418953651948344
4.802287747556702
4.33205091158583
4.538956555507813
3.8243844176699855
4.03149273481845
3.298948311342339
4.1859749834075055
4.00521654391698
3.677018669990726
4.270754930512133
4.306394458843336
4.250590325643182
3.8100589208363087
4.710937670091313
4.074408234489886
4.37916568602234
4.42754121420826
3.8710555765722576
3.6078286183813075
4.421996855770992
3.3861337998220975
3.527058463946806
3.7232320190492656
3.9270166546650698
4.465203571963439
3.8835652222700365
3.97098006683846
3.709015196052274
3.931236298307353
3.9856473036318274
3.3439597532187046
4.812457041782617
4.444606983531605
3.74378374675773
4.109872484661757
3.2706962070897556
4.23049125056092
3.927176914836047
4.455203962718736
4.241058844461037
4.7275382144133005
5.062433003902699
4.146051557395369
3.8947136748742004
3.6224183819095352
3.9881503579525353
4.374730038570183
3.557300817155479
3.612956316762879
3.0886332515565433
3.898913890054644
3.884930225684796
4.720731064953574
3.971266409160499
4.023286131853669
4.515293661911135
4.272116101756723
3.7951954501082064
4.2343346396062564
3.5499122660985307
3.8511754324208765
4.0268815654435235
4.095835768638562
3.7078497871189064
3.926260963513955
3.651247187553107
3.3879471266477106
4.325928147443536
3.6440334850723866
3.9577995997956856
4.02994987783305
3.9567511156611705
3.234031254027525
3.634140703184113
3.947362362791151
4.695139396962988
3.9366070724461344
3.922727311042233
4.467797058501171
4.469343939708302
4.743682032043388
4.042131101322293
4.180476978908654
4.608946756167019
4.523840491649697
4.224683672871183
4.286200125878221
4.039546519109894
3.1723862099354387
4.299250049411866
3.749557850452374
3.5421439448157575
4.197694649512733
3.9397386025111003
4.221242610177196
3.6474265743827874
3.958182135322883
3.635337087621408
3.9118620152075305
4.006816692068964
3.7787863544138567
4.726215072109312
4.350773218133947
4.468811266840622
4.186922920368498
4.363489520617467
4.377315375766985
4.4499068891876865
4.245352397887108
4.096751647004111
4.5350348060457275
4.308412684039316
4.250235242668689
4.154124211381826
3.3298294036971936
3.7193044231462338
3.822413024947132
3.658355682968611
3.539375174371161
3.355277363865773
4.463473315340789
3.6249761957957616
3.832599981960552
3.9562628756873295
4.000045893995761
3.7599557176871805
3.8751415315712254
4.497991057123596
3.5986868892470127
4.005425772793224
3.1793995211863866
3.8974749953726233
3.01227408461512
3.817512869830705
3.4011482958734405
3.444276160647433
3.6718826396432416
3.886790576784887
3.655933669395931
3.5384578377631914
3.8289606463277344
3.274234883814838
3.997099222679748
3.520982754525991
4.093374845607291
4.03949554768087
4.055115494926379
3.8666967070102305
4.472824032705921
4.5427218521589285
4.7051822150424165
4.334414023762928
4.4625259437133975
4.218398580657931
4.317469325634924
4.673990776154806
4.556299294326941
4.486969059999852
4.6888943248944575
4.289833225819758
3.9545609177821284
4.0123115851370414
3.7191824595161593
3.9020301113822935
3.8224572781523865
4.488978748641188
4.311716426500707
4.361270387922369
3.5032698284683876
4.314199728631176
4.6200388153823315
4.613353364342192
4.384386261122087
4.012996411789048
4.708276786516365
4.5589292439158635
4.47786454657356
4.175457417203874
4.421332260387179
4.332325964407816
4.5269468189208935
3.678785760679825
4.511390396712564
4.532555098257861
4.494904042729528
4.509234968353153
4.779748029093656
4.544471464274064
4.273184928325155
4.3550582411202985
4.1388779471566695
4.70590873492498
4.7601925084888315
4.281209338981209
4.5025652244484515
4.3266525510328755
4.352375819142217
4.536209387613439
3.9882608620131212
3.9686923235456963
3.404014199602943
3.876815433337862
3.834162267681861
3.9016446338047897
4.069294372823004
3.618668908960287
3.5653783817719926
4.398020977868933
4.454382598511243
4.382074799433023
4.320351331389816
4.4274635621313125
4.499040263484252
4.678463468365578
4.884577669520885
4.369789806852205
4.44269574008667
4.3350149042737005
4.431864242131342
4.212256503494683
4.72349767391146
4.856319630635484
3.645995069240444
3.540485708080532
4.045609648061402
3.760445216185868
3.9535803985896916
4.274193986488348
3.7601729758031577
3.2883696196741097
4.636303693646249
4.277183828837779
4.318429787160197
4.182168962067868
3.5021243827739506
3.548663520878831
3.8178453721077656
4.041368450772767
3.900521113380087
3.570363350024917
3.265809199295477
4.400808558379303
3.9963990580376456
3.7027990624734604
3.6212093910795913
3.6262046909140193
3.153874193771358
3.612888155537692
3.9312025400182726
3.0939579334815597
4.312948564888624
3.4687949007074383
4.260767116274412
3.5296073240573187
3.7494148326112
3.9353613695273935
3.3238632494187597
4.072779893706686
3.9097808816684765
3.9343483694088333
4.547480114125639
4.197127189377265
3.7754245325999944
3.678305540655929
3.7529094762689743
3.6849864139375983
4.136723201733366
4.299507414699015
4.045949574099877
3.9782727491343084
3.8928568290357646
3.6802868144613523
3.887037534297148
3.794254933567287
3.7842686227792255
4.0417211236109125
3.745863325992768
3.416076057930881
3.970035028302867
4.4482617934625095
4.335642156225668
4.375349257333735
3.783739262863401
3.8534723547637126
3.8607952515893373
4.295454785720519
4.276603492763002
4.642280229004957
3.8053938050633818
3.7070791382463653
3.7275149130269947
3.8645665979111605
3.768135993258656
3.942568501902344
3.7643874072992576
3.7512287882813724
4.1695730719509685
3.879870789856814
3.77942626157457
3.6882633178310757
4.338622459347644
3.0364485905918928
3.286237046483595
4.22433156706926
3.9742058676520897
3.5725469177256843
3.7357284711828163
3.9307215149221264
4.268753790189004
3.2238925184491807
3.4368488997911717
3.7212288177476465
3.9374621677551964
4.2762952148275275
4.236980552758238
3.8086707474977897
3.5791093053317997
4.281138470609593
4.171418049211836
4.146380552184599
3.9598526456043412
4.087180767859264
4.661323100993321
3.9697991666125176
4.350778775431586
4.594832070141203
4.0997087381998245
3.639409725914879
3.2679815251836173
4.194918466356267
4.232754508876532
4.02495785994066
4.444973845116018
3.709731842175648
4.168596489477679
3.520719210479065
3.954808690881018
4.11484062077445
4.162630044600931
4.313264916658633
3.542213001644672
4.220742038595107
4.451749250744952
3.4668243142693314
4.008940750109558
3.171173984786525
3.553420992586493
3.9450225883006067
4.151634835786565
3.7540373983570485
3.508590035213274
4.034280963715457
3.768674655912957
3.6521415636605696
4.374188026876126
3.8414616273172193
3.6606608214786815
3.3913083408972544
3.6667989073819345
3.952172653209605
3.6312351608961944
4.528686544320376
3.5325283424188507
3.9082012640350827
3.5402775781116405
3.988137353319959
3.7146698597656895
4.801275040583384
3.123179531397067
4.238319357417026
4.163187133156807
4.160131913360638
4.7223355161651845
3.8670731322244527
4.220540857058783
4.289339119185389
4.031009752160014
4.630943358238342
4.897924704054319
3.7743931142289893
3.376966442550982
3.692084873092483
3.474710407565791
3.1347445514938963
3.968711260380081
3.2156592371875745
3.5106114124455097
3.3901304376542067
3.794528627376174
3.5324477986143004
3.2388152310197134
3.2004025846414064
2.626160225717478
3.6097649182277296
3.7406542518370123
3.607559466219141
3.6266440066510697
3.6773876214162895
3.4492827284462755
3.373508749640775
3.7943022102372597
3.5314715864732147
3.884712613096379
3.8232841998798763
4.253986441677662
4.398629233961767
4.337912738491189
4.026246631589531
3.9887036455458964
4.313724553514249
3.9568958478537963
4.4622669826462715
4.367949029275782
3.9017637670438905
3.799770117181758
3.7535428410327216
3.7157762265274235
3.892941073569683
4.200077327502362
3.989279218669883
3.8186716736433812
3.7296372569233567
4.406623480667992
4.399698164123001
4.428897685693197
4.239040892815831
3.6782659834237523
3.996067810988978
4.129222309342063
4.214493629603271
4.044977628935563
3.803947611921151
4.2605871080772415
3.9102815570601495
4.942495416052594
4.30813488939408
3.7967451551310987
4.739302688891118
3.7590123060520177
3.908024979716107
3.790169127279379
3.991117899290429
3.818852129443676
3.789279899131686
4.138122859649817
4.075710307184785
3.888405105632621
4.542297523392024
3.5693752271675034
3.729387718439008
4.390717869763251
4.041550711976484
4.359070742086582
4.014479382684448
3.9248081980810916
4.179456962169359
3.470586112076887
3.482522384044807
3.0568415146781205
3.7299251897519214
3.4451560514049726
3.954857694127057
3.721080063671854
3.76365009133833
3.93499802825837
3.261542613240683
3.3920689390935017
3.7327120141227965
3.8705902487342456
3.995218512434967
3.9316034580194614
3.9952668339542563
3.891574319455028
3.6990463078108373
3.2956692502686744
4.1457731015208905
3.8815446598755736
3.1963883908393833
3.8468909694485274
3.6601940610123727
4.368034110962117
3.0094937843402443
3.7865463255512184
3.55237409085871
4.48566638851438
4.038078044397336
4.145191406556091
4.663874187680227
4.340051208898476
4.0679664352720435
3.9648941868172773
4.628215442170329
4.127993458928976
3.9493690718831482
4.497176857571726
3.857764803687184
3.45819257090797
3.75158540271737
3.094427599034209
3.614599422104116
4.027228618291419
4.154591120828731
4.344650739420249
3.7553027284161624
3.6339311197311153
3.53918098103801
4.098930212556848
4.704689069520498
3.6534522304721757
3.44410906590592
3.99636322061548
3.8167043247287475
3.997989330139972
3.679081304494706
4.110810931662506
3.3947422767812157
3.263169737587706
4.06779352815988
3.9983579595861665
4.316382651055705
4.204859230648023
3.935076965767018
4.2498991729750175
4.316350476015125
4.764464924534413
4.4195444368992955
4.05863447805841
4.69453266768216
3.878352242767353
4.404969683594125
4.430183255206235
3.85813898567301
4.059648317563489
4.311987012524144
3.8738953699655756
4.224603704259853
3.931280292197454
4.16586509763137
4.590709633601948
4.304396576258204
4.509508781300504
4.238565395579751
4.8611091263523285
4.15797272278354
3.9117367396632217
3.1397008279081215
3.470591523406876
3.881259069503492
4.258893029012595
3.5070132834990577
3.6496848524865424
4.244547756629034
3.688632663853352
3.92184200087323
4.504509571367689
3.9945842300326992
3.986438232900556
3.649337173087721
4.2090335851761065
3.610514077032662
3.2832990750432574
3.630326058182506
4.064146379618724
3.805532136264375
4.012097081877705
2.9881331137276916
3.433662244386227
3.4074725247561757
3.863543280784146
3.552187338707545
3.1149325426843006
3.6014385779890654
3.316124089608768
3.5914952941136917
3.485167504281245
3.838088876682042
3.706989579431177
3.603441287956643
3.513699847252129
3.528728297029567
3.5047952965260882
3.6175571345736772
3.036867324950629
3.776707880783772
3.6324563011074007
3.8714217295471243
3.698213160927283
3.5620328770683107
3.2374877051396007
3.5817320575782547
4.328917621482127
3.7284771806579826
3.573914253164239
3.923328674089537
3.6910358877434177
3.9636038809062466
3.922794242245697
3.1542444081967433
3.414088404986047
3.8282202290669725
4.208626473816754
3.9366035669100796
4.149735875872199
4.147495394048292
4.522017203380757
3.7931429986183067
4.584813495232774
4.2684343913892295
4.253512462422666
4.632642363221921
4.222212595173977
4.258953415257853
4.114278872892183
4.930144664766118
3.941222655071364
3.6099344659041694
4.055288423398077
4.139183935538688
4.57033470353206
4.154036821003718
4.269522178714921
3.560645232819434
3.950428041044169
4.426899886953528
3.7048101790390477
4.680213385627798
4.101697018874056
4.390349201257925
3.0860848098846327
3.647342430183962
4.461783023733172
3.360014778823624
3.696462913847973
4.184203527511537
3.983312420311944
4.181334558589833
4.336294858629506
3.744519986275055
4.129727917902818
4.438370197947233
3.8264837942606755
3.557150138494814
3.871968464964649
4.168750559452821
4.687045844606219
4.483367964698047
4.290394819300515
3.975326146240547
4.637558886444171
4.505349332459275
4.916273496292369
4.100781707584163
4.634665248380989
3.795248137226361
4.093132999465658
3.911581048321543
4.038916338576569
4.112945962056784
3.8651666584708915
3.999380468478236
4.252499310241783
4.008964029825583
3.9290688489545422
4.710937670091313
4.167660295209461
4.3789696898601065
4.4252789240093975
3.764406587563696
3.1736437301129
4.421996855770992
3.75423388508724
3.1271800902446394
3.8917550618159438
3.832923593845255
4.275866415266565
3.8595771453120378
3.924824001899015
3.690453080627268
3.662488525484574
3.8847387011075143
3.480723180456786
4.571197963136836
4.43439369324084
3.9300199682672288
4.056949738133509
3.344422369091739
4.374406014125478
4.099831855071517
4.3054622055728915
4.257650939747363
4.571254167568596
5.2545152535994255
4.17996931306024
3.4803625615930933
3.561205632996929
3.9810727213327337
4.314179143017018
3.3425341372223984
3.606734603723027
3.1605988598528856
3.9794513824920785
3.9040145298572737
4.720731064953574
3.930824886248266
3.918649524723324
4.515293661911135
4.166723115757689
3.5247297477170667
4.2343346396062564
3.6033947601403105
3.589199168938544
3.923556795246259
4.072917246355832
3.6624811621202857
3.9014722312190924
3.591823935322431
3.4656355079420047
4.6922294832241125
3.6377916739716456
3.8813834534792835
3.8681893764506396
3.6994293029773404
3.3383668149952306
3.6143697038416476
4.297000003926686
4.695139396962988
3.7620407131606797
3.8351551494191978
4.2764572733048745
4.5341923168336695
4.627714930076569
4.127626053645814
4.038836840351699
4.407119138770325
4.651909282253932
4.100928092865961
4.291419684403787
3.826785430144367
3.16975709149357
4.0150522719393384
3.6154414663484697
3.6607482178555184
4.368238175579105
3.751104762829829
4.117138551947425
3.4754401006726785
3.697372782633894
3.7125136900610096
4.101272660098532
3.9697516014128
3.7383077354420013
4.655187042471746
4.279536780010371
3.803795065509909
4.2587320581886985
4.030050599388164
4.638892258426486
4.292605606487092
3.7834440043209336
4.060711617093406
4.5350348060457275
4.240322336256622
4.1744897963225025
4.166246165404815
3.349262541738649
3.648195542976765
3.6705166861806626
3.6960907784602286
3.6167781065718208
3.4296216175959913
4.463473315340789
3.6131125483349713
3.803061319316571
4.065479830164172
3.995199482544106
3.978798933708264
3.774564629213919
4.250579394919447
3.660455503940931
4.109021122034919
3.310096778108651
3.736215149740423
3.1256860444645413
3.9146056342699227
3.4808937018417025
3.712849658620697
3.547929944315414
3.8847205236041624
3.6530799115855555
3.561151526827137
3.8899735304811855
3.2561596451742565
3.7372737412902044
3.4656362892352828
4.037769601873167
3.9261203197129277
4.000264423746663
3.8897733957194567
4.472824032705921
4.496618364197795
4.714397137561566
4.222129106422216
4.350261813498906
4.124110330807727
4.25769478978758
4.319392732697718
4.157487613542125
4.519786516333021
4.723029731460711
4.300749785939614
4.1192131243508765
3.4283559950562355
3.7670108266753903
3.8639188000410467
3.835984484506061
4.426976594076262
4.190322767180922
4.45070112678857
3.7405314103065717
4.532270059197331
4.22936294893922
4.507763971131583
4.384386261122087
4.337877653839686
4.632107852365085
4.500827969689837
4.47786454657356
3.9335932790129933
4.476880132473363
3.958661592970265
4.502780457515719
4.014283762633164
3.9253599290553485
3.5282714546594542
4.494904042729528
4.122917583238005
4.601201279714715
4.544471464274064
4.241097415635961
4.3550582411202985
4.08028719405272
4.5284322725882
4.597580154409808
4.276474917878154
4.410819766935222
4.148552362903397
4.219893023898972
4.40191640885948
3.850447489889914
3.7693144822827165
3.4217718601718836
3.741848806129351
3.740658342148093
3.8775510153808543
3.951641037344885
3.7068567041078717
4.08486710066661
4.430955379711274
4.485419127077333
4.466263116432794
4.246701864791424
4.459575260149656
4.008875041871207
4.678463468365578
4.716638708806108
4.326228528934342
4.38489240145223
4.231633050809407
4.3935422020655945
4.1734374196032595
4.72349767391146
4.78778351678805
4.054488964410284
3.6513455639897785
4.045609648061402
3.781783052767045
3.9229346726487586
4.1526203551823775
3.6946062345745627
3.5511701679969567
4.562866497312482
4.037851142922721
4.186805232679241
4.166361867270494
3.5104181809515627
3.7606323086501767
3.8654724507471085
4.050608981717108
3.9860078357925035
3.582682043038424
3.2196667100187626
4.452717717571786
3.9765474841440662
3.4749637486698126
3.607079727873905
3.59864732773888
3.074198810731139
3.6157952056499556
3.8596044918854586
3.085588679095397
4.602067545775547
3.610185180722816
4.225324867766432
3.7420289832904636
3.7086878694896415
3.917009660952388
3.2999277636950413
3.8850448819035366
3.7721375625827083
3.8027867896609386
4.301735912314788
4.1323438216286394
3.7454708473605063
3.64004281464374
3.494781184083938
3.59998413551817
4.104338209776335
4.299507414699015
4.044148854208106
3.9344723398359593
4.014276275464222
3.6076280282689055
3.811382028164977
3.5730706621590667
3.835443871793789
4.057996838492741
3.6892046593195458
3.6716025968274613
3.885712536251029
4.10843609064136
3.85246815586825
4.496411100195415
4.192626158636412
3.8002894275410837
4.122783317857726
4.340989855481724
4.4594961044448835
4.431989363580682
3.8778959449239947
3.4658630729326765
3.902413886572828
3.663141197772769
3.911236436615796
3.676943938847508
3.612439252519912
3.988416841712776
4.292513732099412
3.836197703124786
3.7581838120752145
3.6691670040903683
3.9809877192933762
3.357867996919989
3.295122777442193
3.9186368062552517
3.672359064552531
3.4019846156987255
3.604103967179241
3.93048513218184
4.145290472677627
3.442737026000259
3.3654455015321205
3.6462011334274727
4.053276518186513
4.279134348644137
4.2326858233202085
3.9274505445018617
4.044171644554892
4.178511043177812
4.071393389195555
4.1400807629395615
3.8905523819974324
3.9499850684047266
4.535097246196967
3.9640530976155715
4.288230883097483
4.849809840919432
4.212108062225443
3.75875264203105
3.5333039052726374
4.13267839256279
4.158957326999582
3.966343650385807
4.274544544482906
3.744981832707542
3.914326838011883
3.3881673475825713
4.090304329505696
4.102236993627129
4.1592779257903825
4.365034450984901
3.493679242476659
4.229940928814557
4.451749250744952
3.12146613435889
4.008136673874027
3.093192569331853
3.5339167692570697
3.9727094255151005
4.137671139718421
3.588798572412909
3.3489464205032915
4.009417005438639
3.768674655912957
3.8146613814792674
4.332777305892802
3.842316592767993
3.6796787714461585
3.3887539722403814
3.6661326991341827
3.9622999693802465
3.7569812118098596
4.4935218586769805
3.672462422911143
3.969268708497159
3.408614523376974
3.876356897734635
3.8457196945918137
4.840091417120014
3.123179531397067
4.267405629920034
4.052454347356355
3.9149810080631813
4.772231234062643
3.7916581289388773
4.339949690494172
4.17416305243091
3.924066054505413
4.612830471656487
4.396568584496494
3.748946938269275
3.3716297087503033
3.594953650384533
3.2948859896473395
3.134807027407968
3.986605800861916
3.4552659893238813
3.5084641567664407
3.543178006282889
3.8040029723290685
3.5166420268682694
3.2029161524989367
3.11144628239184
3.2831552332299934
3.516883484908065
3.6763166128952145
3.6306477631379797
3.5765454753855748
3.4856515437121978
3.3171362736925936
3.492440204651028
3.8114655786465828
3.5666163682528476
4.0419249325927
3.9480618363205995
4.253986441677662
4.359623566326206
4.337912738491189
3.709298592278202
3.9906644109933915
4.3535377612005846
3.9287178579030906
4.43686334480015
4.336810061845586
3.569247743221883
3.805593283871326
3.741091819452297
3.6464498619063654
4.068496119181759
4.068655116832778
4.0599922439369855
3.9054840041610728
3.662524397994193
4.322842286112149
4.407840550073007
4.4099360034284185
4.052162978859002
3.5759194081959387
3.8201019142586876
4.160848742637065
4.180110266650394
4.033321050147379
4.016427207320343
4.2018109489211195
3.9038488100318203
4.6434573504123415
4.296389514735134
3.827131745449015
4.739302688891118
4.113786977085052
4.161549521859408
3.7529692946211144
3.9847761224726677
3.6618473338457536
3.6814857297008574
3.956281999132415
4.0906345658530405
3.6875182893091587
4.598708475099613
3.6303510831456802
3.7232667160188218
4.394100341135074
3.951121519678592
4.21058770558614
4.073893518160941
3.9039811598992813
4.16466834009109
3.635824390415327
3.698870152109217
3.0871750273507845
3.615774515080557
3.850815905328747
4.10845620027628
4.013348154963056
3.875789273301266
4.0455148734417
3.5277066063238784
3.34048414892246
3.794491049947342
4.00995844020099
4.077061624258715
4.012028754056251
3.951135087053922
3.902613438748694
3.635863821508744
3.2069997975427547
4.028414738914032
4.031192517612083
3.139339342580934
3.801103661117165
3.58582449612996
4.088908380205355
3.0997006880862576
3.778697987497069
3.5431928384945186
4.16901103079781
3.8001305706587725
4.053601956749685
4.620388745176167
4.074166846546388
3.990437591316703
3.9045795088720423
4.628215442170329
4.108044426074855
3.973546065905308
4.167821040536376
3.7842657670000497
3.5615806918179427
3.7627056650964934
2.68691680789037
3.671228020419406
4.027228618291419
4.120255142559176
4.353645088396606
3.6779834308158605
3.627836687795351
3.632021387326346
3.7331679151885053
4.875604326600299
3.8486759004993836
3.4657147059387245
3.9446570000846704
3.9034819561252836
3.253123698019543
3.6363351922741307
4.1066098784908664
3.3144592542116795
3.0120237084273853
4.012030720274076
4.19851861933057
3.897555722265226
4.380348989500824
3.8963480572927818
4.389554145590709
4.254721234462089
4.764464924534413
4.589887871084352
4.00723269540708
4.69453266768216
3.8292701302908996
4.416681364299676
4.394602680477775
3.8827617533472676
4.059648317563489
4.0445096242045455
4.115571946557155
4.157138377610108
3.836345257206095
4.263581258401745
4.45949255528055
4.325100204970955
4.597354557257244
4.063528618055814
4.652058441014842
4.13195631465188
3.8102057554531927
2.959660821756988
3.577465950446722
3.859021350698738
4.1366977915545675
3.429019989358365
3.7865971005403165
4.045016940944569
3.7515318374193454
3.970173317172519
4.133909046019664
3.9372391084838267
3.712837190992901
3.6164576816073923
4.165954177234813
3.5125791975195484
3.6168827063980533
3.619161496068311
3.9303691533032934
3.6420631602402227
3.992790124613657
3.196622132945782
3.472901067486365
3.3693289204625954
3.4470268286201864
3.4548999645635874
3.298480824309883
3.6128605489357772
2.9800354068991783
3.5504237236140885
3.6793869751959303
3.8373743114962044
3.4830657141370516
3.4501578043852104
3.5936860870852403
3.6725658228508893
3.891852605588052
3.387009454506802
3.2497843930070367
3.7205287535359477
3.9151347214903325
3.932521266372113
3.7409072878044247
3.685224856972849
3.017774953369028
3.6534170041449467
4.142755503963889
3.5643498514419427
3.8095829270967156
3.9393352292955806
3.6141941123397823
4.066968837354138
3.9058365138789166
3.124846275514177
3.517807871089052
3.8758131520583103
4.143740564767536
3.9366035669100796
4.31280069307634
3.85612072939299
4.497425718539393
3.876782175859514
4.540486007077746
4.1576304238484605
4.100137784060911
4.528288757002786
4.216080393760021
4.215320851660054
4.139640098866716
4.288020189558068
3.9907210955336607
3.4992593735638033
4.443645558019661
4.109886994083197
4.612049641343518
4.234374023614723
4.142840904814658
3.5360205456365117
3.895429987569753
4.32133510432183
3.7203768037121825
4.659254674452784
4.134885224063877
4.492181730164752
3.018269562160442
3.648667914826643
4.461783023733172
3.6074735262666464
3.716102338909659
4.360252969935571
3.8798063902096844
4.399657543080431
4.2421904886832245
3.750516385154808
3.8760147541021652
4.438370197947233
3.858243580050331
3.8782650494100674
3.9444466870068338
4.126733745560837
4.511205684133586
4.494398261186987
4.287292723220529
4.204539849164752
4.5764481443152345
4.276937894162628
4.612166966230891
4.151047239374032
4.529098182317349
3.7630373413261435
4.189247973678706
3.6180326636612774
3.997717293895394
3.8587455282096026
3.594948624762293
4.049132127046679
4.145734667423326
4.107769085955276
3.8005906584429163
4.12809895260685
4.004507048259797
4.345207645923606
4.466813689863278
3.9544451577037694
3.5280466731907074
4.421996855770992
3.491540204041159
3.254216572104874
3.9120743422183972
3.89994547215182
4.61840825221673
3.8432894840669194
3.868404358142172
3.6510948944437582
4.16568382180435
3.8944471844633437
3.667298068617726
4.736394328466649
4.143926782191565
3.9258942978967863
4.082239091104908
3.1705088900118463
3.3854787990047104
3.9186940922059468
4.11510186406065
4.232282845526136
4.849773112527361
5.122655590214235
4.276149648476726
3.9563973919850337
3.515739699842473
3.964224878258549
4.314179143017018
3.2501560254678905
3.3607389655397952
3.1518425464789597
3.901316932725918
3.9021532234322613
4.316069407922379
3.842486225267056
3.9111907127045225
4.5532276521625565
4.091229174126324
3.6240118361330462
4.2343346396062564
3.8549781450023404
3.8944051396460257
3.792558337248149
4.1280187267589055
3.621119014282449
3.9724651800447344
3.544883351007428
3.3240057064309174
4.300117799919201
3.6440334850723866
3.8622207408658085
3.8130940753818052
3.7497154355590294
3.3414286561845614
3.5055575882861523
3.922791394180315
4.360799325263504
3.9283893980063906
3.976023806739672
4.505861499963782
4.466558699573477
4.689329925695979
4.027852112130397
4.024238237213536
4.434388017221258
4.570528438553188
4.197822489511183
4.228452238277168
3.8655955369861594
3.178628013798255
4.303430046393168
3.688486358488337
3.560383155009953
4.305287555528828
4.07819791613314
4.230200456835794
3.2262185285565206
3.9541455031131205
3.571784080401555
4.165882920709423
4.03476553986965
3.695900422739891
4.673999064321931
4.284616464863814
4.0566985656262995
4.208108651098914
4.135899328004493
4.608299465988646
4.44455735826741
4.2529342241234955
4.057438964253485
4.5350348060457275
4.186399325474561
4.304188136886676
4.039546175212604
3.0253939678611577
3.8174793205806496
3.694708501896444
3.664427994646589
3.8214431205992234
3.3089321948767516
4.463473315340789
3.808880173793014
3.6890742632783384
4.017186138245595
4.129993128160263
3.930190202704392
3.803978322877801
4.16799317986994
3.866672305615336
4.053863013671302
3.1822973092852713
3.8740627129691525
3.375293076426672
3.7990926185023617
3.4952044633100985
3.7191803833482004
3.771093713588776
4.038394257945484
3.620614027661336
3.5604965465803877
3.8527921319605127
3.5438485439438265
3.997099222679748
3.606152955722615
4.053035572501663
3.9530732061577565
3.8757945109303518
3.940595800794034
4.676592740330667
4.5427218521589285
4.780070849084795
4.329986848677972
4.396221470964133
4.082319578059253
4.324484200565889
4.565473445477977
4.186365047766083
4.342500496461981
4.700440633263447
4.370910544679849
3.9469350430711136
3.921604851776191
3.875022918027687
3.9571300625776713
3.8675892353508114
4.677675917107866
4.295976565464575
4.361270387922369
3.636689042400663
4.348635929998826
4.431013769338692
4.654105041105289
4.3202136058848275
4.319875104550523
4.503510563017333
4.365411503451307
4.47786454657356
3.9596213887813096
4.421332260387179
4.332325964407816
4.600132567813402
3.6711096493183826
4.453450006383479
4.532555098257861
4.494904042729528
4.501970844078852
4.659274811958635
4.544471464274064
4.240434324925493
4.3550582411202985
4.388776284442459
4.298406921868176
4.695930608483859
4.279117201191118
4.473605508072532
4.2638221226148945
4.325832880713977
4.409186552128864
3.9306773204788943
3.8871490287814408
3.404014199602943
3.7708204961597573
3.8373869933144986
3.993873415053642
4.085174583436338
3.689888464019055
3.856521979389223
4.383191712590314
4.461227655022736
4.38742698822589
4.426702094552062
4.407595768760056
4.703507571818429
4.678463468365578
4.884577669520885
4.285774848642916
4.465517581692185
4.3350149042737005
4.40871971086199
4.393620919754269
4.647047894970035
4.856319630635484
3.645995069240444
3.570666097473265
4.09153027002828
3.997006009485533
3.9097593275299367
4.303647530383925
3.627483063331711
3.7844235925399174
4.417684934699335
4.305858401385068
4.254620362804527
4.100067571006998
3.520534735537714
3.728845205826973
3.6660516152029
4.0488876362467545
3.994644541172703
3.776238280510527
3.3308477563490335
4.39592789791388
4.061238260571486
3.6737747023028247
3.6009451977613143
3.8094907673263503
3.2262139886504233
3.642709415303802
3.8745384295788083
3.4135966746588267
4.287226135335198
3.6480289569546205
4.260767116274412
3.5372085030769584
3.7009882734012263
3.892996383893647
3.387417101188719
4.080226480705555
3.820112485291612
3.812412277781285
4.488024970815066
4.230818354665523
3.9596007640236865
3.8334549484406946
3.6991158118937477
3.674573094744793
4.206486726169917
4.286073877142417
4.044148854208106
3.934541262426423
4.019865611801146
3.9596422091445014
3.9621623419749685
3.553887370221981
3.7905414090278673
4.064849030523463
3.624020155374114
3.537254489434106
3.970035028302867
4.323579017382811
4.320126638025673
4.56148691961946
4.209599387469162
3.9629758390620635
3.8736269948022564
4.217207337580222
4.312397573748061
4.440021304234684
3.790816698475753
3.736267095301327
3.783507215168809
3.7639588529233636
3.7906343884992877
3.886978153190888
3.7606467251533084
3.6355281389526053
4.358285574684281
3.907696039047761
3.7503145059635514
3.6695154700646957
4.261768595381244
3.3025669144103116
3.388961818125795
4.0378901634631434
3.8614823704326584
3.5479026358457277
3.6987206701502107
3.9492164360909605
4.40029154399388
3.507690885242851
3.463180103479731
3.7797790335509536
4.032521531801394
4.432346315666097
4.386060992047618
3.8196507020197656
4.155741247980393
4.026486206130507
4.363862264073434
4.187068993508302
4.063195463204121
4.084130229753912
4.661323100993321
4.156064163063588
4.416754512234762
4.582094654957803
4.214774419994805
3.68210553093291
3.427937356093338
4.038009831691211
4.279131767291739
4.055010922234869
4.444973845116018
3.843849624869271
4.236429426369774
3.493064547020367
3.895993552331131
4.096709828287198
4.051484733630102
4.313264916658633
3.346608109824368
4.38760630931756
4.451749250744952
3.365537518718946
3.9662605367831962
3.446430775654691
3.4520026815997165
3.9450225883006067
4.128990279634185
3.7697363457884077
3.4962561150096145
3.9841265566356627
3.768674655912957
3.5544542668134596
4.479853640626434
3.8845910198588616
3.699455423849611
3.4961940044477657
3.569186653535514
3.8827186530922226
3.683583551498942
4.473922987593375
3.49102630775937
3.90826041677259
3.381653712645358
3.980064244627629
3.6422321034713425
4.801275040583384
3.123179531397067
4.231066667001235
4.093789236881812
4.10258625091334
4.929667373796235
3.842064100657363
4.384152183010941
4.270444317751425
3.9142726227239173
4.630943358238342
4.897924704054319
3.756826603130166
3.408814083532593
3.6852313144813107
3.4682309255240384
3.24144071679322
4.131062421053177
3.6268199741716476
3.529437462122531
3.4859558603397263
3.8928281070184916
3.595523112594474
3.2537648677607356
3.2004025846414064
3.1503850548056893
3.5702588441667147
3.6926030543475794
3.610848806369664
3.6101652469521026
3.6862949077949025
3.4016418064942266
3.495671145286428
3.8900415874229752
3.561208000728169
4.01125950988469
3.889585221208119
4.264294402011923
4.4677800205521585
4.3431114322906135
4.072819571006031
3.9347971092592524
4.3535377612005846
3.944455109929458
4.4622669826462715
4.367949029275782
3.910849078454036
3.6850029478486745
3.737259938207883
3.6964528526944243
3.9387748307868473
4.056184395522575
4.0656529195773565
3.935297534466117
3.748716877297995
4.569278880570006
4.399698164123001
4.0545763440820695
4.2585649387216735
3.7317860484334866
3.8504865738144187
4.156507836394728
4.208790916648532
4.0279788649257835
4.06315409412853
4.297869020348102
3.9185855748156184
4.942495416052594
4.242876786652644
3.7386549702430703
4.690206447839513
3.7450494090477786
4.021979786466799
3.792891576836369
3.937920387064656
3.770886123185412
3.7837705332776514
4.177051916174206
4.079984735237899
3.7893065732293705
4.473653789614386
3.558412716168139
3.56575918482239
4.355896923952709
4.056938879107191
4.361669087777713
3.9596652881134764
3.993102510703431
3.8755945086516714
3.961983600468754
3.57408497945385
3.250414435992584
3.881910738401858
3.6894169434996016
4.2094314370266765
3.775546266264738
3.9392858732672797
4.047436613576847
3.5297894955131737
3.337811962999959
3.7188911579252526
3.9940013254263045
4.248221116112058
3.97950860147884
4.016134672989004
3.9059062766033654
3.6876860785581176
3.2949371459583707
4.289446416094209
4.014230219152818
3.139398828478158
3.8660944595684805
3.521150678255646
4.290524109105462
3.044720282566514
3.6599935196141256
3.5058300579111235
4.192252226986135
3.9951622491433545
3.9932738610956866
4.663874187680227
4.238741530239976
4.038348172329979
3.9268615222587337
4.628215442170329
4.027057194251105
4.040261454606226
4.420187158621234
3.8430595441452535
3.551374299201311
3.8355471828194423
3.094427599034209
3.587772840944413
4.027228618291419
4.10304449620968
4.2435181716107495
3.817406376626995
3.6861310895792134
3.6623939384193216
4.032788776035433
4.704689069520498
3.7637663817873896
3.390864825287287
3.9087355427595494
3.9486716046802472
3.8903713807555595
3.484055028148183
4.130686748332339
3.349190074577126
3.263169737587706
4.061279395408194
4.066660807722844
4.236304636298692
4.092162675319892
3.803075128477979
4.4104604899729996
4.111726458791184
4.764464924534413
4.589887871084352
4.207260135260641
4.69453266768216
3.897867112154348
4.438678834978131
4.503112777954895
3.9029839556119765
4.059648317563489
3.965191676968969
3.8687103828341005
4.215425932858768
3.9105658368652385
4.173710408924467
4.848419971657774
4.277365794232468
4.579076756688701
4.1784623892542925
4.87628663720986
4.318199972489272
3.9287613494077815
3.6587981479283043
3.622640838113009
3.84951586387307
4.258893029012595
3.4237456344909063
3.6496848524865424
4.247500161362315
3.7433808306096887
3.824463226398353
4.425716870904683
3.965415937638319
4.087947381872512
4.000670575894855
4.299031799321515
3.2464162311027365
3.4918229861466816
3.5963670401916983
3.9746776825720893
3.8071601060841016
3.992790124613657
3.1348822742306965
3.6505508136675964
3.4406599732542738
3.8492844362304206
3.544629343437186
3.2070537281994724
3.6436336444452886
3.4156434521268157
3.555284571552192
3.6020124735354484
3.8982575875189553
3.6089977750796987
3.7548792530269153
3.6804973421436213
3.3930072571982595
4.003330499987953
3.9154138269693517
3.280268445559196
3.769436986964905
3.8187741255365006
4.0736603525628095
3.8295905272415998
3.7435936688037037
3.5311871988893744
3.5275423177695675
4.135951658479869
3.4988046552752596
3.9725059613713194
3.9223487985514884
3.7685481818067004
4.051655105852639
3.922794242245697
3.2101449784257574
3.4900976293200943
3.823680157803481
4.106721314362227
3.9366035669100796
4.116957667592894
4.103272321396332
4.71460280627787
3.9366589741077473
4.584813495232774
4.317786236814347
4.07164496083201
4.632891010717708
4.194932164253306
4.323539244747527
3.816727658180792
4.930144664766118
3.920523209590242
3.597079472747274
4.279425888496943
4.139183935538688
4.612049641343518
4.208379262408533
4.142840904814658
3.7252332023705472
4.092435781329031
4.305737712774383
3.712455480337766
4.533409338958213
4.0370264005513645
4.428453743576172
3.0976018763371846
3.7053678618993837
4.461783023733172
3.5638051882927213
3.696462913847973
4.295778061156924
3.983312420311944
4.157805642654727
4.227615348207002
3.8138031713569367
3.7943496878738237
4.438370197947233
3.8625081132757852
3.704698288803889
3.902761413673269
4.148199508013244
4.676670466362367
4.382780878999808
4.052994144774009
3.9801514660995316
4.605444775294862
4.418953651948344
4.7392942301570855
4.0309954451239145
4.633060933629816
3.80218054375589
4.093132999465658
3.911581048321543
4.037939957950792
4.155516439996365
3.8442988714021213
4.0119320578334285
4.235129258493098
4.292836411660158
3.8787751677752764
4.710937670091313
4.150529966855373
4.371569260414862
4.463381519070749
3.8967591404167052
3.0831345600798112
4.421343493439383
3.4689404768576315
3.514936020253398
3.8975194102570088
4.009051646030477
4.6266913157860925
3.8416662091969975
3.9900545776076752
3.73040699980538
4.077370252190586
3.8568999218173734
3.3859755696511398
4.147237018766012
4.067045082788856
4.003922612000264
4.106514842549195
3.2170831225492043
4.4900188375245325
3.878820117248604
4.408747874158176
4.257650939747363
4.594517377561035
5.198146008635652
4.225958821167488
3.606878126895888
3.646902119249127
4.041791741632148
4.314179143017018
3.3267788168573516
3.6911747803897557
3.150693845484545
3.9902849340309046
3.8739930210519247
4.604800399254589
3.958033387981024
3.95303516532241
4.567747146167476
4.2420592894251
3.527203960739501
4.2343346396062564
3.327439654168229
3.652699473025709
4.004904087290438
4.072917246355832
3.7309552591724273
3.9004426721831686
3.6237479637947736
3.47693641060159
4.583560978224972
3.6377916739716456
4.0059225984167
4.08331275038582
3.9507461326574265
3.588952179647671
3.6376130935018764
4.219853195369257
4.674302684025317
4.020892475417386
3.9410303362692716
4.428762205578667
4.470337583249505
4.627714930076569
4.086407553405603
4.097219922308136
4.386637543794449
4.554090385455686
4.0749797444946125
4.218135474326687
4.092628062445513
3.1310673861215244
4.358573477777191
3.6521707580463256
3.8638556289788584
4.305287555528828
3.8472884643747873
4.213000377057413
3.651166579185613
3.7927654613811033
3.5243309861863126
4.18019811108935
4.110329444424514
3.7433132662025974
4.578796399828131
3.6453857989420566
3.8033436232721805
4.265400534672379
4.00845673731142
4.638892258426486
4.1990714408612835
3.820292714601093
3.7728033031637827
4.5350348060457275
3.9169781397857832
4.3281146894412235
4.166246165404815
3.349262541738649
3.4756823387005014
3.6264794315315063
3.710373527673857
3.67084269661252
3.4859456786834224
4.67511996760912
3.6940563032043965
3.729289839499783
4.113349322479515
4.090159364164669
3.9350418662419
3.812203619750386
4.209585392793231
3.642996851214831
4.075537509190398