3.6666806653904835
4.598941685436864
4.044033217055827
4.361658289354029
4.246777441193252
4.358847656786521
4.375321670923921
3.995913031864626
4.138376247383807
4.006783065716442
4.487242791813101
4.4933599494998795
3.711227645288442
4.307366944465052
4.453757836242424
4.194453963182146
4.430215907339808
3.1527957225172423
4.280396434957166
3.8652765445017923
3.8966097485981934
4.4235918693092815
4.121622078147036
4.376415097206803
4.2783541876138145
4.786698202141256
4.441423311788408
4.465364994038902
4.739867028338906
4.194297942978617
4.654028151241171
4.447641586309929
4.624989411085235
4.049127114213801
3.941387679163973
4.114797193883481
4.008817613657457
4.199662900528271
4.879867046556962
3.9501363255308144
4.015316203117567
3.9312392137998247
4.539189284668145
4.660075092710502
4.055411838636325
4.63789865466653
4.5165598746505555
3.9951130261877044
4.43353011189458
4.179641781513723
4.313741181748185
4.503951809197757
3.9149349530639053
4.262340511260201
4.031437816813404
4.408366616307076
4.172057554215099
4.015249678078719
4.307200827081833
4.048767148983489
4.6525853985318
4.534820626450866
4.178687439661339
4.349857222778927
4.002521878401082
4.403519660939166
3.7590399043736014
4.707513605442463
3.6702018744905027
3.759824689064134
4.245279046700218
4.762233518226739
3.9696603643738513
4.434123674965694
4.182152030893906
4.117807214856216
4.652428829346189
4.272668109332317
4.547513932620397
4.561192341841147
4.115262660931789
4.5264970694831135
3.951785855171686
4.549075799177045
4.700861295841289
4.536707748224988
4.928416559622736
4.522593168710081
4.053038331360726
4.078335764408781
4.024546086409574
3.3838764386339037
3.7363351563781055
4.302117810355123
3.3133075729728896
4.428783400875419
4.2296777470957085
4.258805390802161
4.273378020100148
4.3539557001209825
4.393718715883489
4.264304520103334
4.804018961162755
4.280223474019739
4.723926878853304
3.9185419682301603
4.320515500045255
4.247041408781184
3.6591461628566284
4.12033357361654
4.665494731545863
4.665494731545863
4.0705146015032305
4.593536143137589
4.550189279740239
3.6777893356666578
4.807630889099562
3.98238163153668
4.034514793591608
4.145436168405654
3.6111093141852466
4.3914749223611995
4.19351016152783
4.252725280653883
4.4692625477315
4.424675004740623
3.9387021636891015
4.271501167210416
4.188132635655575
4.366890245332277
4.4712998387471785
4.183382803504743
4.4396974410328
4.382625348172469
4.579033952740057
4.304882087809522
4.273801973784408
4.2549816768321165
3.83149434895398
4.564850593338431
4.128876818062695
4.657541425751737
3.9707798538068193
4.571209922580522
4.466905272967269
4.383896796065667
4.890198124018408
4.258494408859699
4.46847540695214
4.424972406886139
4.504282639420303
3.6537060447185548
4.066691386058649
4.116146533721206
4.151311362558147
4.128763556879634
4.656022072304581
4.541998372883112
4.4311100456732655
3.843595153963266
4.215516761098929
4.117558383208769
4.172048191779077
4.026759252305762
3.822875382965326
4.2040976039964715
4.235449661886432
4.140185033631692
3.969904936110219
4.226568232181048
4.308561855101549
4.041258413408615
3.9502801259811
4.123765999650019
4.6465897440292965
3.9894213543085346
4.0288541962338265
4.207349125711828
4.4645150217368625
3.7748718176600735
3.8215433833412704
4.485963342580478
4.4883723666341755
4.387250727888169
4.620386988190942
4.355348333418807
4.076799062993769
4.286611425664192
4.7560112737007945
4.722662182165421
3.984463817342962
4.299413969577677
3.7034674858042513
3.9055315115216094
4.482474017839575
4.347874060747286
4.2074336387662585
4.105205408013783
4.174417515298549
4.471449613074189
3.906918238042712
3.5865898597192176
4.362189591040998
4.445675999821899
4.466859150407798
5.065003735568867
4.552504163974261
4.089410498296306
4.516423693840082
4.238795208048612
4.118953162496334
4.557815038277109
4.077402362344301
4.263978735571556
4.989952547416925
4.186939735976837
4.846424875533174
4.346624133054695
4.201306640973128
4.430640690791135
4.657599097470305
4.218491680841972
4.356269325132348
3.7184158297906666
4.5644912904149155
4.123641178941462
4.339586944129013
4.033937215943306
4.7400171314676385
4.941217006740814
4.13134881888631
4.313809676804496
4.616464616030848
4.500748126341899
3.8511938991669323
4.645496055761489
4.2226692195452475
4.615798192466525
4.37991555334364
4.631170442290332
3.830263328086665
4.324368447575866
4.573446819215326
4.214852779144779
4.378382971860866
4.378382971860866
4.595461062484331
3.896392239795251
5.128843318029647
4.028064074866924
3.8654602153645463
3.723189016638448
4.55250393054377
4.482797952194121
4.2006523116723695
4.3808414031191
4.681157399675861
4.693626527242383
3.664043289762371
4.008037960012944
3.6448770430891715
4.278387241252408
4.044927734441419
4.345465651472727
4.087102118499564
4.981026962877139
4.117598579619447
3.6294149656923196
4.014953336096081
4.183917796730703
4.276347508451095
4.08602278082166
4.435709134278092
4.236186605267168
4.560108478751284
4.8084018736266625
4.139881846318246
5.159660140346032
4.022639591674023
3.64380368898001
3.7410017242112374
4.5781839982025465
4.157144102220695
4.154097686116847
3.9819328296291925
4.62719359570921
4.276051922887151
4.089364374590106
3.740251754667538
3.871490601290077
4.670543423254454
3.899400520708797
4.614604485363817
4.1723176182985515
4.345770190611314
4.241150530297597
4.459611382990471
4.169441364744352
3.8811277241566184
4.395581939552965
4.529224571460215
4.551802155388311
4.439578419567432
4.596987776543337
4.316485824795791
4.756978648716659
3.8605223527221986
4.357509865044455
4.1119689975180895
4.636408625412792
4.556657481710354
4.437453479517281
4.682494806134706
4.664192983057998
4.359900120548767
4.260682897557609
4.255228995905853
3.5816947136026576
4.3805242581047015
3.909976063837621
4.194748403032231
4.1472779963174515
4.116618493631854
4.120680641455281
3.777059881189824
4.68602785258704
3.9820916657950765
3.5503610434398163
4.081357765771258
4.50412084761194
4.524845612602185
4.170447410507449
4.243157770923768
3.7891902219563063
3.7424829385076173
4.584355107069854
3.8214822492030622
4.185687386787267
3.99428571741744
4.811747539730979
4.832780729337763
3.9940504146051072
4.399923503692837
3.4870848276139554
4.661239180392511
3.8522962957607874
4.358847177052109
4.593154303713137
4.375989337659203
4.244129689547056
4.2750781238607365
4.308791323394948
3.9671160282175943
4.539908338561535
4.814100126716916
4.156447296508029
4.516261590579483
4.180696960242064
4.172884286272134
4.300409668531966
3.805669755872783
4.1304106226254635
4.650693364774266
4.007984857854373
4.401870434981774
4.117385211083433
3.843623976062127
4.302485908576924
3.9965824237925434
4.117875540800198
4.255079947877728
4.198659881290835
3.851230559097075
4.999706799337909
4.593635935819784
4.4659707736689835
4.842628934646244
4.604072846873949
4.178206584346615
4.234278122062959
4.689038140709712
3.865948125853727
3.9751557454438102
4.583407839033783
4.106479987922162
4.300532901703345
4.184523900398815
4.587451142090057
4.029497110877483
4.208917446702159
4.642773500511655
4.073560748142249
4.078011900282297
4.515489921039832
4.479893612679275
4.3201125936009275
4.430755128344516
4.293295641891601
4.081810262346989
4.48411851254212
4.430603771144315
4.187839315510848
3.932429453722898
3.9602890724859687
4.276180976500987
4.513393034375863
4.457848973420116
4.577580530524354
4.354841558947767
4.5229500480150495
4.3375485798638245
4.3819168486856315
4.775422442613786
4.192542695530271
4.506827771002943
4.146252926577425
3.543574107539951
4.055088894899837
4.282938155596591
4.379644618851086
4.0647158429564465
3.924053001071414
3.9727629450449973
4.27759545500588
4.415394539809214
4.367615646344004
3.7874513837514163
4.546293679587357
4.097335598881982
4.710213363767731
4.058720278857185
4.431444248747668
4.545195905085105
3.5930304227546697
3.927330073679708
4.4432828323095315
4.061195198834232
4.4556330931858215
4.145487363098109
4.207918024599236
4.382643540734439
4.514475175845798
4.298497669998942
4.708160525088129
4.345064430503978
4.665035133205391
3.9976178287914914
4.162949929101731
4.215290294180679
3.7292365084989396
4.051193316197257
4.400428532081757
4.369454355302167
4.524948348788097
4.589456703726759
4.100960230531892
4.138750679452967
4.516077600618944
3.904216212906099
4.193897800528667
4.33677749032692
3.9224740740806188
3.9326394363360997
3.6727815390769423
4.509085692543822
4.279343614364078
4.677940951196396
4.041392851049294
4.050041512845189
4.163659322494939
4.28480148735607
4.410325500781431
4.048905614512008
3.6470071250916325
4.017135690487253
3.622638699737461
4.3858060386461215
4.330726739516545
4.090935363661569
4.012371135629179
4.761885512627867
3.80682946685756
4.0762303476231825
3.788066007179626
3.7466023974624827
4.321416650213125
4.442413699722854
4.453121309976157
4.253504931362854
4.345547983983153
3.93956522631866
3.9378942754090644
4.666180336926901
4.071086744951769
4.21020102520615
4.490041136478211
4.334521800762056
4.392956024187646
4.344037163282657
4.071016134576031
4.307816512623242
4.510872329324709
4.401948076110525
4.065875430642689
4.390686638533303
3.8254843067712807
3.871545349237545
3.917525233207763
4.01124655269696
3.988112423563
4.276113585371882
4.581711274771156
4.2691124019933495
4.251449337277867
4.838480052685419
4.254592917662313
4.588771172447515
4.1408109998349865
4.765373070801895
4.156652433756596
4.284231477168952
4.030476456409507
4.069192079059924
3.9988805593687813
4.867393238688504
4.390978383785713
4.482406077860619
4.658820197879974
4.223275908952893
4.426548308003323
4.2853678713553744
4.618474894091335
3.749982968828939
3.4243772520153923
4.723113736508737
4.198234846951138
4.575818806513914
4.803693776306517
4.513957681312685
4.053709080510331
4.405137312041008
4.057632389879238
4.3392367499160605
3.790666931110774
4.337540397246162
3.981263470101565
4.076393860214856
4.3388849343700455
4.3282777747103935
4.332260224976924
3.5085377576547123
4.347807921702517
4.9682769781970055
4.449617033603084
3.4326719647223642
4.265676038567786
4.449386109269188
4.820263647234642
4.602583748924227
4.229822620114608
3.6972214857213577
4.293827581234536
3.8282493597230713
4.293465439917078
4.059439794449103
4.372179165500716
4.092092980046925
4.002972865257579
4.242874175365601
3.8885687580395
4.466715145269506
3.8427539527449923
4.076543804810036
4.046925452476864
3.67816787877726
4.549487161292984
3.8316936206951566
3.680097022200447
3.9475484797636518
4.502813413357185
4.344970357092708
4.028652609857234
3.8611053348310653
3.7221229334466814
3.990787204825858
4.47440532672381
4.169457087000337
3.56107028977583
4.28633142229253
4.207769550015523
4.573240793337915
4.239271435097096
4.4115788873167405
4.327156657367261
4.422098850203518
2.8423578266995775
3.4897343325189847
3.7041303967175834
3.6537652401235547
4.250130076433479
4.371168849529085
3.745395050881192
3.643873359806773
4.174319366038041
3.8091539249779283
4.413157500272742
4.3734450254221215
4.1037970767916
4.393591669888641
4.50721497462682
3.879831404056289
3.409790215766029
4.461569072722567
4.495484416483159
4.274379103654733
4.485022882985394
3.6879345353456676
4.044059662515913
4.2694933092669665
4.2778252230848794
3.6917584405265074
3.7416579383997934
4.11327978293613
3.7193366744861285
3.6653232967384093
3.8656594713377843
3.8788468467833668
3.9713137919913555
4.350773943450962
4.486016013669096
4.227450104600875
3.9872164731988797
4.423613656113863
4.265306992086136
4.543843463911752
3.269394266789617
4.187012941530828
4.3041494576543045
3.193064728366184
3.4000554682580413
3.4326741663266747
2.7624033159105297
4.766274436467234
4.211755383788164
4.014068018436147
4.45332918622342
4.482073727080233
4.198392063517412
4.520848661922446
3.8501514709803333
4.55860291256528
4.319531369639714
3.3680448362906934
4.052305019133374
4.164739805579096
4.038834709383242
4.2134264775370385
4.013260291287119
4.267711177952763
4.41385341601865
3.859172831691467
4.19186554285017
3.8079732798728605
4.225627972232774
4.664734705235045
3.7534203332762734
4.012628340404861
3.916003816971715
4.435643249338563
3.7464314652050787
3.6551748610263255
3.484898711494785
3.846544929240097
3.8776299488067743
3.662192491741304
3.9705796374485507
4.0036672529954265
4.099581448578761
4.207491339082402
3.917723472950848
4.512956320271569
4.228149256014442
4.298107346893249
4.349303229534279
4.169214242537771
4.059025338939133
4.310015505138788
4.470594370238331
3.7673683588571834
4.336783134714909
4.664030805376355
4.756107118722765
4.043284120754322
4.216168757532551
4.592654316539509
4.672570537739899
4.316498661638059
4.232075260241814
3.7923054103009997
3.6270545467932696
4.625266135323906
4.580044918146651
4.681498762389328
3.5962550571949548
3.9882196738862197
3.804789406152021
4.077842440573313
3.2041482778870014
3.7527767051752576
3.8906834773197954
4.466496360551835
4.550108088339385
4.482904824516922
4.4174627757705505
4.257791660418808
4.14846958927748
3.647240275959373
3.348717964189074
4.402341673137658
4.550989101011213
4.080053961206206
4.101047108623128
3.9590662200732254
3.6218306516124543
3.7877816745449495
3.919659376886834
4.003276247970723
4.189879984846007
4.4362274457391475
4.009091720886593
4.141529229640351
4.336736539270042
3.8757851286538507
4.362310230320073
4.339878364327754
4.322012691917387
4.279928934390004
3.994313670622235
4.1586675745959045
4.357297140897069
4.73983733560439
4.255164202772376
4.2058080406759
4.098114208315931
4.080071857683414
4.050447248935885
4.047359710985188
4.3155327694960315
2.7599719840527284
4.36616300299878
3.6052140521951004
3.5455206764421843
4.366301061078852
4.157582088953662
3.753304031956363
4.325101286488026
3.231920254350534
3.617748977867964
4.147146161017648
3.487612734487213
4.4730943075754075
4.4730943075754075
4.543711939583773
3.9883956233725937
3.1101683832942917
3.3512118639860726
4.5375815704227875
3.5555725044867437
3.8279042529358165
4.467481922336158
3.9568073230485457
3.985392217346889
3.9888058525844543
4.2831671826440045
3.827654585838582
4.1726944021515315
3.5743008620387133
4.510775115693404
4.2225755579730455
3.818453747759227
5.436563574369689
4.154516075960997
4.6124400979075535
4.083272845557832
4.037623516538517
4.595957426215548
3.6300251450447494
3.6830520675334086
4.095248512584573
3.2521726495033083
4.037767339890104
3.956287823412218
3.678579074359164
4.100888304675782
4.2134000950420285
4.1132983810194
4.366550736571799
3.887074315776329
3.7155734575389876
4.444403167311748
3.752741205732269
3.978375036163234
3.9836662009643242
4.358969668127849
4.2554069100807075
3.97982574769161
3.8469026197114937
4.2310672144670605
3.872471233554026
4.01370776842668
4.317034432432926
4.27795531012502
4.2287510654957705
3.769796444062018
4.2232822355767485
4.129110611675671
3.9186996876361295
4.480628876261903
3.2087191342776644
3.8495647789592518
4.563121361943989
4.399726670846052
4.451020312143854
4.07087931010626
3.8988375508654807
4.37935134634883
3.250144088055742
3.7983894153780344
4.613862120691602
4.035225988152712
4.323640214670688
4.206229073218651
4.420370527474828
3.8540333591741502
4.251323071652728
3.70000740468159
4.0528402744420875
3.8532893754221798
4.133539525465738
4.553207067024335
4.724921866691117
4.1875373410117405
4.415820771601286
4.484989025425598
4.003273520808051
4.0686338232164
3.9833817669710347
4.105863681468998
4.25498914829526
4.203025551280768
4.099690743982738
3.9976304099740716
4.1194950985046015
4.331644977147601
4.484570041955973
4.268149981097388
3.8679220736241957
3.2589558449442007
4.402855429214235
4.033140989701257
4.6996350653646015
3.7319538093059967
4.182789662127816
4.380120781811961
3.787025360964959
3.8805326178206947
4.38539121043609
3.8566384767161717
4.263835131626683
4.5221365587287465
4.701958188487325
4.264613272917661
3.3197033086423064
3.9972520975998798
4.477822610023665
3.6702718424155094
3.5998028588495665
4.378643685942852
3.996760845392158
3.6418002838992862
4.141878342114012
3.744328176743644
4.0516077071411605
4.051873832829562
4.173390948822888
4.367293131962601
4.067421318673271
4.1333428261234495
4.19968068000995
4.501754363400286
3.9356564322812435
3.175776820389333
4.435980999651023
3.859685502133633
4.492071423388106
4.453291641844688
4.167549775611645
3.9897690977983267
4.410668417636897
4.282435493147801
4.1858621468884705
3.882874252978067
3.741289265687199
4.336162226408043
4.347953541991904
4.1641187122628605
3.519817192265031
3.9754211968281887
4.339606778878673
3.8777575643830158
3.5927335482865743
3.829678772583499
4.0723850062300375
3.7285362683600667
4.194712485482752
3.184503343850562
3.139290679027824
3.879040936891732
3.8985960723079778
3.788176047244938
3.752833124468925
4.030252073286988
4.469973151962225
3.1873889788578476
3.923836788507474
3.3610354280956716
4.011068446619822
3.4454192264640016
3.6260361301859954
4.377142639575897
4.119767113401486
4.617120096113064
4.2431748297087895
4.009214387804003
4.112719525431143
4.22527835920976
4.180657357818553
4.309662492132103
3.7739008467532296
4.368761675338648
4.626810407309117
4.576602461766024
4.30072764901337
4.077424535087504
3.8805029597340086
3.5502874605842374
3.8304791761503734
4.791918990949025
4.1458585706001285
3.9958396894954573
4.310765527723098
4.224594523909777
3.727150033694106
4.3330501440377525
4.42626276057298
3.772768497869069
4.7976463845735235
4.134066896891711
4.225542760369571
4.458358814700738
3.9801553789397257
4.41401880599701
4.015055998391103
4.343343596239243
3.9637027585676194
3.6530857301369286
3.8529118515128897
3.9638508351703328
4.434575425391099
3.9120807078796407
4.1588255444421485
4.660564594440405
4.079961067317026
4.183519648245594
3.5739569049073516
3.7596209923960915
4.19624813424765
4.459497442732862
4.1433267312177815
4.0825159451254445
4.436529892989951
4.310302700403976
4.564482777486752
4.01643283248101
4.0518623040802515
4.158030263434274
3.600455132355625
4.6139037073464655
3.6681126749841884
3.7942455554346175
3.3862505031538612
4.423940028045729
3.5146665183212815
3.909126494539918
3.230948075606909
4.107353970683625
4.258938440301623
4.2070868155398
3.938283643445342
4.286723424478435
3.9756905834917466
3.4788095687978275
3.869428500793917
4.2798834899767115
4.582365775666826
4.399964235765428
4.145244543276803
3.8471821288497976
4.0322161999596595
3.8575184487228524
3.783338645289297
4.54905200346937
3.486924835579619
4.3478056103338165
4.236169071690033
3.9707827717305455
3.6837215001669774
4.344442157547969
4.2749007754287245
3.9890463153515556
4.145958650119362
4.286842167221155
4.755181756116276
3.7988355797193947
4.541946554656722
4.084628947950968
3.6631369203763406
3.037530154165835
4.074267769890563
4.067420061569321
4.539807121286877
3.5161390423169676
3.968234918366357
4.348348902879551
4.622825853463558
4.029986810826467
3.6047487459621332
4.308993595365859
4.366907254973663
4.397518328589036
4.064894092561716
4.136759412367862
4.466342417156239
4.408504565821203
4.229167750284002
4.1138990141148035
4.381596964453999
4.298516100414135
3.7860956957023864
4.142422480557215
4.165429352116975
4.315529946269889
3.987655534079364
3.9959865119332605
3.6536894132806506
4.481368097500017
4.110363857474602
4.331276871431601
4.168238788579369
3.9374632413315265
3.6611319424936237
3.6678978548199375
4.10931361242841
4.332561692787593
3.5103996696059117
3.6721392052569604
3.3794394850932843
4.429376171368185
4.319748240947291
4.139016400645678
4.048290901529068
4.67841643880671
3.9571364500964075
3.9897690977983267
3.7981240343370537
3.970340614065166
3.8421929176895238
4.4386566491789825
3.917457844141942
4.071949145913758
4.153565480279856
4.334579373623983
3.7376129376577816
4.407035497278162
4.220720002880512
3.540542343446072
4.402129743640664
4.272281506810607
3.8074636136199054
4.243197159078466
4.683993432494997
3.5764013697036727
4.083247247195423
4.468719420630577
5.2469111750506325
4.166550717091574
4.1461681751552275
3.866648506616465
3.5222518515513714
4.260323229828426
4.208837828357385
4.468861283929775
4.122413071556901
3.78770699558312
4.057484080987323
3.8345084241930243
4.219978172843379
3.816772761272358
4.681109654419284
4.392369190032279
4.130323652946306
4.151893012568244
4.236671468739473
4.216055274114705
3.9033016834943126
4.064396097248686
3.8420770838864975
4.735667483379341
4.455910167279267
4.487077529063042
3.519594861676199
4.17954940398567
3.9633161710352462
3.1019210737958325
3.7215227991447244
4.065126202540095
4.249646849691433
2.9815636091896947
4.481836864471404
3.9557830491981116
4.000357025999236
3.968312049388408
4.415591369860202
3.7190256236179047
3.7901438485927272
4.13499744510222
3.2240775708963234
4.321997504238953
3.7402014393734557
3.8033272563872327
3.985125474473847
3.4413503190385004
4.220283877338359
3.633430692713433
3.539506621265373
3.6640172574378136
3.8220280946393164
4.28658451728482
3.75370391258092
3.758678421133415
3.375772691172171
3.245506793335948
3.7085113760357276
3.321796455494311
4.12029788030597
3.8466315426720348
4.061441973275828
3.9912075246756578
3.699533980149024
4.030553563431992
3.9355124673556556
3.9969235553904436
4.652134532807737
4.279081956154656
4.252124356791575
3.6555361729346734
3.281824015154281
4.460793109107099
4.043380468269017
4.085126105418873
3.937261307742913
3.6886066302029583
3.3995971410536066
3.810350523238328
3.2814826696208703
2.9562282693984883
3.4443362565768885
3.4397682520710493
4.172586131202858
4.031185528392801
3.922155899469516
4.109804514686224
4.177731306136981
4.537174767688336
3.8494571979166414
3.745982203531913
3.531900695780029
3.6299096708492717
4.232620634922897
3.7099978195106407
3.5511651947955807
4.05862173056464
3.9375426824224995
3.9768516582252365
4.090620029259427
3.976197388117019
4.618762625044173
3.447746820185432
3.684588060871457
4.741020821362758
4.210797312000208
4.007331373256056
3.8376610698979747
3.797207441471478
4.04954477074177
4.0025369470813965
4.134008899979711
3.670687439130063
4.1724971222603235
3.332902736093154
3.6692387452257695
3.5404840365487047
3.785050205704565
3.77201181264068
3.7994946149720015
3.9959601869480723
4.329469278316228
4.132423855590868
4.095284667927508
4.422715543950442
4.1068326615622315
4.291092138332232
3.956069339511037
4.207717031376443
3.4347461235160974
3.9836533136569217
4.045463202178607
4.29698983569836
4.48660645174735
4.1391494020877095
3.9396798052601336
4.2933375520355455
4.005975162353825
4.244932021352463
3.9158004850042696
4.18510445564449
3.83391650201731
4.357972947659817
3.448168816586281
3.8723899614469186
3.87014344294841
4.060745442062698
4.212794844284444
4.359953866890059
2.6660371007166743
4.267110728680238
3.7520997003377694
4.187241597609478
4.808543570585247
4.195136768926347
3.127688821915795
4.119506624603361
3.157364593306654
4.168621948233483
4.154877693795413
3.4024503315662864
3.5371534062614334
4.011545631994327
3.547405732497392
3.809598603618321
4.255709987878829
4.159463354269001
4.180721126640597
4.260532027744168
4.252862806543167
4.129239704217495
4.49832080586342
3.8702981039737354
4.510097088494694
4.250066140094027
4.270833169922898
3.836876995515813
3.9855647001583705
3.9883570978875666
4.1691865173150155
4.1284698199439385
4.338640359992118
4.516414656302086
4.120348546295738
4.326843350995253
4.170568434906468
4.077355644820739
3.6770411643854244
3.869033139812646
3.0462721629767024
3.744738886920252
3.783534644283819
3.750596900121727
3.8444134868951085
4.234922297427506
4.067364009455757
3.651728870882092
4.057372632713979
3.683616600359333
3.1544106257907014
3.8155077522841934
4.334526050054576
3.656916368835306
3.3291551409421167
3.427962301452221
3.5945118061546246
4.349597960011373
3.4230099256685436
4.188501147159516
3.770610576654481
3.6156847812983655
3.649705785066427
3.7066560504433457
4.064196341578762
3.490277990295625
4.5211569299764545
4.473320600591144
3.9522546953627495
3.883340256252983
4.239000264679703
2.582723379135132
4.629748419801027
4.501781512264001
3.493479533787248
4.314224226882881
3.702369588809534
4.0531055682775445
3.6507761017859046
4.117983408267607
3.8931197914512152
3.743868627218514
3.809736541490057
4.057298379500054
4.199898058144335
4.034532627385627
4.111514491354432
3.679430100115286
3.969761599730289
3.9758708286108924
3.9266505534204317
3.422737302730332
3.9646498219348043
3.8885951171396775
4.115119741738415
4.4867551583032075
3.223077375598413
4.2644224461555025
4.26289830708027
3.95845219227591
4.561820251919732
3.3069733082221298
4.373651560662691
4.258480338689271
4.395269153841001
4.208480186641808
3.9360304147656944
4.289026565374932
3.8048528893261446
3.9340946196810727
4.467588876677166
3.481988186285265
4.083419179448372
3.5638658284799303
4.348542853386398
4.126564394702942
4.0695650893402515
4.043441696985304
3.7606401166598857
3.76540085355989
3.744424681374758
3.7470896830286002
4.3861864242598605
3.7173226116420004
4.291860941482632
4.326832524867127
4.431390864307444
3.4023003274793
4.377323411424857
4.030520816885259
3.9250063038516974
4.465446547285753
4.188604533368732
3.554362840344105
3.4533096454987438
4.12644197821858
4.087077217205547
4.387089475912565
4.035176513398192
3.9195934719404333
3.8396084603670944
4.1946261210092475
3.7561118406050986
3.7021061605547763
3.7355854312603887
3.4947271667017983
3.925577096977026
2.9230687545468483
3.496926794922505
4.844269937076871
4.312390876455442
3.75112989988981
4.167234728472482
3.6055474139240413
3.919882243517417
3.8074015247877
3.987119234398451
4.656214416720806
4.032080359127578
4.22108292466689
4.334300350876505
3.482256902211155
3.4219469194522474
3.541191897530152
3.8495970497409706
3.8963139882254856
3.8295283719611533
3.9055736659975553
3.5502261889020117
3.925912306233349
3.5829347488436625
3.544942563642073
3.0318865070398644
4.006067607340113
3.8630381323581924
3.7962296050279893
4.092559345165453
3.894972107958637
3.871548034053026
4.140829413623242
3.460551502852322
4.08391620645477
3.419908983594649
4.1851522612504235
4.260337053588353
4.0138054357355175
3.910371350752594
3.9196822982581745
3.9723565118313493
4.389094058372072
3.2283936785464484
4.269767482777429
4.010372940079062
4.297442346817941
4.2273102194216285
4.445728259630229
4.350611001836485
4.2201459966593085
4.048447329766154
4.274224265887401
3.936784140668724
4.436431556072341
3.261404602706831
3.312826139638287
3.9477655469394914
3.6299420638674675
3.905707243643847
3.878644598305393
4.411117854408125
3.8888554868461496
4.109145482159844
4.092536220299623
4.503762228283389
3.580151542985324
4.06868029312617
3.7765161188418954
4.065315569332158
3.430240386165041
3.2466985661676295
3.8983984212047673
3.9830302386222165
4.318926542533919
3.5441542654562825
4.154242049900366
3.603362151326513
3.970495475123542
4.589566426994933
3.8577581706392055
3.6879425651932003
4.171283284131246
3.7098261952887195
4.4983125892745015
3.40657684272598
4.1134696689995796
3.563115323485465
3.270726389268125
4.298878034808258
3.90704314150348
4.5502434157983265
3.699231963851041
3.8748439837568416
3.8756818767608885
3.734684796556312
4.1380043114539
4.138784775635765
3.668506632268692
3.650928668139919
4.211093297829276
3.7484560586054343
4.151431323358901
3.154549721277993
4.125066424916434
3.841962387851509
3.9335462355033117
4.184921485568431
3.7868905520110983
4.066091214904983
3.7385029429456687
3.5005303042533447
4.058272729221866
4.34157345150274
4.2656409757082345
3.816679873976696
3.556579717774598
3.6265480426432335
3.6824599026186
4.118451514168456
4.3702961567850895
4.560874789455744
3.53638406638688
3.618384080352694
4.215869816698746
3.7826265989223833
4.182017217376705
4.2406971549635015
3.878983067225237
3.7873409465844494
3.1844765481869652
4.7352143888988385
3.7697758927285108
4.031687952185376
4.148234321707914
3.622156220978722
3.4810251642493077
4.139698771112705
4.020807723009799
3.0951967344392175
4.517750643171165
4.440467166516359
3.944643066445617
4.326144875707686
3.896934869866859
3.8014619025148964
3.42891639177548
3.8369062720703515
3.7434150680490017
4.075006492630827
3.8251456378514535
3.9174401487131867
3.594630027609273
4.061739216931154
3.5056535776908526
4.256596751452538
4.6857340249419295
4.330618239985466
3.7049225022716215
4.231539203842483
3.9386262835190182
4.301656501202141
4.298909382430224
4.198292527949813
4.375946137151473
4.32379959580285
3.6348749648023895
3.6011466650729345
4.064786306736586
4.061179226821308
4.06490539395843
3.6965800038451904
3.735906393988592
3.2726704238694913
3.704102760655708
3.718570510412678
3.986150563079628
4.235961330700954
3.989337536375569
3.6154249319602316
3.893087988241951
3.6821207069960202
4.084677216510849
3.9379791397412562
4.103025215406329
3.6843646799754888
3.65075219181816
3.8368034309744212
4.241288738798369
3.6167927865801484
4.245434890578931
4.4838491939029295
4.378048940106767
3.897629443687385
3.551126560093188
3.683700327098772
4.144903267060841
3.4634082278430887
4.344078577604894
3.7814203545201552
3.869722279608374
3.632702440750094
3.4789729037163175
3.4253164764161994
3.8878323068456924
3.3253763932094675
3.6829986074238636
4.502052880765614
4.296172775800829
4.156629934278216
4.164458244603967
4.081606286405294
4.260979605164766
3.41652969841137
4.065901010582941
3.9797605208930253
4.088799446843258
3.7073794468055294
3.6261427002258406
4.401118461153694
3.6454726220047
4.275059695669556
3.5892270280401863
3.9190620959123246
4.534431764205311
4.597385228253708
4.67745566424328
4.23583852617718
4.46126022570013
3.738083027369191
3.480353123206002
4.799948326534104
3.437993081216739
3.1838788985411126
2.98862206493797
4.419306262135423
3.889624676746913
3.590713349778196
3.2482607741425733
3.542779771855439
3.682746793480023
3.714202033114987
4.031384691122746
3.5976196099071434
4.432017568500846
3.9879557881916177
3.5622470489124316
3.9330772133384775
4.6022634571274175
4.023093604919995
4.397928367049652
4.094399800919937
4.311865026108528
3.5079081810979407
3.8528407554419477
3.758442799622394
3.7691178874643096
3.9473469922813518
3.7557946961265714
3.6147982230991538
3.8605694812994287
4.5979099277963
3.1427368962541387
4.208627395009456
3.8561660804670623
4.388578616337324
4.214868590723632
3.738170865631348
3.8183632540494497
4.18042328159191
4.427777143205553
3.689809046704564
4.354649345749025
3.797692016241414
3.6098725729774164
4.173254747593623
4.139242074053561
3.9957522016973774
3.9994541206338257
3.8985841820445364
4.261562742214576
4.433660116009856
3.5718782411935655
4.0730584779819825
4.03668346557847
3.823040032942609
4.559101371673776
4.161411378457428
3.950742989589985
3.9911034112753607
4.61035028442344
3.443027474407987
4.275195138424092
4.721804752628625
4.560281040012676
4.150455750367039
4.41395855252148
3.9702212273548074
3.710363797909073
4.161598307295852
4.113457876705767
3.902979399541797
4.200149909601501
3.7637468859357184
4.116660184734467
4.248882621561306
4.403605105322383
3.7117150344580447
4.361268156495355
3.8834995687098957
4.591838454437058
4.075990349151269
4.082493294248844
4.538154680838447
4.425661016056546
4.771094538202397
4.843068551643108
4.555249320842118
4.147101828906829
4.260499226422754
3.869621014431296
4.429001024091171
3.652962603549885
3.9331789683771667
4.302433745641378
4.02143738582775
4.13035325220722
4.2909971087655245
4.272900726284296
4.200626906232555
4.157747486988651
4.128614910582949
3.6027979370462173
3.557176908147103
4.268869858995831
4.271512434885186
4.1909405283021695
4.144164533114754
3.946727526705062
4.368382289549337
4.022060170525178
3.7672958703932844
3.6928275399087296
4.320218742255887
4.516418520502237
4.018300414394369
4.151757602400242
4.169390555558943
3.5027802647987456
4.299435934887009
4.11066370556242
4.055547076153353
4.426044887660254
4.501899369657982
4.264775713917219
4.152418908700806
4.739382774937695
4.326380542617795
4.725633790220256
3.4658199769684765
4.4235364615213015
3.972623303178043
4.0627151616443635
4.202291234854322
4.045479762552469
4.461176580056187
4.2580252292144465
4.2580252292144465
4.239923694344801
4.346631129784935
3.922330077803498
4.41917722282944
4.372568120829592
4.251196894869306
4.376768665129868
4.245351713138289
3.800091475858644
3.9870043821818504
4.252734256591401
4.414511827416892
4.173711732322945
4.647896514372215
4.133358237925188
4.425564524504217
4.085601552061593
4.135879126054532
4.245944137490024
4.0406247753745985
3.7890322746307814
3.5977129087535604
4.221520021527768
4.254445110925728
4.276394130353502
4.211030547270867
3.1954829451668925
4.074107650523327
4.239773930678909
4.230668796240043
3.856855405786166
4.367022680381586
4.34685333839505
4.4286865115877045
4.2917163315396465
4.4215858360415154
4.444594823500899
4.50654860693223
4.309910508827446
4.523818432374603
4.375282433939729
3.963044293273326
3.9529897189500094
4.3111937185933105
4.408250535896556
4.5185558991913535
4.888099315679007
4.54230300871375
4.536938220466849
4.248197421206342
3.359184198804676
4.057838723718353
4.094017937804205
4.0755391335720486
4.094017937804205
4.078083584911594
4.269858588841512
4.382985945416339
4.091332012008318
4.523020743265617
3.598642419819886
4.421549225837442
4.578906489990681
3.8660744310904365
3.791648466569434
3.7690040956277633
4.046116275834821
4.468029092166943
4.503831726372786
4.01441735943069
3.900006132925218
4.113116712925337
4.437632910877909
4.503773019563914
4.154108522844244
3.5605930382116027
4.200231836169027
4.193405713027342
4.348717923068807
4.5166462838260095
4.468055213749097
4.475379436395478
3.885479014451984
4.74476203730719
4.4114317170404425
3.680509471443671
4.22951528560785
3.9293944839914845
3.581823955137409
4.344760576016563
4.215339795759295
4.382486605702181
3.813588203575217
4.005474729546281
4.500053522892432
4.504783259789548
4.436392830440361
3.6757830117177734
3.925918797134163
4.259487585094179
4.803917500193929
4.357479394720101
4.578221734839126
4.33779736388726
4.062276698081302
4.677507567465492
4.154091614193864
4.715465052768939
4.378568246797562
4.291562906483465
4.5413955828269295
4.351397668008292
4.140521521096216
4.4180415054970945
4.348932064331683
4.283051514441697
4.392951903832914
3.356722030471543
3.476643450480805
4.717428310862326
3.654479082563747
3.874830981773755
4.202123846021041
4.1086521991768015
3.977656332418541
4.436185362257355
4.1651826835333186
4.416922566565523
4.067962564016268
4.475025173855839
4.081227877604087
3.940753885337174
3.7001344354087227
4.448798939717745
4.2894075436393475
4.081577441378372
4.441434104132815
4.263661476584096
3.9172909958467192
4.662345237421676
3.9346763050036717
4.338095029506368
4.290939840253811
3.800419470368645
3.724013937936312
3.9414861518822577
4.29226154735824
4.039359063414253
4.097919955483013
4.3323367567078845
3.7116618610904153
4.269656234889464
4.383791498816232
4.117883811655183
3.9394163258077524
4.4826483426847545
4.460251834583881
3.8713198476629724
3.8390923471696627
3.837474073829291
3.740979339993803
4.220495781463257
4.339012979544931
3.955387265522411
4.262511342998097
3.406616791606453
4.236293454813467
4.0601858844922045
4.290772141506786
4.059317802846369
3.4225600483598484
4.7724531173482925
4.37752539736457
3.9700159868083427
3.788132681333707
4.392843808779922
4.220832647717272
4.2035683760352756
3.964303479999582
3.8960283337063215
4.477956783168033
3.8859849249577705
3.9395635045434627
3.8383807342888527
4.219590097865146
4.096995953403779
3.9059974460916367
4.334650614307476
3.644945956978015
4.228160949347359
3.5610764653599976
4.430124547733024
4.347503128797584
4.226248401358779
3.931559846482723
4.264890612767461
4.265870547346484
3.879909172784979
4.160036545274904
4.106839185787338
4.3649576914988115
4.523062257485744
4.737639321266439
4.365913529601981
3.573971017092456
3.3102628457962684
3.9860205515699976
4.246413735692627
4.25089616220924
4.368446385419267
3.9933218295107142
4.3980179794214145
4.174203707770737
3.1473970404760587
3.3760905171791373
4.70384563682706
4.261802870569708
4.347835393392316
4.086512128684495
4.2147569443016595
4.3588987177360465
4.260807743574351
3.7246746756220874
4.508253371202365
4.24959325586795
4.31142525247991
4.157208506456612
4.267537461103765
4.520405566238047
4.336194125786109
4.365443433458062
4.867542971619206
4.1293505746813
4.299695600996116
4.162632404725667
3.6750921814323796
4.43068798006167
4.434986423130114
3.784750928611081
4.3188330788278435
4.010976651686148
3.949457365371046
3.529592490020703
4.184881306051077
4.160192747716524
4.577834165307281
4.273844381605746
4.237334068020372
4.468294780490652
4.170713647508903
4.496694035857478
4.3622671535748685
3.9473050746377885
3.830616527148
3.6585310236476474
3.4550487689798466
3.3352939104469983
4.337248777809311
4.075838419927422
4.232132963392347
4.857269313142405
3.895884532289825
3.904065654345077
4.90722290849747
4.327098596894086
4.759420376645909
3.9402682296352127
3.857909270956162
3.8116307376963694
3.931840012716765
3.8059709753022752
4.0587885904362935
4.225548452307473
4.25740724076109
4.284869676427721
3.5826712735756585
3.6037455632033035
4.666078673849428
4.546743386203846
4.49832595401269
4.124513616796284
4.259856426474004
4.405195812683501
4.074297227135979
4.183735268915517
3.9795175579420468
4.370392401129973
3.8393472043845596
3.9990277402032404
4.250105525243073
4.340277950832336
4.224320078895117
4.280305579103465
4.314796352708871
4.452165680239572
3.8895048761152324
3.064944800976646
4.623193095265858
4.624676740986619
4.150508276415857
4.205039644498702
4.288886811920019
3.6485483076093272
4.328455616457615
4.258354035736119
4.203362110108603
4.054451583890467
4.602746826547529
3.3415998674564977
4.5930874992526896
3.0979933479186874
4.251565175324433
4.456428609934602
4.233234537611536
4.111525015205327
4.0672794208224765
4.28479891870618
4.5789528108318756
4.14980791944954
4.186318105674143
4.266509019240361
4.16297247546554
4.497419046087692
4.295864604251684
4.174918003517506
4.192514826326486
4.568965442386676
4.11319676927862
4.26376232128052
4.057126412638771
4.191454972515478
3.8835838584640223
4.802846745364263
4.3064162260705565
4.383228319008724
4.11219814924976
3.8888160538317322
4.473886906155299
3.630826174527276
4.706977939565013
3.5987066889215167
4.649420142047697
4.243123731701812
4.6779193911722805
4.197970924027055
4.162946764744905
3.211901048805169
4.034538916121193
4.1771547173540515
3.592576939799381
3.7016782760586677
3.5336935228391706
4.274090949305769
4.586700765893371
4.250694594037609
4.637572432917267
3.3594855593383315
4.114433692853909
4.171231941408921
4.264919229222906
3.426101701242238
4.795332271106675
4.075982162842595
3.7578985277796466
3.9024971738629386
3.628455430903462
5.002971737822766
4.186656447412501
4.181975604070264
4.406764113037413
4.270058018291087
4.189776100319831
4.460810734943529
4.474207446569579
4.125711301237909
4.501043673418631
4.362392609862925
4.6906907859618
3.9855271681792783
3.755776529585736
4.381888596081157
3.9443391691999405
4.172529892110613
4.294821913193265
4.209586681759631
4.248204244858291
3.987197188354746
3.907607765845392
4.24249195128311
3.861840220102142
4.029911248288332
4.251909759078529
3.9894764478104525
4.099884999247783
4.363099686983558
4.328877429213946
3.2609608807615897
4.703768549353576
4.21264676807508
4.044098720147078
4.167766628716518
4.261382471197134
3.695894416104829
3.7457813489793863
4.150422855141456
4.135693259716305
4.428308297916074
4.3381193611683795
3.7263430140697196
4.188247102783954
3.9702553778257803
3.927532621261195
4.136104603042574
3.782675262167933
4.367141879460539
4.209095144628424
4.230905059987377
3.91135460576985
4.048850860923037
4.091965244502752
4.3798647714144625
4.170725462827349
3.463472780763209
4.703552855862931
4.385470833054245
4.103451298914523
4.536353536447956
4.544871134560157
3.972464107842481
3.5648122375728586
4.194885617479465
4.474980490823083
4.242778764890699
4.45793986135382
3.358938169502909
2.770131016642808
4.058902128159186
4.026711191515542
4.082460654338553
4.029233511982422
3.8111072246322437
4.031965504041885
4.497165567472123
4.762436719556241
4.367442887573195
3.9852405343608845
4.358057303229628
4.5283604173871685
4.456844195985885
4.371839562406805
4.1974901057002665
4.2030258529569995
4.189557067636797
4.202540240912702
3.718309775171474
4.137166712155791
3.9296911617312
4.450472298341354
4.010391389221179
4.260355237630511
3.608531380779902
4.583326830888069
4.241384793929696
4.404162521120326
4.475008002965563
3.8666643812724377
4.078671358737495
3.9201960311646777
4.455580612671081
4.267587449999375
3.932631925470317
4.097735638772774
4.543678325876775
4.386920280484931
3.464619836142321
4.981554536549376
4.581601397379047
4.062401240987636
4.004714568291969
4.284822040594887
4.2065152826796455
3.8555429080667523
3.7934990285363113
4.366164821606461
3.9449010661399893
3.824179751976798
3.973907002933406
3.7753949957483632
4.033227815026034
4.23647941351215
4.152070584076836
4.32863814132447
4.356313410811579
3.4474182007629066
3.3888956947605413
4.21758000713319
4.432041266306504
4.081350113336708
4.446005662238769
4.270280926863389
4.297256689126182
4.768560388583801
3.6044409111860514
4.1246106302186
4.586061712033681
4.416711449664425
4.339501265645637
4.295724487667776
4.350351387414976
4.041112296290322
3.6662248096553633
4.789601259379207
4.320123413150771
3.923361458427266
4.319837237873738
4.334491940243472
4.1808797418162085
3.709469627138608
4.164185284194698
4.450846189804288
4.193697524825004
4.687983595332414
4.123496726817453
4.361889535624046
4.333047815915363
4.275522351032628
4.244222358160451
4.057207219789825
4.036870988885932
4.026715479094273
4.470239217658565
4.470239217658565
3.739221744558345
4.352538307062515
3.781327905312877
3.8332293967306086
4.298440904055237
4.162694658785975
4.222017495414047
4.196242239538327
4.073724210873054
4.08856848827287
3.996736943723807
4.103559943373243
3.9162747614913376
3.926757271530721
4.54088164838428
4.362746615594689
4.405826717682094
4.799524895218694
3.9262505687844396
4.251620626031917
4.232133408384577
4.408548800921466
4.612798614254718
4.289690298078322
4.525459956774177
3.507427789377563
4.376402228240133
3.495686201474419
4.196304101244902
3.3945139630380177
4.299667547036359
3.7876911085366904
4.503419552565685
4.2234181277645595
3.754310256147429
4.113377320861374
3.8190091799501253
4.2368517814575775
4.410549913293817
4.543679861449286
4.044286689221574
4.110597666791381
3.9818148980123116
3.986057275928413
3.9841394986571497
4.707751055281373
4.670563486473167
4.279721415977197
3.701335503530038
3.3460726771538205
3.223203202223398
3.6957414237575525
4.059766844804988
3.9024630794431667
4.339247251499535
4.157205224389983
3.2440890524416317
3.9105272586329893
4.158415476117877
4.2022128488568
4.074761615198343
4.400849654084461
3.2742713926108538
3.980738451929861
4.1079345961845135
4.180582038628548
4.51198813467429
3.9089043789114664
3.9687211355807017
4.333701558345188
4.286963335511384
3.3670690095337372
3.528594038446808
3.811602306993348
4.372061952863886
4.17299458582925
3.7465961446171185
4.439758511914312
4.017020941712556
3.6868905731112096
3.4831595807712254
4.504360440628443
3.9255250895613334
4.071706660426569
3.506538902277639
4.53935544814839
4.159593460425906
4.120572917791765
4.0094222011371405
4.09627656974981
4.893244611247235
4.212644480073749
4.401113007724437
3.629660921117078
4.273586855944419
3.7802410650813796
4.330975211362625
4.3414956769711255
3.7361669107550033
4.452529423215441
4.37210734813015
4.492133038321193
3.7154881440540297
3.9608406824505975
3.610389335643013
3.6445902506657455
4.305425966760605
4.3564315043008515
4.332425008742969
3.834441229684547
4.364441280006915
4.505667765742077
4.47484451108629
4.173462255534664
4.31474382710128
4.0832532252409655
4.205131373860808
4.39741644441861
4.541093915742211
4.609446044751277
4.242719503061132
4.3293468157147545
4.313269923077488
4.063569508001078
3.638403265329841
4.817231784461377
4.3830153842785755
4.111267081371242
3.8726025399011137
3.9185100796850643
4.025593457097442
3.9723338678308187
4.163347107940865
3.616258617224873
3.5501867011741783
4.136872197921951
4.024060034069622
4.052495028599923
4.208269713447611
4.418719969126791
4.429336564934935
3.785955285659522
3.7615460190183008
4.081602380693258
4.460194264151385
4.288993960288497
4.284479259700008
4.366010215487225
4.134470684475173
3.913826955689001
3.805629478437842
4.149250280050258
4.415105055084159
4.335978840299266
3.4780516002217006
3.3013735615372393
4.467966291562973
4.179481734934453
4.150581195612828
4.392710820967819
3.913041589941424
3.2860071777838753
3.9351610012156835
3.9142620159548533
4.3681932285128555
4.4111703332030645
3.3861528683899538
4.288387897920101
4.0684438961252125
4.510583175718357
4.244293571468143
4.182936675540883
4.640422189328388
4.289118800130066
4.177061569862657
4.279373057437298
4.342477311406736
3.8998168934112565
4.762185609915897
3.4720959127311435
3.9991799963017782
3.73992955909522
4.811434291320181
4.533364130679024
4.394242922949735
4.242048067750992
4.227988602266482
4.417432329428641
4.643123034839162
3.9415257774957
3.3471253352093946
3.91729499451907
3.9748670838925078
3.636978186498272
4.242966146349699
4.336681764675939
3.8206373073935334
3.8892015421395585
3.9884586830503226
3.454482968928901
4.246359314762979
4.508340325875334
3.7395371499841965
3.603372064652545
3.94056198389319
3.7564351224359163
4.175556854100057
4.2261157748060265
4.118412529800004
4.282197460957738
4.047010647122547
4.261839805154667
4.15227020092037
3.417560810160499
3.9544727686689702
3.860894958012476
3.2669390417602377
4.73649414036455
2.828737434412572
3.8498218799410897
4.007865881153243
4.684989341231633
4.134306681023496
4.048924181540546
4.18347358216888
4.364095580207744
4.478031954614637
4.393584015709701
4.2822835847080825
4.574156874023018
4.275700505547436
3.943576387490472
4.556651021132948
4.063005862963455
4.227871576669475
3.925864620846091
3.9355004100446016
4.179941909844967
3.8416435327429674
4.292646143183385
4.140759849148607
4.668256422974622
4.164797357907247
4.447347056400964
4.238208323682817
4.485136064558595
3.892502948472762
4.684258502440979
4.614215494654428
4.021932264062209
4.26640824944294
3.9523652550840733
4.076068735858595
4.158599723610358
4.1243070877067165
3.3878544653190446
3.5510931675080912
3.503353176973668
4.5313803239358945
4.249785843056412
4.640347793252525
4.630209824463412
4.266882619124823
4.240534512690893
4.412085872887104
3.7720445158805305
3.582811926535846
4.091658915981386
4.3628753593419916
4.380815830104489
3.8158050509025845
4.266185339883237
4.209705768984262
4.01379932825636
3.699513362775691
4.2906203703155
4.3278952928618075
4.23860089850787
4.583595974526857
4.287999477897485
4.240302322444171
4.517892916098817
4.274697545079475
4.404434760330655
4.4375377954951825
3.5199181708137504
4.1064397542220314
4.318177729437766
4.071457738093655
3.8498732224417083
4.733984347041735
4.083244073055123
4.655670319093394
4.426465045833664
4.073234237978264
4.131570926143363
4.36406364971756
4.456880609403857
4.4498286050848606
4.123200105286864
3.5675649447252344
3.389305668474982
4.099395847792616
4.3629830411754496
4.484877445795792
4.6188229490549615
3.4278801614438095
4.672260151492708
3.673037627787493
4.3584661638563515
4.520988559571663
4.549637105429781
4.29295914330431
4.075277813786043
4.42156316045021
3.622334207554841
4.252419535128992
3.777871831395244
3.837155868987276
4.61670949667432
4.697756864164215
3.753883136987025
4.19577674785189
4.353904320211222
4.165563961992267
4.246525494137927
4.228001131528018
4.2697103407509625
4.2606980731573305
3.593486764376162
4.249817648937503
3.6633056903928143
4.875684836112212
4.299461232621856
4.531716408789613
3.877164242127263
3.8541075867965713
4.182599130529363
3.397152323867778
4.679642075175071
4.523512954332917
3.886273504356772
4.566311904471103
4.050842216575642
4.279986194078564
3.7846684419531176
3.8687799906273423
3.930678593617433
3.9272748080766657
3.9561878847155976
3.331552209670556
4.23122540697888
4.012146425527754
4.0341594431518715
4.301905911796926
4.364985114698877
4.349391708800449
3.6449086046752734
4.508453061381317
4.328986216478654
4.302451428803027
4.405688472403867
4.2826135180761495
3.7839010728808518
3.9349391354295236
3.278367540843327
4.240370884898228
4.308784548418982
3.4795418511785043
4.009891030079728
3.9376143200715
4.569618407960423
3.6239739168845504
4.262186146411638
3.3875088158516022
3.2350698596474743
4.127744174522168
4.240009643334817
4.650257497270378
3.9710498928716933
3.6817618850933185
4.009540164960849
3.952214339796725
4.347458305473459
4.145820912068755
4.590625227221367
3.9354759403142103
4.068206603206331
4.119485640845207
4.389110677258896
4.250917290751949
4.383657640331163
4.444974548578305
4.4394011803225215
4.6586215252661045
4.159303089648437
4.194953055574281
4.16914826562913
4.0663543067692824
3.9156670891078713
4.215122479242167
4.233470140625337
4.0082007472977415
4.41707359342934
4.259882933036115
4.607518722705897
4.646184940293446
4.4439377452208255
3.9641102645422466
3.9528787119908992
4.181987165067438
4.249848859042711
4.861020317730489
4.248275059063116
4.518096314145235
4.502200785632765
4.208218653654088
3.657297107473193
3.8662993474490466
3.172469313170565
4.008303758300806
4.075370728751289
4.333706014039786
4.059893992636539
4.079652269223427
4.416602396769608
4.3112033157401415
4.032816720397692
4.772086087296332
4.301469129097028
4.38479745020874
4.405881074307363
4.585515390405463
3.9855437786716843
4.2094245690334455
4.891478542263748
3.81273755548555
4.473994995031663
4.104326504555843
3.858207234719767
4.249370600144991
4.177283336668943
4.657633169311065
4.27191888359203
4.016752605658655
3.9506265390618203
3.910988336827233
3.9460175426594066
3.585483739226188
4.485590593002595
4.643287551086145
3.880661694761257
4.565183258814804
4.594476548211691
4.3031671454099305
3.2889078219685017
3.6316725536912595
3.4002569727689176
4.48755165290116
4.575052574526584
4.18169449676106
4.452366166686396
4.3970618487402895
3.654758179192984
3.69336693084354
4.363953176836178
3.5936971655436802
4.656016234893897
3.4450745100736153
3.6618234942161827
4.121598093304329
4.024006577713127
3.662169205674507
3.577127347007756
4.508387829131362
4.695692438245519
3.923618948146503
4.617068219139346
3.469555767939685
3.9108674512496964
4.377788991034707
4.424268292750266
4.4208579234500665
4.3687262195633325
3.8883025945417273
3.7604601636788644
3.6143397568285405
4.384648896024027
4.039743281923876
4.3352382339087265
4.233287287132794
4.440455173880377
4.52708729825014
4.380148769232486
4.098961345688893
4.414681747973894
4.292187352287655
4.400561867807989
4.292856480840729
4.571748714679128
4.13997959070769
4.456726722957058
4.228421695864129
4.044478683978295
4.635777591833081
4.4820811975051855
4.200902502830687
4.157653703232148
4.09423824009205
3.917557671435535
4.182524945614
4.16009558227455
3.0789067029991264
3.4819300379938642
3.6217553171219565
3.4853275833913218
3.50292467488298
3.9569920080189203
4.410267065247771
3.8669169494116318
3.699147627104072
4.218720311029898
3.9732980935259263
3.3474215474165105
3.9889895303620033
3.7800764874976425
4.01849018210944
3.3182861369610803
3.6277231613491967
3.735237302063613
3.520319529174318
4.046447820088245
3.609854971952268
4.086194095145438
4.141290362265259
3.7748798380142254
3.614649141761635
3.604645191378001
3.688358903660805
3.7406452159246544
3.402763904856232
3.896016887212599
3.5370124449919613
3.607958552434417
3.800472438118474
4.098785043116877
3.7558445241900986
3.7625153255982875
3.1485001470007807
3.172510407851729
3.859089762940169
3.5913267273578544
3.554211903255545
3.9011219006684517
4.0446891773021845
4.235216931393932
4.54504564494933
4.459097616273947
3.897064550821563
4.323760428425858
3.652268061059334
3.3261846156145136
3.960969321711167
3.134485868435992
4.4903154200027435
3.7377592897237437
3.608831591921365
3.859885770916584
4.465008887353712
3.3763819897168967
3.6225026557948303
3.7025931816634436
3.417296415038807
3.6575372657301006
3.528063902712404
3.720854971004251
3.636878444109461
3.9243461328268676
4.242051280096199
4.044347753827373
3.979702518618087
3.8053726889541646
3.4792878161967575
3.6480006127527824
3.4011900091544263
4.018771925213797
4.035201517958801
4.324765791570946
3.1021338837619266
3.3237809728712207
4.013507703662722
3.7666111458553573
3.815362348750705
3.815893447032826
4.268759788611802
3.7607457645421514
3.6579354988364763
4.519165879639039
3.319894432675744
3.709824691013991
3.251887572085524
3.692946453344038
3.4824356990777483
3.869969850380304
3.681274703675598
3.7622017860372994
4.098772205723059
3.736157816879758
4.093034133851261
3.461500470475025
3.9419140169917464
3.896158054209443
3.7069184348230078
3.708152629529091
3.953896683476323
3.7750701239361364
3.8769378441220534
3.1297708207447097
4.114401460093873
3.5543750796082616
3.7319719966228404
3.9658474812591167
4.153677457861732
4.152793751747614
3.692498950713838
3.1180669211342416
3.5386829352434788
3.3862579009655613
3.91178576515596
3.556712009118927
3.656286933652855
3.6061279808982976
3.477278912082472
3.093792326072389
4.394619321540169
3.28067699736396
3.456164221707583
3.4224959027033433
3.128741680646441
3.137615613166534
3.7121458121321425
4.107902183401744
3.3860070919769827
4.066598955803919
4.311384075403302
4.540015399527638
2.6737614444799984
2.960798575802655
2.9417336337270372
3.2085501622181214
3.4731272954533194
3.5270091709005573
3.516561653355308
3.806761189437964
4.070839126460816
3.709759483638285
3.402695151501214
3.6507033825099664
3.7467190881459294
3.3093779183354988
3.3219830622271336
4.055577678243591
4.155895426486168
4.2721977996341005
3.224417629627455
4.083214130551486
3.7149818141182704
4.717391458292372
4.05317322467505
3.9653590478463783
3.6445912518885555
3.4984946706021693
3.050614589214664
3.8046746645300336
4.363484976827935
3.97778121887063
4.124103087324855
3.9144173018434154
3.706786478657489
3.9106408133866655
3.807391319495839
4.145598375445448
3.1296568893795795
3.6195149777857374
3.9314207134566166
4.398859218704445
5.027425837064493
3.20367011171382
3.988892703762893
3.4723571587751523
3.723767575614203
4.087001022500871
3.3423174714506825
3.1210638418665053
3.790418297976317
3.8752389325048413
3.837241573614631
3.3923563655786224
3.727779458651551
3.3027690480929923
3.872848239569101
3.394308784992671
3.863264707079841
3.4786766417308153
3.935303683853374
3.881330141574664
2.654425225342349
3.6884634518711494
3.880124336043645
4.188690673537892
3.46256940598054
3.799920349018098
3.247434045675022
3.45873191256604
3.2973635890820745
4.246781738709439
3.434973703518499
3.7790954931831497
3.3659728677979377
4.1992655105801315
3.5092523385899885
3.5472823323903393
3.505065820384526
3.6301776627473514
3.802252755064793
3.9371034111849736
4.398321105485379
3.5193833227818345
3.550705403079565
3.9876382402876507
3.30810447001376
3.188980158898773
3.5981348881285813
3.5625680598861296
4.994968930769588
3.537939888503556
3.7581026513469165
3.767043859275943
3.922261049690291
3.581821242893897
3.608695333848107
3.9332734299644896
3.2034952126854894
3.2247792212964903
4.1070161932635525
4.348351157972685
4.164919164223558
3.784999067715668
4.05179634207929
3.707650135951721
3.3513046439146157
4.074978944779845
3.693763567799742
3.553278373051093
3.7022681320112714
3.649190061397546
4.4416069989004185
3.4713368554925146
3.9438711406090983
3.3312307182068777
3.7030382487224935
4.024061287792079
2.775285669285768
3.987628167334454
4.037032738478439
3.5185620927468744
3.8944552509096333
3.413848773179523
3.5007842568121834
4.233928119835618
3.325560771559638
3.44849450763342
4.134558822708934
4.055771962379632
3.695791176197012
3.8742438265798755
3.064526511673318
3.1386119624110123
3.770965927056813
3.5414098487868744
3.1373551662648094
2.9865136943865007
3.245746852175656
4.072003980462642
3.703721694342966
3.8539082426530467
3.3565351420301592
3.424662516230333
3.6419884471377744
3.4710203542004754
3.797381628527938
4.172304564468143
3.6875506796851374
3.3570043314294318
3.835407437563129
3.406580185357362
3.9609753628699975
3.6661170225536823
3.4298574868927973
4.154224126151783
3.8254774426545124
3.298934422383484
4.014017688613327
3.5494577187580454
3.749125666198112
3.640552622068206
3.3475250146930797
3.9592664342617483
3.517259245489993
3.5751700985574564
3.5752971966444824
3.8327642650544638
4.248629836892986
4.170092495205955
3.923280603787477
3.916115904078637
3.997074580205244
3.5270341027944703
3.4861422270690072
3.1869625176383876
3.910488578997331
3.538373027919258
4.5021601000022065
3.6498255569891827
3.793351424822089
3.603578035532111
3.3922431792545593
3.813991340430573
3.5356060578846367
3.614271799189435
3.447317501407491
3.862983880558548
3.9991184577223917
3.126944087101764
3.648737732503625
4.156415249967728
3.678790083650539
3.874828066998333
3.6086560338371125
3.2516377859512247
4.513506771628092
3.1704729020490503
3.8782778346523434
3.1916462748673133
3.651594928678329
3.7390876718197115
3.246962688739659
4.416203383503652
3.4288911776325657
3.8581153021968704
4.0430617328900285
3.2743852984083577
3.7106576965672664
3.6457073279764627
3.208035968986369
3.7519797027186566
3.726860905683286
3.236987861293116
3.7718455879140325
3.984708730000883
3.8410661697576596
3.9106560981907568
3.32635638193814
4.25614633308764
3.0229267509959312
3.8797890488286333
3.9171469502584984
3.6077451802514275
3.6008381522386883
3.827906113127943
3.997376253172826
3.674106994928275
3.556968652202504
3.564344078397531
3.182046431706394
4.5583103113952195
3.340105517409819
3.7642100046401743
4.19820461740543
3.7394274394013767
3.6915464381329657
3.3759860017063765
3.89054150735876
4.364947761470617
3.2810716564791087
3.206540265680659
4.258464492166034
3.760199202265533
4.1595004951136225
3.6787790039314814
3.9226437415594564
3.82575086316086
3.1878446218232277
4.131446021225094
3.150633399975385
3.7898713573887246
3.011675631234654
4.081036233757181
3.4755198804168765
3.5435378857697
3.803817973722504
3.9027126372986354
3.6656797322313612
4.1160627792345545
3.5124848844192997
3.2051553110454343
3.357428394575531
3.426412814248498
3.8697019656832112
3.737227251989645
3.9089592763238805
3.2494761453774004
3.120978418036093
3.6963912710205524
3.247644338099801
2.8790887439492403
3.8512632508969085
3.9326893643975085
4.098809535282736
3.611935724354781
4.074475098178154
3.251926711763716
3.2310125972073687
3.371299023938632
4.461923978319434
3.753240791681508
3.80411687624592
3.4206558134089513
3.864436137793331
3.273383617041536
3.2306455169830635
3.96990223581544
3.5569330778568915
3.8698994973826117
4.172647069454767
4.450216591129058
3.6379934310502984
3.5827551593322466
4.043561882939292
4.075597615825756
3.982106601535797
3.1721185341082743
4.514642415341398
4.377667046085166
3.921905520148287
3.351600987132443
3.21798256928735
3.386163109617904
3.845720545826704
3.8636637222505
4.0383141941982945
3.5807651931062097
3.42654531879828
3.8663898528273135
3.5570342664668075
3.710309418320038
3.897244990206058
3.5996178825208087
3.995181473930515
3.3959435158179088
3.644171685221884
3.771043205015939
3.5190045227924935
3.3661543385233204
3.522562369767992
3.577799264207016
3.5823838582179386
3.4928139825561724
4.331569351367106
3.220228820363554
3.188533604106746
3.6932745942329444
3.328580834449636
3.8669347923504853
3.4895933122909697
4.441943286855034
3.5190807173799623
3.98592531042586
4.47379454999943
3.7301590795293063
3.549796138983801
3.0290444795563527
3.641139843033347
3.616043669477398
3.6323794140327923
3.336969040857614
3.6271545063189565
3.8110201958533416
3.607593908526975
4.102118857483711
3.586526459292698
3.9341327072756327
3.1205430619865293
4.257603986661305
3.133282506787513
4.249697330376558
3.981080154789784
3.968076082443478
3.301623377605483
4.547241453837342
3.9048429856976004
4.3276990796997845
4.155298481042998
3.6962577149988
3.9057121700533624
3.3890355102775698
3.771001930864962
3.7341728515256465
3.651197587451012
4.044654760929325
3.2423622114172375
3.5082052719038437
3.8308091573484777
3.816330900110505
3.910466746023705
3.724073540952242
3.7589496567573004
3.333718514434982
3.6088889392236085
3.5830774686527542
3.2911031731122735
3.9791924560165617
3.973661741740127
2.9048143621002023
3.9099622072542317
4.185125376143022
3.639245789550957
3.4836202545432773
3.740595439807044
3.930299968025727
4.071045009696448
3.440234083730944
3.7298683103244867
4.255983199828628
4.535701418535316
3.6899740367287013
3.601927462038936
3.665470668607737
3.854282636748763
3.3326263617968674
4.451166502997335
3.188622495866352
3.816539093821864
3.2509296346386187
3.920128443399286
3.639342325863547
3.495394123997415
3.799428216936624
4.335662077410051
3.9973321009050737
3.8332958288756522
3.834703035122553
4.131624306781547
3.5756319291532117
3.9719522496230057
2.813273528159003
4.019215626828526
3.818038400188253
4.390833528237087
3.717632837427863
3.4624196415796096
4.252944937330034
4.197450835652192
3.435906048115752
3.469938480969846
3.5843382420959893
3.6359191894486043
4.5382960975652145
3.6558338370451215