2.642867570445847
3.9106074337530776
3.881434966634409
4.187510906435678
3.8284531869785097
4.239448258415246
4.115364619820692
4.177475479819288
4.173356863287818
3.91643145555212
4.252328920745592
4.037073147488777
4.271434838389706
3.8425228461251506
4.465613084234829
3.7997652334948047
4.308959679847483
4.0316664497179895
4.879819674684105
4.224255315591259
4.663163761312685
4.405184004301422
4.692293577229089
4.544961952447029
4.511897410144668
4.702582516035988
4.623615044595188
4.709508505150275
4.69956369535458
4.541246943862329
4.325101142979181
4.009581883482961
4.071784604105877
4.246940391095812
3.923266765126618
4.48902749091004
4.31597909488253
4.233017306590527
3.770390217075728
4.432683218541767
4.6397828067748605
4.770740358283923
4.592010854591736
4.629393483072898
4.8526779131971995
4.226104859409982
4.475972155157336
4.47344752343043
4.6761397249463705
4.319026881861561
4.796380225029369
4.472146926592334
4.813046418808344
4.30204395065971
4.512377306887727
4.937132433194286
4.745054838590492
4.210935192455121
4.549023142926656
4.682640607855982
4.652919312954964
5.0638885954604245
4.583862196107187
4.82324968804377
4.9392844772465505
4.630436651179563
4.506479538829044
4.845571332608342
4.442231778385505
4.03306564291159
3.913505773463612
4.007577653265207
4.011562417318576
4.19401374980822
4.3007852208782795
4.07575096406665
4.008695598700159
4.675640513950574
4.731771791018689
4.996169324236434
4.404546269902088
4.803530558788959
4.69018880098198
4.6181321492316805
4.841184654763942
4.76799743382746
4.9015427143839
4.471248172955441
4.898290240091684
4.361757573936571
4.845743774660276
4.940921524322839
3.2998105755227813
3.327205339921928
4.03399325136283
3.9036223034285653
4.288852674461753
4.603693440912901
4.044160101306822
3.803936956452207
4.766016794106796
4.575665921704492
4.057234063219418
4.219615798415957
4.10578661514159
3.2230743003945515
3.4570358152341525
4.367989817933157
4.242162576773738
4.038246125703319
4.018107213479152
4.730204668274265
4.673875444972528
4.016546397801085
4.085002748466256
4.252898138146683
3.563519137633892
3.6807102054682477
4.125036318865709
3.6865511788712
4.75025828855007
4.089522859860093
4.735570949167844
4.38626394131926
4.210308737435399
4.202506383837052
3.84576286990304
3.92928588858607
3.900773977767339
3.964003880279739
4.548744834482484
4.2353856370011576
4.010253865952967
4.069440563371379
4.102886619900474
3.991656023715045
4.45770049160801
4.127480751572583
4.049172020123763
4.2741670231343
4.28329974663427
4.464870378333281
4.295258034809311
3.7431055656616943
4.166554539861638
3.7397504432987776
3.8628273693607724
3.6413443504216207
4.124117046293868
4.037382664810417
4.203490972105893
4.84462225984402
3.9661527169240847
4.0439685502308516
4.362038566234078
4.3023059781855775
4.380990501576097
4.638498538614289
3.1011482801419943
4.271200610960118
4.421738602453866
4.1951907063946585
4.267318619116423
4.6781828867368045
4.162903904692531
4.283929053947713
4.726250765002371
4.461956890775953
4.403419669766588
4.37777233016393
4.300151060735267
2.6483222958884385
3.6972424446234253
3.869620699600133
3.8739584940539133
4.014967868943825
3.8577197199119544
3.978400656637202
3.819244799533009
3.601489031952163
3.6914495755926344
4.062994281831923
4.289007776367643
4.4758512856986306
4.650740638295654
4.369555578020247
4.28009437661632
4.4852481676609814
4.7442526390453015
4.673911381504017
4.41118953797206
4.557706951416421
4.810500840046423
4.551572667551714
4.815410146571272
4.811846641037123
4.461758981119133
4.282084201799119
3.673679740479452
4.324985034521493
4.418092098862628
4.448627722112331
4.983572415444341
4.26564052838118
4.3711953918300095
4.229755879381784
4.076595820642559
4.479520082502395
4.113690905205363
4.764589007141105
4.198605049124397
4.748954504258507
2.9815228831641107
2.5471334189783743
3.8652631727210283
3.895850178503551
3.884194310559561
4.202890430047313
4.506967627899559
3.977297577972209
3.8925512471839765
3.9641123826002245
4.605486445332694
3.668477529209509
4.772837255756723
3.9403515858204905
3.9075781566357524
3.3018009832205513
3.517820311642549
3.564566187077853
3.68694099046269
3.9275944995914505
3.8554862080568544
4.285043987923883
4.0250593207341705
4.518300524998575
3.8102555349393095
4.6047699078332895
3.327624722602004
4.21261324746265
4.440331683909214
4.265222813228323
4.660248108755598
4.169716854448661
4.499336132171438
4.477053829773023
4.359150932985242
4.7624421127344725
4.852622406703052
4.1939502785422835
4.132606957187225
3.947429214485931
3.59374093200692
3.148948829239902
4.4306442314777055
3.7385796589650178
4.132760265715055
4.1454280347392904
4.097635260800346
4.223460274664157
4.17214520818437
3.6801254006745183
3.113710514704043
3.857673681128054
4.135836752381415
3.8621059535303197
4.299055620470302
3.961490381808554
3.59872277949703
3.7609455349565795
4.075847040248006
4.284064914797011
4.275162848461189
4.184642399717641
4.660781609379244
4.8119953537889835
4.750375490802268
4.258329764813359
4.178710075859929
4.943359388877591
4.493871919049362
4.812192500422709
4.759337228034889
3.5461074626753026
3.673665525349717
4.119111562233709
3.864223790278576
3.7155940881123497
4.162591887095973
3.624297718870673
3.5998167069516507
3.984137965536648
3.953240759894722
4.08101255852427
4.044765987315744
3.9296291273432393
3.9387527855346636
4.141837458687048
4.301535625933255
4.41886068208872
4.4352444106766935
3.7657432583129653
4.439288351038382
4.554011012694561
5.149779927021045
4.58068659364867
3.9642857025661726
5.069702764916794
4.06266879695014
4.625963219091445
4.079420372860823
4.367700518520794
3.186606326061532
3.9939886782073764
4.300235603083429
4.528302580257474
4.275162800565889
4.965788005521331
4.313303718669037
4.328039306305418
4.590564416213139
4.355573879586311
4.645228910763025
4.636534022831276
4.3432577075445105
4.393481063539595
3.4122775005762076
3.6532853752488927
3.931685480016842
4.192546827899028
3.880591348210258
3.9678559242987443
4.31053504701276
3.777869279164544
4.655591446009465
3.486741093849134
3.768535882676338
4.164161246410117
4.4304206960275945
4.696920982086388
4.352126528920598
4.462074537040414
3.99506018517458
4.10047541719877
3.8378834766075505
4.452851710685726
4.352461823134323
4.131643535582736
4.064015152752644
3.996323184360164
4.306064289753872
3.6430334874033634
4.258489073614365
3.993421475779572
4.6561586266794475
3.9778933064029327
4.28619642761822
4.909884090094815
4.695573177644898
4.628586875121642
4.522638613629548
4.670423312590398
4.546979291186108
4.403427269268731
4.620664673337777
3.45428963930119
3.9541653717017926
4.326431493047414
2.8818177277701302
3.9144871444596343
4.160619742989668
4.117862397870232
4.061379038280945
4.128374572452202
4.048582450990464
4.20351959741771
4.294834328356047
4.902060078071443
2.7973861187166147
4.193052206007729
4.279105027755257
4.313475241043825
4.405422718585804
4.133649543128071
4.204158351193245
3.924438970820149
4.049681214603633
4.243447588502969
4.00588732280181
4.462437951554995
4.832786598763844
3.9636680318988797
4.60783357902148
4.608178020646367
4.670627182171661
4.386290487287164
4.265490349929112
4.900897539590318
4.256581953635742
4.747459060949873
4.723051153833961
4.195556822701684
4.639867172341254
4.205846815869076
4.575454152467291
4.444534887392898
4.205321035573391
4.452873376685901
4.5785831610102194
4.5556622565312175
4.468554370060771
4.254005101561593
4.328893526426193
4.469489126415526
4.043416649387718
3.836722016307578
4.093380263885434
4.407296477152023
4.503731866625606
3.8763925774143715
3.983456376624022
3.6350656339348415
3.802802376079498
3.95787071483008
4.549268185147463
4.057561628114728
4.270929666244244
3.885083981195634
4.592186170438932
3.763915356930504
3.746217707733095
3.9511263024319376
4.391177449304067
3.9519450351842105
4.1894313117899955
3.1964310926084325
3.6670288901315624
3.9091070594662285
4.215464180767582
4.084521907722928
3.9584556609788075
3.700537421808866
3.946224023925618
4.139908175563951
3.6563848706907267
4.045212933589593
4.061576999453488
3.894198913262991
3.97486509685872
4.143401209439171
3.260296097612878
3.4089560140414568
3.692737996423551
3.9525850011709918
3.783967610449922
3.9992882954315245
3.5806899098640423
3.643063848432316
3.4426203717093835
2.678010103136417
3.7229196802829057
4.103991516858539
4.264803679634791
3.812506995894405
3.6818521663664887
3.6648286790960167
4.101415042548748
3.7698095849140705
3.4962083164362676
4.1508438334804225
4.613595473827145
3.3159452905491316
4.347747435645227
4.310801849906563
4.291861897602927
4.250711784346381
4.667164543403429
4.546545636680767
4.2686238147773645
5.067320945608461
4.297945121113679
4.4175114788582075
4.287520604959079
4.855230772566013
3.861487193779836
4.153926127939822
4.426748231440669
4.469668834827825
4.079804259475393
4.788918232618715
4.537068881338393
4.047449385688779
3.8760634913355076
4.3713723554867085
3.891756329712307
4.509182252480943
4.166288694051154
4.714953490215236
3.6947898957467826
4.21361698553183
5.047380728505972
3.8412803021945208
4.066297686007332
4.432852189285624
4.458553427989231
3.9550331755885764
4.8483881613444355
4.062440937266873
4.0482299511891835
4.852936761894611
4.4866338680830165
3.794184052981457
4.197742357309492
4.489693482322002
4.795478175187759
4.239320375279966
4.342452148301722
4.3419340146306995
4.972646183291015
4.950993412539847
5.030968460160173
4.24553131633807
4.955801789149911
4.23996851463896
4.824179095911036
3.0336878168368138
4.414940967964849
4.064322860199144
3.952169273101516
4.512887379658995
4.632043033244802
4.624584541687439
4.329996817415845
4.997312451958223
4.285797136815462
4.653390283029349
4.3894669599059455
4.458405189999283
2.7551442351127555
4.3900695279964
3.896309274593143
3.255672008673261
3.9243306430504035
4.462468935498036
4.601319828820911
4.224714485769273
3.905764662523203
4.228828246876599
4.070345143828382
3.9377439827770475
4.098413052404075
4.486251388965566
4.207197532035081
4.166329411382324
3.9065096707929223
4.004534049310993
4.386122781225501
3.824653493017146
4.224716464840727
4.568045654202937
5.223039808842573
5.339993527955349
4.664963758491503
3.7547151120537454
4.2472371047992095
4.191068410946408
4.4232406397421435
3.95027727959529
4.090866254118066
3.7911145965575264
4.2335771843600405
4.151762354915164
5.177600072911076
4.524100831277997
4.259503297786815
4.790584854418207
4.603665094614286
4.186185459143436
3.271336076600833
2.6980368730052877
2.527273287190975
4.0689879482956135
4.262865982010816
4.209735239527408
4.757105499339255
4.219625123526363
4.160265440731261
4.234551646017533
4.273888076011422
4.324644692275466
4.467367976569999
4.502436548685756
3.987416907677568
4.124607957759547
3.182011893769459
4.296804325340803
3.657877556657394
4.131792923237629
4.8639317431364
4.775375887757145
5.044714695197115
4.448936647123898
4.358675028970293
4.697202746757011
4.423818405818216
4.178249802436212
4.499834739839153
4.291920146689152
3.6469637480219443
4.26611608733861
4.106633223931797
3.7281009040337456
4.299754905961116
3.848181222907845
4.737707418116816
4.022331564031623
3.907623524292684
3.682071941616993
4.18033323118598
4.101823000158355
3.837220746145162
4.773498389738755
3.7079939926416245
4.052966535418017
4.236151541703771
3.9105760830593352
4.4541573247898505
4.154995159482202
3.9090112343778216
3.9932919078000393
4.738428532187332
4.207534316601254
4.338342933687053
4.2947199255910435
3.3556779494453997
2.8976756275162794
3.7630331788632136
4.1998750491058185
3.915643762439606
4.059592013552563
4.784972673993794
3.7641601684883765
3.7667241519545236
3.9896367505850954
4.262686914364327
4.171823388386955
4.084625263110631
4.921184603475798
3.9103058482089086
4.469689389542135
2.8825393441405733
3.9265017481054576
3.9466483557015892
4.2128250636133115
3.763619814357878
4.1144094982687385
4.158513969130783
4.130859507153591
4.057509336562115
3.8891957075247463
4.299680678233783
4.050007722137131
4.284516816387628
3.9041863750393198
4.500861129160295
3.6827133659841076
4.411363923548816
4.064958140443746
4.95123875695381
4.505638277778147
4.488569351526378
4.427418902079729
4.620356991244472
4.595310148183575
4.582201174835817
4.64843439278842
4.497217397648863
4.757416707319886
4.561744196202048
4.606995506627731
4.29930542622209
3.8734044988511913
3.917121294078483
3.962478084670078
3.927299853505507
4.48902749091004
4.309232167546402
4.0377843651922145
3.8788756667554525
4.377441101605928
4.271130129256493
4.739662042687871
4.461994480073057
4.565805976266951
4.534181730332987
4.0996300377098365
4.475972155157336
4.129357913629397
4.629130235203309
4.25737231693113
4.785956358215225
4.340984678256396
4.317353872810298
4.213626585444664
4.473715783682802
4.901902883861718
4.745054838590492
4.184013914866764
4.61770690754979
4.682640607855982
4.701016160671124
4.884999220373606
4.45371716856847
4.741805709948085
4.968688803693468
4.534407910358235
4.720864850936031
4.921507591870179
4.429657836148857
4.008912169248244
3.9649534471255405
4.1215021022917115
4.203457924137815
4.30864971921319
4.309649389757538
4.061906384522067
3.931228498687866
4.616358540150161
4.348483205855949
4.567474034599151
4.074518328384745
4.676019528057603
4.769452562568288
4.6181321492316805
4.825994162971973
4.633227296454523
4.872183107637999
4.4732751212285935
4.873638999476283
4.341973179496024
4.845743774660276
4.37814018583982
4.060513770856547
2.978774387073142
4.061389881733581
3.9696115243043684
4.330945457853935
4.459501884216069
3.970338727341617
3.882032780082489
4.7531630794064395
4.594480485639011
4.051531101040614
4.274077234747145
4.10654867647179
3.12703751100639
3.630069578389227
4.23232235428029
4.160671405920176
4.100926776493702
4.174271668645172
4.7280444732293425
4.410596567853338
4.266551220920162
3.9912254199501787
4.192870789033663
3.4022045891163657
4.048508007843205
4.108149473675887
3.8240075057347447
4.747402970660611
4.095375311946688
4.587896360177474
4.315422293792205
4.1830548334930615
4.3203704673760495
4.040516219327451
3.9702712620479854
3.944078630656815
4.0175762848678644
4.49050786703669
4.212936968122551
4.056638399327196
4.098539945012329
4.033866738743224
4.03352156812031
4.420142665297129
4.166262017487382
4.082778783600153
4.408861014752714
4.303460335175961
4.560175809705863
4.242853745084272
3.7412827283237062
4.227631495149424
3.8098934924058376
3.8792951344689834
4.132166543605527
4.168532084610703
4.058479692757857
4.224628593991227
4.944550671648681
4.232357696778405
4.044699244537459
3.953002856215968
4.365496733998448
4.503161377333971
4.599242336759
3.0586806659281405
4.273029125565022
4.487912756563474
4.163950908859391
4.330031574005432
4.660370668919317
3.9495937086344446
4.54590254568126
4.707673131802027
4.469102078904127
4.432893260088917
4.323583320185328
4.241840737650231
2.6303964608587336
3.556847682806831
3.7957551919843713
3.7514099199746354
3.8875489462248423
3.834568261635314
3.9690848125908467
3.8251058305157284
3.7380270412301053
3.678070665581203
4.090086144880391
4.391848105874401
4.467972284918011
4.637424556108791
4.363396347071468
4.347923569256081
4.658805024214023
4.766038090756316
4.711620372081545
4.370804399781355
4.609239556645809
4.728367610026049
4.576698978280051
4.815410146571272
4.6080259144668965
4.561909321035758
4.2766736846384585
3.587440075964318
4.274827128081341
4.301269264783089
4.536729320360134
4.87751064791966
4.296871290037096
4.3776650889672375
4.232577843154241
4.173301787746191
4.653167562038041
4.444990325347062
4.813088400591509
4.154163305841117
4.750653718396262
3.055853472308681
2.5816673439771263
3.89219644946108
3.856847095655544
3.729164243025741
4.2498053927798916
4.513101830644765
3.8203052295393576
4.085450109544274
4.016774857107128
4.639381497497464
3.6622763189530474
4.745732301699757
3.9099397736969834
3.9252471513399403
3.3985984321182583
3.597918191576447
3.7222889779884616
3.662649126596035
4.187069046974258
3.9788796124072103
4.281915515783119
3.988433063640998
4.489348883725738
3.985020614228876
4.59027148899257
3.409194605593636
4.249856806290167
4.452335835237693
4.311603565708376
4.666818158464134
3.933528883311883
4.4906306758095145
4.472471189290626
4.43285061498565
4.766109920241771
4.871190669003941
4.236022020130064
3.978663842634975
3.9687869958352664
3.612073792973506
3.751191673392455
4.4600170253467715
3.8484233838287647
4.031460947395653
4.228841018459883
3.989402542072802
4.2390307542638705
4.0797983857076385
3.6337004780011615
3.2686959532676862
3.8842504814107315
4.225120444499216
3.87583292015748
4.192811075031709
4.096564955493433
3.7022919285204177
4.010430040091194
4.122267833061738
4.206116769819872
4.209998610850823
4.2051136728172365
4.763352313247944
4.806830704241668
4.750375490802268
4.271111273080843
4.290261081735319
4.848056858640627
4.474225920027754
4.8167953384570374
4.8001068619937
3.9451372317668802
4.063918061237263
4.362771490942038
3.83117237628492
4.051001753142063
4.072287298781317
4.118863990066411
3.9963796867954944
4.442716962123351
4.45729578284759
4.31103319484532
4.620065383561897
4.393080192335114
4.170120982750509
4.147249817747147
4.301535625933255
4.408844164716948
4.432311795166754
3.831704626782295
4.448195601588029
4.5872791444667325
5.004956417536656
4.52978588220663
4.083151265282657
5.039902181951321
4.079590097582962
4.548953958143034
4.024606091186924
4.387103769891488
2.9567446705955245
4.052797793417859
4.491968743895568
4.414227288344229
4.337060648845037
4.908099675662918
4.118628697705635
4.428309463721524
4.590564416213139
4.37773408068582
4.6098143583157825
4.585326402637704
4.296285824836701
4.259847274882491
3.906335077413381
3.6503070687725234
4.013688712031409
4.260591217191884
4.26105845745408
4.034635020551385
4.483102563783548
3.9187224810034644
4.458218531157924
3.4277696324811306
3.7465842176720505
4.200781489111934
4.42210441326727
4.443664142385474
4.382876734366494
4.447204739808768
4.060291436333499
4.121254549322726
3.844079708300586
4.415524842217214
4.365492501093018
4.128009490529774
3.779768275005563
4.119391515838785
4.236874560943322
3.919214568539971
4.451986281333145
3.9276384443290864
3.981630342335582
4.207859829597295
4.073182629148437
4.930277437105405
4.694067605374103
4.482308138660126
4.459438840348426
4.670423312590398
4.5685402623256435
4.451282069247252
4.597886602503567
3.6788034818961424
3.859349925075854
4.339933878520835
2.8122881633931875
3.915314856135849
4.160619742989668
4.12057285477372
4.115198261828623
4.082455784354127
4.0813932089688505
4.1351618556706
4.308764362080273
4.765152405924595
2.9214880414297095
4.1211038388598125
4.292967669298061
4.344394278562756
3.8476617576215397
4.080440068928246
4.161891196926058
3.893918645616632
3.63021097971187
4.223648082927843
3.8735946201476446
4.456755407879848
4.595627123500824
3.916809893036847
4.675061253729176
4.550697250582238
4.625840317111264
4.276703699253856
4.148368914096306
4.889444747543673
4.250487701151597
4.69381773301652
4.578899155290367
4.083098234243143
4.689137302291849
4.0968364626322105
4.592422725626726
4.55828791338311
4.2198756340992185
4.390012614360549
4.26171170474468
4.603127158551363
4.492510573289975
4.127896805577779
4.366884885685017
4.48085638078422
4.033464646394422
3.874432903741272
4.141289164215993
4.223706724660644
4.405466056656352
4.040478212733611
4.197273089190508
3.591342613539145
3.8518100515778357
3.9787968716068995
4.579782433870017
4.024532872517343
4.311089326390905
3.8438349231585303
4.623827509449708
2.819534142929677
3.776533693838445
3.9128886761886683
4.393783673135181
3.938194072877627
4.129203263324647
3.359180636118328
3.8276343326673743
3.9201948163756266
3.9804821464864153
4.134310960263186
4.110046838695014
3.7258287409377973
3.736987607952779
4.174646399074238
3.696152647541844
4.149798619155809
4.1053924443939644
4.02689421660058
4.115021349265751
4.284502503837343
3.309379401454117
3.495531611430561
3.7355221429504746
3.959092211231593
3.7543664535371017
3.9935751542191507
3.5926234401985715
3.6717717159850354
3.3880289160744335
2.7662319814334806
4.274452140741204
4.094086206786251
4.183451052863
4.011173781996266
4.120823025385067
4.1133431080143925
4.072944865602807
3.7616631830823968
3.7471974928901206
4.100342432196101
4.503649014363935
3.0057791017654214
4.424116459035352
4.324570241931274
4.357130709863018
4.268208072576101
4.7374886669453895
4.584930754171711
4.234869384320207
5.010127909447608
4.320879925095889
4.459345215182135
4.187414046855006
4.918915601278936
3.803202463725503
4.179354057715106
4.445425526253143
4.527608315967077
4.078822725316397
4.685469567101501
4.478416676479807
4.03776972462135
4.030796712549888
4.346720288464476
3.8034281274654482
4.359020911548921
3.903578830127257
4.525139820150038
3.7492051230300047
4.09491137468538
5.045141355296288
4.177927367617352
4.1427991587093675
4.436960202775349
4.455363903567239
4.194981646541243
4.795339603879441
4.1944827300914085
4.241232970633147
4.738040881136344
4.472419845464483
3.8454394253936823
4.195207514573638
4.385443772770646
4.801043998252185
4.440912925123922
4.377202473091903
4.333399326240611
5.001380537663861
4.9781358641156075
5.02103132112587
4.587319925496002
4.864660796863259
4.242063522522029
4.906708342902635
2.825118972370478
4.438049960898169
4.090391768268334
3.847450185101626
4.476331488865714
4.542293569890841
4.627602065673029
4.3652957039312685
4.972693565387838
4.308667128523775
4.600753041236505
4.462479177777417
4.371975082608268
2.8165805034587112
4.3900695279964
3.805624112618939
3.410861253449026
4.005035914995406
4.294759710021229
4.609771403262073
4.332464900011769
3.9541509602693967
4.279959808117826
4.080500937515875
3.984980709036323
3.9946990553674904
4.487053331059432
4.2615248619890895
3.8722612365752482
4.208576331111079
4.027346663552129
4.192296591015909
3.8812849665339093
4.500185447935541
4.599139792424237
5.085449133116846
5.31769291581805
4.496327322757569
3.7584860096286494
4.245462341038252
4.245198037203763
4.333010080936341
4.125030524668533
4.230983607933135
3.9219377572464245
4.259066982575508
4.439550134282932
5.162741258544589
4.570290355032341
4.384130089704971
4.81917519213461
4.575305334583444
4.196978097395377
3.271336076600833
2.6194377313306565
2.5339678630029754
4.226481728837224
4.339952846519937
4.198075258297532
4.8263644603099145
4.208000923653655
4.033314790259589
4.175603197324818
4.329643031798986
4.358224234872276
4.5120262241330416
4.562601037661674
4.113768580514853
4.10724295131646
2.988767716474478
4.271765598598792
3.729381031505568
4.192847682216769
4.839167300958073
4.7539004630706065
5.057765672577657
4.46426675880835
4.367747985683684
4.769303732176484
4.455550872959741
4.2478785269993535
4.473069844260364
4.327581310739514
3.543870975423679
4.137602222759734
4.130308508813037
3.8961006511169556
4.18223655831053
4.037835345242544
4.675736122597796
4.261968201814585
3.8608543317237745
3.8160079738249917
4.06837375132593
4.071773453009346
3.907363081667473
4.867212207607661
4.13217619877644
4.387171757111634
4.304599280143595
4.270039718385371
4.267581181549236
4.432564698098587
4.352129220353399
4.318425107378788
4.738428532187332
4.543356624329228
4.431244156502038
4.323891222548979
3.2005437960648004
2.9986897576172846
3.8539965188233563
4.2236049777769145
3.9397520480374846
4.0688904500103575
4.651300171456054
3.7893602608691026
3.7190718009348567
4.060068339857562
4.228356379320594
4.134430180916894
3.9846774717508024
4.873090225091634
4.098008312636088
4.508831193646456
2.608641733906663
3.8710267395674904
3.7794394405216947
4.230676581574888
3.832682505976269
3.811996733758595
4.159019358911046
4.145210101860666
4.089520216909518
3.9319938368313028
4.275156078864795
3.935393312563539
4.262478167961192
3.9344748088840777
4.412192376686781
3.745177028556841
4.417179500114435
4.077537921650484
4.80146862415148
4.448598766420838
4.668085845438786
4.379935503160059
4.711797730808717
4.541908391042377
4.576248029657683
4.651615322559719
4.598168595476109
4.765317473262255
4.699154502708744
4.563453180330722
4.320341024596043
3.907802706693803
3.6965500161265084
3.9425651546157194
3.8456178776923755
4.471212272084092
4.353632902970088
4.233017306590527
4.03035924097229
4.440593510070032
4.586579032224563
4.7977109823554045
4.381558006280088
4.503496281205483
4.754360155790266
4.32883201072689
4.475972155157336
4.481254203226958
4.675916440217905
4.319026881861561
4.762476577056052
4.344878384663256
4.758703951074441
4.30204395065971
4.511700207404395
4.927553888953186
4.745054838590492
4.184013914866764
4.633247685330538
4.682640607855982
4.7105265222332875
5.069437428058913
4.613357968738394
4.7712097250307846
4.989975771060218
4.630436651179563
4.698265230530296
4.944292431780436
4.427788892146806
4.029064495767381
3.9520510167459384
4.125317336591407
4.223806419662635
4.332029677684487
4.343996928676866
4.067125391491321
3.969258953365885
4.651768798760765
4.771062020310428
4.827381184134573
4.429752728094417
4.619395664008664
4.779149302498733
4.6181321492316805
4.825994162971973
4.7963999512312965
4.89932538864361
4.471248172955441
4.947902898178211
4.242694654360006
4.845743774660276
4.934628919991768
3.8219221175390277
3.113700571019988
4.030053300895672
3.8473712201816057
4.282448851085884
4.498471847983297
4.340365387472101
3.7314860808089385
4.923604912493058
4.569757724664868
4.198200487605249
4.393753446399797
4.04266595162937
3.1109659243355288
3.630069578389227
4.2343031966757305
4.240169668539583
4.119132213573897
3.7846605088352883
4.762390475402086
4.692779467428105
4.054189624845945
4.048118783275381
4.207629083190625
3.847400052451248
3.739751457502423
4.236854587074299
3.6781661069637535
4.7926964129883185
3.972738728464662
4.728881679453076
4.1895109235491415
4.160526443334037
4.109942657398687
3.893639987978378
4.066644282660121
3.9926758080426676
4.094307846226046
4.539670087528743
4.220553341321379
4.15047414863205
4.026338482618206
4.117655769741097
4.024845146261954
4.53434763947369
4.166262017487382
4.092831689678263
4.241757581980737
4.288847101399155
4.415231781477395
4.307651533064874
3.7079478663753287
4.238038820605056
3.7577453940420646
3.931265037548803
3.658077927302644
4.121955309240999
4.0230831786838035
4.219734184918042
4.84462225984402
3.817894527759443
3.959581041881773
4.3526161965519234
4.295979389205935
4.527017841561408
4.674227313657607
3.1531932174163924
4.191728486293537
4.46411071881063
4.137778969618104
4.332573053374126
4.673087604917876
4.138932445009321
4.4913857902120125
4.6575126773487945
4.476461510368055
4.406061433698424
4.290553258999346
4.577005943092102
2.492614872645696
3.4972248692680945
3.9148614049843378
3.8824458988566652
3.99677807470568
3.6492706247110074
3.9686197147700435
3.819244799533009
3.611236036959454
3.7583999435489015
4.027094567722115
4.344290061466565
4.480455943265784
4.681236075101111
4.305988737553655
4.207646899384249
4.573131136102342
4.670390678725637
4.592628749670194
4.340154040489878
4.647115101309068
4.940317121437287
4.568494313560207
4.830522842820777
4.6264080626073785
4.5308757676931
4.253478087221478
3.6512930695790384
4.30717348942302
4.393271151186122
4.490930744493389
4.983572415444341
4.235698962560466
4.512226494982895
4.222205913173442
4.063115513703289
4.662569507630867
4.330855484164576
4.764589007141105
4.172802110722684
4.808181863723252
2.9815228831641107
2.6018025154497857
3.8587854299304354
3.971339380624215
3.822034495740076
4.259142666227846
4.525161276979299
3.952999406490581
4.0262185693450085
3.971847445963788
4.58665022209259
3.6548339870260906
4.745732301699757
4.017421159428043
3.947080920108705
3.3493519532887843
3.5992007464717144
3.7279410222360543
3.769630121308853
4.17362539548837
3.9052057249271606
4.285285882190813
4.0235762138567015
4.503990713260092
3.84924673840397
4.585537394233091
3.416660142176854
4.237483960734196
4.479244018475401
4.354699752890717
4.59973435930058
4.1148829293885845
4.474667696509341
4.504733033486886
4.365877209474022
4.786476315084739
4.922414728209191
4.215379658257577
4.0381394284516805
3.8984605547322193
3.591364219803948
3.71151939444837
4.410397060489439
3.6406634876199275
4.002666981698057
4.030691784561263
3.995442865063652
4.154894576338257
4.177626239490764
3.6801254006745183
2.977726877763902
3.8582673428748455
4.226774944435572
3.9299824676999204
4.20404462709907
3.9414391911408195
3.6963134210626967
4.009086485807796
4.1110024866326125
4.256150831730811
4.111798310685625
4.123836494460459
4.742810019282977
4.787710615459205
4.774317745151667
4.369708791319847
4.251200001227141
4.943359388877591
4.435744027495717
4.812192500422709
4.809032149280101
3.924535011403411
4.028149714658339
4.351174368268001
3.914133086039903
3.7418786708919827
4.109803377670462
4.233780345775044
4.0567289952685615
4.372587067270132
4.72086337416385
4.326357123156757
4.601413660931577
4.398568675276217
4.174605597214027
4.0940642624661665
4.301535625933255
4.41886068208872
4.461845394424605
3.804865601190288
4.395622608149679
4.507104177845575
5.1034061729723135
4.548407972456554
4.104657985444215
5.044472290405277
3.989238646866313
4.4782599514403305
4.127555882098066
4.435579385040313
3.0888491405611798
4.025120312157342
4.456616189463679
4.5025999278496975
4.347256636973228
5.0749609459830065
4.117685689889262
4.420178364267617
4.590564416213139
4.339891082777832
4.6584958215716625
4.6087445354300645
4.308503458525884
4.352953662802975
3.504429448605217
3.598041575169642
3.9685149628252963
4.246208683392153
3.9610473808739304
4.007952564287211
4.338197795225147
3.803517507333691
4.535367856067244
3.2842992844866314
3.7560632854813734
4.184395033632806
4.4634948733992275
4.443664142385474
4.369389834271473
4.489922048786277
3.992441098837695
4.090795715623364
3.814159678093832
4.45326366665745
4.364651922111608
4.075186743735574
4.0757224055635
4.119473715456424
4.345325353809067
3.4639694457495813
4.4100877973799335
4.010356101972247
4.577792317951275
4.030490900985029
4.285874623306144
4.891393847208832
4.756240102273816
4.60612275599466
4.526974881036472
4.670423312590398
4.595024606578598
4.44017053459666
4.601870734296165
3.5910777398776164
3.894565240452146
4.209150550523008
2.8915861264780958
3.919973896426945
4.160619742989668
4.097611809706543
4.083186933997183
4.111162053268217
4.045978544843434
4.298681777045191
4.265842414986951
4.831324895980148
2.761161135330502
4.131895200032356
4.348487227080867
4.344394278562756
4.431326976020059
4.117961243497419
4.322673603324107
3.8684598624214455
4.080393774734507
4.425481572109648
3.9364615094082707
4.544574840314087
4.517635325244918
3.954195083221453
4.523521605513054
4.5121071719077275
4.670627182171661
4.298251767101847
4.230755080777534
4.889444747543673
4.250487701151597
4.745448339903321
4.539733158782395
4.130434883417749
4.627391363256416
4.27440654616222
4.468163055715293
4.579626027983531
4.059204425273016
4.481430130898847
4.563829821293716
4.539537279759191
4.548408376965057
4.257707403570423
4.436137307453372
4.513670731512326
3.96479166265933
3.897490395646521
4.08498067160359
4.334680867774898
4.524424007894106
3.9863879453546183
4.050672961884196
3.593932372554587
3.900191401176927
3.9566671845972263
4.579782433870017
4.01514605454774
4.270929666244244
3.903223183421747
4.592186170438932
3.6468653870938423
3.6764352751946303
3.894282711289436
4.3942529021762216
4.006269788345627
4.0817744776992
3.3208525802619167
3.708297838229784
3.898846575741298
4.311350940703965
4.10398129472898
4.125053062272856
3.7957106306813104
3.743193885513593
4.159521896802827
3.5191876167283036
4.236731500837475
4.1171971415285915
3.8394122964014716
3.7409732857671485
4.142820599077777
3.09728153897784
3.463547408914205
3.813781360452869
3.932094174132958
3.7843716646566863
4.000756600644285
3.619248034958077
3.574459753366291
3.580051030398444
2.742383821284183
4.277075173770011
4.0850059783316945
4.144935773184555
4.003755286341297
4.049706225978918
4.075998112635069
4.101415042548748
3.6977620297817495
3.6790246349306712
4.149506391402606
4.577202654671154
3.3159452905491316
4.277767365483701
4.379739236649362
4.288877265659163
4.316119211391468
4.761204565930704
4.563776488760145
4.302899136100391
4.971180474891707
4.315396953486268
4.465256308854473
4.171929508351327
4.946908366663855
3.811643822351793
4.166276446252756
4.196133579586187
4.50814520383744
4.054280111442529
4.797707885150418
4.55468407424933
3.9951558880788776
4.1254258163161825
4.319922407301723
4.082579010237154
4.588520865484994
3.917318790755499
4.300591442203528
3.6858619409424342
4.142660897578869
5.045141355296288
4.010484262213177
4.0905808959993575
4.429341587501595
4.434912295102152
4.173598020325706
4.870990419686779
4.162814216016334
4.279619735162331
4.738040881136344
4.4754613190192645
3.7544364977389604
4.218769476581452
4.439414521373096
4.969006619984496
4.352627419115024
4.330924567094492
4.331549187414765
5.00630148951712
4.950993412539847
5.048546257238645
4.4350954237994245
4.902988655474289
4.244053429656985
4.941206208863018
2.9176612016200703
4.376262965213646
4.065723010820767
3.903235232376452
4.55916195582525
4.547029428371733
4.650560977458431
4.260243051212066
4.972693565387838
4.245631085143858
4.639070746119325
4.37780328080053
4.152128872251122
2.7801767174721075
4.3900695279964
3.8865007102599574
3.0598753546478807
3.929886569540226
4.300260872850286
4.685015126985964
4.281201596769219
3.8574832338048872
4.267465549229379
3.9990585544862745
3.9372041682258114
4.0099041292228685
4.202324508128584
4.260941616003896
4.135432603676092
4.161802139391325
4.04263033157214
4.388488705979267
4.026589686162195
4.467723760968599
4.556346999682645
4.95134913815984
5.37554415374591
4.593866055138264
3.252753817307874
4.20508021152575
4.066608238264387
4.418122883614568
4.003489137824626
4.175693640749025
3.7527137358747913
4.285724120501757
4.3441997056823025
5.162741258544589
4.548016733272127
4.362969895200459
4.81917519213461
4.589846265138172
4.197735223062889
3.271336076600833
2.6418737745070304
2.411754426558483
4.007740749418588
4.244615198453572
4.160621475588272
4.791623815101241
4.2567226296732334
4.20455012797541
4.372842333222603
4.352532352296358
4.29176523604667
4.431846717245222
4.280199562682271
4.069790458211138
4.100416275467315
3.186291227515735
4.271765598598792
3.5530943775498884
4.169369487921461
4.664828086466436
4.673808925761022
5.0083925533425715
4.477287910829759
4.3677966532072166
4.712017606584137
4.498587327756097
4.19869582914861
4.406608965868618
4.262306356705071
3.7460837132370575
4.31599005695233
4.0726311568535944
3.8918069136555924
4.353979704141184
3.7622430418978916
4.633458035356709
4.014579070122296
3.8732746451624323
3.7668101870589457
4.21984892267567
4.2287691915723835
3.938494144781745
4.790968521615827
3.9596423142770725
3.971193520424965
4.161197825314014
4.042846816176242
4.432382963143455
4.394469101867275
3.868390777559865
4.129837281127717
4.738428532187332
4.524670916586287
4.344366136338736
4.336888088445365
3.3012361790466684
2.8536052773977487
3.8215864900472427
4.259444748858691
3.981936684850631
3.993470279937466
4.651300171456054
3.752622825901069
3.7894415543405193
4.074931155502704
4.216710312462196
4.162232912626946
4.063206793217768
4.813935118941621
4.117618509456753
4.49418360320907
2.580286488106986
3.873274912321838
3.8309147653891538
4.3493627580322425
3.854188743359614
4.1934545454981285
4.06303475373287
4.178832949678413
4.032038230584178
3.9060261972842456
4.380841034740637
3.9421755150454283
4.136509847964928
3.8709891846990394
4.4176205458088935
3.7647201828966037
4.382788429378891
4.100827623689918
4.80146862415148
4.4542609121760055
4.6169258079513735
4.406984993585852
4.620830090385497
4.450315875703414
4.435839517586768
4.636122624141061
4.344016770216313
4.586287941336208
4.722733418430973
4.6011932014368435
4.456019264577065
3.641050965568743
3.6172779295511033
3.946094526332941
3.7647680394968925
4.498972350349209
4.251919515296286
4.13492761312175
4.055616667937127
4.468606766504718
4.304596895799328
4.702179216248671
4.381558006280088
4.645652990454389
4.670685962694938
4.295078656413844
4.475972155157336
4.512386012520869
4.70189815202225
4.2576646557730236
4.7574425640987705
4.472930900812067
4.323168248222454
3.6792936065325934
4.511700207404395
4.633757014316119
4.517156356382495
4.184013914866764
4.5375254015537205
4.682640607855982
4.652506845668938
5.207415496315628
4.604115099963953
4.83034533424134
4.923646515043174
4.6066954114127405
4.489820027519549
4.849223065474845
4.402189240177714
4.082431969999176
3.950360250807836
4.119590518890268
4.200536320483509
4.269838113382716
4.304908886807449
4.126898859692885
4.12328718586473
4.682440299024366
4.600400251562068
4.8196682848834485
4.391778320569914
4.600749825881923
4.505798466668459
4.6181321492316805
4.6870647904923
4.730429828494121
4.880103137259388
4.362101029196982
4.97637174833706
4.341395651554422
4.845743774660276
4.899768006395755
3.916790879052278
3.317951263701513
4.030053300895672
3.856513660915878
4.240134784807941
4.46262393507323
3.9829996986221303
3.833222039858369
4.8575454360860135
4.548455864454992
4.04064388518281
4.339806992278623
4.078407032979441
3.1182380151990823
3.644415979135781
4.230633827551001
4.365307084103841
4.065801679143862
3.7784343204324733
4.776618937815609
4.589794106017716
4.124380185823836
4.00578676948545
4.2406007133052155
3.68256975016285
3.7692681318969763
4.1209250913975275
3.6930842938702355
4.817519324937211
4.124524057800178
4.762684759504461
4.377808171695675
4.167542316307269
4.116733469706789
3.85843301561418
3.973589136128524
3.8737019121907013
3.9293392145455
4.462049325505845
4.211971458328847
4.095577922247325
4.024822780369158
3.9367966301742903
4.050619519451186
4.4215388116736225
4.166262017487382
4.106280314641482
4.364029766449747
4.370175156785528
4.380330698236545
4.290673446203438
3.7170964083599647
4.070230028298799
3.782506501524546
3.9722013178106277
4.108454342272634
4.172429542808461
4.011053762323279
3.9347380469341338
4.912872205705961
4.2637511833908555
3.9940538287110163
4.2500846259759655
4.4197138529041515
4.418136588764148
4.62984700540653
3.1580980337082654
3.996054973743915
4.380350815860298
4.061434265046858
4.375196238921438
4.514622857154561
4.0835263110220215
4.511874348062339
4.7554603203984875
4.466491725636154
4.422576958897691
4.369616560700566
4.1935526312600055
2.640077221531671
3.5632753612114723
3.8109085887896432
3.789876251940239
3.8921335943624324
3.8727880767339875
3.994039144564815
3.820192857006111
3.727057738794647
3.7424622274953165
4.005435202544302
4.311975858916301
4.441861768490775
4.719036546712891
4.429952596960985
4.375545241175179
4.613269917017873
4.541874794884231
4.514558536755206
4.2928262420647485
4.603613644438861
4.850098645560375
4.573840576872121
4.852118741633951
4.748013305059352
4.559990823088993
4.3855688658401135
3.63317034263899
4.357082583284189
4.265857514847005
4.52536225439531
4.671975607459359
4.293448696461322
4.320218845074345
4.214364485163587
4.173301787746191
4.647844652925705
4.275795741624875
4.875919861271159
4.008451630567658
4.700451373039336
2.9815228831641107
2.3918499886087625
3.8603302260109063
3.901218040081077
3.804693547319861
4.27272407869376
4.501751848808685
3.960679232687867
3.9700247268499416
4.016774857107128
4.58665022209259
3.5901372355574086
4.704372627448384
3.9640605039788728
3.9171372257099364
3.6614924878403023
3.741824584509744
3.7611995941934904
3.844606935204928
4.190112960290559
4.0002131613973955
4.281391710958027
4.119352399754345
4.444754379012526
3.6953052743984682
4.6110254618350215
3.416660142176854
4.23286786686083
4.426762222682095
4.224487963447264
4.660996652402212
3.9116581254336262
4.4906306758095145
4.478702621414723
4.322875518885583
4.732733073133688
4.6858124992295025
4.161787548490974
3.925643596623939
3.8174906545127243
3.6606129261059355
3.837269680965708
4.462499652239264
3.8368969177314267
4.055212433569237
4.264494575142861
4.029185675993624
4.188724787555171
4.099344562000286
3.681249420210121
3.1353584982483103
3.8930760749553865
4.148235015085859
3.9720086249777182
4.173704045296165
3.9689629561468074
3.692281239121437
4.0816156118915154
4.136407304701141
4.248482928372368
4.26253393116999
4.074498577441712
4.742810019282977
4.757859292740795
4.774317745151667
4.279836677913088
4.383667489399924
4.97423470512315
4.382282528556219
4.793765777253142
4.798544947436724
3.5136646417702755
3.9431128670167954
4.35777553726669
3.8686721676410403
4.040805748384722
4.134433019040625
4.125014270969483
3.997253718483427
4.305409168290595
4.730012040665823
4.374346905012826
4.630553093647391
4.384792255377158
4.084244837169939
4.090613246608514
4.167426335025271
4.408844164716948
4.386832583277005
3.7998415099079415
4.308550473758043
4.521770153238036
5.0781234921792
4.613769925834752
4.00177283712649
5.044472290405277
4.155600784444824
4.655334681788384
4.022099143896083
4.415293018334034
3.0812583982744184
4.0024597082294235
4.377909081749982
4.52237687842446
4.33476008184873
5.0481497350430775
4.13734742078569
4.292334993093513
4.586186953569891
4.248881095037142
4.63327322568354
4.645292602228272
4.252777797270891
4.358644779388834
3.4233913929094424
3.5645804213705867
3.787054288191284
4.081596564387958
4.268222955678601
4.033593654201702
4.415865630341098
3.8073574041235423
4.561226761932224
3.581229853559213
3.7682661405028393
4.282415712902444
4.4453004560815685
4.4983667883887115
4.415274958739076
4.41716122583359
3.8882630964722282
4.12590338915151
3.913458355289448
4.400184158617483
4.38497101157365
4.0648337806798365
4.007300955102028
4.122198350668984
4.151032682888286
3.599170619394028
4.442690897551076
3.9690203728402382
4.254946747838624
4.053655685565907
4.073182629148437
4.878150782396309
4.6401321983629575
4.526264323135939
4.495202161611954
4.670423312590398
4.561878357859877
4.456156648623016
4.522399437312498
3.7877521516607526
3.759029960444714
4.351548838025707
2.8122881633931875
3.822911098280172
4.160619742989668
4.1687917626016056
4.078375461777735
4.0719348469203105
4.042801816227193
4.222301136752037
4.176650960504201
4.969544476286837
2.9214880414297095
4.115910893431797
4.31169503523599
4.286248163493298
3.799018615750331
4.043883337299725
4.204158351193245
3.8525946366105264
3.624687257546431
4.229747723446583
4.086683693795462
4.368238427973243
4.644815798354255
3.930286269746317
4.671532073413144
4.614359771246127
4.670627182171661
4.373923013461193
4.153548351292793
4.889444747543673
4.298150046082227
4.667084615737009
4.487447322347931
4.204326886439035
4.627391363256416
4.1516634827596715
4.58386492655842
4.427580431890097
4.201229487143456
4.478900950202352
4.478607707472978
4.564506055443243
4.5105872399524385
4.099264908280935
4.366884885685017
4.415502621351199
4.0027250063396105
3.8305900925166476
4.2120021970203805
4.358919287675317
4.434855915209984
3.9591966752684318
4.144047495289778
3.468185170291374
3.858692463200837
3.9567415303733604
4.438315434700966
3.971689329735683
3.9961330385946985
3.955052379305857
4.44792238455723
3.0355583002619007
3.64972330782853
3.7746181059784245
4.204522159404194
3.8541913827709937
4.129203263324647
3.251520500663693
3.8036154746755386
3.9151485056039235
4.132922574455311
4.082191504636462
4.1870391088245
3.793925146803437
3.641960184680289
4.185736226149174
3.762952699317463
4.128719682072979
4.0083405945638315
3.891216238850289
3.89084383901265
4.375487243379288
3.579892081842301
3.4834780733525452
3.865276183281478
3.932425328166091
4.064632628606784
4.330574640820956
3.825442928848503
3.9021808208025837
3.580576938776594
2.7570770766900052
4.2455836432856895
4.123069370538531
4.345948894587931
4.126582995589093
4.033182010005204
4.006547472246783
4.0583679053206705
3.7670730826277214
3.7552253754186395
4.082387398621222
4.579695765845869
3.3159452905491316
4.286131128349654
4.272155555008879
4.295465328249081
4.3264100198296775
4.71444639271564
4.534830751884166
4.243322657443368
4.908211149705439
4.3069897928520176
4.398159759605578
4.169691384497382
4.7102196327369
3.9590994864704854
4.131887304115136
4.580908237975041
4.493356385158595
4.091080144632877
4.717888572428608
4.418291666167686
4.01520852296453
3.9783644034451666
4.385514567991434
3.822776792046456
4.434293821731595
3.944783357510031
4.536196823824332
3.669188405302222
4.220077545230591
5.045141355296288
4.055389732108862
4.066297686007332
4.465547341254392
4.404763350268184
4.210099096523052
4.831455502801811
4.16904808300292
4.012608393689187
4.738040881136344
4.518353808898033
3.8816985003651787
4.23908844982841
4.282177179034735
4.811343129333887
4.419724367417443
4.372491734668529
4.3679155832390935
4.971929586824787
4.994965960726239
5.012790340350529
4.487529613734862
4.864744088964393
4.285249356185903
4.887265024773044
2.9879128231780565
4.338501562027127
4.043735421748352
3.858559853115456
4.487440368842982
4.529478196700369
4.450660390751179
4.308134672193055
4.523404203197952
4.303651683042226
4.562738430987812
4.586947031232786
4.257468336454305
2.7866371060302657
4.3900695279964
3.9670593630413147
3.67294345011726
3.8775721319464065
4.233551599999625
4.8196309014796155
4.2778639901519675
3.8964222662906476
4.252129173530333
4.114945366841367
3.9363539440995896
3.9802724396181333
4.432576473362172
4.1252203558180165
4.168954462206089
4.080047255517368
3.945078625942364
3.6567538448878953
3.841425129303099
4.337957507991425
4.566469392984503
5.165673762022594
5.134195287458796
4.511442062361864
3.9668995433262104
4.2103364203947
4.201765489416074
4.418122883614568
3.7648066055748375
4.127554432735845
3.7353052651088374
4.2884068106673965
4.3405851538963045
4.898267784152728
4.566623792034527
4.24515999652691
4.857664329911507
4.587361219400368
4.2879585980835255
3.271336076600833
2.7802340332477464
2.423710372720101
4.102282289538238
4.258013206787043
4.226520834633456
4.860299648628876
4.120847925224951
4.085246590881706
4.192750527971618
4.329643031798986
4.300869817561507
4.364843616716446
4.340643870386618
4.015058217843607
4.091417156712754
2.983314321903519
4.077299911896599
3.6858989611453072
4.170633374101995
4.8162086973840985
4.77503821043077
5.013308741413752
4.34176792194542
4.374597576667832
4.65990556746743
4.449122253763385
4.226604802588931
4.447366465148607
4.266860728557802
3.622354040619323
4.221674837691573
4.102738638703911
3.6604046301565454
4.326519094488784
4.129942335746511
4.737707418116816
3.7684700237608935
3.839285786964954
3.8291007236526373
4.241404908786882
4.051782439810055
3.959681953270019
4.8392480427636055
3.9872690270017737
4.364297169088644
4.331041237626724
3.878009546950505
4.4109946435883725
4.415052666597671
4.31624603860666
4.247966749601491
4.738428532187332
4.51022960837782
4.4442929287228985
4.3124447132936226
3.074038791998422
3.1502271647456137
3.8586205217615763
4.200067830915219
4.044486385827007
4.055196619749383
4.651300171456054
3.709625482443178
3.8338846073453627
4.0043943210922315
4.093459067234235
4.164606010071662
4.050041107513767
4.768672681386056
4.3265458811480055
4.629639367650999
2.6829919487818596
3.836721504070552
3.731409851453246
4.252902688706263
3.8775002410697184
4.227380325894893
4.205358783853772
4.13755020567847
4.184725104705452
3.917209618165864
4.253715460145028
4.020544584771864
4.262478167961192
3.894464001100509
4.4440179726212286
3.8229669030153923
4.355300957760489
4.120656688050033
4.95123875695381
4.448598766420838
4.548481967395537
4.372920901125543
4.635112821754617
4.474290903175554
4.587507013580285
4.64843439278842
4.604479705458069
4.623962493286436
4.72149593519449
4.576481233362247
4.281036392411607
3.9512061329750754
3.775251863103074
3.954177978842734
3.8274446637534023
4.502685485326516
4.31597909488253
4.233017306590527
3.9784408180261988
4.433988207165185
4.413753586079212
4.7923868240016105
4.435341348747862
4.6099898498351966
4.605048508346686
4.083085998475097
4.475972155157336
4.416944156259314
4.675916440217905
4.319026881861561
4.807820253431279
4.3209539680548055
4.798081852798772
4.30204395065971
4.511700207404395
4.935133502910904
4.681860691400976
4.184013914866764
4.485966199147299
4.682640607855982
4.760194554194614
5.097543302868601
4.538501946042719
4.770324913860821
4.954528919502806
4.5359047220848865
4.530262345418203
4.833627449451585
4.415247376957314
4.095843842923623
3.9520510167459384
4.100391718942976
4.226803131863804
4.371005443832924
4.353369542428327
4.081745663401707
4.324935270556613
4.693410801940914
4.70560908158083
4.764001117363323
4.555777228249314
4.6301305625559905
4.9321871982818815
4.6181321492316805
4.825994162971973
4.777754205490411
4.978901846628384
4.471248172955441
4.934893199822303
4.373993441898037
4.831511066423069
4.934628919991768
3.8219221175390277
3.270501628017065
3.9997100444191136
3.9310366993513397
4.247749946128313
4.546976526948736
4.123354586395587
4.018614068778364
4.795944050082464
4.543829745952772
4.075785574193107
4.3781875999339945
4.140142736493487
3.0831353148073397
3.739014834911193
4.2092228420239755
4.364274553489713
4.107294518470889
4.0691589595489175
4.7125512595114545
4.675195675053926
4.032600773506816
4.05052188789929
4.241027230515393
3.684724158304455
3.953032707334636
4.2146466702186185
3.8373336327740333
4.790633291590373
4.10627185865475
4.728881679453076
4.219494081072558
4.09385327089775
4.10229053498328
3.856632352713114
4.04182669290158
3.9455849609141422
4.055473937755156
4.4818456802263995
4.2369284000647855
4.004625322397888
4.181145709038643
4.023732157366691
4.014691713994301
4.5215907938698425
4.191875949062818
4.106280314641482
4.2741670231343
4.349328232485693
4.565334229224403
4.324578359079171
3.688776527624727
4.224424545278587
3.8013338838300403
3.9349882265026457
4.029184927127904
4.121955309240999
4.014924173764106
4.221635953451919
4.905708405588905
4.381711226179916
4.075867037035433
4.344528157359613
4.304735990568476
4.533335922883111
4.637983524600253
3.097600457928183
4.240157727415118
4.503567126784693
4.193745059063687
4.236130562547098
4.52769967698373
4.101163641346376
4.73843572489033
4.757180818508525
4.436952335860894
4.419937328195072
4.347457760000378
4.31419502250687
2.812183236709993
3.628674290495722
3.8494797804986147
3.8812453142569483
4.027763278284441
3.856894780153733
3.9753898542974673
3.918206378584946
3.7209780932114276
3.7472829819975506
4.17510043305405
4.354626682346075
4.4758512856986306
4.663053880158346
4.335409023807822
4.452062015082499
4.508180215014327
4.781609954712691
4.559562197861222
4.400674063695728
4.617343408463725
4.940317121437287
4.660503670056342
4.855027815940711
4.742850163042231
4.55280580642563
4.373910202404257
3.730430321792003
4.261312076291217
4.283777554400785
4.539864159881923
4.983572415444341
4.330747865391617
4.503169253824904
4.218716800880015
4.049750047209047
4.621226411705287
4.290986891740236
4.764589007141105
3.9484031239684745
4.777280746084674
2.9815228831641107
2.5770519425826146
3.870983079973792
3.9667156475404504
3.8440162994671514
4.259142666227846
4.5070185039090145
3.7596385672208124
4.025589318494199
3.98068535755358
4.58665022209259
3.6622763189530474
4.839463810015966
3.8683289430159986
3.908624343615155
3.608909347276044
3.6807002351778744
3.7207699786137276
3.853955744137137
4.132162197381659
3.9652064431285208
4.267741759258309
4.130382187800901
4.504680062570395
3.8294807720696267
4.585537394233091
3.416660142176854
4.249856806290167
4.4439792866910945
4.314199884295258
4.6405143357454035
4.006757340721418
4.456386990331014
4.50632319007672
4.314793267094785
4.786476315084739
4.922414728209191
4.196313830500511
4.046162126367271
3.88940971109069
3.6055404328451965
3.8649622858490575
4.457769434154404
3.897542402154769
4.012767943868118
4.181864416072786
4.177164033873955
4.428975996202535
4.164751585631998
3.6801254006745183
3.1140355844466816
3.915269764705624
4.226269605213304
3.9042519939129594
4.1524090087127306
3.9800861893023365
3.6853430190262824
4.006028896325224
4.149336315980095
4.245356916127276
4.23111744633924
4.204901240959279
4.723610744851843
4.834101382239758
4.750375490802268
4.425845021146866
4.319381628731629
4.97423470512315
4.397408686787628
4.812192500422709
4.809032149280101
3.9361748575842856
4.046168962492841
4.383914503920731
3.863232874118604
3.8871330853182138
4.077989610675176
4.110922639512218
4.083888180127045
4.340465560936402
4.756348605480056
4.326357123156757
4.46017706733349
4.470853348302731
4.187030913084218
4.125092229759203
4.2951620685127585
4.281830103607573
4.3996999178175376
3.9758109881097674
4.27611675426144
4.540645322528831
5.1034061729723135
4.5463282942717385
3.992526895857779
5.00491524438443
4.066849908869873
4.570096310348818
4.090673110973099
4.439250504914826
3.1163201468374657
3.9824684512649986
4.5560237282634155
4.5149760536467705
4.3314561340470465
4.931936665794824
4.147818329947161
4.372175241572518
4.592290001656352
4.359479696293435
4.6473043001033645
4.578375814654812
4.32670336975384
4.184847448593053
3.332152576148067
3.604142238889633
3.940929197224939
4.169206221429235
3.9172661340335013
4.062375900241738
4.291424883281433
3.9990547642959697
4.450312870906801
3.4694594886914336
3.7197372278255507
4.067646465829095
4.495700068426654
4.544723205305953
4.347049588133197
4.43496224923037
3.9437926357829407
4.142122708474627
3.929858785686038
4.492513098427301
4.401724103972306
3.9859865900953686
3.9866518894664997
4.134309691029208
4.258741215478291
3.5293266648249473
4.289713823834145
3.9835408480023786
4.571676615970437
4.017253773443072
4.106160840348993
4.891393847208832
4.6075901545415885
4.546034676383103
4.534019348452702
4.670423312590398
4.52974625169227
4.4719008323309675
4.600387650651157
3.635213920250592
3.9463147707749218
4.27619626956351
2.8915861264780958
3.9041999067231825
4.160619742989668
4.142018859403667
4.062037806796676
4.141060878664764
4.065520023882183
4.251390097963205
4.128219492001888
4.831324895980148
2.879869653208223
4.115915015293163
4.286337813391385
4.313475241043825
4.253516939689683
4.063572808430788
4.217012587330996
3.8473683859807495
4.080393774734507
4.383333427329946
4.019366782684974
4.5220021678095454
4.595627123500824
3.8773965383519746
4.642986426498987
4.550697250582238
4.670627182171661
4.373923013461193
4.232941508599286
4.889444747543673
4.252077122722238
4.652567175543004
4.604597590172709
4.148389981234008
4.627391363256416
4.134526054725866
4.4807025279302914
4.535322455177367
4.078381999678509
4.457087178899091
4.7800849831428005
4.565013787712431
4.5755723462295155
4.10888222492826
4.408515524563492
4.550065271223036
3.9477936108787763
3.9748211095667063
4.176944854725759
4.304581567520493
4.524424007894106
3.975991800863561
4.050672961884196
3.620801247011955
3.9499242906315035
3.9746711044948957
4.533250767014885
4.07073209260204
4.2784184045219735
3.940179152944668
4.681117273522699
3.5111112703628296
3.7298104696080285
3.8613381681872587
4.3461671686227685
4.085807241920459
4.129203263324647
3.291412288284641
3.9043661537149372
3.938327884509268
4.270929319955224
4.039860412685178
4.174354054004757
3.653504015092487
3.865420082341355
4.20331949933995
3.6941170933171237
4.228956609473631
4.110561330264198
4.013491889897924
3.9337336577518682
4.136292963968124
3.438376188237762
3.720923790107624
3.912484836014489
3.930185178597748
3.995769201496404
4.3380594453672785
3.870694092111677
3.8502993882377035
3.6867201698041203
2.719916223690303
4.294774379961843
4.097731927775445
4.3974814346267035
4.002946727932998
4.08059294107631
4.17763256804485
4.101415042548748
3.878546400952281
3.81510987594746
4.1002264845646685
4.604363230391059
3.3159452905491316
4.376334198029751
4.366766066272171
4.396790936810165
4.331399459144654
4.761204565930704
4.564279154403633
4.249029271664014
4.962981144820013
4.354613682304429
4.392325856203852
4.241206783507175
4.946908366663855
3.962004612141677
4.201604842916973
4.478998589946836
4.50814520383744
4.091080144632877
4.758744153174918
4.418291666167686
4.100285397662949
3.9626405074688185
4.408178554365946
3.910590040018506
4.383856911031832
3.9138941039392057
4.372004707761494
3.7115975251060567
4.217165507142161
5.045141355296288
4.147548573010935
4.0905808959993575
4.428989128204763
4.434912295102152
4.368995841929539
4.90533010639216
4.137042482703606
4.021603999767162
4.738040881136344
4.524654674414613
3.863099911680548
4.248971069187538
4.439219608668458
4.902538979676166
4.2667679683123705
4.252126393912109
4.356594714848364
5.007350910482863
4.9781358641156075
4.95663242070512
4.523501698732445
4.955801789149911
4.199065136856565
4.941206208863018
2.9176612016200703
4.3906762792726095
4.168893818130025
3.958929303468099
4.423793489801087
4.54951601103475
4.515875182286987
4.335277084644359
4.972693565387838
4.226612794781477
4.629414674534873
4.478321342673361
4.237029518462991
2.673285417628936
4.590706278950821
3.8440889873640343
3.496760054638816
3.881628431655501
4.404650198666529
4.813474995315825
4.297208098572765
3.9109289831108534
4.258960423902926
4.082808206764839
4.151125130684599
4.0498900545980465
4.233997349608513
4.070322201178994
4.166329411382324
4.135713152267199
3.9686007573788524
4.475335573349482
3.8395006748068656
4.457599105219838
4.556346999682645
5.101292439161688
5.300415548117407
4.597910841872075
3.8596621934458453
4.217604708156921
4.232193599210422
4.418122883614568
4.099354607234003
4.319113422061339
3.7266028781415583
4.271789340670252
4.285557728327977
5.087344067360568
4.548016153174453
4.354814712518923
4.806431592570673
4.57421476609634
4.2755267201828655
3.271336076600833
2.5357279299580635
2.2863141298294067
4.153883694183202
4.244615198453572
4.261642189843182
4.771738420025082
4.287183694333286
4.034779716612579
4.230166945756843
4.352532352296358
4.358999606670745
4.439229589809515
4.510362308179727
4.161627485343234
4.059743987858832
3.11641164940428
4.273244898265935
3.657877556657394
4.18712420432078
4.791631224370246
4.722524321384812
5.0083925533425715
4.444560073259877
4.434267036378849
4.643229956665828
4.434655440011028
4.189791555944324
4.386967958677568
4.355366961374291
3.489324341270626
4.368616195250786
4.107719934338638
4.025903721552664
4.326519094488784
4.016685667124529
4.734679052676291
4.306092555158723
4.142688970285486
3.938577530834311
4.273611416946917
4.229023727747853
4.263096674106721
4.7489797230291835
3.626071522371677
3.9430365654935704
4.275534482239555
3.9270081384312023
4.432382963143455
4.237945153176467
3.9144660438846532
3.990087920675329
4.738428532187332
4.2506507436955
4.467365727769782
4.336888088445365
3.3012361790466684
2.9940614562402135
3.76101753521534
4.197163358314587
3.958133729179637
4.054953664073563
4.698791787918965
3.7694234943273712
3.809087477727175
4.066858789710997
4.160582065762847
4.190517547734894
4.0256295931973405
4.7899200365873735
4.209245881364799
4.51824400620956