2.6570745759466403
3.7406834129858657
3.335841228078501
4.059986292101572
3.666174653996637
3.5751420946274046
3.7683752265864396
3.936362770773877
3.846067520407569
3.822373061120052
3.9634856466290755
3.457610142422859
3.752349192714047
3.495257960222746
4.167318778433438
3.652810220219658
4.172390895133738
4.030026845149508
4.786162419511376
4.435490361977978
4.65613017481061
4.595839951032989
4.691870145832604
4.287288450478645
4.566943014850478
4.41625014718528
4.768284338952488
4.430401888176398
4.735330773754238
4.316719346434961
4.196023708439386
3.6093707876730248
4.106026757273602
3.949194448026354
3.9548112120718084
4.316831579502569
4.244153113742393
4.341200928950757
3.464804951916121
4.477038134160663
4.485226532360798
4.6192136687545045
4.563813566078553
4.526322031885765
4.733025165089289
4.301553610859567
4.120443085256824
4.427626810387217
4.437184227204671
4.47329729239928
4.852406922188182
4.252675471971973
4.623521529816035
4.247983253104168
4.379312321612458
4.7187829764071765
4.763927814893592
3.9500145486486633
4.298642150037252
4.268160160086817
4.371494790555062
4.861620710252295
4.691652904649057
4.631068100824532
4.729698095334319
4.5060641688797585
4.604257859141544
4.474274926816106
4.518561724903449
4.264428224164642
3.6837719487336926
3.783634419775217
4.213644097616427
4.236354028433708
4.364477075355208
4.128291266343261
3.796576138594263
4.60905497317909
4.601393783129895
4.99459933789305
4.438999423512318
4.726272925579731
4.770005619219285
4.531263147843131
4.669926443628078
4.664737631962836
4.834758570936024
4.553829931454587
4.774408900064828
4.324167070243944
4.773767112978147
4.838053682602258
2.9837397804635772
3.6112851300372846
4.0670290065203005
3.888937864723121
4.132509214378745
4.5590433630930765
4.036097977054503
3.6979737263191503
4.860681606194809
4.234031171338281
4.245617642473569
4.2891911081693745
3.768280559309681
3.572200520144002
3.2075496072721164
4.175726214722708
4.198279491522883
3.862047643189891
3.346223511201015
4.478867855301242
4.373754614436639
3.9462269836622914
3.9877088947064907
4.166933696847244
3.0769258911739312
3.8910960048762067
4.076291163531236
3.384840334831283
4.500493607687643
4.027488252926499
4.537256520838376
4.136929844410691
4.134437031426488
4.272017320574113
3.5963508101191044
4.026723031911876
3.8783352131951956
3.9730745151216578
4.574951089441591
4.377103786186338
4.149951417680262
4.06334467714091
4.081382217739829
3.880816656802203
4.4796493060001
4.283921248017285
4.422594404385848
4.294243059587547
4.226594271780755
4.162571117240141
3.985351075275619
3.8940199962799804
3.643865793409306
3.9537349327396956
3.5334370819614804
3.692649406039907
4.2761866149279015
4.326904120575188
4.581145286147031
4.735458498705104
4.1757915509237185
4.1745155968922285
4.142800761821237
4.264815371877594
4.42376994722429
4.660421603799836
3.7558068361264914
4.071540309751622
4.176141239935555
4.000769891880498
3.9853111632906177
4.270962999957019
4.126843094603419
3.868132297203328
4.525287744677664
4.312987955763136
4.129272159238024
4.185420035242055
4.39241165987162
2.9162451741538193
3.5114054142126587
4.097920317367468
3.8463305491076243
3.9682144624191666
3.9610221987022376
4.264429280218135
3.9490377282286877
3.524939263504287
3.9059035112158034
4.060247699800673
4.066115015137174
4.539223897698142
4.448295608083252
4.16529928186241
4.007587901167712
4.030808050778657
4.587376313438002
4.407259512683827
4.311023932427016
4.330764650619912
4.823879460194128
4.289462434244829
4.509315976954573
4.646243957016127
4.254258523355461
3.89432213209697
3.533955128243429
4.281946189459237
4.379679766327838
4.229200136510524
4.579497508141484
4.191676171005081
4.383950785811943
4.015213490465769
3.9992359058628963
4.267632484464675
3.984095625511759
4.718779976608268
4.011630046835578
4.569043606049889
3.8536535155646234
3.255304786623638
3.892824598883748
3.387633439802684
3.8224109968083404
4.1792021137020985
4.570526921646508
3.679770026321208
3.8433824220344404
3.9914167935346727
4.1047630833637
3.5632426678356075
4.617738817493784
3.8861564201863352
3.6711513263440043
3.7115311792196968
3.7876507769593215
3.4957088748753993
3.6249888763574654
4.131335811618428
3.7770968018526307
4.306354794198297
3.6170114062291656
4.1875538743027745
3.574146516613504
4.692633353115272
2.5440202199240867
4.296413563319583
4.3327016694896585
4.063306357005789
4.767060585867414
3.892827768679008
4.556274541976736
4.495420643432691
4.302290962892468
4.549978256991064
4.681167023402271
4.094889266274217
3.694242689837981
3.768991266259002
3.5658447661591417
3.0766064334574312
4.3423099095019975
3.682235865095999
3.9107756408523837
3.7246659726665365
4.056939355114921
3.7627542791044655
3.516261538331159
3.0268211814286077
3.034003965059573
3.7793293360352807
4.065866859879584
3.9240041850366674
4.231721445360439
3.9270412813141693
3.826341235383871
3.519173717749243
4.077734123301595
4.070298578355971
4.036675843227425
4.131865347791982
4.5045068138470175
4.814002122969281
4.5999667459902565
3.994097129315312
4.213059517388249
4.679017796088894
4.306251517666916
4.803239167521708
4.5724344665755385
3.382446936399668
3.491983773144822
3.8430135493095143
3.7290437937880974
3.8925702920308067
4.23768444118838
3.821869830954108
3.5144967110715237
4.094869328833157
3.6988033133004836
3.741582226340432
3.939718880572885
3.646419684250893
3.8215239199111894
3.9637782383730227
4.199042339800442
4.532977350789892
4.382343619508481
4.006692293003822
4.42072078893511
4.166677619597637
5.157914530521412
4.72256662904906
3.9105356644192
4.753000160622971
3.7217581238086606
4.455627449438125
3.832784697430525
4.324352444561444
3.5664135598719566
3.8628122064971713
4.046598289240656
4.272364527126371
4.142152174726656
4.764830945661101
3.8801856137343447
4.1144763409123515
4.518188880248173
4.308419453011604
4.645444441158533
4.516174363636329
4.11151794809932
4.361206578905196
3.8184458422128653
3.828328600537284
3.6361730421964076
3.746948464022685
3.774371818104667
4.080623859097939
4.118174407440616
4.012114102620354
4.4777850685985765
3.8670746366729256
3.573796898568367
4.148785155406699
4.10598820377143
4.629742732727257
4.221065928639836
4.3480520436779875
3.7093558108612257
4.16147075754606
3.506909613005866
4.257166324028011
4.0185132109211885
3.6206238288566617
3.7697551277282293
3.718861894000667
4.144004028981167
3.397437674605817
3.756479443411118
3.7182621168013004
4.34241598904517
4.11295170941807
4.283378558431819
4.90411364522482
4.4714923766347665
4.580474721114684
4.328671986508576
4.796628041670598
4.192715985522046
4.394456531811455
4.4637604527567225
3.620216572589764
3.7089892948127545
4.044934968236623
2.7406772668021127
3.7493105144394927
4.12262345087541
4.283153230389763
4.050707899517517
4.216285224612847
3.8444413110063334
4.0473647264307715
4.121320200624724
4.832092808173982
3.8134734123414926
3.845060977904091
4.197227796157357
4.167370190003176
4.076508314670399
3.8572368176794622
4.143252417813118
3.8092034037272535
3.3495773356287186
4.324160622179116
4.279297166246634
4.385433042039614
4.698020973763844
4.141944570747757
4.45104213042834
4.355772615601811
4.5900257283905335
4.48806899451983
4.565657910506505
4.909207142327745
3.956399611106445
4.640223152441572
4.560197912867164
4.058283272668115
4.318729505638983
4.060368805691463
4.455773270967047
4.228122819979568
4.025614700505642
4.159734395820423
4.53070227302499
4.452135425858
4.4600819274338175
4.333629992842721
4.368494137159225
4.372634439678466
3.893701702640892
3.2876658439366673
3.901509812911923
4.139682589365158
4.457297464159786
3.570180390601017
3.1350493465184313
3.508955676239834
3.734605125713287
3.88373684184424
4.406899153241335
3.8538488071079535
3.7766415793530697
3.597265191713517
4.333107906202482
3.281980451878319
3.326867202857912
3.612499440859672
4.187391553002797
3.618816582883185
4.129277469817644
3.0982058566694066
3.587673531054109
3.7996056976193047
4.266721314251469
3.822355407631375
3.694486716429247
3.9037208343607457
3.4643756648176467
3.8092376996041732
3.7419363710111613
3.5953230352894225
3.794821895388546
3.647720117257742
3.765005248836259
3.842208687390221
3.8746284159188473
3.7457466949267717
3.68795627340109
3.94700743693149
4.160522218794954
4.314135526342779
4.166952135968779
3.891048973020329
3.480957483182467
3.4747568339408605
3.696221210167244
3.7905250871481506
3.9929213840262703
3.800153814055416
3.2237895175932954
3.830707571040902
4.060428743033977
3.3706643393620075
3.182981616607166
3.9443700061183615
4.494844424785397
3.8881185283497297
4.246451249198083
4.167410240714668
4.407244807377707
3.9745563125446224
4.640143135322374
4.494262826469585
4.230524525836935
4.952180984365786
4.279888966862581
4.362660662131523
4.036908584466525
4.696673834394626
4.2148700196312765
3.950700992136599
4.438818172007686
4.394196479938909
4.273651200469656
4.452121710478212
4.587472476309096
3.874367987678525
3.8754903330713475
4.404385937716323
4.017350468811427
4.5545165916227885
4.180160125401862
4.751993246990138
3.4520971867776664
3.978985685559296
5.041670126699332
3.5796629992999285
3.7993682979610677
4.3464109108279825
4.367434615428196
4.234091512800186
4.676151241941359
4.047852581248806
4.355329531953954
4.651612537422565
4.276293845042245
3.495027387179455
4.213416948373945
4.38693984310081
4.698686907792739
4.3841310518546734
4.336653570039393
4.282107640576744
4.9576739733605955
4.971262091205008
5.013307365494645
4.265820022163876
4.972730461940438
4.210224843221724
4.510233802484523
3.8764841425204075
4.397530689644537
4.121807248550584
3.9819787480465845
4.118928334248839
4.234527974727346
4.3593965629429325
4.074506514376294
4.802709962486787
4.1445496259054275
4.600092286508353
4.356220919561707
4.20477836657399
3.1219849552894523
4.309472127331117
3.6520161809118075
3.1650306293168766
3.8850473674461554
4.154665304669178
4.63290433008739
3.9477164427089706
4.217427455682688
4.11606436519325
4.299006204161634
3.8180288882107023
3.913959088170676
4.674954210697133
4.396899804450242
4.108650950307495
3.78195610958229
3.5284462407019843
4.319221335836707
4.140740619749018
4.126625816189604
4.56144765844488
5.223039808842573
5.223624280518826
4.604584968589769
3.5077206166618997
3.885328430559097
4.002759456707516
4.526397444780596
3.5837949025429827
3.821541474607568
3.4908813516615913
4.230759553592218
3.9832800512957793
5.135854648640446
4.378242305048139
4.202458553295238
4.68459515982287
4.41130230927493
3.8929527797763703
3.8121350983217193
3.5262306567653585
3.3481438058753623
3.823357445594808
4.259158334687208
4.02759250499982
4.387132316661033
4.0293821177738
3.7105870197107533
4.174219347738725
3.676369751159432
4.287207730147781
4.284332841300834
4.235631853556361
3.699644609818376
3.992569841304469
3.9075589690410655
4.513026849983747
3.8935774487014614
4.172953268315144
4.796097127429003
4.696732565766178
5.031654125433931
4.425585693068112
4.260818030526689
4.803438012488822
4.568003948878519
4.439832177008966
4.505688869630413
4.339549741492008
3.5080806341608604
4.312304203412219
4.055354155938633
3.6789037070732964
4.351712036393245
4.21563289069349
4.849218648585566
3.8153379841671207
3.8148813196265463
3.73859919858263
4.027658556198187
4.296835092748687
3.791565614805135
4.7517169451891945
3.6306717479974595
4.039528549044116
4.372721041673254
4.111959196920419
4.3286316118229315
4.182017044400415
4.087125171755751
3.970909648431143
4.361822783057083
4.191512588085629
4.350466995271526
4.3775491625752965
3.1120020022560686
3.582470291899214
3.901271608886407
3.980171613207991
3.9098747480810854
4.06995821495332
4.787548786740986
3.7827751758888892
4.025863332137934
4.112477631932752
4.316351598659981
4.321837788869133
3.9158177565493517
4.8753352802030925
3.9672795439639135
4.48092653401235
2.9575730088439425
3.664354321500233
3.456951137760305
4.109863761809723
3.6327594856835614
3.3219932833258063
3.841775125212936
3.844958437512478
3.874065671057659
3.752516892636746
4.06385490117995
3.524604699371018
3.913010125408624
3.547607309716444
4.256242713327776
3.6983009342671886
4.193333470820544
4.075566336702291
4.943440323649977
4.543833172568797
4.513997646661876
4.63071365610805
4.70371575589291
4.389146264974347
4.546503476242678
4.359501354076873
4.673160772282652
4.398812753004701
4.651648742939719
4.333965702397995
4.180679070097212
3.617846723353755
3.9846125870319744
3.8419558240041844
3.9036506378072646
4.316831579502569
4.227333239857804
4.246520784869949
3.6940808831632284
4.404567652280367
4.233943983474022
4.545220485757329
4.376681875168882
4.558414761896223
4.685354129853861
3.8777655758110328
4.120443085256824
3.9714743887346824
4.467926373966737
4.135603127096536
4.775794243118179
4.133352375018481
3.878647951637202
4.18790789647982
4.3285596385869765
4.673155516002831
4.763927814893592
3.9719414232209513
4.386511696139268
4.268160160086817
4.444893809978375
4.512718384268259
4.605409320591786
4.618395961870692
4.7412720499245475
4.444358881961628
4.7343414611197465
4.62452864136969
4.512419839093804
4.222471796781203
3.7846365220767124
3.961490095532068
4.39639672876428
4.374026716207209
4.3887716946739195
4.068939494186984
4.1063276331330565
4.510573885532851
4.188320280135734
4.238689330390777
4.197406893448221
4.657634356167344
4.7884797956920675
4.531263147843131
4.692210584099293
4.592251964194391
4.769595169329283
4.556594785230058
4.714702022089808
4.300171965277884
4.773767112978147
4.37934491492002
3.812163746633219
3.591437536906821
4.131940800312683
4.0248790967073225
4.356869663633964
4.4150067784726605
3.7810741914376864
3.6200979036405334
4.765775660659491
4.327780694684421
4.326007390789759
4.211501179220412
3.753432164173206
3.5973188735399595
3.598903978566229
4.010612149202165
4.107318096288829
3.8652196126829717
3.4457186119282532
4.475305043755466
4.4144038741430105
3.9160632734561727
3.96341961474388
4.047020845872653
2.9464981119511435
4.04271896632404
4.111832563885848
3.5214862769444615
4.5594447301515775
4.024671328639803
4.30229021431871
4.158326623092131
4.137265353283711
4.304690154265698
3.66610821265936
4.207425745843151
3.897351211757279
4.085154839021307
4.562370803056587
4.389797777448723
3.93128959294597
4.101771232014893
4.235236978001036
3.981894409001658
4.322254910856821
4.381716357468461
4.395191045563044
4.338368508725492
4.1304337734389005
4.341945800626884
3.950360401731001
3.7514241010043703
3.7786195732667944
4.0531417166642605
3.728396916314076
3.9878687053944666
4.26989645877147
4.290527965844404
4.628626968930192
4.8542288923975825
4.374050573594201
4.022372536697493
3.8030207614512586
4.327683308934361
4.6431755489343125
4.565543301114468
3.8496428851664217
4.0808241733250314
4.2616430345786105
4.037506807525773
4.070562064880676
4.240801891834966
3.528691456437179
3.6744587972071385
4.3892260187649175
4.219435388077711
4.16403506573772
4.167578652903224
4.236465352365808
2.9721796267904352
3.6300717504948192
4.0053763830091516
3.8861980755303605
3.8879556883207895
3.9287705416798695
4.312991453597316
4.185097500170574
3.6220232894753446
3.8526899826359515
4.00766770310793
4.354167956796032
4.4708361688901785
4.500189391466457
4.157420099283993
3.9582038446009298
4.44418228823685
4.760554225018401
4.33581237151697
4.334202141099104
4.3749358438009605
4.808312459040331
4.34619327340029
4.509315976954573
4.470363980567971
4.360065105642692
3.9701746802744444
3.4627260590499502
4.238504295973797
4.343353958691781
4.54354785330386
4.569438557770734
4.237767562696398
4.35923986275569
3.9670124477990165
4.125416608226538
4.503929929286576
4.176229405776139
4.698270781267778
3.8140546727997355
4.565103743954734
3.722753868655727
3.4393951100141136
4.048820051374532
3.531376648115261
3.6634429696034996
4.233366670169418
4.491490855379262
3.903907896394216
3.8557122316985093
4.14590355164143
4.277561276550198
3.5680857214188677
4.620393270480275
4.026575573104942
3.7205593175539295
3.670656323010287
3.8275312572960516
3.9234507201988498
3.716407270974697
4.299099791526871
4.005298059901717
4.338489383580971
3.728941262379096
4.225539918042754
3.7215898996216374
4.6424613159579025
2.7137994935559773
4.323973036301154
4.298419476289939
4.159519930378176
4.751113431291283
3.8031701873279964
4.553974677579534
4.459844779759987
4.399786488017266
4.534096456267772
4.761087061826206
4.144038224964048
3.7671922850177877
3.755570810265503
3.6054718633088942
3.448250827902953
4.395882189149872
3.68775095760501
3.8417164748919905
3.741122197887983
4.008158454853564
3.716614043410294
3.476125285236142
2.9309986709790667
3.054569247144334
3.833102305217494
4.162150998316965
3.9270049382086274
4.229404512226533
4.048900074740869
3.701158963432527
3.751999320715583
4.072815289803071
3.932504032164232
3.933503392573845
4.223096632564551
4.594678559509541
4.767185986071502
4.5999667459902565
4.029694341928499
4.228539279977507
4.552924221616701
4.228755873030684
4.814717282121588
4.570288041040331
3.7394773654338724
3.814596362094808
4.024455288778341
3.780951886782967
4.125969852736179
4.036965347868842
4.193799903152349
3.8424888386357043
4.3828388512377305
4.20414055137176
4.362623637502791
4.53803079570179
4.280740934141145
4.127640752419088
3.96464788903621
4.199042339800442
4.511055878507841
4.379993460587286
4.1349716288880085
4.584322596674699
4.320760074795102
4.866533451533238
4.575576554508876
4.17373458971503
4.714089603750027
4.107755914843704
4.42874760209445
3.7367976729129984
4.325656149499642
3.449956655229924
4.031687258749891
4.4788702655783075
4.243521731474722
4.019272524760565
4.72428777266304
3.869775967908271
4.353845142585049
4.518188880248173
4.333878651990141
4.5793673520901965
4.488088815662606
4.133053975166291
4.404306760890181
4.2074884988153585
3.734197387643068
3.7953146981306523
3.7208747350294082
4.051018603404398
4.0139859450432676
4.241492990419291
4.182343096008958
4.328065113570644
3.728298158787283
3.5714444328591233
4.156078959204708
4.109100634809629
4.168967792287818
4.202890257468301
4.326547772645682
3.6511245042274814
3.9491749861818577
3.6506070844755127
4.065544726326711
4.077744641138184
3.571108870069263
3.621928738338693
3.829443290817423
3.923388223281579
2.959670267506951
3.679745046553787
3.7205788225181733
3.4653606584976915
4.12238533847791
4.0376134381694335
4.944565385713803
4.408004172680622
4.424761999896698
4.217988530595008
4.796628041670598
4.2306331864436855
4.402270123522765
4.641746799570828
3.676624574501733
3.6009800024379146
3.9830572668112403
2.3395148498708487
3.8813266187548674
4.12262345087541
4.312791396872719
4.094817526431284
4.184089809927857
3.8719560770871366
3.8975505618778756
4.124306821568188
4.626530598826206
3.916933650522422
3.7717572011339824
4.275448672105679
4.128804039991589
3.471956634673847
3.694838309971337
4.182262872417391
3.7920497777424864
3.037337764036516
4.315882694439074
4.145834543624817
4.239305504391689
4.327435547496796
4.030741310502057
4.596999911489796
4.23807208082821
4.580686222415219
4.320895536564647
4.397152979342888
4.902278581238131
3.8788618008830427
4.664219020095377
4.434140692384483
3.988468946523416
4.496239982498148
3.9089635759744956
4.479268552729387
4.430888230384452
4.067800343419287
4.208794943919875
4.394949066652639
4.503483689694551
4.460598961732968
4.151870508962179
4.396793065921833
4.325767240845866
3.885433411653211
3.3309839787229616
3.9787999884194845
3.8217418217828367
4.407155729126445
3.848180992503509
3.902140571375872
3.399074122747824
3.6668873564179236
3.8625365814610255
4.458880849244773
3.778759676296945
3.8201314702126217
3.552907513032798
4.424471430348145
3.1961270174566545
3.6996191449645437
3.5216392579300013
4.237516268578907
3.6584790116898827
4.0842557583273935
3.2351785370811577
3.748128173838639
3.742433500076188
4.137159154161586
3.8199479574860864
3.5689859141649847
3.8187780121398847
3.225248592373555
3.7950045085484203
3.73488183836826
3.958409058456346
3.868417489788862
3.7776546526586245
3.9336594355847203
3.8386268591535053
3.923347416171219
3.813090376841938
3.6528760114349716
3.9448722119182387
4.187605794319268
4.2903277262787824
4.105558482579858
3.975501011715626
3.4642127120033885
3.4288183128009733
4.115868976526116
3.739683664671993
3.932744380194543
3.6898005577378434
3.8391458985006066
4.185056078748035
4.079302058595971
3.4142196024549554
3.499214752487899
3.938701072866877
4.41579701317375
3.5500542663696084
4.236753311299756
4.176211896899535
4.440821830010723
4.044282243642385
4.707670370512894
4.511005735861164
4.207398557217546
5.02470672872251
4.250333536469791
4.47765981517298
4.178129788966212
4.817179294134771
4.1766870752367335
3.9346939186312433
4.453347698799529
4.405690591357702
4.294448726674429
4.3469600074701535
4.366152758556833
3.9777588145871707
4.137103980692588
4.511026452252318
3.994018985924921
4.5342001546366895
4.161686969165343
4.640024673513075
3.5514159308302977
3.7456970592709515
5.038701192637596
4.165722243715985
3.867855687754473
4.341165525040974
4.211161528155252
4.550780844691878
4.6310203270697485
4.065602944553689
4.266389707007049
4.555903868654655
4.2529860609796195
3.7368676575866755
4.197205939103667
4.385310496784928
4.688363324652942
4.62483640801882
4.579087219643417
4.431330949699474
4.945247505818768
4.853300611353767
4.8407165418442535
4.561401680180451
4.867276248676003
4.31263327616888
4.559095246665453
2.7052204147075143
4.421710658835181
4.068873060992943
3.9171511414462303
4.375350253361564
4.294300339071139
4.449608768096125
3.989957864804682
4.810306671161764
4.089684670409151
4.603288145988092
4.4656427539035155
4.163423198910758
3.21063443946335
4.309472127331117
3.5148334355483213
3.2569869753804834
3.8165685316107014
4.152396161742421
4.670413407275134
4.154274191851369
4.240596577945178
4.207529912716825
4.168367720657965
3.8048958844742504
3.7053684536752907
4.673563417119002
4.471433824238845
3.7753738864928508
4.3680955266677195
3.5526505041893364
4.133383121701334
4.2426757956202135
4.529153066877802
4.556208235722577
5.098729286391382
5.184242646118953
4.509268683231202
3.5402335892032344
3.91988532039311
3.974678542193387
4.468976620319276
3.9291038584087676
4.059742562934966
3.524030380957057
4.221534414597603
4.1483854976709935
5.1142268923946865
4.494822291677849
4.225359766905289
4.696142860667935
4.417444817081613
4.115672116713004
3.8121350983217193
3.4529385934522385
3.2888870343362884
4.044612698838445
4.162670036308755
3.880400383038133
4.43375844033616
4.096972967644744
3.6381064314949407
3.993678854215688
3.605286857329991
4.2966006615690535
4.395939979549912
4.2790946442290565
3.702220800477927
4.015169272346123
3.884192201681082
4.476772913280799
3.8508148856086564
4.186968995311862
4.8002676408476
4.670517856564259
5.012727449311056
4.434373598942017
4.2715305918085615
4.959385805388154
4.650841676869042
4.453582262350916
4.476535496726184
4.500802898874279
3.3463202018030733
4.303416622478973
4.084903120934619
3.7736755717712525
4.335469371192
4.2474026536684475
4.823577814568621
4.0756335918292335
4.028496448270405
3.9649640342345376
4.0820708986953145
4.317251367819527
4.048705006334831
4.88152662067834
4.086935558136181
4.572767269501771
4.447003121162272
4.4576880147415725
4.0887987184755055
4.646475993035721
4.475898980485235
4.284918713946171
4.361822783057083
4.553669658386845
4.477073691032678
4.377008020949858
2.8036294331573908
3.818211900027563
4.086338046762199
3.994134963204771
3.8805195746640715
3.790921089658795
4.50384829386206
3.771726345921593
4.093634183632916
4.11968681291054
4.277665394594642
4.1713764776087885
3.9155437132058806
4.934168058267293
4.0667387623126015
4.454502036770846
2.682438244603074
3.6257213205992898
3.1905929954380765
4.094091584397764
3.648956910502026
3.144463216874745
3.8256517727751818
3.825605466622019
3.936285377470126
3.665667409371586
3.9281393867032346
3.3588182717462782
3.883805210540843
3.6463531085972125
4.123664411141127
3.6972231844864063
4.263346826087946
4.014042524082735
4.735186113394033
4.553990745638368
4.691412719218083
4.563256502305567
4.673119799976808
4.255364783330585
4.55280862230905
4.379657448261623
4.803187831087071
4.48021558269829
4.734759933311771
4.30589054300162
4.228679571348973
3.6916152295819864
3.9085871026133248
3.8778538222945524
3.870582210272942
4.316512231266831
4.291694378723872
4.341200928950757
3.4892012800805663
4.43468955079574
4.477462954801467
4.639593688043881
4.3155975990230075
4.457849852143593
4.751961188047346
4.409266809921226
4.120443085256824
4.471363646891509
4.456928260057382
4.47329729239928
4.786615027678611
4.108224818302783
4.510631803705056
4.247983253104168
4.3547206465523445
4.700373884833313
4.763927814893592
3.9719414232209513
4.394852471249727
4.268160160086817
4.410798367097179
4.839463396610549
4.65281433623107
4.630450972207909
4.783466896167029
4.5060641688797585
4.701689159744774
4.5631614980188395
4.447310843822221
4.247357447351243
3.7473765344003573
3.9739186778389657
4.431672849945228
4.307438470180214
4.403724597439073
4.127993893154529
3.7970732939573155
4.543004150323265
4.661016348847415
4.639144947562308
4.473378082861263
4.602869680198239
4.800158509270584
4.531263147843131
4.692210584099293
4.5934182407973365
4.823561924669611
4.553829931454587
4.803885440216175
4.272230901613424
4.773767112978147
4.8385111850827105
3.416937047310451
3.5681208991602467
4.0702845287704275
3.870548843930385
4.333979689098579
4.489132276984152
3.9562327637996155
3.454071401281656
4.916060394975968
4.322910095117749
4.3018546337997075
4.240324653446306
3.7610373429257566
3.5668820906410708
3.598903978566229
3.9502820575308335
4.220489883764802
3.836552433948958
3.4296752717137062
4.4974342395164655
4.476889536703007
3.9463757897019023
4.005026055614248
4.075465558562939
3.208872539900894
3.9505656950970276
4.216199431892414
3.394777611518502
4.676037248559608
3.80624602788788
4.510896049417676
3.9612568437304163
4.084180522771293
4.244706136631475
3.5222415390342863
4.095384450277919
3.9289412766400797
4.076157755054782
4.675211526585139
4.427314701489836
4.047314244152069
4.05444278788554
4.161375776683846
4.009625696265005
4.365985737236752
4.381716357468461
4.39981277640922
4.332218359263452
4.0560122854201515
4.143467741484109
3.9987924231863334
3.8360227507900015
3.810963196139114
3.9821589081793327
3.6411910467269646
3.7272969204895947
4.273731146185579
4.348386733218716
4.59552811878645
4.735458498705104
4.046295473422895
3.9981636052820417
3.966282134929304
4.275933631912234
4.552066097481818
4.806953029294814
3.810103517671214
4.049781932109577
4.139407740676475
4.130380125852845
4.073173877730205
4.272683866896025
4.107619979341596
3.967283102376319
4.408214820064249
4.263658384986585
4.126240991498717
4.180356668575762
4.538091262611145
2.6427539660447437
3.452489437596952
4.132863962738854
4.0702258022685305
3.95928389211901
3.8817017980355923
4.193136344942773
3.9490377282286877
3.330575407686993
3.857334117132886
4.048725093311104
4.136127753727307
4.374083110013831
4.52138261669657
4.10669965407282
3.6370503236472502
4.383460334939622
4.575443817458547
4.189363511861966
4.321831572685923
4.40209304282213
4.964775529793
4.35558699925967
4.5304494575821295
4.428532562882037
4.269804800972519
3.9001572502006043
3.265544087149534
4.305263518185837
4.3408789068471325
4.453751036012554
4.579497508141484
4.214417720189861
4.488326701358017
4.019138133632427
4.0158270958871265
4.461550220521492
4.131275530017237
4.718779976608268
3.9311219654590124
4.570742946563218
3.8536535155646234
3.2777358765032525
3.967128554320084
3.4086922763609095
3.8387121137668094
4.248073845274477
4.515579234285207
3.644337707195537
3.754294669694435
4.113535077570844
4.078366368561706
3.5738080289648724
4.620393270480275
3.9522720905956454
3.717173645862489
3.655481289645901
3.8233943194697613
3.9295170167276314
3.78669159324794
4.3298191287037024
3.843701599332068
4.348908356861223
3.8135146637163206
4.185016695163168
3.5752738694845974
4.675395687766416
2.694692802661168
4.310665828333684
4.314813877026427
4.16256823357309
4.6674349837665225
3.87425969368607
4.533728508505801
4.495892949410958
4.341816960145409
4.572250069204612
4.817501731917076
4.063027802025887
3.7265523331910604
3.8218876596821705
3.585290625710625
3.3336853127985897
4.274815328693174
3.543946845240167
3.918669493676206
3.6734955727463827
3.960958001782402
3.7262714960846557
3.622745024395244
3.0268211814286077
2.4090701947957625
3.7845881341193524
4.1824805871357675
3.8940351448544614
4.156493948845896
4.0028334057709465
3.825436870388258
3.698373075430293
4.0692756590111525
4.085285534413306
3.864301705766192
4.066892839446421
4.574507960109393
4.791612573924781
4.628107789936213
4.08164586121273
4.217877905356169
4.679017796088894
4.138159016967153
4.803239167521708
4.553752369845897
3.805445646397918
3.849947800824721
4.016250147229183
3.7731299541734478
3.94102112694667
4.187283932251151
4.255424699641621
3.762505925123908
4.232596260690542
4.773657592227204
4.329380270739764
4.593960219311704
4.304988667723117
4.050292957977577
3.959771659927104
4.199042339800442
4.532977350789892
4.299252029709029
4.044923904069622
4.264239665949972
4.166123886478998
5.099117976408593
4.706761301161388
4.022425271744874
4.733046604522708
3.7890163930668743
4.358357340661522
3.868945395113813
4.359727944610626
3.568355275548057
3.970169359627435
4.4648056292372384
4.234755489296841
4.185924029703941
4.633926152129247
3.8877304935086467
4.291514347543984
4.518188880248173
4.317994482054566
4.642770924187019
4.484824810011974
4.149493048217046
4.347254505088131
3.66536771154467
3.772953431820948
3.581803723010538
3.786323205372439
3.6332201656792282
4.061267488527323
3.956648556066517
4.102946089525158
4.144695172351423
3.589395553140501
3.5692808061951795
4.158518034731439
4.084457612390011
4.168967792287818
4.150986018048329
4.321578743198509
3.617014567999682
3.948940714173779
3.605103300682943
4.258596565751078
4.020991805915929
3.5632823848717434
3.7648646327363515
3.876605768831668
4.18315947360582
3.3850432401145105
3.6711222860579116
3.8547567462746155
4.278786094272686
4.197644021025923
4.115720528610099
4.8718125293072205
4.526163312417859
4.55418183802591
4.341665470941257
4.796628041670598
4.347378036372909
4.398881681905009
4.624403197369896
3.6738368817996134
3.7207924285624974
3.925509450593198
2.8068470374659498
3.814815328998356
4.12262345087541
4.265728140807007
4.077081272604971
4.155734168212675
3.8441970335366715
4.059302371069849
4.165614105355603
4.641448101165085
3.850325273170773
3.7840658581439284
4.2966450144038655
4.128804039991589
4.1848333980629056
3.827810839520979
4.234275862006358
3.7509297549232765
3.4008353783950906
4.473896756130644
4.189473451318061
4.461821897275146
4.378420332721725
4.1389505277481256
4.441703024885612
4.482833185091321
4.5900257283905335
4.31779827589091
4.497694959241279
4.902278581238131
3.8788618008830427
4.668634880506959
4.444016682341966
4.125426424326562
4.338193441503487
4.132708185719105
4.385659260091514
4.262961809080943
4.0419205087996275
4.1888266381620305
4.526548069661025
4.515246956501745
4.496347534451019
4.340214060217152
4.471774686145999
4.3001575956022915
3.8991190266272255
3.25931240473313
3.8847767760347427
3.964854789359981
4.497194698812074
3.7883953821069376
3.317100359612162
3.6216997923696503
3.6639815317921616
3.907094239956113
4.458880849244773
3.8499172108587754
3.7766415793530697
3.5937482383533874
4.333107906202482
3.3504709197400215
3.2447377873635146
3.641496790192634
4.2171100436709725
3.701231693825058
4.0492663428572815
2.985577049446792
3.5434207811542837
3.7576195688290666
4.36471831703148
3.808791675664649
3.373664750886747
3.871735282208715
3.3368306366885196
3.7673070025080886
3.6713278764710404
4.000240774366528
3.7907357071642727
3.7088249570002265
3.7379775563207374
3.775092008112506
3.711721145644405
3.7296625975128377
3.507027367418506
3.9866681868893057
4.126398852004098
4.327870229031737
4.138936045173836
3.8529216865022775
3.6999157326231753
3.2101845577114902
4.15615666142565
3.8311161792136526
3.8325227959659265
3.870894864206898
3.722501164066381
4.1466625184578225
4.060428743033977
3.3742668801693227
3.6280326229067454
3.94921976458681
4.438127613853894
3.8881185283497297
4.222362940816343
4.279622268494455
4.404063718524764
4.042590635494252
4.739635313916544
4.501426215627821
4.318758263145069
4.954274213447615
4.29407398786432
4.448599194825542
4.206099659108163
4.860689771159095
4.181217177072862
3.928046217828684
4.271955456112066
4.405676951655433
4.245078155647241
4.438195794467434
4.538113983001772
3.8784453444463702
4.104511976975973
4.4406392175281635
4.080352180708346
4.6952634859531335
4.143775671324957
4.485237571811682
3.484488721452383
3.8263533528706173
5.038701192637596
3.76964430402226
3.8048145328554366
4.324631247001717
4.319777817486796
4.3783681085215065
4.703793192208751
4.102168397306007
4.532193702142312
4.555903868654655
4.242053821613259
3.5224450874835282
4.226892159152863
4.398263713038745
4.854689918095458
4.5231453405627775
4.516988333573984
4.283107062094331
5.006179657623199
4.971262091205008
4.934755983572263
4.345158213716417
4.996535761263473
4.2933364573059105
4.63375829855418
3.508953106069533
4.280578913699975
4.0762346475547755
4.030535733246203
4.1321807451166315
4.142582349666899
4.226152780055477
4.053231113116973
4.810306671161764
4.1837950808866555
4.607502934153382
4.3777772931754075
4.0724479526039055
3.0086196248054815
4.309472127331117
3.8241221845260096
2.8489466761353075
3.8785202403471106
4.004949183473455
4.577035590929445
4.075836177381402
4.149010743494218
4.179112153767343
3.7757296064653394
3.831837222959088
3.788995010570525
4.345984338221967
4.4398702296666155
4.0360547331164
4.35015782367172
3.6458572316728484
4.347138818131366
4.3654134814807986
4.485492382413301
4.581714736499051
4.886140941519825
5.2545152535994255
4.564043467171345
3.2416030995725835
3.890398204689813
4.041289615675276
4.49974214630988
3.724263788398356
4.0103615618153095
3.558076198872228
4.2462915948669915
4.188087750039602
5.1142268923946865
4.451335376842073
4.157326002912251
4.696142860667935
4.407711160005116
3.966858062036888
3.8121350983217193
3.5185585593962516
2.954922494490612
3.7941949501632166
4.150771261533406
3.8637686485161282
4.386836989921187
3.947658718235245
3.7506888914031444
4.259463808442329
3.6025697840132773
4.2427621118096095
4.245486596471906
3.959739243163228
3.749748205670549
4.033487888779082
3.8748318054042237
4.476772913280799
3.8027738237702864
4.224990873495802
4.646886611551885
4.820562952173986
5.016109209073773
4.49063577498076
4.228152268823061
4.8244641531387025
4.693010764874627
4.4230174329236345
4.388298180575039
4.306283617294671
3.4094694621002777
4.06488880153546
3.9456282023705627
3.7257800829823746
4.440468666314646
4.082188615704654
4.756050961382099
3.8268123989415708
3.7754803508051324
3.764404543595811
4.16998844522816
4.32061208135815
3.9786061633669503
4.8404825768679025
3.849660538993259
3.9517647904139785
4.325441523434131
4.162715333098239
4.36656465335952
4.511220295867519
4.023887851687062
4.305608040710236
4.361822783057083
4.56872685530699
4.346670451905752
4.4125731127068395
3.052230622940101
3.6986564467931955
3.986679911983278
4.061029946307421
3.9799406445063927
3.9041305468136867
4.50384829386206
3.775797827045478
3.9615170643655437
4.158564816772846
4.218988163566932
4.23247531756469
3.903328539281
4.807163792876557
4.088316627666591
4.51771384803634
2.9305660577328405
3.5931632418277584
3.2739451227499936
4.1699546846069495
3.732487025982905
3.6483660159113365
3.685027460985372
3.8865968599719922
3.938983935997997
3.6570571192202808
4.037438887447546
3.371918804992938
3.7536453727146837
3.6931370309209632
4.124597913210017
3.574300508976926
4.219182977795029
4.08098809846714
4.735186113394033
4.557937469716899
4.636202903746051
4.55549735701969
4.565529616218627
4.385047120744307
4.4619220333033205
4.262324730616891
4.614832619520512
4.544132675528102
4.752388636555363
4.333160889043655
4.379872185109291
3.2808136055681327
3.7857282850808884
3.9155590668145086
3.8507668130717216
4.353481942405484
4.13589859740383
4.3759258812491915
3.741509965132561
4.460661467356158
4.218917364701916
4.508093379838148
4.3155975990230075
4.557792883032514
4.671729282397086
4.382704636791042
4.120443085256824
4.388184237923701
4.50955777802933
4.144621109096388
4.775491088955338
4.2472767755984435
3.9644074144822197
3.440086815608521
4.3547206465523445
4.4226561975894345
4.540200465726977
3.9719414232209513
4.352456555804819
4.268160160086817
4.358521717266228
4.894348298515945
4.676954121646692
4.639674367139289
4.718666141660606
4.433176276891256
4.5409493686450375
4.47491185674987
4.474740729054057
4.188520369886261
3.7559357408057
3.8943150023802584
4.3587649562714725
4.208413619593043
4.293739930050857
4.152718638135267
4.134426340298934
4.594545382489942
4.513085645849177
4.718396417131373
4.4256747667979415
4.470871781753505
4.30680502222571
4.531263147843131
4.547760152583365
4.669101178973247
4.777892853979969
4.434446286002402
4.8264770339815914
4.285495793079691
4.773767112978147
4.807549368929324
3.664713299553987
3.731299104010656
4.0702845287704275
3.84749857760289
4.241287300219318
4.45051775488219
3.915676729185485
3.5779795729317945
4.837393105687454
4.189772516752965
4.2189487958426
4.1938893382411475
3.7636501627096655
3.5095664692167214
3.6191036746390157
3.9725118602353278
4.319848052045125
3.841341554174379
3.427154227239419
4.466649512614193
4.391842312347062
3.8318594243339676
4.0189689327239755
4.038216956667642
3.1442612489192587
3.954987860366825
4.097037457120184
3.352473193673397
4.808010476746904
4.054217041427497
4.544812139875555
4.162388163989987
4.093422033180438
4.217934288722292
3.502355463772444
4.021744920735458
3.7859192908070343
3.9443827116310715
4.5109611354271095
4.355384286774282
3.9981314805969346
4.026711532352801
3.927206481248509
3.960808194377944
4.324340563764077
4.381716357468461
4.41030214996863
4.322219015488443
4.125302825166266
4.114191667780002
3.968668889547554
3.719418366901835
3.9493622991117876
3.984349286406138
3.8137936296697585
3.913913841631765
4.1906249335097545
4.258570871240515
4.042271740247733
4.800710807772001
4.206295405268907
3.94042419194649
4.06931327511537
4.469730494520973
4.592850200366931
4.604771092930944
3.8009588039337903
3.7355769540295594
4.195296752063301
3.9773073157365544
4.053893109725271
4.077783276618672
3.946054873567798
4.025273949045005
4.52254420368401
4.226809051228195
4.159787947896104
4.180569939377934
4.208174127460567
2.9300010086486754
3.4809017421318824
4.057657513045014
3.7972412402672653
3.8389724501058407
3.860746031140726
4.247218933154293
3.9206908180504225
3.5686345534461363
3.846412966402177
4.005276892607778
4.247722767104167
4.36696781707476
4.5020649108944095
4.272165512381517
4.082625605402474
4.384999386317189
4.48289933673909
4.1899754831663385
4.2672007747643335
4.296414881545184
4.885657107703319
4.338425833448659
4.51669884836918
4.585729646078029
4.439391314803471
4.017422446314967
3.462341642573377
4.2937781589983
4.204215344894612
4.476115466370407
4.45797824341517
4.241785297718646
4.367991729443242
3.8881673377942025
4.125416608226538
4.525532822405075
4.144976182527585
4.755554480030314
3.912829448675262
4.521473645149321
3.8536535155646234
2.851725572257444
4.000672223157513
3.3637693954430157
3.8047519598717408
4.266757892170323
4.483452746025482
3.6291162367772225
3.7168734292806667
4.14590355164143
4.078366368561706
3.7866104764097646
4.55278371066982
3.960614878673697
3.6984368167743895
3.6629137009903268
3.862230258490457
3.9698346859751066
3.868584691705172
4.318852794122346
4.0869207534078935
4.360690207204365
3.8024042243240475
4.126021878936232
3.494027064712189
4.6714292856875606
2.694692802661168
4.29852572094103
4.289517521296597
3.9298304946514877
4.7489654786961575
3.80985053113431
4.553974677579534
4.441980438187184
4.289756317225427
4.536540570158224
4.62522390097816
4.031886139341804
3.7439893817649303
3.731486635729155
3.431773409466226
3.358495014179514
4.413515363069952
3.6482627605506406
3.8600131823943107
3.739192165017129
3.9409669870287805
3.6863440588335523
3.5848251089515797
3.053143302961586
2.9784596420852854
3.7395883926128572
4.100009373835249
3.9803873691030844
4.118632452965232
3.7982967383428523
3.7546470094614026
3.8111082762286737
4.059571433958343
4.028307900525078
4.021878270540718
4.158996982898255
4.574507960109393
4.731420102829906
4.628107789936213
3.945149325732607
4.197789450993552
4.755062465819561
4.079584870017401
4.785801404618255
4.51664597206441
3.4076307205285152
3.7848043610048325
4.039077131047208
3.715226685387012
4.122844150942095
4.1448390363440915
4.310463871189209
3.8731771136402875
4.15307471661518
4.640775304368216
4.374158315916756
4.549136009907157
4.230992959951743
3.9396985667994553
3.9060679680593196
4.11694525401636
4.511055878507841
4.352746355860013
4.123615132420759
4.264557000705064
4.173350248529173
4.905228775916383
4.775283969642736
4.127047018492457
4.733046604522708
4.060809610509888
4.4810292427930225
3.73535407248495
4.327750007622364
3.323589068631169
3.851612511650444
4.2987882073450745
4.247715337439352
4.118235957703222
4.56636133820775
3.914461335275436
4.191276271551154
4.570736714388373
4.23918484984366
4.57863889302668
4.497653089212525
4.164038640547869
4.371074970428873
3.694736293040668
3.866038541716656
3.5752037642426147
3.6838039866444277
3.9743844547020384
4.236688255832867
4.226522893143222
4.1114703153479075
4.243732846374363
3.8684341191536955
3.573746143859773
4.212025965282815
4.090875860248744
4.247865155698282
4.247322421202455
4.324625014819796
3.629898895880187
3.9460172864751186
3.618170507770527
4.184908155733572
4.153888572151042
3.490596314821377
3.731626731202187
3.874614484549599
3.9609653916285206
3.517553383256638
3.7023596053986716
3.8357925476754433
3.776512900411256
4.1236615792731826
4.0376134381694335
4.864149174501412
4.421593675642621
4.468392743012037
4.246017553152481
4.796628041670598
4.369070445033339
4.4096566810479425
4.365249884013548
3.7280476095007185
3.705417966655041
3.9951662296120105
2.3395148498708487
3.88254292277358
4.12262345087541
4.336167327176801
4.045499208649683
4.068656114620506
3.830467183353658
4.018553864260582
3.9272968364349876
4.860630577818819
3.916933650522422
3.7337726411734966
4.283032353656401
4.1081215899306756
3.384225243596095
3.7719156878398863
4.143252417813118
3.6829388367448037
2.9944757850351396
4.326667260037159
4.272201481728811
4.19277117524192
4.522889013838874
4.104444962106241
4.589665570651303
4.392074023718051
4.5900257283905335
4.481842706454357
4.396287551884834
4.902278581238131
3.9006318881232422
4.63531152537446
4.349147380331329
4.177872914576242
4.338193441503487
3.9160885220510537
4.451292514067576
4.1968854226585295
4.00163546629995
4.257717173346883
4.419303946944414
4.442008496849493
4.449597860069626
4.152439642396535
4.396793065921833
4.225941254316287
3.8579572451091417
3.2534788483149875
3.9225758702686715
3.9815825471815423
4.372029758593773
3.780578244177123
3.211223360463118
3.4009758073076704
3.7013550360615546
3.8154180831458824
4.213273091561318
3.776437507264064
3.4052968712591882
3.6419448887663064
4.197028791722757
3.2129389812998035
3.574915663938149
3.610040979475434
4.026667144603168
3.527452309971311
4.0842557583273935
3.0749939541854214
3.592004919026735
3.730481514370098
3.948770448143055
3.607916750112231
3.5271135287997812
3.806506972059785
3.1562364507783114
3.7681540718751876
3.822227134360798
4.001325482701641
3.6791099284032485
3.5744069422423177
3.785382241570023
3.911900436128312
4.031500978097794
3.503121141666144
3.7446642772298424
3.9012988289900656
4.3058378440608855
4.346928724835848
4.14499463516259
3.972088486055269
3.5040785495325144
3.286100127951907
4.014249433843551
3.7114007122819994
4.120836933223185
3.9435399925068175
3.6488344519836584
4.100045225390094
4.034130510987785
3.424264478387304
3.689799025778747
3.9402944554296937
4.4648087667156195
3.8881185283497297
4.178394779243819
4.101220401047697
4.397649623903378
4.086686337426113
4.69155296391315
4.430914106834117
4.21575550923475
4.952982821000605
4.2914539614006015
4.383361118400744
4.191097081366278
4.565205108277061
4.205279782414699
3.9488004320143055
4.651602684538762
4.393422522472438
4.294329837549747
4.296318748209858
4.41030035223336
3.84816602914434
4.081322605807227
4.350974868436991
3.9908566451043175
4.636104420105008
4.150678066143454
4.61048757623522
3.466321612623389
3.8776576824833984
5.038701192637596
3.9816461503370113
3.7993682979610677
4.451818007376828
4.227764258166133
4.6097742273671685
4.666444573694145
4.087978375132437
4.179135903378518
4.555903868654655
4.315484632033409
3.720789562910955
4.3066300491020915
4.266692369159247
4.694313462433252
4.603042267121422
4.5708881789892075
4.4401061063866765
4.946798838076008
4.873108079180218
4.841170686648747
4.498725750209472
4.917760274724891
4.268038872634878
4.705996332756443
3.307282854534868
4.2746435298005645
3.9590882430984493
3.8924859824565816
4.140235683631801
4.125946406920706
4.26433841695052
3.9999481411261604
4.186727128765579
4.108151070783315
4.542071593295551
4.516489811155271
4.084057920804891
3.1729039336135787
4.309472127331117
3.590382922802362
3.2627424966336784
3.9035561807897903
4.0477748894893715
4.9220128461359876
4.086350213372793
4.046138405130369
4.12824449564337
4.288771822911313
3.8505460245973313
4.00144710888388
4.59273320019933
4.287495431730492
4.0357328359243505
4.265205746652011
3.500049486423626
3.3969540068217943
4.170683690437437
4.282106048488251
4.568547926157111
5.181785851179699
5.1706194474624585
4.609349605544237
3.579583077948403
3.868341181136888
4.090996694402646
4.49974214630988
3.6804891598198326
3.9110219639400694
3.5305543696086543
4.232999763395668
4.160969894725772
4.851752796207172
4.380239590984722
4.173556221502496
4.73378608932618
4.357755544656715
4.087416863388091
3.8121350983217193
3.6904095951526537
3.187998678956368
3.7980237045620413
4.22744866020196
3.8383060080495937
4.477895321236298
3.9421777573019776
3.614252595215202
4.0277343536552115
3.605286857329991
4.230176801509261
4.150994310609879
4.049290883097189
3.6770995243392735
3.9460314145252537
3.6506957277339023
4.172192652146233
3.80787831695738
4.2158237084220636
4.770335293834904
4.689115253964095
5.012952782475153
4.406387701532212
4.238344458152818
4.7800644782187725
4.6329649127599675
4.437416417579166
4.445370901641527
4.354101186092592
3.4176223378147577
4.287630476577071
4.026894350831596
3.7348300890646264
4.3560422287203515
4.414558448455557
4.849218648585566
3.679021571765044
4.012361462929309
3.9941195205734137
4.219306129108538
4.323120902639645
3.960376228172363
4.866807323159113
3.95750342107526
4.158351200460714
4.4220940082413485
4.280244101241276
4.3420344537690365
4.6301190995505515
4.454591756990449
4.33380625956548
4.361822783057083
4.49591018851698
4.497218515423338
4.177602079092573
2.8162338021836635
3.9051723237040488
4.000137207247416
4.06034476839996
4.050625425820293
3.726940131903009
4.50384829386206
3.8083026407988907
3.8649762974088393
4.107896117814644
4.270344672092634
4.205083762757209
3.9009040874026826
4.7530522113390585
4.297125982161189
4.5299782558193336
2.9195873410090325
3.569142544605525
3.302312795064391
4.083691301071986
3.6951754739569864
3.6310815120750077
3.851475994241955
3.8914597935385773
3.8896979679027788
3.672293059900178
4.011095945679696
3.44793778278517
3.883805210540843
3.710274562280624
4.117180671366956
3.660106032654064
4.149517590603507
4.097246844605209
4.943440323649977
4.553990745638368
4.620967414325468
4.599625737017266
4.64882093637864
4.319001253212175
4.531181101104699
4.359501354076873
4.748613273268128
4.358314128265684
4.7668793885636305
4.295330892328312
4.214894071778672
3.7604146452812888
4.0194516159106914
3.922266367285727
3.8791774423025966
4.341716943227517
4.244153113742393
4.341200928950757
3.52552777214302
4.473868721310082
4.418563919331165
4.653602892269433
4.372098436455381
4.536829916744987
4.716231913269171
4.264073594986938
4.120443085256824
4.327384362787024
4.456928260057382
4.47329729239928
4.808858566343266
4.0985771446295125
4.486723877792668
4.247983253104168
4.3547206465523445
4.686689899395279
4.707345968576879
3.9719414232209513
4.317053073155478
4.268160160086817
4.56598450170438
4.69688755640864
4.6347980180489445
4.595323769451642
4.748615375801634
4.439628677239305
4.609770173176992
4.448936449466844
4.4603249392894675
4.306246808469277
3.7473765344003573
3.9363621207068924
4.431328364178867
4.347047476074746
4.4309299672330145
4.146904268977268
4.156955553301974
4.587698626571651
4.652362106635762
4.621812568321575
4.6190022591483615
4.6282172534587005
4.875975249887106
4.531263147843131
4.692210584099293
4.657467979217828
4.899930222253994
4.553829931454587
4.759398290535804
4.35990409596603
4.705211685166965
4.8385111850827105
3.416937047310451
3.6782677317615717
4.058236560379807
4.0254077797499
4.288768908988421
4.538218458864019
3.8187171542971985
3.8340302856286446
4.792471721896429
4.336641139690565
4.348855909581291
4.153899970806492
3.8025782681096976
3.5063274582475863
3.681273431331481
3.9823480136853524
4.289993099403409
3.9149925298692043
3.5427134515456826
4.482052945607646
4.431737165608736
3.9237994086081347
4.031282223821531
4.173351878418836
3.2100127401525995
3.9947046986829027
4.175738903876455
3.5748532546230933
4.677839607584636
4.033062096081508
4.510896049417676
4.010393119387377
4.034684693703536
4.20351591111243
3.5607101925644935
4.101795402847259
3.8489486655955387
4.036286487346221
4.5905540618792315
4.403866943384488
4.020156385477722
4.246478121758369
4.12999198021215
4.000893715565956
4.393683994553436
4.4026522781033455
4.41030214996863
4.294243059587547
4.139176083285253
4.300765185111244
4.007642819833565
3.6889334070497757
3.790439311971702
4.001954296656578
3.701290931313742
3.8289829389076893
4.273731146185579
4.325158482006904
4.59022702362709
4.78489742002372
4.304387551024276
4.122200588442293
3.935046393519891
4.2808204613173775
4.544571875260431
4.5976507304108
3.7411416747784636
4.0870984832592345
4.219732192550074
4.110763472607388
4.010464754823099
4.2566742577485
4.089131609333436
3.9453431164384867
4.518458017300029
4.264722569015191
4.150788978433109
4.167987697744518
4.458176479263462
3.0299958940662552
3.600924275236933
4.0713842967187075
3.9052860132620753
3.9373525689033375
3.947724390978318
4.196270601138898
4.175155088072861
3.5885992766068133
3.9068338872252117
4.132849561395725
4.297152545993536
4.539223897698142
4.533314357224386
4.122892000721274
4.109689836051127
4.145590378893721
4.74472373950273
4.20719360464528
4.363988596929371
4.414300662873515
4.964775529793
4.4343502963380805
4.511564395072791
4.617700436174555
4.354115630415498
3.8942775863611665
3.5090585518869126
4.21600992365755
4.338779051669461
4.463620759308193
4.579497508141484
4.296739362431412
4.546714738367751
3.9231571561809186
3.99281402158954
4.442661386375697
4.03322088336316
4.718779976608268
3.717610005491607
4.559830842596515
3.8536535155646234
3.2572272469954564
3.9745521107355106
3.5307391422609093
3.7508463718701055
4.248073845274477
4.492782053713702
3.8233015730496698
3.7281818105977758
4.101590041620352
4.078366368561706
3.5680857214188677
4.705521921206762
3.989820852043098
3.692884139757733
3.7329575803082706
3.825197629739642
3.9082472096394234
3.8654949649470733
4.282471760064764
3.8395910847758596
4.344524939495125
3.7932604627185036
4.239609862603964
3.5461568880593117
4.675395687766416
2.694692802661168
4.323973036301154
4.304943108102227
4.080441911577973
4.761167726629803
3.852304301552106
4.541921801350911
4.501959414823424
4.248312153660947
4.572250069204612
4.817501731917076
4.07407400239077
3.761019943063438
3.825534274307853
3.569914617453656
3.4622398079361547
4.417751590907944
3.8262609690493004
3.8932656378836206
3.735885536144197
4.077113584502617
3.7730470268192953
3.632636483817728
3.0268211814286077
3.0907510299651753
3.768074425502743
4.120732429081102
3.891203345078731
4.126726082534752
4.005253416093718
3.809200994032386
3.8055961189204397
4.090808846345086
4.043064473805499
4.051069457447638
4.2143798099900405
4.557972059625403
4.840827408774792
4.5999667459902565
4.095751875776383
4.251074705819032
4.755062465819561
4.094401560933136
4.803239167521708
4.553752369845897
3.8294682383215903
3.734605232252973
4.025023255217728
3.770691656314649
4.056135618277198
4.097238096240361
4.214741771363414
3.903022892346283
4.254992023491334
4.830619092311721
4.329380270739764
4.484331492000848
4.33486177496899
4.045382620542714
3.8994866227264273
4.154002772476992
4.457547457428374
4.274466029191439
4.189200623195827
4.230785514561123
4.21280714007949
5.099117976408593
4.591361749166758
3.9148711036214507
4.7033968041378476
3.784490189593445
4.463402088852236
3.8547197799794466
4.348645722810334
3.556431545534365
3.9596310508285972
4.4820350521922485
4.268294363430706
4.1165301296372565
4.743009253761743
3.8785769969393487
4.164132143122811
4.530720549370585
4.326680213947854
4.632952455315767
4.4624023420595975
4.236276924746516
4.139380310302648
3.85944768875793
3.8557684920176847
3.7425662507146242
3.9121294811643423
3.8091298377612235
4.1448818416327295
3.975673688327515
4.2516575799240215
4.208348053859682
3.7470439222470366
3.558829363254933
4.116596661141595
4.194401926947162
4.383205823637862
4.1988774480117375
4.311155772637353
3.583374077662213
3.941357337151995
3.608662825641177
4.2626124999013
4.143412117049088
3.407301544853059
3.7697491566173786
3.8032955346876554
4.0303421771634715
3.4247741574244346
3.5424922347457044
3.8152342588757917
4.1363953392675565
4.117113726369708
4.01743241246203
4.8718125293072205
4.454248384369469
4.496487480948533
4.342702743838444
4.796628041670598
4.327692704786752
4.435596358454014
4.59099825016898
3.7116209951788757
3.7272920199204296
4.077063111833407
2.8068470374659498
3.7940059389039686
4.12262345087541
4.288694684522685
4.058535199451095
4.15039496603659
3.8563120122549854
4.10830914817988
4.114219314618465
4.641448101165085
3.947782947046724
3.7418062239418455
4.191946228995023
4.167370190003176
4.053986576606797
3.6675926887255876
4.163414898656069
3.7114407088262085
3.4008353783950906
4.439105016609121
4.292045396347694
4.430688805687963
4.327435547496796
4.009092524146042
4.567217717316248
4.23807208082821
4.5900257283905335
4.481842706454357
4.493583083458905
4.902278581238131
3.876258870158761
4.539180306112462
4.495994351113261
4.141272471392089
4.338193441503487
3.8039501117327017
4.385399707724603
4.2518370425797105
4.054845317549603
4.165609737111371
4.782723323139138
4.44981422182498
4.489802454490624
4.276765621076942
4.46740705936879
4.371178619230238
3.9347091992576826
3.6332528779840647
3.96882808493511
3.91509835409581
4.497194698812074
3.74375064714652
3.317100359612162
3.515887893091972
3.7545171384556
3.8648283272426984
4.383611160539055
3.8696198222468157
3.8080309457207036
3.728816075780972
4.479246355248773
3.2477179874725097
3.3973114423558313
3.606949955029605
4.1723271226938135
3.7140076537170286
4.0842557583273935
3.1066239419940525
3.7458893241861286
3.7621015070220856
4.338617546655053
3.7513934822957733
3.424471236736385
3.844583393220539
3.3973177464114843
3.7757981513403776
3.7015379908009494
4.061965375647947
3.7638084482604137
3.821146032277685
3.8585361994846563
3.7280073461397545
4.050711750943756
3.8913771001204416
3.794783782395104
3.9757982290585634
4.305174289921087
4.458286305413665
4.24147909005174
4.006509691544283
3.8144345653271916
3.374210237667354
4.057684507601613
3.6668998993864683
4.2031221321059515
3.9029320413485253
3.7346958625622113
4.213912246389577
4.060428743033977
3.4577093562364
3.6876328261198843
3.941764198569185
4.437323597593818
3.8881185283497297
4.199925191910976
4.237556309420975
4.473118260723739
4.117131490013184
4.739635313916544
4.504512384994453
4.199665420116773
4.937468687926092
4.312657496009873
4.422078825945674
3.977110523436374
4.860689771159095
4.146102379017898
3.969449758306988
4.498715091182798
4.405676951655433
4.294329837549747
4.417152556571525
4.41030035223336
4.007540689601731
4.121546728858589
4.370142446348979
4.028120147516675
4.503006595937838
4.0772847403832975
4.544067104764668
3.4931922783714375
3.886801995102976
5.038701192637596
3.979625122540964
3.8048145328554366
4.433017210098684
4.319777817486796
4.439946111628636
4.707009240761057
4.113064249366204
4.227411924037792
4.555903868654655
4.319882202033021
3.6596072702315734
4.202705228657143
4.359762802485597
4.80766793551723
4.431799878254997
4.325651345846923
4.287791881291235
4.986543167410353
4.853300611353767
4.8985102626545824
4.333578650713036
4.972730461940438
4.227263379044065
4.63375829855418
3.508953106069533
4.254364271368557
4.0666992704768266
4.005759957612386
4.0681154082886355
4.1519136913173424
4.423183999196777
4.034262661273997
4.810306671161764
4.179600227261336
4.609566804661826
4.428585319724142
4.104526008941507
2.967799835277251
4.303132464558731
3.548090056432943
3.3064679346589574
3.804390825606917
4.199490296093897
4.852272612274443
4.061118153733288
4.233565349001356
4.179973302320895
4.2152111036459425
3.8829122162177407
3.820472253694726
4.115803961623284
4.122705862449136
4.108650950307495
4.304433874465685
3.538326628464973
4.421715711746699
4.142488011919292
4.49072212157726
4.581714736499051
5.001696415602118
5.184031995566137
4.575687130858281
3.545700329928084
3.9010065312007445
4.028478274808567
4.49974214630988
3.8248094145154967
4.126330781604186
3.5769326348783137
4.243709830935145
4.134704094447362
5.041030781532931
4.472162090140396
4.174016420358889
4.683405459987055
4.417280266355739
4.028541761534184
3.8121350983217193
3.1482384919011177
3.09631085395813
4.002428768646093
4.150771261533406
3.8847367485590025
4.3679467539941985
4.058542422742099
3.7341653596179505
4.126343045534065
3.6025697840132773
4.296308394970305
4.40452323566828
4.196468751584878
3.9299608011925384
4.045442926228583
3.7991966835839674
4.433371584362126
3.8935774487014614
4.234195184392801
4.749357226109748
4.74296895296135
5.016109209073773
4.550278924349355
4.246455661714542
4.769501919785335
4.596540463128093
4.370607729497791
4.365662397611894
4.473177925958642
3.304877887222469
4.380495400954521
3.9770286444369045
3.8472912509258332
4.3560422287203515
4.171731891718645
4.858468601550192
4.053746993177522
3.9110727116642705
3.8722771386834323
4.270587315689593
4.382199320170338
4.0073238450509345
4.761380827002572
3.5432272650169407
3.998970040987955
4.342856021164726
4.167819247974049
4.36656465335952
4.27191431707112
4.113005062515635
3.953127318868688
4.361822783057083
4.225791076871159
4.493159518587043
4.4125731127068395
3.052230622940101
3.5256601434121495
3.9631788473186114
4.023566499336315
4.0214312393267315
3.9588859970661163
4.5632698991860545
3.7524843311193634
3.92245503525281
4.0771331999588
4.281373024167388
4.241978290685333
3.8838678134121842
4.767040912899629
4.121905049608207
4.555274226241298