0.797752320766449
0.7152459025382996
0.7498050928115845
0.8147414922714233
0.7937268614768982
0.735605776309967
0.8088804483413696
0.7781394124031067
0.7441009879112244
0.7607347369194031
0.7162803411483765
0.7232375144958496
0.7064423561096191
0.7797141671180725
0.798673152923584
0.6530069708824158
0.7995216250419617
0.8657826781272888
0.6777651309967041
0.9647933840751648
0.9019463062286377
0.8963019251823425
0.8511043787002563
0.8181824088096619
0.8296748995780945
0.9577077031135559
0.8046800494194031
1.0
0.8973730206489563
0.8478071093559265
0.8615911602973938
0.8296540975570679
0.823223352432251
0.8108828663825989
0.8161565661430359
0.8939032554626465
0.9084141850471497
0.9237403869628906
0.7357015013694763
0.9241005778312683
0.9360700845718384
0.8485631346702576
0.9018382430076599
0.8942223191261292
0.8483346700668335
0.8537896871566772
0.9272873997688293
0.7890220880508423
0.9232438206672668
0.9999999403953552
0.8693580031394958
0.8932653665542603
0.841102659702301
0.9271038770675659
0.96089768409729
0.8724058866500854
0.9790385365486145
0.9829531311988831
0.7272866368293762
0.8226937055587769
0.7749843001365662
0.8315151929855347
0.7730450630187988
0.8193619847297668
0.822635293006897
0.7870951294898987
0.7818924188613892
0.7672199606895447
0.8928355574607849
0.8874045610427856
0.7585793733596802
0.8059423565864563
0.8253929018974304
0.8839023113250732
0.8251875638961792
0.8345924019813538
0.9170864224433899
0.8137498497962952
0.8394781947135925
0.7996370792388916
0.8377082347869873
0.8133590221405029
0.8458943367004395
0.8378550410270691
0.9302942752838135
0.8639415502548218
0.8706045150756836
0.870203971862793
0.8485772609710693
0.8119667768478394
0.8675206899642944
0.7955000400543213
0.838473379611969
0.7508055567741394
0.8469861149787903
0.7401987314224243
0.731252908706665
0.6998469829559326
0.6826764345169067
0.6295397281646729
0.8791024684906006
0.7088392972946167
0.6773098707199097
0.6566353440284729
0.7611468434333801
0.7868353128433228
0.9519704580307007
0.8606674671173096
0.7829346656799316
0.7193018198013306
0.6393538117408752
0.7316907048225403
0.7960656881332397
0.7738199830055237
0.8352102041244507
0.863455593585968
0.7151943445205688
0.8726714253425598
0.824630081653595
0.6159271597862244
0.7368124127388
0.7453439831733704
0.7930355668067932
0.8451459407806396
0.7819209694862366
0.7153409719467163
0.7130208015441895
0.8136723637580872
0.834947407245636
0.7548142075538635
0.8723332285881042
0.7091358304023743
0.805274248123169
0.782810628414154
0.8665755391120911
0.9613302946090698
0.8566086888313293
0.8878504633903503
0.9123000502586365
0.8324962258338928
0.8940566182136536
0.7637852430343628
0.8572533130645752
0.8639265894889832
0.7485029101371765
0.9452736377716064
0.8355153203010559
0.9025827646255493
0.8793069124221802
0.8500248193740845
0.9129748344421387
0.9389138221740723
0.9545872807502747
0.875887393951416
0.9173566699028015
0.9924136400222778
0.9510843753814697
0.9489923119544983
0.6565539240837097
0.8339954018592834
0.7810671329498291
0.6700099110603333
0.730879545211792
0.7900139689445496
0.7554535865783691
0.8498609662055969
0.8646947741508484
0.7946048974990845
0.7902135252952576
0.8191925883293152
0.7373775839805603
0.795102596282959
0.8720497488975525
0.8815770149230957
0.7769641876220703
0.8078916668891907
0.7872145771980286
0.8472723364830017
0.8246476650238037
0.8613237738609314
0.819363534450531
0.7799679040908813
0.7583304047584534
0.7933998107910156
0.7871264815330505
0.7778978943824768
0.7274767756462097
0.7922207117080688
0.8062185049057007
0.7938733696937561
0.8340065479278564
0.8125235438346863
0.8408714532852173
0.8314267992973328
0.7586471438407898
0.8658130764961243
0.9103061556816101
0.7327525615692139
0.7857186794281006
0.8424555063247681
0.886684238910675
0.8508316278457642
0.7688161730766296
0.8096752166748047
0.7671825289726257
0.8004077672958374
0.8707687258720398
0.7941375374794006
0.7114308476448059
0.7295932769775391
0.8072282671928406
0.7508867979049683
0.9267653226852417
0.7685097455978394
0.8197763562202454
0.8060104846954346
0.861373245716095
0.837934136390686
0.779326856136322
0.7957121133804321
0.7368087768554688
0.7938023209571838
0.8983648419380188
0.7383059859275818
0.7855910658836365
0.7748175263404846
0.8621007204055786
0.7583813667297363
0.8184729814529419
0.8771812319755554
0.7870564460754395
0.8741964101791382
0.7738619446754456
0.7670745849609375
0.831554114818573
0.7950202822685242
0.9024731516838074
0.8614459037780762
0.8778724670410156
0.9227941036224365
0.887941837310791
0.853739857673645
0.8507139086723328
0.8371769189834595
0.8451822400093079
0.8404357433319092
0.8809300661087036
0.8023691773414612
0.8263524174690247
0.8986511826515198
0.8152298331260681
0.8069259524345398
0.8138159513473511
0.7984307408332825
0.8358063697814941
0.7760881781578064
0.7465490102767944
0.7614685297012329
0.8179957866668701
0.6702680587768555
0.7756335735321045
0.8905965089797974
0.6106151342391968
0.8351287841796875
0.7697814702987671
0.6728091239929199
0.7557919025421143
0.757203996181488
0.7581400275230408
0.6724456548690796
0.7287238240242004
0.7519029378890991
0.8420708775520325
0.8396897315979004
0.9935946464538574
0.9582298994064331
0.9877884984016418
0.940395176410675
0.939403772354126
0.941343367099762
0.9297678470611572
0.9999998807907104
1.0000001192092896
0.740435004234314
0.812954306602478
0.8952241539955139
0.952199399471283
0.8950492739677429
0.9022223353385925
0.7977839112281799
0.7996097207069397
0.8773339986801147
0.8311452269554138
0.8082398176193237
0.824238657951355
0.7714899778366089
0.8214015960693359
0.8769016265869141
0.7588517069816589
0.9934689402580261
0.894426703453064
0.8691809773445129
0.7926272749900818
0.8039361238479614
0.8502598404884338
0.7984285354614258
0.7722517848014832
0.9216962456703186
0.8581862449645996
0.9205318093299866
0.741907000541687
0.8802712559700012
0.744935929775238
0.8193502426147461
0.834916889667511
0.9704104065895081
0.879511833190918
0.8543970584869385
0.8635725378990173
0.8461810350418091
0.9054825305938721
0.8306201696395874
0.842924177646637
0.9128613471984863
0.8613625764846802
0.8535376787185669
0.8406261801719666
0.7219467759132385
0.8878452181816101
0.7525530457496643
0.8311241269111633
0.7840290069580078
0.8117048740386963
0.8851591348648071
0.8852092623710632
0.8383176922798157
0.8915253281593323
0.9392262697219849
0.8214580416679382
0.8483362793922424
0.8267897367477417
0.8021726608276367
0.8684923648834229
0.9226495623588562
0.9296975135803223
0.8160003423690796
0.9364284873008728
0.7643439769744873
0.6977671980857849
0.8699294924736023
0.8802330493927002
0.8799343109130859
0.8774237036705017
0.8546999096870422
0.8054054379463196
0.8680049180984497
0.9354779124259949
0.9111959338188171
0.8795176148414612
0.853620171546936
0.8322375416755676
0.839121401309967
0.8202310800552368
0.8689764738082886
0.8412855267524719
0.7504755258560181
0.70169997215271
0.7062889337539673
0.782436728477478
0.8395909070968628
0.8975268006324768
0.8776817917823792
0.8798639178276062
0.7963712811470032
0.8081326484680176
0.9011454582214355
0.9160960912704468
0.8107712864875793
0.8522841334342957
0.9067516326904297
0.9699745178222656
0.9128544926643372
0.8108180165290833
0.926842451095581
0.9274916052818298
0.9479978680610657
0.8756952881813049
0.8396185636520386
0.8378480076789856
0.9022771716117859
0.9079610109329224
0.7753448486328125
0.8287534713745117
0.9167511463165283
0.9159573912620544
0.9447420239448547
0.840045690536499
0.9015183448791504
0.9575490951538086
0.9281724691390991
0.7952842712402344
0.8950079083442688
0.7772023677825928
0.8476353287696838
0.8786118030548096
0.8429309129714966
0.8865728974342346
0.7962707281112671
0.9295855164527893
0.8912205100059509
0.9027758836746216
0.8576152324676514
0.919011652469635
0.7932440638542175
0.9243016242980957
0.8261639475822449
0.8218308091163635
0.838931143283844
0.8242321610450745
0.8159663081169128
1.0000003576278687
0.7681512832641602
0.7877963185310364
0.8091875910758972
0.8578384518623352
0.8149954676628113
0.7812768816947937
0.762775719165802
0.7444292902946472
0.7891854047775269
0.8080431818962097
0.7029620409011841
0.8292807936668396
0.8728458285331726
0.7639346718788147
0.7483581900596619
0.8159642815589905
0.8275631070137024
0.7885507941246033
0.7752116322517395
0.7016032338142395
0.673588752746582
0.7427300810813904
0.8483891487121582
0.7805870175361633
0.8282209038734436
0.7328214049339294
0.8450117707252502
0.7704865336418152
0.741360604763031
0.8414285778999329
0.8474642634391785
0.9128034114837646
0.9323176145553589
0.8495820164680481
0.9243733882904053
0.9516960382461548
0.8922750949859619
0.8603411912918091
0.7085109949111938
0.7862570285797119
0.688614547252655
0.7366857528686523
0.7790416479110718
0.6638851165771484
0.7613169550895691
0.8173069953918457
0.8080092072486877
0.7058876752853394
0.7857816219329834
0.7021846771240234
0.9194275736808777
0.8350508213043213
0.8617766499519348
0.8823226690292358
0.9061886072158813
0.9422103762626648
0.9570229053497314
0.8779658675193787
0.9651951193809509
0.9051945805549622
0.8856145739555359
0.9332980513572693
0.8177710771560669
0.8449201583862305
0.8753589987754822
0.8339482545852661
1.0
0.9797365069389343
0.7997943758964539
0.9044538140296936
0.9463762640953064
0.8737906217575073
0.9090490341186523
0.9054203629493713
0.8882171511650085
0.8190428614616394
0.863385021686554
0.9232860803604126
0.8631086945533752
0.8891627192497253
0.8138207197189331
0.8616901636123657
0.8397641777992249
0.8403807878494263
0.814251720905304
0.8595559597015381
0.7636182904243469
0.8922681212425232
0.7856929302215576
0.9193159341812134
0.7781088948249817
0.8557736873626709
0.8342883586883545
0.7608855366706848
0.8595907688140869
0.89052414894104
0.8134366273880005
0.8711103796958923
0.7664226293563843
0.8302164673805237
0.7666727304458618
0.8286703824996948
0.8105217814445496
0.8123157620429993
0.877346932888031
0.8866690993309021
0.8618115186691284
0.8280990123748779
0.7745858430862427
0.9470533728599548
0.8402143120765686
0.711879551410675
0.8582794666290283
0.8557263016700745
0.922992467880249
0.7717754244804382
0.8283083438873291
0.7086998224258423
0.9003980755805969
0.8222135901451111
0.8141685128211975
0.8289024829864502
0.7079671025276184
0.7539955973625183
0.8246946334838867
0.7937301397323608
0.8146464824676514
0.7392652630805969
0.7790516018867493
0.7499503493309021
0.8365483283996582
0.8533084988594055
0.8676959276199341
0.7401779294013977
0.7198678255081177
0.7762802243232727
0.8376349210739136
0.8182554244995117
0.9152904152870178
0.8665961027145386
0.9275705218315125
0.8120426535606384
0.8068104982376099
0.8513888120651245
0.8653801679611206
0.907342255115509
0.8574539422988892
0.8110293745994568
0.8267226815223694
0.8019521236419678
0.8779266476631165
0.9209954142570496
0.7989406585693359
0.7654938101768494
0.9211138486862183
0.7427329421043396
0.8023535013198853
0.9384040236473083
0.7832706570625305
0.9032235145568848
0.767454981803894
0.9484739899635315
0.9057930707931519
0.9154096841812134
0.8603712320327759
0.8843759298324585
0.9579296112060547
0.7756606340408325
0.9590771198272705
0.7710195779800415
0.8938414454460144
0.9123623371124268
0.8636237978935242
0.9355862736701965
0.9402260184288025
0.7352069020271301
0.8510241508483887
0.7543931007385254
0.8284528255462646
0.8523470759391785
0.8403908610343933
0.8277627229690552
0.8213098645210266
0.772106945514679
0.8888466358184814
0.8427646160125732
0.8747196197509766
0.6629302501678467
0.7821319699287415
0.8179701566696167
0.7607367038726807
0.8468104600906372
0.7927805781364441
0.8667287230491638
0.745388925075531
0.7832232713699341
0.8348488807678223
0.7834315299987793
0.7356494665145874
0.8115209341049194
0.8277109861373901
0.891724169254303
0.8583549857139587
0.8371940851211548
0.7796710133552551
0.9291707277297974
0.9663678407669067
0.8864885568618774
0.9111590385437012
1.0000001192092896
0.9625881910324097
0.887549877166748
0.8181427121162415
0.7868172526359558
0.7459035515785217
0.8493393659591675
0.8539560437202454
0.8554182052612305
0.7909439206123352
0.9076250195503235
0.8834896087646484
0.7820053696632385
0.8252295851707458
0.8325093984603882
0.8844823837280273
0.8230101466178894
0.9407081604003906
0.7908492088317871
0.936607301235199
0.626381516456604
0.7601097822189331
0.7269479632377625
0.7396175861358643
0.7865064740180969
0.7161933183670044
0.7228831648826599
0.7933215498924255
0.7553369998931885
0.7683848142623901
0.7482964396476746
0.7563878297805786
0.6908078789710999
0.7735366821289062
0.7947708964347839
0.6177678108215332
0.8080047965049744
0.8715128302574158
0.6741508841514587
0.8739611506462097
0.8224306106567383
0.8773810863494873
0.7961654663085938
0.7549034357070923
0.8721147775650024
0.9064544439315796
0.857721745967865
0.8836657404899597
0.8687124848365784
0.8199185729026794
0.8355975151062012
0.8327054977416992
0.8209344148635864
0.8116678595542908
0.8075281381607056
0.8939032554626465
0.8812718391418457
0.8592866063117981
0.7438302040100098
0.9096394777297974
0.9624797105789185
0.9186455607414246
0.9484875202178955
0.9220908284187317
0.9479290843009949
0.8071821928024292
0.9272873997688293
0.7642849087715149
0.8651111125946045
0.9364637136459351
0.9163751602172852
0.9555463790893555
0.8596394658088684
0.9999998211860657
0.9611303806304932
0.9603434205055237
0.9790385365486145
0.9779288172721863
0.7702451348304749
0.8226937055587769
0.831973671913147
0.708954930305481
0.6631030440330505
0.838597297668457
0.8025028705596924
0.8753920197486877
0.7936772704124451
0.7561394572257996
0.8590527176856995
0.8146207928657532
0.7629774808883667
0.8131860494613647
0.799280047416687
0.825989305973053
0.8071794509887695
0.8089040517807007
0.8340657353401184
0.8596647381782532
0.7353096604347229
0.7644917964935303
0.8113985657691956
0.7872084975242615
0.8402736783027649
0.8378550410270691
0.931188702583313
0.8955793380737305
0.8619480729103088
0.867714524269104
0.8407468199729919
0.7870251536369324
0.8675206899642944
0.8360075354576111
0.6989774107933044
0.7266712188720703
0.8497455716133118
0.7833993434906006
0.8087214231491089
0.7044716477394104
0.697246253490448
0.6390442252159119
0.8403464555740356
0.6822436451911926
0.7198602557182312
0.6426044702529907
0.695485532283783
0.8305876851081848
0.8957538604736328
0.8639323711395264
0.7561646699905396
0.7069862484931946
0.632771909236908
0.7145841717720032
0.6686574220657349
0.790377676486969
0.7994809150695801
0.8223103880882263
0.6753445863723755
0.7961470484733582
0.8577595949172974
0.6447917222976685
0.7568500638008118
0.7511170506477356
0.8235104084014893
0.8006083369255066
0.7825103998184204
0.7312776446342468
0.7401273846626282
0.7814362645149231
0.831484854221344
0.679162859916687
0.8367888927459717
0.7849174737930298
0.8024910688400269
0.8122683167457581
0.8763532638549805
0.9834708571434021
0.9380260705947876
1.0
0.9677316546440125
0.828340470790863
0.882708728313446
0.8165661096572876
0.8478535413742065
0.844392716884613
0.8167737722396851
0.9500083923339844
0.8945727944374084
0.8179265856742859
0.8814728856086731
0.8589127063751221
0.9104620218276978
0.8868990540504456
0.777208685874939
0.833258330821991
0.9002476930618286
0.921523928642273
0.8987690806388855
0.9133632183074951
0.7463386654853821
0.8364909887313843
0.7297343015670776
0.6603537201881409
0.7309587597846985
0.8266884684562683
0.7573000192642212
0.8519235253334045
0.9001428484916687
0.7837660312652588
0.7529012560844421
0.8234148025512695
0.7156301736831665
0.6558087468147278
0.8166296482086182
0.8282323479652405
0.7830549478530884
0.7891340255737305
0.8119115829467773
0.8390905261039734
0.87152099609375
0.7838218212127686
0.8191540241241455
0.7745827436447144
0.753167450428009
0.787866473197937
0.7876831889152527
0.7968926429748535
0.7343310117721558
0.7603453993797302
0.8565011024475098
0.7993567585945129
0.8400100469589233
0.7942669987678528
0.7765921950340271
0.7952616214752197
0.7586471438407898
0.8548071384429932
0.7324094176292419
0.7101082801818848
0.7722788453102112
0.823841392993927
0.8341073393821716
0.8595854043960571
0.7766061425209045
0.7821766138076782
0.7702786326408386
0.7811413407325745
0.8679460883140564
0.8469763398170471
0.69744473695755
0.7538090348243713
0.8102174997329712
0.7714748382568359
0.8677586317062378
0.6622805595397949
0.8100476861000061
0.7611867785453796
0.8181824088096619
0.8867599964141846
0.7711049318313599
0.7508318424224854
0.7213813066482544
0.7931710481643677
0.8671238422393799
0.7283991575241089
0.760398805141449
0.7163591980934143
0.8620691299438477
0.7623670101165771
0.8279306292533875
0.8901896476745605
0.748267650604248
0.8610987663269043
0.8259488940238953
0.7816526889801025
0.790425181388855
0.7542092800140381
0.8110486268997192
0.9072154760360718
0.8713558316230774
0.9296345114707947
0.8617618680000305
0.9244793653488159
0.8264269232749939
0.8028759360313416
0.8473374843597412
0.8218724131584167
0.884928286075592
0.8007980585098267
0.8863700032234192
0.8918929100036621
0.82978355884552
0.8405171036720276
0.8467963933944702
0.8383074998855591
0.8275972604751587
0.7727749347686768
0.7300041317939758
0.8106133341789246
0.8234007358551025
0.735203742980957
0.8580790162086487
0.8522003293037415
0.6504818797111511
0.8403879404067993
0.7859964966773987
0.6586979627609253
0.7480214238166809
0.7431545853614807
0.7274876236915588
0.7027860283851624
0.7354785799980164
0.7206478714942932
0.8355185985565186
0.7849254012107849
0.9192711114883423
0.9398518204689026
0.9877884984016418
0.8244190216064453
0.9243983030319214
0.8798573613166809
0.882485032081604
0.9688100218772888
0.9018148183822632
0.8196166753768921
0.8620948195457458
0.9188586473464966
0.8988650441169739
0.8805071115493774
0.9401803612709045
0.8269832134246826
0.8902541399002075
0.8913715481758118
0.8317640423774719
0.8755117654800415
0.8825271129608154
0.8461512327194214
0.8624254465103149
0.8752872347831726
0.7588517069816589
0.9689109325408936
0.849557638168335
0.9288702011108398
0.7619935274124146
0.7291698455810547
0.8238897323608398
0.8179275989532471
0.7270041108131409
0.9278977513313293
0.8242089748382568
0.9755405187606812
0.8006073236465454
0.8740058541297913
0.9294853806495667
0.8662669658660889
0.7806772589683533
0.8207261562347412
0.8759353160858154
0.8688536882400513
0.8026284575462341
0.8073639869689941
0.9054825305938721
0.8361240029335022
0.8875172138214111
0.9403165578842163
0.9137647747993469
0.798015832901001
0.5733004212379456
0.7424836158752441
0.8887107968330383
0.8416388034820557
0.7204009294509888
0.8060840368270874
0.8312067985534668
0.9277822375297546
0.83304762840271
0.848389744758606
0.910863995552063
0.9447764754295349
0.8529438376426697
0.9704298973083496
0.8230671286582947
0.851621150970459
0.8028660416603088
0.8675883412361145
0.9154149293899536
0.8121068477630615
0.9203378558158875
0.7657611966133118
0.7358684539794922
0.8582941889762878
0.9119444489479065
0.7909903526306152
0.8379654288291931
0.9012735486030579
0.7298063039779663
0.8161373734474182
0.8840438723564148
0.9126540422439575
0.8392444849014282
0.8196218609809875
0.7901818752288818
0.839121401309967
0.7971269488334656
0.8422760963439941
0.8344571590423584
0.6591151356697083
0.7335734367370605
0.6921632289886475
0.654305100440979
0.8153844475746155
0.8975268006324768
0.8769109845161438
0.8565517663955688
0.7960345149040222
0.8156023621559143
0.8611230850219727
0.9238024353981018
0.7477994561195374
0.8565673828125
0.9459831118583679
0.9175441861152649
0.9364545941352844
0.9073836207389832
0.9783288240432739
0.9389761090278625
0.9665624499320984
0.9945864677429199
0.8239839673042297
0.7393661737442017
0.8836037516593933
0.8609341979026794
0.8044422268867493
0.7878028750419617
0.8716623783111572
0.8848159313201904
0.9240031242370605
0.820605456829071
0.8866028785705566
0.9283953905105591
0.91860431432724
0.8346071243286133
0.877053439617157
0.7896239757537842
0.8059163093566895
0.8513234853744507
0.8141038417816162
0.8866810202598572
0.7618666291236877
0.9001662731170654
0.8331713676452637
0.8653265833854675
0.8141887187957764
0.9334873557090759
0.7930569648742676
0.8792986869812012
0.8091889023780823
0.8419190049171448
0.8341798782348633
0.7772653102874756
0.7898339033126831
0.9274246692657471
0.7278121113777161
0.8033885359764099
0.8423321843147278
0.8750532269477844
0.8026818037033081
0.7836308479309082
0.803528904914856
0.7535057067871094
0.7088025212287903
0.7913877367973328
0.8049853444099426
0.8441647887229919
0.9194945096969604
0.7760037183761597
0.726380467414856
0.8189178109169006
0.8139660358428955
0.8135964274406433
0.754882276058197
0.7428810596466064
0.6923896670341492
0.7483643889427185
0.8191855549812317
0.7899905443191528
0.7943134307861328
0.7367544174194336
0.765963077545166
0.7904667854309082
0.7283255457878113
0.8316570520401001
0.883002519607544
0.9147247672080994
0.9053170680999756
0.9075490832328796
0.9202512502670288
0.9503351449966431
0.8678134083747864
0.8479092717170715
0.6029130220413208
0.7671791315078735
0.7436298727989197
0.7158050537109375
0.7955854535102844
0.6403611898422241
0.7503808736801147
0.8172290921211243
0.7762099504470825
0.8079109787940979
0.7865049242973328
0.7322657108306885
0.7825791239738464
0.8317394256591797
0.8802684545516968
0.8986532688140869
0.8554731011390686
0.983967661857605
0.9036931395530701
0.8874403238296509
0.9192144274711609
0.9108624458312988
0.8569943308830261
0.8348286747932434
0.8863700032234192
0.8596575260162354
0.8410392999649048
0.8566896915435791
0.894382119178772
0.9175897836685181
0.7700310945510864
0.9121618270874023
0.911331832408905
0.885372519493103
0.8364747166633606
0.8991909027099609
0.939070999622345
0.8673321008682251
0.8779342174530029
0.9320172667503357
0.8157017827033997
0.8779871463775635
0.7623312473297119
0.8196825981140137
0.8732980489730835
0.8246200680732727
0.7378063797950745
0.8470174074172974
0.7595725655555725
0.8304438591003418
0.7316460609436035
0.9044256806373596
0.8006965517997742
0.8111079931259155
0.8120170831680298
0.7952052354812622
0.9253087043762207
0.9231569766998291
0.7980656623840332
0.8690304756164551
0.7809697389602661
0.8176112771034241
0.7288047075271606
0.7638255953788757
0.8134102821350098
0.7915527820587158
0.9119138121604919
0.8595681190490723
0.8750941753387451
0.8593968749046326
0.7685219049453735
0.9724188446998596
0.8530297875404358
0.8373607993125916
0.8129271864891052
0.7807195782661438
0.905561089515686
0.8166494965553284
0.8673427700996399
0.6815578937530518
0.9003980755805969
0.7142954468727112
0.7873383164405823
0.7191757559776306
0.7380043864250183
0.7721942067146301
0.8510819673538208
0.7923494577407837
0.8161410093307495
0.7238777279853821
0.740719735622406
0.7594864368438721
0.8019858598709106
0.8909545540809631
0.7126452326774597
0.8377466201782227
0.7727240324020386
0.9796300530433655
0.8378104567527771
0.9014096260070801
0.8339608907699585
0.9604461789131165
0.9697077870368958
0.8790724277496338
0.7141154408454895
0.8546661138534546
0.8396404385566711
0.8988480567932129
0.8437527418136597
0.8088996410369873
0.8302465081214905
0.796261727809906
0.8243371844291687
0.9019383192062378
0.7968782186508179
0.7478117942810059
0.8963638544082642
0.7336147427558899
0.7236562967300415
0.9384040236473083
0.6655823588371277
0.9293599724769592
0.7647354006767273
0.8941633701324463
0.9261521100997925
0.910125732421875
0.8603424429893494
0.9028831124305725
0.947300910949707
0.790593683719635
0.9691163301467896
0.8165726065635681
0.933441698551178
0.9373480677604675
0.8969434499740601
0.7701404690742493
0.899425208568573
0.6778600215911865
0.8516364097595215
0.7904286980628967
0.7714528441429138
0.8293009996414185
0.847075879573822
0.8242150545120239
0.8545905351638794
0.7803165912628174
0.8413032293319702
0.834136426448822
0.8776604533195496
0.6871128678321838
0.7971627116203308
0.8587387204170227
0.8140077590942383
0.8530258536338806
0.8195153474807739
0.8498774766921997
0.7857636213302612
0.7247092127799988
0.8089779615402222
0.7787604928016663
0.7102614641189575
0.8048176169395447
0.8277109861373901
0.7773123383522034
0.792461097240448
0.8129644393920898
0.9476510286331177
0.9066625833511353
0.8709678053855896
0.8459047079086304
0.8400614857673645
1.0000001192092896
0.8883178234100342
0.8643430471420288
0.7848215103149414
0.7927157878875732
0.7647903561592102
0.8234001398086548
0.867348313331604
0.8017781376838684
0.8684828877449036
0.9118865728378296
0.9125607013702393
0.7724930047988892
0.8303636908531189
0.8526532649993896
0.8231346011161804
0.8415117859840393
0.9086978435516357
0.8180495500564575
0.9244922995567322
0.7382783889770508
0.7188534140586853
0.7330228686332703
0.7790287733078003
0.7784627079963684
0.7655699849128723
0.7246875166893005
0.8028765916824341
0.7643032670021057
0.7545011639595032
0.7361769080162048
0.7337070107460022
0.7532421350479126
0.7721145749092102
0.7977687120437622
0.6665695905685425
0.8261580467224121
0.8338342905044556
0.7003987431526184
0.9233251214027405
0.9300529956817627
0.8975763916969299
0.8572288751602173
0.7920458316802979
0.8538182377815247
0.9470447897911072
0.8081763386726379
0.9761430025100708
0.9014749526977539
0.8083553314208984
0.8392478823661804
0.7659690380096436
0.8302664160728455
0.8676274418830872
0.8725648522377014
0.9191259741783142
0.8896711468696594
0.9237403869628906
0.7536787390708923
0.9187595844268799
0.9186669588088989
0.8631603121757507
0.9421277642250061
0.959271252155304
0.8964794278144836
0.8656120300292969
0.9272873997688293
0.7128538489341736
0.9459672570228577
0.9999999403953552
0.8825586438179016
0.9709436893463135
0.8794830441474915
0.9271038770675659
1.0000003576278687
0.9244608283042908
0.9790385365486145
0.9779288172721863
0.7520449161529541
0.8226937055587769
0.7898211479187012
0.7463021874427795
0.6994481086730957
0.8294163346290588
0.863287091255188
0.7870951294898987
0.8041598796844482
0.7927557229995728
0.8489742279052734
0.8333350419998169
0.7538947463035583
0.8142820596694946
0.8003933429718018
0.8046198487281799
0.8353785872459412
0.8098437786102295
0.9048859477043152
0.8484927415847778
0.8874770402908325
0.8320657014846802
0.827480137348175
0.7980450391769409
0.7992264032363892
0.8378550410270691
0.931188702583313
0.8293738961219788
0.8609132766723633
0.870203971862793
0.8731805086135864
0.7766015529632568
0.8675206899642944
0.82137131690979
0.7599607110023499
0.6882940530776978
0.8406873345375061
0.7358440160751343
0.786262571811676
0.6905290484428406
0.6933717131614685
0.6277284026145935
0.8904458284378052
0.7266210913658142
0.6719334125518799
0.6399253606796265
0.7592000365257263
0.7467037439346313
0.8957538604736328
0.8807529211044312
0.7534468770027161
0.7587648034095764
0.6146194338798523
0.727606475353241
0.7671791315078735
0.7490270733833313
0.8150316476821899
0.8475635647773743
0.6717215180397034
0.8309853076934814
0.8302717208862305
0.6276133060455322
0.7213385701179504
0.8262369632720947
0.7804515957832336
0.8069670796394348
0.7802747488021851
0.7543089985847473
0.7274384498596191
0.8309872150421143
0.8724477887153625
0.7517816424369812
0.8067107200622559
0.7762905955314636
0.8580067157745361
0.8044411540031433
0.8819297552108765
0.9765600562095642
0.8674842715263367
1.0
0.9635989665985107
0.8439029455184937
0.9165516495704651
0.7347661852836609
0.9236262440681458
0.8155038356781006
0.8408034443855286
0.9450898170471191
0.8895903825759888
0.8998265862464905
0.8859022855758667
0.8562930226325989
0.9270962476730347
0.9389138221740723
0.9265673160552979
0.839494526386261
0.841032862663269
0.9840168356895447
0.8879741430282593
0.9290875792503357
0.6416332125663757
0.8470338582992554
0.7625429630279541
0.7233518362045288
0.7494419813156128
0.8163906931877136
0.8167155981063843
0.8041616082191467
0.8629806637763977
0.7914270162582397
0.7638514637947083
0.816114068031311
0.7114317417144775
0.732207179069519
0.8453781008720398
0.8481847047805786
0.8057239055633545
0.8138048648834229
0.8545874953269958
0.8565233945846558
0.8246476650238037
0.8458638191223145
0.8323057889938354
0.8072654604911804
0.7496011257171631
0.7702469229698181
0.796833336353302
0.7263525724411011
0.7129904627799988
0.7612125277519226
0.7917572855949402
0.7595207691192627
0.8466317653656006
0.8075471520423889
0.810221254825592
0.8012985587120056
0.7901418209075928
0.8614922761917114
0.7832281589508057
0.7256585359573364
0.7479954361915588
0.8370100855827332
0.8834631443023682
0.8769320249557495
0.7688161730766296
0.7898130416870117
0.7880263328552246
0.7920007705688477
0.8711288571357727
0.8343222141265869
0.7027013897895813
0.7295932769775391
0.7889050841331482
0.7291325926780701
0.9267653226852417
0.7677481174468994
0.8573427796363831
0.7567316889762878
0.8984268307685852
0.8613977432250977
0.7771072387695312
0.7720189690589905
0.7515438795089722
0.7940354943275452
0.8970527052879333
0.7702807784080505
0.760398805141449
0.7719244956970215
0.8676183223724365
0.7628465890884399
0.8273630738258362
0.9265183210372925
0.8239306211471558
0.9090775847434998
0.807205080986023
0.7862582802772522
0.7917267084121704
0.7779590487480164
0.8314135074615479
0.8711869716644287
0.9559080004692078
0.9446462392807007
0.8947466611862183
0.8898820877075195
0.8518534302711487
0.8206406831741333
0.813006579875946
0.8561500906944275
0.8753839135169983
0.7975837588310242
0.8347488641738892
0.8909661769866943
0.8360347151756287
0.8414408564567566
0.8200023174285889
0.8408585786819458
0.8479363322257996
0.7393249273300171
0.7373595833778381
0.7766163349151611
0.8020126223564148
0.7006860971450806
0.8348424434661865
0.8905965089797974
0.6014614105224609
0.8374163508415222
0.787632405757904
0.6754242181777954
0.7790086269378662
0.741734504699707
0.745122492313385
0.6928194165229797
0.7325902581214905
0.7632260918617249
0.7996076345443726
0.8217658400535583
0.9262616038322449
0.9332462549209595
0.936749279499054
0.7865113615989685
0.9124146699905396
0.941343367099762
0.9103864431381226
0.9999998807907104
0.9284750819206238
0.8089016079902649
0.8767943978309631
0.9387393593788147
0.9177254438400269
0.9108519554138184
0.9196197390556335
0.8334256410598755
0.8955003023147583
0.9051904082298279
0.9730572700500488
0.9018800258636475
0.8747515082359314
0.8664685487747192
0.8619449734687805
0.8774154186248779
0.7588517069816589
0.9934689402580261
0.8883475065231323
0.9003323316574097
0.8103026151657104
0.8611651659011841
0.8294517397880554
0.8861374258995056
0.7758461833000183
0.9092612266540527
0.8636908531188965
0.9248163104057312
0.7743783593177795
0.8527185320854187
0.7584444880485535
0.8460190296173096
0.7911637425422668
0.9261234402656555
0.8801693916320801
0.8988035321235657
0.8137027621269226
0.7986845374107361
0.9054825305938721
0.8490034341812134
0.8633338809013367
0.9567018151283264
0.9309717416763306
0.8550000190734863
0.7987676858901978
0.7639346718788147
0.901799201965332
0.8037306070327759
0.8925007581710815
0.7644237279891968
0.820555567741394
0.9325649738311768
0.8921189308166504
0.8384367823600769
0.9013983607292175
0.9302515387535095
0.8648006916046143
0.9704298973083496
0.7972380518913269
0.807953953742981
0.8260543346405029
0.9042890667915344
0.9272549152374268
0.8054491281509399
0.9217813611030579
0.7957463264465332
0.7001768946647644
0.8473533391952515
0.8087698221206665
0.8833403587341309
0.8258265852928162
0.8813508749008179
0.7893266677856445
0.8702456951141357
0.9077082872390747
0.9286550879478455
0.8679037690162659
0.871231198310852
0.8338412642478943
0.839121401309967
0.7966127991676331
0.872019350528717
0.8135931491851807
0.7642782330513
0.6791372299194336
0.717429518699646
0.7095904350280762
0.8204771280288696
0.8975268006324768
0.8831443786621094
0.8943151831626892
0.7868217825889587
0.8067831993103027
0.8997525572776794
0.9161099791526794
0.8310251235961914
0.8430185914039612
0.9714133739471436
0.90166175365448
0.9364545941352844
0.7971802353858948
0.9360141158103943
0.9764467477798462
0.9286016821861267
0.9304028749465942
0.8183905482292175
0.797414243221283
0.8729074001312256
0.8605148196220398
0.7934332489967346
0.7889958620071411
0.8626673221588135
0.9159573912620544
0.9164848327636719
0.8224436640739441
0.8866028785705566
0.9283953905105591
0.8870881795883179
0.7944023013114929
0.882858157157898
0.739242672920227
0.8442426323890686
0.8652158379554749
0.7871950268745422
0.8573750257492065
0.7722199559211731
0.9096184372901917
0.8572357892990112
0.8690181374549866
0.8059548735618591
0.8831588625907898
0.7827890515327454
0.909779965877533
0.8105108737945557
0.8313690423965454
0.8113970756530762
0.7940114736557007
0.8064160346984863
0.9452675580978394
0.7395437955856323
0.7966096997261047
0.8101061582565308
0.8750532269477844
0.7702910900115967
0.7812768816947937
0.7727493047714233
0.7444292902946472
0.686649739742279
0.8025444149971008
0.7089154720306396
0.8186631798744202
0.8897120356559753
0.7498599886894226
0.7673287987709045
0.7984805107116699
0.8296827673912048
0.7842793464660645
0.776913583278656
0.7693131566047668
0.6816340684890747
0.7212458848953247
0.8420276045799255
0.7809474468231201
0.8115038275718689
0.7271261811256409
0.7654601335525513
0.7888926863670349
0.7301304936408997
0.8291366696357727
0.9019430875778198
0.9373221397399902
0.9916842579841614
0.9223468899726868
0.9735708236694336
0.9505685567855835
0.9189175963401794
0.8975697755813599
0.6981783509254456
0.7714641690254211
0.7352727055549622
0.7093119621276855
0.7761982083320618
0.6435330510139465
0.7702248096466064
0.8173069953918457
0.7946850657463074
0.7880918979644775
0.7836477160453796
0.6716639399528503
0.9194275736808777
0.8166677951812744
0.9387779831886292
0.8875529766082764
0.8968158960342407
0.9692805409431458
0.9211512207984924
0.8551642894744873
0.9142219424247742
0.9158883094787598
0.8943135738372803
0.8420253992080688
0.8381840586662292
0.8681529760360718
0.809359073638916
0.8216331005096436
0.9140487313270569
0.9527813792228699
0.8234208226203918
0.8929429054260254
0.9485076665878296
0.9015405178070068
0.8684195280075073
0.8763653635978699
0.8949334025382996
0.8829253911972046
0.8992064595222473
0.9223284125328064
0.8768698573112488
0.8779871463775635
0.8001323938369751
0.8133717775344849
0.8577793836593628
0.8256087303161621
0.817759096622467
0.8588448762893677
0.7641769051551819
0.8039839267730713
0.7316460609436035
0.8823836445808411
0.794954776763916
0.8394456505775452
0.8187971115112305
0.8022056221961975
0.9030922651290894
0.9100415706634521
0.8225762844085693
0.8607458472251892
0.7664226293563843
0.8295877575874329
0.74233078956604
0.8632314205169678
0.8138386607170105
0.8203238248825073
0.9358963966369629
0.8486045002937317
0.8710514307022095
0.7868596911430359
0.7919461131095886
0.8831102848052979
0.8336073160171509
0.804210364818573
0.8129271864891052
0.8458510637283325
0.9353383779525757
0.7588884830474854
0.842025101184845
0.6383466124534607
0.9003980755805969
0.7378849387168884
0.7333517670631409
0.7894311547279358
0.7326085567474365
0.7239775061607361
0.8166916966438293
0.7644707560539246
0.8182583451271057
0.7238014340400696
0.733195424079895
0.7506296038627625
0.8156189322471619
0.8272992968559265
0.8722463250160217
0.7208701968193054
0.7787478566169739
0.773503303527832
0.867919921875
0.8728222250938416
0.9036238789558411
0.9566874504089355
0.944037914276123
0.8096498847007751
0.7490968108177185
0.867072343826294
0.8546664714813232
0.90874183177948
0.8622800707817078
0.7926859259605408
0.8150801658630371
0.7676800489425659
0.8205671906471252
0.9019383192062378
0.7931109070777893
0.757301926612854
0.8963638544082642
0.7330555319786072
0.7684059143066406
0.9384040236473083
0.7187718152999878
0.8438010811805725
0.780590295791626
0.9527670741081238
0.9220418334007263
0.9129362106323242
0.9147420525550842
0.9014726877212524
0.8861449360847473
0.868687093257904
0.9686464071273804
0.7801670432090759
0.8373463749885559
0.9327351450920105
0.9114173650741577
0.9100036025047302
0.899425208568573
0.749979555606842
0.8385801911354065
0.7997645139694214
0.8096734881401062
0.8653991222381592
0.8638908863067627
0.8511658906936646
0.830459713935852
0.7869464755058289
0.9085258841514587
0.8846423029899597
0.8609123229980469
0.7227492332458496
0.8584752082824707
0.8220787644386292
0.787743866443634
0.8277550339698792
0.7886055707931519
0.8571242690086365
0.760313093662262
0.7857281565666199
0.7823526263237
0.7696324586868286
0.7381682395935059
0.816137433052063
0.8499167561531067
0.7826409935951233
0.8763085007667542
0.8818109631538391
0.840813159942627
0.9735398888587952
0.8549919724464417
0.8828423023223877
0.8820235133171082
1.0000001192092896
0.8531912565231323
0.8902945518493652
0.8216856122016907
0.7811838984489441
0.7393032908439636
0.8298246264457703
0.8248900771141052
0.8123859167098999
0.8253229856491089
0.9118865728378296
0.9049186706542969
0.7804117202758789
0.8733589053153992
0.8437873721122742
0.8248177170753479
0.8543391823768616
0.9528332352638245
0.7778933048248291
0.9273481369018555
0.6342009902000427
0.768986165523529
0.727142870426178
0.7883930206298828
0.7762874960899353
0.7036696076393127
0.7466951608657837
0.7905485033988953
0.7385278940200806
0.7733781933784485
0.7786763906478882
0.6738625168800354
0.7459560632705688
0.771181046962738
0.7877821922302246
0.656396210193634
0.8386390209197998
0.8487057685852051
0.7003987431526184
0.9386426210403442
0.8260650038719177
0.8976581692695618
0.8408928513526917
0.7833580374717712
0.8400830626487732
0.8576165437698364
0.8553977608680725
0.9166626334190369
0.8541237711906433
0.8208845853805542
0.8464218974113464
0.6980580687522888
0.7922900915145874
0.8017292618751526
0.8205126523971558
0.9240052103996277
0.8345754146575928
0.9226978421211243
0.800512433052063
0.9014598727226257
0.9386026263237
0.9138280153274536
0.9421277642250061
0.9043706059455872
0.8964794278144836
0.875556468963623
0.9272873997688293
0.7148762345314026
0.9192515015602112
0.9364637136459351
0.8787853121757507
0.907446563243866
0.8354538083076477
0.8687126040458679
1.0000003576278687
0.8771706819534302
0.9459924101829529
0.9779288172721863
0.7433275580406189
0.8226937055587769
0.779832661151886
0.809001088142395
0.7347985506057739
0.8469972014427185
0.822019636631012
0.8582677841186523
0.7906944751739502
0.77692711353302
0.8559127449989319
0.8688656091690063
0.7515022158622742
0.8443321585655212
0.8050708174705505
0.8176329731941223
0.8491337895393372
0.8050541281700134
0.8074816465377808
0.8269537687301636
0.7993584871292114
0.8594970107078552
0.8389196395874023
0.7704564332962036
0.824324905872345
0.8378550410270691
0.931188702583313
0.825337290763855
0.8730209469795227
0.8666715621948242
0.9169648289680481
0.7531147003173828
0.8675206899642944
0.8200664520263672
0.7380585670471191
0.7704046368598938
0.8406873345375061
0.7642541527748108
0.7963947653770447
0.7269830107688904
0.6987279057502747
0.6200670599937439
0.8505045175552368
0.6698847413063049
0.7053952217102051
0.643496036529541
0.7455205917358398
0.7093338370323181
0.8594241142272949
0.8703480362892151
0.7630624771118164
0.7266598343849182
0.6219297051429749
0.7529451847076416
0.7517186403274536
0.7608445286750793
0.790494441986084
0.8014103174209595
0.7609019875526428
0.8242062330245972
0.8576003909111023
0.7238271236419678
0.7403078079223633
0.7453439831733704
0.8182840347290039
0.8566556572914124
0.7963195443153381
0.7341426610946655
0.7250804901123047
0.8366406559944153
0.8177705407142639
0.7377574443817139
0.8767040967941284
0.7495018243789673
0.805877149105072
0.7842184901237488
0.885187029838562
0.9397512674331665
0.9247502684593201
1.0
0.9694793224334717
0.8312761783599854
0.9148684144020081
0.7916221022605896
0.8901077508926392
0.8366325497627258
0.7987732291221619
0.9768781065940857
0.8333888649940491
0.8322553634643555
0.887124240398407
0.8160409927368164
0.9223323464393616
0.9090926051139832
0.841448962688446
0.8884515166282654
0.8524999022483826
0.8889387249946594
0.8783153295516968
0.9812812209129333
0.6562290191650391
0.7722052931785583
0.686713457107544
0.6522595882415771
0.7236508727073669
0.794390857219696
0.7781806588172913
0.8287305235862732
0.8839280009269714
0.7798383831977844
0.7543373703956604
0.8083112835884094
0.720604419708252
0.6825484037399292
0.844359815120697
0.8543437123298645
0.7989773154258728
0.8229730129241943
0.8264898657798767
0.8680804371833801
0.8523876667022705
0.8361554145812988
0.8357452154159546
0.7870344519615173
0.7581627368927002
0.8993245363235474
0.7924602031707764
0.7511095404624939
0.7201712727546692
0.7472301125526428
0.8404353857040405
0.7379943132400513
0.8486934900283813
0.7929272055625916
0.8338967561721802
0.803858757019043
0.8201116323471069
0.847115695476532
0.8032118678092957
0.7136267423629761
0.8352800011634827
0.8401455879211426
0.8274223208427429
0.841810405254364
0.8516345620155334
0.7801847457885742
0.7786662578582764
0.7782016396522522
0.8679460883140564
0.8408256769180298
0.6930932998657227
0.7391318678855896
0.7946761250495911
0.7709839940071106
0.9267653226852417
0.7016378045082092
0.8162765502929688
0.7890336513519287
0.8488138318061829
0.8635612726211548
0.7400528192520142
0.7846589684486389
0.7670626640319824
0.7931710481643677
0.8970527052879333
0.7393160462379456
0.8029546737670898
0.7503812909126282
0.8776737451553345
0.7700716853141785
0.8275629281997681
0.900321900844574
0.8264018297195435
0.9087568521499634
0.8354361057281494
0.7893894910812378
0.8217878937721252
0.779241681098938
0.9024731516838074
0.8882630467414856
0.9559080004692078
0.930823802947998
0.8688434362411499
0.8532600402832031
0.8733458518981934
0.8107405304908752
0.8473374843597412
0.8285991549491882
0.8767332434654236
0.7992094159126282
0.8651567697525024
0.888873815536499
0.8327181339263916
0.7888002395629883
0.8332551717758179
0.8149415850639343
0.846464216709137
0.775846540927887
0.7258833646774292
0.7726178765296936
0.8340282440185547
0.7297145128250122
0.8734054565429688
0.8714008331298828
0.5990487337112427
0.8344783186912537
0.8044950366020203
0.6650805473327637
0.7244173884391785
0.7314144968986511
0.7523247599601746
0.6721267104148865
0.764964759349823
0.7382581830024719
0.8350573778152466
0.8028910160064697
0.9262616038322449
0.8803698420524597
0.936749279499054
0.8204605579376221
0.8909120559692383
0.8919931650161743
0.8841500282287598
0.9893353581428528
0.9276455044746399
0.7324889302253723
0.8639023303985596
0.9509443640708923
0.8958065509796143
0.8724948763847351
0.9312584400177002
0.8747800588607788
0.88922119140625
0.9111919403076172
0.8827908039093018
0.9258162379264832
0.8995614647865295
0.8669870495796204
0.8499792218208313
0.8752872347831726
0.7615121006965637
0.9689109325408936
0.8672118782997131
0.8931341767311096
0.8953961133956909
0.8189493417739868
0.7625873684883118
0.9044803977012634
0.7449397444725037
0.9092612266540527
0.8052974939346313
0.9314414858818054
0.8058949708938599
0.8700546026229858
0.7384523749351501
0.8453075885772705
0.7852298021316528
0.9345191121101379
0.8341460227966309
0.8740225434303284
0.8172684907913208
0.8448044657707214
0.9079020023345947
0.8292663097381592
0.8824935555458069
0.9353461265563965
0.8897202610969543
0.8491553068161011
0.695762574672699
0.6527559161186218
0.8287708163261414
0.80596524477005
0.7429100275039673
0.7304888367652893
0.7994551658630371
0.8163407444953918
0.8434727787971497
0.7385200262069702
0.8925447463989258
0.8758893013000488
0.8391687273979187
0.8747007250785828
0.7997557520866394
0.825702428817749
0.8731898665428162
0.8745256662368774
0.9230554699897766
0.838843822479248
0.9318188428878784
0.7653770446777344
0.7114512324333191
0.8363164663314819
0.8880826234817505
0.8763388395309448
0.8336293697357178
0.8835424184799194
0.7847261428833008
0.813796877861023
0.8840438723564148
0.9306071400642395
0.8244479894638062
0.831925630569458
0.7886082530021667
0.839121401309967
0.8169142603874207
0.8554631471633911
0.8422020673751831
0.7560192346572876
0.7387331128120422
0.7010558247566223
0.654305100440979
0.8401795029640198
0.8975268006324768
0.9028081297874451
0.9064775109291077
0.7842164635658264
0.8075196146965027
0.9280259609222412
0.880547821521759
0.8025805354118347
0.8565673828125
0.9373148679733276
0.9243590235710144
0.9025796055793762
0.9303792119026184
0.9029898047447205
0.9274916052818298
0.9383140206336975
0.9647753834724426
0.8475317358970642
0.8293164968490601
0.8389317393302917
0.8056614398956299
0.7948328852653503
0.795336902141571
0.8929921984672546
0.9159573912620544
0.9297711849212646
0.8311278820037842
0.8866028785705566
0.854141891002655
0.9131280779838562
0.8549779653549194
0.9045891165733337
0.739242672920227
0.7434884309768677
0.8673572540283203
0.8748214244842529
0.8589572906494141
0.8147761225700378
0.9225893020629883
0.8661482930183411
0.8542821407318115
0.8342939019203186
0.9334873557090759
0.7890512943267822
0.8695659041404724
0.7939102053642273
0.8340367674827576
0.8183432817459106
0.7562328577041626
0.7667919993400574
0.9361785650253296
0.6391376852989197
0.7869884371757507
0.8602955341339111
0.8375791311264038
0.7738108038902283
0.9051566123962402
0.7872843742370605
0.7053146362304688
0.6859198212623596
0.8252933025360107
0.7547569274902344
0.8524205088615417
0.8493109941482544
0.7760037183761597
0.7154315114021301
0.8223571181297302
0.8189665675163269
0.7753262519836426
0.7471234798431396
0.760402500629425
0.6803945302963257
0.7247223258018494
0.8323847651481628
0.7724610567092896
0.8083100914955139
0.7398290038108826
0.7414420247077942
0.7510497570037842
0.7368817329406738
0.8409603834152222
0.7740921974182129
0.908867597579956
0.9014146327972412
0.8543239235877991
0.9050828218460083
0.9480774402618408
0.8954640030860901
0.8852592706680298
0.7167097926139832
0.7818557024002075
0.7536721229553223
0.7227643132209778
0.7471972703933716
0.6313923001289368
0.7523594498634338
0.8217911720275879
0.7762099504470825
0.7917405366897583
0.7742413282394409
0.7007894515991211
0.9194275736808777
0.8314973711967468
0.8675294518470764
0.8930792808532715
0.8403922319412231
0.9682233333587646
0.8936058878898621
0.8901668787002563
0.8988630771636963
0.9269082546234131
0.8525291681289673
0.7900853157043457
0.8651567697525024
0.8617411255836487
0.8608952760696411
0.8348293304443359
0.9222789406776428
0.9660086035728455
0.8174225091934204
0.9661356210708618
0.9518066048622131
0.8759952783584595
0.8922419548034668
0.8748583793640137
0.9530556797981262
0.8723835945129395
0.8759217858314514
0.924047589302063
0.9065680503845215
0.8779871463775635
0.737441897392273
0.8616901636123657
0.8543798923492432
0.8297638893127441
0.7324867248535156
0.8646157383918762
0.7515312433242798
0.8592215776443481
0.7316460609436035
0.9083799123764038
0.8945904970169067
0.8299562335014343
0.8240906596183777
0.7842186689376831
0.9238662719726562
0.9188355207443237
0.8318244218826294
0.8474858403205872
0.7599294781684875
0.8304693102836609
0.7181838154792786
0.8275641798973083
0.8269124031066895
0.8053784966468811
0.9013245701789856
0.8460212349891663
0.8382903933525085
0.8188150525093079
0.8367878794670105
0.8880942463874817
0.8830359578132629
0.8386040925979614
0.825175940990448
0.9398553371429443
0.9213168621063232
0.8440120220184326
0.8872098922729492
0.6495853066444397
0.9003980755805969
0.7979132533073425
0.8077940344810486
0.7581014633178711
0.7521530985832214
0.7606661915779114
0.8206624388694763
0.7609084844589233
0.795910656452179
0.7353134751319885
0.7418947219848633
0.7615653872489929
0.8639115691184998
0.8578583002090454
0.808971643447876
0.7201770544052124
0.763852059841156
0.7985649108886719
0.8291066884994507
0.8469063639640808
0.9046633839607239
0.9999998807907104
0.8703031539916992
0.8323358297348022
0.7946288585662842
0.8582464456558228
0.873755156993866
0.90874183177948
0.8491607308387756
0.8295444846153259
0.8089709281921387
0.8005931973457336
0.8293060064315796
0.849578320980072
0.7893470525741577
0.7578705549240112
0.8872546553611755
0.7505455017089844
0.7605404257774353
0.9384040236473083
0.749725878238678
0.8451776504516602
0.7875748872756958
0.9247320890426636
0.8591411113739014
0.9123660922050476
0.8985071182250977
0.8861100673675537
0.8976678848266602
0.790593683719635
0.9751530885696411
0.8070756196975708
0.9118480682373047
0.9206929802894592
0.8909271955490112
0.915378749370575
0.8928567171096802
0.6807109713554382
0.8397282361984253
0.799929141998291
0.7712522149085999
0.855504035949707
0.8347755670547485
0.8450347781181335
0.8433476686477661
0.7754485011100769
0.8768621683120728
0.8576762080192566
0.8652692437171936
0.6583307981491089
0.7816331386566162
0.8390588164329529
0.7884348034858704
0.8091729879379272
0.7986469268798828
0.8667287230491638
0.7647784352302551
0.7169947624206543
0.8045142292976379
0.765130341053009
0.7219547629356384
0.8281061053276062
0.9049636721611023
0.845116913318634
0.801829993724823
0.7948626279830933
0.81122887134552
0.9489824771881104
0.8916443586349487
0.8139652013778687
0.8903301954269409
1.0000001192092896
0.8316361904144287
0.890917956829071
0.8170672655105591
0.773281455039978
0.7649210691452026
0.8407825231552124
0.868764340877533
0.8003000020980835
0.8240110874176025
0.9118865728378296
0.8971192240715027
0.7889942526817322
0.8277466893196106
0.8543158769607544
0.7924724221229553
0.8303396105766296
0.934888482093811
0.8071765899658203
0.8839735388755798
0.6709040403366089
0.7130072712898254
0.7212278246879578
0.7353869080543518
0.7754982113838196
0.6549091339111328
0.7268346548080444
0.7908520102500916
0.7643027901649475
0.7569009065628052
0.7589637637138367
0.7408314347267151
0.7532421350479126
0.7446926236152649
0.8012997508049011
0.6405621767044067
0.8147477507591248
0.8534064888954163
0.6741508841514587
0.9233251214027405
0.8859630823135376
0.8859440088272095
0.7912620902061462
0.8180422186851501
0.8653620481491089
0.9064544439315796
0.8252943754196167
0.9693178534507751
0.8829561471939087
0.8167956471443176
0.8394002914428711
0.741330623626709
0.8426470756530762
0.8395395278930664
0.8222735524177551
0.9191259741783142
0.9084141850471497
0.9237403869628906
0.762190580368042
0.9228749871253967
0.9186669588088989
0.8918837308883667
0.9626927971839905
0.9189239144325256
0.9269461035728455
0.9050034284591675
0.9272873997688293
0.7627779245376587
0.9459672570228577
0.9999999403953552
0.8679219484329224
0.9655330777168274
0.9055156707763672
0.9271038770675659
1.0000003576278687
0.9030725955963135
1.000000238418579
0.9779288172721863
0.7462568283081055
0.8226937055587769
0.7374388575553894
0.777073085308075
0.6503826379776001
0.844481885433197
0.8445486426353455
0.8319233059883118
0.8028866648674011
0.7726147770881653
0.8363882899284363
0.8355598449707031
0.7538947463035583
0.8147376179695129
0.8012419939041138
0.7958046793937683
0.8369817733764648
0.8046064376831055
0.7895019054412842
0.8301902413368225
0.8698924779891968
0.814845860004425
0.8426454663276672
0.7802438139915466
0.8078323602676392
0.8378550410270691
0.931188702583313
0.7996836304664612
0.8609132766723633
0.870203971862793
0.9072259068489075
0.7914988994598389
0.8458667397499084
0.82137131690979
0.7599607110023499
0.7751541137695312
0.8417458534240723
0.7638025283813477
0.7837080359458923
0.7041403651237488
0.7182930707931519
0.6633690595626831
0.8733949661254883
0.7200242877006531
0.6996968388557434
0.6491729021072388
0.7297955751419067
0.787105917930603
0.9485244154930115
0.8703480362892151
0.7627707719802856
0.7210049629211426
0.6201428771018982
0.7283395528793335
0.7660208344459534
0.7561249136924744
0.791684627532959
0.8548620939254761
0.7192813158035278
0.832800567150116
0.8264501094818115
0.6610949635505676
0.7351309061050415
0.7511170506477356
0.7804515957832336
0.8110454678535461
0.8038074970245361
0.759945809841156
0.7166811227798462
0.8188202381134033
0.8364391326904297
0.7279189229011536
0.8101359605789185
0.7645885348320007
0.8791532516479492
0.8148829936981201
0.8986928462982178
0.9755885004997253
0.8503206372261047
0.9747908115386963
0.9694793224334717
0.8324962258338928
0.8920215964317322
0.8172250390052795
0.9193525910377502
0.8586001992225647
0.8335490226745605
0.955899715423584
0.8308181762695312
0.8884339332580566
0.8859022855758667
0.8393867015838623
0.9314765334129333
0.9109354615211487
0.8495690822601318
0.8403674960136414
0.8434411883354187
0.9840168356895447
0.8811060190200806
0.944831371307373
0.6582916975021362
0.8330739140510559
0.7086735367774963
0.7258515954017639
0.7073325514793396
0.7833957672119141
0.7770609855651855
0.8024083971977234
0.8657913208007812
0.7860041260719299
0.7583225965499878
0.8025586605072021
0.7557729482650757
0.6827430725097656
0.8289944529533386
0.8263471126556396
0.792137861251831
0.7940269112586975
0.8203418850898743
0.8492818474769592
0.9144977927207947
0.811461865901947
0.836723804473877
0.7640395760536194
0.7450485229492188
0.7933998107910156
0.7923513054847717
0.6906875371932983
0.7502447366714478
0.7304945588111877
0.8088313341140747
0.7219264507293701
0.8404215574264526
0.800305962562561
0.810221254825592
0.7887964844703674
0.8005150556564331
0.8507338166236877
0.7608094215393066
0.7412024736404419
0.77613765001297
0.8259887099266052
0.8387848734855652
0.8886299133300781
0.7688161730766296
0.7949327826499939
0.7909958958625793
0.7983241677284241
0.8742696046829224
0.8152161836624146
0.6920765042304993
0.7295932769775391
0.7630048990249634
0.7672677040100098
0.9267653226852417
0.7617993950843811
0.838395893573761
0.7906444072723389
0.857511043548584
0.8613977432250977
0.7376008033752441
0.7325229048728943
0.7553818821907043
0.7878198623657227
0.8970527052879333
0.7283991575241089
0.760398805141449
0.7305450439453125
0.8773082494735718
0.7797419428825378
0.8416176438331604
0.9250414371490479
0.815496027469635
0.9090775847434998
0.8172324299812317
0.789762556552887
0.8172910213470459
0.7874265313148499
0.8645512461662292
0.8711869716644287
0.9559080004692078
0.9296345114707947
0.8756248354911804
0.9007757306098938
0.8948659300804138
0.8231226205825806
0.8721640706062317
0.8561500906944275
0.877581775188446
0.7975837588310242
0.8347488641738892
0.9054753184318542
0.8339500427246094
0.8368315100669861
0.8275997638702393
0.8137306571006775
0.8603808879852295
0.8150882124900818
0.7417170405387878
0.8089015483856201
0.835387647151947
0.7004040479660034
0.8583645820617676
0.8905965089797974
0.6784797310829163
0.8355679512023926
0.7842527627944946
0.6780682802200317
0.7727685570716858
0.7279804348945618
0.7624543905258179
0.690975546836853
0.7417190670967102
0.7392808794975281
0.8350573778152466
0.7745303511619568
0.9773275852203369
0.9151949286460876
0.9877884984016418
0.818432629108429
0.8978255391120911
0.8919931650161743
0.8841500282287598
0.9999998807907104
0.9284750819206238
0.7947626709938049
0.846813976764679
0.9287034869194031
0.9297190308570862
0.9220182299613953
0.9312584400177002
0.8164582848548889
0.9089716076850891
0.9147762656211853
0.9071118235588074
0.9018800258636475
0.8554431200027466
0.8561302423477173
0.8640497326850891
0.8742904663085938
0.6887984275817871
0.9136978983879089
0.8876489400863647
0.9167492985725403
0.7503842711448669
0.8590338230133057
0.8294517397880554
0.8484229445457458
0.7702957987785339
0.9278977513313293
0.8872444033622742
0.9397061467170715
0.7787884473800659
0.8663926124572754
0.740168035030365
0.8500563502311707
0.7990148067474365
0.9866649508476257
0.8648228049278259
0.8904200792312622
0.8167679309844971
0.8470153212547302
0.9274447560310364
0.8494948744773865
0.8698896765708923
0.9584234952926636
0.8904834985733032
0.842126727104187
0.6150769591331482
0.6643109917640686
0.9004753828048706
0.834295392036438
0.8037647604942322
0.751469075679779
0.8482467532157898
0.9091320633888245
0.8412545919418335
0.742150068283081
0.8907298445701599
0.8903889060020447
0.8666002750396729
0.8825387954711914
0.8168244361877441
0.8421981334686279
0.840850293636322
0.8670551180839539
0.89546799659729
0.7559962272644043
0.9318188428878784
0.7920473217964172
0.725381076335907
0.8501827716827393
0.8432636260986328
0.8712396621704102
0.8890297412872314
0.8687260150909424
0.7698416709899902
0.8542114496231079
0.8902050852775574
0.9286550879478455
0.8156870603561401
0.8137630820274353
0.8251714706420898
0.839121401309967
0.8118709921836853
0.8451353907585144
0.8306997418403625
0.7506071329116821
0.7134977579116821
0.7056959271430969
0.7095904350280762
0.8111274838447571
0.8975268006324768
0.8945239782333374
0.9242697954177856
0.780195415019989
0.8083428144454956
0.9152188897132874
0.8936392664909363
0.8310251235961914
0.8430185914039612
0.9562318325042725
0.9098811745643616
0.9128544926643372
0.8365843892097473
0.9774171113967896
0.9443848729133606
0.9434788823127747
0.9304028749465942
0.8344977498054504
0.8226651549339294
0.8984118700027466
0.8609341979026794
0.7684533596038818
0.7718048691749573
0.8716623783111572
0.9159573912620544
0.9297711849212646
0.8281342387199402
0.8866028785705566
0.9283953905105591
0.9115797281265259
0.7841431498527527
0.861752450466156
0.739242672920227
0.8094385862350464
0.8495000600814819
0.8339419960975647
0.8440513610839844
0.7841583490371704
0.8806958794593811
0.8365747928619385
0.8342859148979187
0.7963264584541321
0.8829807639122009
0.7888123393058777
0.9026323556900024
0.7406790852546692
0.8250990509986877
0.802028238773346
0.7940114736557007
0.7832679748535156
0.9452675580978394
0.7816330790519714
0.832315981388092
0.8335579037666321
0.849646270275116
0.8051047325134277
0.8135271072387695
0.7529123425483704
0.7492532730102539
0.7266234755516052
0.8175974488258362
0.7368560433387756
0.8303753733634949
0.9061554670333862
0.7760037183761597
0.8046698570251465
0.8137217164039612
0.8312821984291077
0.7842793464660645
0.7605200409889221
0.8071638941764832
0.7062910795211792
0.7066783308982849
0.8243460655212402
0.7721279859542847
0.7984897494316101
0.7410611510276794
0.7689523696899414
0.7781882286071777
0.7421419620513916
0.7900806069374084
0.8612809777259827
0.9111626744270325
0.9606940150260925
0.8344693779945374
0.9142874479293823
0.9517620801925659
0.8615023493766785
0.8851382732391357
0.7021893262863159
0.760170578956604
0.7646154761314392
0.7232346534729004
0.785513699054718
0.6298176646232605
0.7646654844284058
0.8173069953918457
0.7787284255027771
0.7961891293525696
0.7828954458236694
0.7353295683860779
0.9194275736808777
0.820097804069519
0.9342841506004333
0.8867231607437134
0.8595170974731445
0.9692805409431458
0.9211512207984924
0.8916324377059937
0.93654465675354
0.9261085987091064
0.8367747664451599
0.9109991192817688
0.8381840586662292
0.8572023510932922
0.8194953799247742
0.8701391816139221
0.9140487313270569
0.9660086035728455
0.8259601593017578
0.9661356210708618
0.9262076020240784
0.9138107895851135
0.8931174874305725
0.8838376402854919
0.9472000598907471
0.8873158097267151
0.8449580073356628
0.9255083203315735
0.9004955887794495
0.8779871463775635
0.7992154359817505
0.8133717775344849
0.8748641610145569
0.8256087303161621
0.8198128938674927
0.8716343641281128
0.7531546950340271
0.8746165633201599
0.7316460609436035
0.8795995712280273
0.8384539484977722
0.8384465575218201
0.8265204429626465
0.7975011467933655
0.874424934387207
0.8766225576400757
0.827246904373169
0.8473525643348694
0.7809697389602661
0.7871384024620056
0.7300320863723755
0.8286703824996948
0.8072197437286377
0.8203238248825073
0.9358963966369629
0.8520308136940002
0.8719791173934937
0.7879659533500671
0.7758688926696777
0.8880942463874817
0.8546344637870789
0.77484530210495
0.8129271864891052
0.8210996389389038
0.917810320854187
0.8085376024246216
0.8728047609329224
0.5914525389671326
0.845744252204895
0.7135263085365295
0.7620596289634705
0.7314852476119995
0.7119642496109009
0.7665884494781494
0.8181698322296143
0.7889115214347839
0.8159695863723755
0.7459666132926941
0.7349137663841248
0.7559594511985779
0.9055222272872925
0.907306432723999
0.8676959276199341
0.7312698364257812
0.7814273238182068
0.8177816867828369
0.8447776436805725
0.8979531526565552
0.9036238789558411
0.8723633885383606
0.9831390380859375
0.8183430433273315
0.85589998960495
0.87373286485672
0.8664437532424927
0.90874183177948
0.8621001243591309
0.7919873595237732
0.8125965595245361
0.787606418132782
0.8205671906471252
0.9019383192062378
0.778639554977417
0.7453953623771667
0.8804851770401001
0.7336147427558899
0.7872533798217773
0.9384040236473083
0.6832349300384521
0.8245469927787781
0.8240911960601807
0.9527670741081238
0.8973295092582703
0.9129362106323242
0.8811794519424438
0.8965321779251099
0.9334904551506042
0.868687093257904
0.9595021605491638
0.8011589050292969
0.898409366607666
0.9038761258125305
0.9071739912033081
0.9100036025047302
0.899425208568573
0.7352069020271301
0.8662430047988892
0.8141298294067383
0.8276726603507996
0.8653991222381592
0.8578707575798035
0.8677834272384644
0.8302148580551147
0.76984041929245
0.9296150803565979
0.8846423029899597
0.8622373342514038
0.684697687625885
0.7785568833351135
0.837474524974823
0.7806714773178101
0.8091729879379272
0.7970091700553894
0.8503281474113464
0.784382700920105
0.7764589786529541
0.8371453881263733
0.765130341053009
0.7155404686927795
0.8302737474441528
0.9049636721611023
0.9204997420310974
0.8637160062789917
0.8909821510314941
0.8304961919784546
0.9735398888587952
0.9644744396209717
0.8725934028625488
0.9529922604560852
1.0000001192092896
0.9361705780029297
0.8643430471420288
0.8216856122016907
0.7811838984489441
0.666925847530365
0.8311337828636169
0.843105673789978
0.8132627010345459
0.850319504737854
0.9398347735404968
0.8818476796150208
0.7908067107200623
0.8404063582420349
0.8692271709442139
0.8313833475112915
0.845223605632782
0.9371866583824158
0.8600537180900574
0.9332138299942017