0.8524473309516907
0.7953805327415466
0.7979966402053833
0.8479099869728088
0.898810625076294
0.8326648473739624
0.8495544195175171
0.8052339553833008
0.8433178663253784
0.8170287609100342
0.9068199396133423
0.9337329268455505
0.862490177154541
0.7397558689117432
0.8499731421470642
0.8862219452857971
0.79829341173172
0.8822107315063477
0.8334558010101318
0.7905797362327576
0.8449233174324036
0.9492617845535278
0.9023542404174805
0.8112267851829529
0.8480996489524841
0.9434653520584106
0.9222730398178101
0.9342256784439087
0.9083557724952698
0.9085709452629089
1.0000001192092896
0.9545106887817383
0.9748360514640808
0.79100102186203
0.9421340227127075
0.9046756625175476
0.8795982003211975
0.5189237594604492
0.8982365727424622
0.9551326036453247
0.9599482417106628
0.9430831670761108
0.8673165440559387
0.966730535030365
0.8773830533027649
0.9308222532272339
0.8467190861701965
0.8789692521095276
0.8537896871566772
0.891482412815094
0.861153244972229
0.8971289992332458
0.7386805415153503
0.8370707631111145
0.9270215034484863
0.8427667617797852
0.82257080078125
0.7493755221366882
0.8944486379623413
0.8004528284072876
0.7887132167816162
0.9642032384872437
0.7659721970558167
0.7891156673431396
0.8079481720924377
0.901907205581665
0.8997529745101929
0.7929214835166931
0.8231542706489563
0.8984711170196533
0.8450472950935364
0.8865514397621155
0.9729273915290833
0.9323495030403137
0.857377290725708
0.9662992358207703
0.8492781519889832
0.8881600499153137
0.9206535220146179
0.9525585770606995
0.8965547680854797
0.853477954864502
0.6961821913719177
0.9115221500396729
0.8972216248512268
0.9355380535125732
0.9999997615814209
0.9091691970825195
0.8877930641174316
0.7908345460891724
0.8661266565322876
0.7707393169403076
0.8680894374847412
0.8193322420120239
0.8036065697669983
0.9336000084877014
0.9999999403953552
0.7919687032699585
0.855435311794281
0.900265097618103
0.8960615396499634
0.7981243133544922
0.9078980684280396
0.8257990479469299
0.9212539792060852
0.9001521468162537
0.8750139474868774
0.9188860654830933
0.8790264129638672
0.8255953192710876
0.854823112487793
0.854823112487793
0.8160012364387512
0.9113914370536804
0.9033653736114502
0.947005033493042
0.9696134924888611
0.9556572437286377
0.9556572437286377
0.8287218809127808
0.7820947170257568
0.8428922891616821
0.8852421045303345
0.8264245390892029
0.8710327744483948
0.9468421339988708
0.8036668300628662
0.8738332390785217
0.8422840237617493
0.8108903169631958
0.8668338656425476
0.8307066559791565
0.9366360306739807
0.8379563689231873
0.8838305473327637
0.8835154175758362
0.9147045016288757
0.8058919906616211
0.8401106595993042
0.9400138258934021
0.9293310046195984
0.8718206286430359
0.765916109085083
0.97156822681427
0.8699184656143188
0.8419066667556763
0.9323030114173889
0.8056608438491821
0.9108452796936035
0.8286225199699402
0.8833983540534973
0.8417069315910339
0.8635453581809998
0.9609617590904236
0.8799393177032471
0.8502386212348938
0.8218533396720886
0.8547611236572266
0.9080675840377808
0.8243950605392456
0.9489334225654602
0.8245977163314819
0.8430887460708618
0.8286412954330444
0.8926764130592346
0.8427357077598572
0.8414798378944397
0.8270083665847778
0.888241171836853
0.9094851016998291
0.8888529539108276
0.7920926213264465
0.9040355682373047
0.8704767823219299
0.904000461101532
0.869371235370636
0.785477340221405
0.8034372925758362
0.8198561668395996
0.8025517463684082
0.8637768626213074
0.8637468218803406
0.8930050134658813
0.9146283268928528
0.7635133266448975
0.8212299942970276
0.8098772168159485
0.8946471214294434
1.0000001192092896
0.9284996390342712
0.7616180181503296
0.8147343397140503
0.9317237734794617
0.8005313277244568
0.9288064241409302
0.8959501385688782
0.8506916761398315
0.8856729865074158
0.8738107085227966
0.7143840789794922
0.8607630729675293
0.6792357563972473
0.8744478821754456
0.9542069435119629
0.8510113954544067
0.9117882251739502
1.0
0.8183550238609314
0.9038916230201721
0.8365601897239685
0.8988177180290222
1.0
0.7571783661842346
0.8633915185928345
0.954179584980011
0.874811589717865
0.8871569037437439
0.9905660152435303
0.8136758804321289
0.7368518114089966
0.8778284788131714
0.8269258737564087
0.8320268988609314
0.7995074987411499
0.7972758412361145
0.8083589673042297
0.8812684416770935
0.6776843667030334
0.8933570981025696
0.9416913390159607
0.7109156847000122
0.8772596120834351
0.8640440106391907
0.8790812492370605
0.7926133275032043
0.8972198367118835
0.8033424019813538
0.8917658925056458
0.8890398144721985
0.8982293605804443
0.7874020934104919
0.8982656002044678
0.8753679394721985
0.9304381012916565
1.0000001192092896
1.0000001192092896
0.8396335244178772
0.864952802658081
0.9241848587989807
0.8736785054206848
0.8452391028404236
0.8585039377212524
0.9558219909667969
0.9265406727790833
0.6683297753334045
0.8886770606040955
0.9699172973632812
0.8484806418418884
0.8493508696556091
0.8120204210281372
0.8510186672210693
0.8673786520957947
0.8499562740325928
0.8574168682098389
0.8201032876968384
0.9999999403953552
0.7928669452667236
0.7458959221839905
0.7956904172897339
0.7465547919273376
0.8706184029579163
0.9479258060455322
0.8957358598709106
0.7871894240379333
0.9194966554641724
0.9166577458381653
0.680791974067688
1.0
0.8203012347221375
0.8151580691337585
0.8539968132972717
0.9315255284309387
0.8458013534545898
0.9243578314781189
0.8908860087394714
0.9732824563980103
0.8369866609573364
0.8447370529174805
0.7252755165100098
0.9021048545837402
0.900536060333252
0.7122282385826111
0.9477781653404236
0.7633295059204102
0.8551933169364929
0.886784553527832
0.8803912997245789
0.8887493014335632
0.9258602261543274
0.8723339438438416
0.9062287211418152
0.7522880434989929
0.8668988347053528
0.9713532328605652
0.8944597840309143
0.8714233040809631
0.7616519331932068
0.9495363831520081
0.8726807832717896
0.908571720123291
0.9359562397003174
0.7933323979377747
0.866594672203064
0.8720704913139343
0.9086940288543701
0.8563376665115356
0.8704160451889038
0.7968738079071045
0.9031935930252075
0.806637704372406
0.8834521174430847
0.8925836086273193
0.8622735738754272
0.8600513339042664
0.8645390868186951
0.8320633769035339
0.8411460518836975
0.8575956225395203
0.9004980325698853
0.8542899489402771
0.8926292061805725
0.7939074635505676
0.9373940825462341
0.8567065000534058
0.9211540222167969
0.9601939916610718
0.8013737797737122
0.8846012949943542
0.8260053396224976
0.8746605515480042
0.826423168182373
0.8598427772521973
0.7917426228523254
0.7226656079292297
0.84026700258255
0.7413122653961182
0.799005389213562
0.9133108258247375
0.8856930732727051
0.8520053625106812
0.8442723155021667
0.7728633880615234
0.9720790982246399
0.921869695186615
0.9170116186141968
0.7968951463699341
0.8552910685539246
0.7951023578643799
0.8789721131324768
0.8581642508506775
0.799819827079773
0.767525851726532
0.9345289468765259
0.9868242740631104
0.8964959979057312
0.9586284160614014
0.8981426358222961
0.9175415635108948
0.7288826107978821
0.951608419418335
0.8421377539634705
0.8703160881996155
0.8311780691146851
0.9776184558868408
0.9939461350440979
0.8919941782951355
0.7741988301277161
0.852067232131958
0.9167901277542114
0.8769429922103882
0.9509046673774719
0.8259089589118958
0.8275265693664551
0.8455514311790466
0.9010681509971619
0.7755871415138245
0.8168790340423584
0.9235571622848511
0.9302291870117188
0.737302839756012
0.8943538069725037
0.9404128789901733
0.891849935054779
0.9056483507156372
0.8875077962875366
0.9015807509422302
0.840379536151886
0.8739927411079407
0.8732433915138245
0.9179733395576477
0.9026331901550293
0.8287918567657471
0.9153802394866943
0.8501015305519104
0.8943566083908081
0.9415529370307922
0.9394830465316772
0.936320960521698
0.8278652429580688
0.9353283047676086
0.9863944053649902
0.8858004212379456
0.9147674441337585
0.8239213824272156
0.8082969188690186
0.7413738965988159
0.6800466179847717
0.9124021530151367
0.9452980756759644
0.774470329284668
0.958074688911438
0.8693317770957947
0.8620539903640747
0.8852102160453796
0.8715874552726746
0.8771737813949585
0.7597724199295044
0.9306091070175171
0.8992570638656616
0.8888165950775146
0.8453674912452698
0.8510908484458923
0.9098071455955505
0.8586761951446533
0.8878645300865173
0.8613322377204895
0.7282857894897461
0.901756763458252
0.9385730028152466
0.8586515188217163
0.8877269625663757
0.8494682908058167
0.9231465458869934
0.9153363108634949
0.8630781173706055
0.909565269947052
0.817305326461792
0.8486546874046326
0.9761577844619751
0.9185065627098083
0.8245921730995178
0.8102247714996338
0.788941502571106
0.9030019044876099
0.9134876728057861
0.811848521232605
0.875454306602478
0.8063850402832031
0.7431747913360596
0.772834300994873
0.8885440230369568
0.7747785449028015
0.7863901257514954
0.7569077610969543
0.8245482444763184
0.9313395023345947
0.8232386708259583
0.8667858839035034
0.9202487468719482
0.7693145871162415
0.9238899350166321
0.9280276298522949
0.7455027103424072
0.6807544231414795
0.82025146484375
0.8394017219543457
0.8801027536392212
0.7273803353309631
0.8530524969100952
0.82602858543396
0.8273581862449646
0.9214491844177246
0.8166454434394836
0.846265435218811
0.6249457597732544
0.8229973316192627
0.8936824798583984
0.9537372589111328
0.8838508129119873
0.8175987005233765
0.7268503904342651
0.7983589768409729
0.8137531876564026
0.7362927794456482
0.9495741128921509
0.8777297735214233
0.9135676622390747
0.8227736353874207
0.8453782796859741
0.857100784778595
0.7766637802124023
0.786160409450531
0.9362104535102844
0.775962233543396
0.9499164819717407
0.900904655456543
0.9177830219268799
0.763241171836853
0.9018391370773315
0.8787128925323486
0.9058533310890198
0.7751361131668091
0.873833954334259
0.79052734375
0.9650538563728333
0.876647412776947
0.902279257774353
0.9049397706985474
0.8583044409751892
0.8335737586021423
0.7685704231262207
0.8645490407943726
0.8343825936317444
0.8243722319602966
1.0000001192092896
0.8588145971298218
0.8856660723686218
0.981519877910614
0.783280611038208
0.8468262553215027
0.8777332305908203
0.980963945388794
0.7465652823448181
0.4939834475517273
0.5878685712814331
0.7312644124031067
0.8224899172782898
0.9294727444648743
0.9409078359603882
0.7626022100448608
0.9062024354934692
0.8586243987083435
0.9277601838111877
0.8794267177581787
0.9044620394706726
0.8696542978286743
0.7638028264045715
0.8409029841423035
0.8398811221122742
0.8320329189300537
0.715865969657898
0.8558082580566406
0.9823729991912842
0.8989773392677307
0.799497127532959
0.8222063779830933
0.9257739186286926
0.9473183751106262
0.9151333570480347
0.942401111125946
0.6957295536994934
0.8594549894332886
0.8493754863739014
0.8765377402305603
0.919221043586731
0.8929473161697388
0.7068213820457458
0.765770673751831
0.8167918920516968
0.8091402649879456
0.920658528804779
0.8089802265167236
0.836510419845581
0.7889153957366943
0.7877435088157654
0.9417779445648193
0.7455008029937744
0.7556881308555603
0.8032835721969604
0.9463710188865662
0.8531390428543091
0.8392128944396973
0.8262549042701721
0.7190176248550415
0.7462451457977295
0.8793923854827881
0.7810001373291016
0.7641667723655701
0.9097456336021423
0.8532198667526245
0.9294636249542236
0.6820246577262878
0.9999999403953552
0.6040403246879578
0.8841505646705627
0.6591694951057434
0.716955840587616
0.8366693258285522
0.7946035265922546
0.8195885419845581
0.8461316227912903
0.8305124640464783
0.9486745595932007
0.8175547122955322
0.9263737797737122
0.87482088804245
0.9032415151596069
0.7556536793708801
0.9153123497962952
0.8860717415809631
0.9285000562667847
0.6919572353363037
0.9104378819465637
0.8862025141716003
0.9221419095993042
0.8942571878433228
0.6266174912452698
1.0
0.7846676707267761
0.7826390862464905
0.8502545356750488
0.7738702297210693
0.9239136576652527
0.6374267935752869
0.7732188701629639
0.8509287238121033
0.756324827671051
0.811308741569519
0.7439188361167908
0.9067479372024536
0.9182036519050598
0.9604852795600891
0.8782533407211304
0.8635869026184082
0.8894996047019958
0.8007082343101501
0.8157124519348145
0.9027986526489258
0.7116339802742004
0.7514954805374146
0.8071301579475403
0.67931067943573
1.0
0.851111114025116
0.8130943179130554
0.8325642943382263
0.9068693518638611
0.8204981684684753
0.9848142266273499
0.764964759349823
0.9175488948822021
0.9115597605705261
0.6689559817314148
0.8728073835372925
0.9042052626609802
0.9567442536354065
0.8486136198043823
0.8025118708610535
0.822598397731781
0.9999999403953552
0.8142364025115967
0.7684550285339355
0.8760209083557129
0.8759083151817322
0.9639245867729187
0.6671032309532166
0.8263007998466492
0.8222424387931824
0.8752920627593994
0.8713371157646179
0.7163330912590027
0.7275639176368713
0.6056237816810608
0.7744471430778503
0.7953948378562927
0.8638169765472412
0.7971695065498352
0.908945620059967
0.8399620056152344
0.9033700823783875
0.9999999403953552
0.8750137090682983
0.8930367231369019
0.8239327669143677
0.7774255275726318
0.8236544728279114
0.8836435675621033
0.8780829906463623
0.8865166306495667
0.9098173975944519
0.940606951713562
0.9738770723342896
0.6254252195358276
0.7546486854553223
0.9062039852142334
0.8592886328697205
0.760063648223877
0.8857208490371704
0.8337709903717041
0.8084258437156677
0.9722949862480164
0.9306079745292664
0.9589886665344238
0.7970936298370361
0.8639110326766968
0.8560553193092346
0.8220794200897217
0.7273533344268799
0.896560788154602
0.8492144346237183
0.9101601243019104
0.8447139859199524
0.7815414071083069
0.8590207099914551
0.8971721529960632
0.8354031443595886
0.8753808736801147
0.6197789907455444
0.8517554998397827
0.9062902927398682
0.9642590284347534
0.8965280652046204
0.7001208662986755
0.8007689118385315
0.8728477358818054
1.0000001192092896
0.8441857099533081
0.8446023464202881
0.8941131830215454
0.8127756714820862
0.829682469367981
0.8722048401832581
0.8338143229484558
0.9075380563735962
0.8985276222229004
0.899925947189331
0.8305901288986206
0.8500499725341797
0.7687738537788391
0.8640375733375549
1.0
0.8315141201019287
0.8332814574241638
0.7810999751091003
0.7792051434516907
0.7839244604110718
0.7807409763336182
0.8327187299728394
0.5845012068748474
0.772088885307312
0.8070592284202576
0.8348705172538757
0.7678832411766052
0.80458664894104
0.7007536292076111
0.7540780901908875
0.6737180948257446
0.7954666614532471
0.8759869933128357
0.7617120146751404
0.9191192388534546
0.9191192388534546
0.9487757086753845
0.9539016485214233
0.7439589500427246
0.7484762668609619
0.9703887104988098
0.7474446892738342
0.8100717067718506
0.9453656077384949
0.726603090763092
0.9038848876953125
0.8295741677284241
0.8340509533882141
0.8200678825378418
0.8079204559326172
0.7794584631919861
0.9535230994224548
0.9078660011291504
0.7482783198356628
1.000000238418579
0.7778609991073608
0.8923182487487793
0.7359424829483032
0.8916141986846924
0.8908423781394958
0.8823761940002441
0.8647288084030151
0.768770694732666
0.611806333065033
0.8535045385360718
0.8519013524055481
0.8621911406517029
0.8314523696899414
0.8954378366470337
0.7778583765029907
0.9064433574676514
0.9999998807907104
0.48691728711128235
0.9082040190696716
0.8824446797370911
0.7514280676841736
0.7878963947296143
0.9236989617347717
0.8313326239585876
0.8447486162185669
0.817507266998291
0.7361656427383423
0.7334756851196289
0.9026289582252502
0.8320621848106384
0.7643399238586426
0.9111644625663757
0.7889872789382935
0.9473551511764526
0.8939883708953857
0.7720422744750977
0.756279468536377
0.7340307831764221
0.9446071982383728
0.9153071045875549
1.000000238418579
0.9830611348152161
0.7440881133079529
0.827535092830658
0.7148759961128235
0.7521323561668396
0.8429163098335266
0.5784030556678772
0.816403329372406
0.9149011373519897
0.8979186415672302
0.8210167288780212
0.8477651476860046
0.9131125807762146
0.6568013429641724
0.8094790577888489
0.8909035325050354
0.8538536429405212
0.865840494632721
0.9549275040626526
0.7610045075416565
0.826989471912384
0.8123314380645752
0.8076887726783752
0.6886420249938965
0.7263045310974121
0.9040117859840393
0.9315844774246216
0.9450326561927795
0.8153015375137329
0.8613336682319641
0.8084338903427124
0.833056628704071
0.8955714106559753
0.8386356830596924
0.8526526093482971
0.6984316110610962
0.9661551713943481
0.7374462485313416
0.8104743361473083
0.8336013555526733
0.8576686382293701
0.8473216891288757
0.7626187205314636
0.8096409440040588
0.8317360281944275
0.789952278137207
0.8887479901313782
0.8078876733779907
0.9874534010887146
0.9239159822463989
0.7382163405418396
0.8732648491859436
0.8876656293869019
0.8432279825210571
0.8094263672828674
0.9555589556694031
0.7808665037155151
0.8590952157974243
0.886389970779419
0.8445153832435608
0.8669825792312622
0.907843828201294
0.7891603708267212
0.9535464644432068
0.8984217643737793
0.8833344578742981
0.8945489525794983
0.9395174980163574
0.8654325008392334
0.6518561840057373
0.8639030456542969
0.8701428174972534
0.9488534927368164
0.9369322657585144
0.8164471983909607
0.802966833114624
0.912627637386322
0.8050987124443054
0.8614038825035095
0.8250178694725037
0.7466642260551453
0.870047926902771
0.8987326622009277
0.9072532057762146
0.8368049263954163
0.7724927067756653
0.8710253238677979
0.8347380757331848
0.8421232104301453
0.9171104431152344
0.9303454160690308
0.8308020830154419
0.8029401302337646
0.7065109610557556
0.7595734596252441
0.7160614728927612
0.9396454691886902
0.8376800417900085
0.7916872501373291
0.8884276151657104
0.8343684077262878
0.7537714838981628
0.8080787658691406
0.7644534111022949
0.7838649749755859
0.9299593567848206
0.8024620413780212
0.8112223744392395
0.8557048439979553
0.9999997019767761
0.7635436654090881
0.8193326592445374
0.8156415820121765
0.7794661521911621
0.7914538979530334
0.8320731520652771
0.7297296524047852
0.8916512131690979
0.8782309293746948
0.8320266008377075
0.767501950263977
0.8621037006378174
0.8698873519897461
0.7612195014953613
0.6999009251594543
0.9806159138679504
0.8507280945777893
0.8600355386734009
0.8747929930686951
0.8802726864814758
0.6676210761070251
0.8255171775817871
0.9267691969871521
0.874992311000824
0.8394503593444824
0.9199281930923462
0.8980675935745239
0.8136851787567139
0.7582107186317444
0.9743854403495789
0.9090660214424133
0.865084707736969
0.8307437300682068
0.7605763077735901
0.8006343245506287
0.8965975642204285
0.9342644214630127
0.8315442204475403
0.8538154363632202
0.906574547290802
0.7913342714309692
0.74735426902771
0.6850876212120056
0.8660103678703308
0.8878856897354126
0.9068347215652466
0.8630577921867371
0.8303805589675903
0.8470118641853333
0.9009992480278015
0.8710211515426636
0.7208046317100525
0.8383731842041016
0.8796275854110718
0.7967039346694946
0.826145350933075
0.7421876788139343
0.734572172164917
0.7712997198104858
0.8698380589485168
0.8950238227844238
0.9326397776603699
0.7176765203475952
0.7306939959526062
0.8841032385826111
0.8429352641105652
0.7350769639015198
0.8697493672370911
0.9177587628364563
0.6569061875343323
0.7964133620262146
0.9033574461936951
0.8608502745628357
0.9674552083015442
0.6867847442626953
0.8829292058944702
0.8817823529243469
0.8839053511619568
0.6653071045875549
0.9103080034255981
0.603585958480835
0.8338744640350342
0.812795102596283
0.8463134765625
0.6603845953941345
0.789301872253418
0.8190390467643738
0.8630766272544861
0.8258348107337952
0.8218286037445068
0.927286684513092
0.82203608751297
0.7996482253074646
0.8307358026504517
0.7890241742134094
0.6242980360984802
0.8899619579315186
0.9668609499931335
0.8293930888175964
0.7045831084251404
0.817355751991272
0.8115435838699341
0.903374433517456
0.8957011103630066
0.85777348279953
0.8819996118545532
0.8733588457107544
0.9336948394775391
0.9176221489906311
0.802839457988739
0.7711475491523743
0.8198529481887817
0.8864680528640747
0.8469501733779907
0.780953586101532
0.7747793197631836
0.8746023774147034
0.8207257390022278
0.8229473233222961
0.8492655158042908
0.8306800723075867
0.9164801239967346
0.7624814510345459
0.8546978831291199
0.919661283493042
0.9101440906524658
0.9020012617111206
0.7689234018325806
0.7479446530342102
0.8500028252601624
0.804311215877533
0.8865880966186523
0.9315460920333862
0.8957027792930603
0.8303634524345398
0.9227466583251953
0.9058860540390015
0.879659116268158
0.8358435034751892
0.9496892094612122
0.8610391020774841
0.802966833114624
0.8475690484046936
0.7796793580055237
0.7062179446220398
0.9702664017677307
0.9449405670166016
0.719086766242981
0.9433169960975647
0.9166091680526733
0.7930055260658264
0.8348377346992493
0.9134442806243896
0.6823554635047913
0.8684540390968323
0.8687230944633484
0.7956404089927673
0.8603833913803101
0.7751354575157166
0.6897060871124268
0.6650933623313904
0.9185853004455566
1.0000001192092896
0.7598055005073547
0.6609801054000854
0.8752827048301697
0.6975134015083313
0.8372259140014648
0.8668726682662964
0.8683522343635559
0.9006925225257874
0.7801011204719543
0.5450276136398315
0.7522355318069458
0.9999999403953552
0.716773271560669
0.9098430871963501
0.9118930697441101
0.738775372505188
0.9062528014183044
0.8805893659591675
0.9611849188804626
0.8475046157836914
0.7884690761566162
0.7556633949279785
0.7952465415000916
0.8576587438583374
0.8909720182418823
0.7061132192611694
0.8915282487869263
0.9721794724464417
0.7798455357551575
0.8508630394935608
0.7391438484191895
0.8936939835548401
0.4294670522212982
0.8861215114593506
0.7911539077758789
0.8162320256233215
0.8217368125915527
0.8147339820861816
0.8361190557479858
0.8379223346710205
0.7665098905563354
0.6671866178512573
0.745933473110199
0.7427729368209839
0.8301440477371216
0.8203638792037964
0.708336353302002
0.8936646580696106
0.8296403288841248
0.8349404335021973
0.7661173939704895
0.8084843754768372
0.8807883262634277
0.5584008097648621
0.8510833978652954
0.7212002873420715
0.7912468314170837
0.833448052406311
0.904313862323761
0.8675875663757324
0.8283095359802246
0.870837926864624
0.8253639340400696
0.861303985118866
0.8645371198654175
0.8047279119491577
0.641604483127594
0.6995424032211304
0.7820757627487183
0.7253025770187378
0.7800468802452087
0.7268037796020508
0.8090544939041138
0.7505766153335571
0.83382648229599
0.7914654016494751
0.8429731726646423
0.8659420013427734
0.7796618342399597
0.7163336277008057
0.7416970729827881
0.7767857909202576
0.8221750259399414
0.8639333844184875
0.895579993724823
0.7710542678833008
0.7422618269920349
0.8788890242576599
0.9642238020896912
0.8454809188842773
0.7750662565231323
0.862195611000061
0.7926040291786194
0.7601145505905151
0.7269864678382874
0.7643537521362305
0.9168461561203003
0.8740074038505554
0.8377280831336975
0.8819149136543274
0.9165178537368774
0.9050135016441345
0.7171526551246643
0.8468194603919983
0.7604425549507141
0.8691630363464355
0.7811770439147949
0.7548574209213257
0.8560488820075989
0.8232712149620056
0.8916455507278442
0.8738069534301758
0.7697712779045105
0.9780217409133911
0.8358161449432373
0.7651795744895935
0.8176785707473755
0.8170827627182007
0.7360426783561707
0.8101615309715271
0.8522248864173889
0.8064443469047546
0.8744754195213318
0.6392626166343689
0.8897113800048828
0.7832374572753906
0.8929612636566162
0.7942978143692017
0.7543231248855591
0.7624037861824036
0.9383097887039185
0.9037976264953613
0.8503721952438354
0.9576326012611389
0.956506609916687
0.7914367914199829
0.8619640469551086
0.7768595814704895
0.8325082659721375
0.8797423243522644
0.8597198724746704
0.8866162300109863
0.9253213405609131
0.8878841996192932
0.7626891136169434
0.9078254103660583
0.7305806279182434
0.7630245089530945
0.9252464175224304
0.5037562847137451
0.7871381640434265
0.8314131498336792
0.8439388275146484
0.8843494057655334
0.8214050531387329
0.6066645979881287
0.8547316193580627
0.526483416557312
0.6362882852554321
0.9640299081802368
0.7795923948287964
0.616814136505127
0.865207850933075
0.8128775358200073
0.715244472026825
0.7516271471977234
0.8856527805328369
0.8893944621086121
0.8911471962928772
0.9075223803520203
0.7934785485267639
0.906513512134552
0.8173187971115112
0.8433265686035156
0.8368484377861023
0.8974151015281677
0.7449149489402771
0.8097333908081055
0.7685684561729431
0.8255677223205566
0.843127429485321
0.7974521517753601
0.7452414035797119
0.6848558187484741
0.8348667025566101
0.8218610286712646
0.8111160397529602
0.8610848784446716
0.8365990519523621
0.679198682308197
0.8186932802200317
0.8033393025398254
0.8399024605751038
0.8611384034156799
0.7710307240486145
0.8241347074508667
0.7627311944961548
0.8883125185966492
0.7578266263008118
0.7215032577514648
0.8553591966629028
0.7751916646957397
0.7714037299156189
0.7869174480438232
0.7107499241828918
0.8517423272132874
0.7970977425575256
0.6303141117095947
0.8369889259338379
0.8151955604553223
0.8077388405799866
0.609362006187439
0.8508391380310059
0.8937486410140991
0.8065225481987
0.8922823667526245
0.9340064525604248
0.8587180376052856
0.938014566898346
0.7387375831604004
1.000000238418579
0.8695355653762817
0.8301923274993896
0.8203184008598328
0.9124130606651306
0.8346486687660217
0.8448197245597839
0.8310223817825317
0.8422096371650696
0.726374089717865
0.7937179803848267
0.8059840798377991
0.8001173138618469
0.842555046081543
0.7909241914749146
0.8778631687164307
0.7770798802375793
0.817048966884613
0.7044709920883179
0.7206642031669617
0.7761278748512268
0.7456930875778198
0.7168152928352356
0.8635640740394592
0.8416118621826172
0.7712566256523132
0.7377870678901672
0.8889750838279724
0.6879128813743591
0.8863950371742249
0.6727444529533386
0.8592235445976257
0.9187825918197632
0.7861403822898865
0.8623026609420776
0.8356637358665466
0.8356810808181763
0.9365026354789734
0.7119664549827576
0.8699803352355957
0.5940123200416565
0.8848094344139099
0.8304033875465393
0.9380598664283752
0.7953614592552185
0.8124619722366333
0.7815512418746948
0.6733731031417847
0.7034817337989807
0.8070586919784546
0.6445425748825073
0.9661440253257751
0.7363108992576599
0.73218834400177
0.7760189771652222
0.9569908380508423
0.8257708549499512
0.9712183475494385
0.8728433847427368
0.7417908310890198
0.8802655339241028
0.861814022064209
0.843796968460083
0.8279933929443359
0.8532848358154297
0.8753340244293213
0.8955591320991516
0.7372264266014099
0.7381868362426758
0.6874410510063171
0.8833414316177368
0.7943202257156372
0.7451545596122742
0.818759024143219
0.8238133788108826
0.8351305723190308
0.6563243865966797
0.7086562514305115
0.8340022563934326
0.7532023191452026
0.7218672633171082
0.8905299305915833
0.7899449467658997
0.8655428886413574
0.7650977969169617
0.8301064968109131
0.9581084251403809
0.6455679535865784
0.8380497097969055
0.974097490310669
0.7470476031303406
0.7709289193153381
0.6648241281509399
0.740855872631073
0.7197898626327515
0.8319055438041687
0.8057231307029724
0.8763108253479004
0.8759890794754028
0.7958274483680725
0.882571816444397
0.5685034990310669
0.8155146837234497
0.8460865020751953
0.7820922136306763
0.7661685347557068
0.7986894845962524
0.7841170430183411
0.8583767414093018
0.8440606594085693
0.8189396858215332
0.7526037096977234
0.5250099897384644
0.8912072777748108
0.7467577457427979
0.7824721932411194
0.8355410695075989
0.9619189500808716
0.9265890717506409
0.7643972039222717
0.8340954184532166
0.8357800841331482
0.8832432627677917
0.9003056883811951
0.8608575463294983
0.9264340400695801
0.7763707637786865
0.6172977685928345
0.9170354604721069
0.6634933352470398
0.7765634655952454
0.722785234451294
0.6958727836608887
0.8298677206039429
0.7689083218574524
0.7987005114555359
0.8604586124420166
0.9720094799995422
0.7582160830497742
0.8820581436157227
0.775840699672699
0.8569005727767944
0.8641262054443359
0.8329883217811584
0.7305737137794495
0.92328280210495
0.830208957195282
0.733178973197937
0.9551002383232117
0.847052812576294
0.8572587966918945
0.8286345601081848
0.8795266151428223
0.7540785074234009
0.7963870167732239
0.8128083944320679
0.7541702389717102
0.6307094693183899
0.890009880065918
0.8180028796195984
0.8603300452232361
0.8165574073791504
0.7547100782394409
0.7919624447822571
0.7653793096542358
0.8387242555618286
0.7939237952232361
0.8081045150756836
0.8039165735244751
0.8494020700454712
0.8422620296478271
0.8227061629295349
0.8625239133834839
0.87691330909729
0.6763043999671936
0.9468240141868591
0.8613929748535156
0.6393985748291016
0.9218000173568726
0.665930986404419
0.6953941583633423
0.8885361552238464
0.8263340592384338
0.7572017908096313
0.8028736710548401
0.8891088962554932
0.8045567870140076
0.8143962621688843
0.8242080211639404
0.8537691235542297
0.9440343976020813
0.8119013905525208
0.8336076736450195
0.8989323973655701
0.7549083232879639
0.8442826867103577
0.8830145597457886
0.9770201444625854
0.8133215308189392
0.605663537979126
0.7214443683624268
0.8061197400093079
0.7696444988250732
0.8446347117424011
0.7529693245887756
0.710005521774292
0.6030846238136292
0.8379529118537903
0.7904044389724731
0.8390772938728333
0.8751430511474609
0.7658783793449402
0.7834100127220154
0.8788272142410278
0.8362758159637451
0.7229340672492981
0.7853453755378723
0.8614063858985901
0.8196511268615723
0.9367949962615967
0.8993014693260193
0.8825390338897705
0.7376279830932617
0.8724334836006165
0.7794091701507568
0.7995861172676086
0.6880301833152771
0.8659475445747375
0.6431297659873962
0.8835766911506653
0.7590228319168091
0.8504540324211121
0.6690210700035095
0.967396080493927
0.8544489145278931
0.8370634317398071
0.8085033893585205
0.8540593981742859
0.8398134112358093
0.8327468037605286
0.9032789468765259
0.8415729403495789
0.796339750289917
0.7792104482650757
0.8220015168190002
0.8411012291908264
0.8326838612556458
0.782353937625885
0.8472316265106201
0.7834563255310059
0.6726125478744507
0.7489254474639893
0.7845922708511353
0.878058671951294
0.9247973561286926
0.8844848275184631
0.7919435501098633
0.6768456697463989
0.8187698125839233
0.7207975387573242
0.8362756967544556
0.7611388564109802
0.766375720500946
0.8252158164978027
0.9246816039085388
0.8618221282958984
0.8361440300941467
0.8054219484329224
0.8350781798362732
0.8415927290916443
0.8809090852737427
0.7659001350402832
0.8324770927429199
0.655138373374939
0.899867832660675
0.8185412287712097
0.36366185545921326
0.7818717360496521
0.8748252391815186
0.7506681680679321
0.6995142698287964
0.5781059265136719
0.8973211646080017
0.9059500098228455
0.8294034600257874
0.7220020294189453
0.7072992324829102
0.7477342486381531
0.7917301654815674
0.7835092544555664
0.8006784915924072
0.8326106071472168
0.914278507232666
0.792530357837677
0.7853938937187195
0.8761328458786011
0.8200497031211853
0.8085649609565735
0.7945830225944519
0.7320261001586914
0.8275486826896667
0.864051342010498
0.9556260704994202
0.8461743593215942
0.8016306161880493
0.6841768622398376
0.6873176097869873
0.66587233543396
0.83206707239151
0.7033084630966187
0.7758288383483887
0.9674885272979736
0.8089853525161743
0.8749717473983765
0.7526106238365173
0.7880435585975647
0.7519980669021606
0.9113921523094177
0.8680052161216736
0.8286488652229309
0.8860035538673401
0.7105123400688171
0.7212141156196594
0.8212681412696838
0.8827117085456848
0.9348086714744568
0.7829315662384033
0.8082621693611145
0.7913474440574646
0.7694336771965027
0.7655748128890991
0.62666916847229
0.9006062746047974
0.721991777420044
0.6925884485244751
0.8279621005058289
0.7590805888175964
0.8459187746047974
0.9184174537658691
0.8725804090499878
0.8065145015716553
0.8384323120117188
0.8257673978805542
0.8695979118347168
0.8133671283721924
0.8686983585357666
0.8386191129684448
0.6745968461036682
0.8704222440719604
0.758103609085083
0.6433858871459961
0.7396866083145142
0.8643085956573486
0.7443947196006775
0.6661012172698975
0.7539470195770264
0.8183321356773376
0.8645192980766296
0.812535285949707
0.8457363843917847
0.9511827826499939
0.8438531160354614
0.9686805009841919
0.6951205134391785
0.8312541246414185
0.9321668148040771
0.9317485690116882
0.7567766904830933
0.8996784090995789
0.8308346271514893
0.8212839961051941
0.6395204067230225
0.8339592218399048
0.7825605273246765
0.859713077545166
0.8912492394447327
0.8769142031669617
0.9478391408920288
0.8513965606689453
0.8621330857276917
0.9504958987236023
0.8497127890586853
0.7225603461265564
0.8020692467689514
0.8482275009155273
0.8344804048538208
0.9011291861534119
0.8446542620658875
0.8265811800956726
0.8970787525177002
0.8041868209838867
0.9244392514228821
0.8106480240821838
0.7730669975280762
0.7781394124031067
0.8675774931907654
0.9188736081123352
0.9518346190452576
0.8512058258056641
0.7879053950309753
0.8322919607162476
0.8422738313674927
0.8976913690567017
0.922245442867279
0.8429695963859558
0.8191931247711182
0.7366947531700134
0.8082216382026672
0.9794998168945312
0.9765085577964783
0.9781237840652466
0.855092465877533
0.855543851852417
0.8478526473045349
0.8371644616127014
0.7933401465415955
0.8818923830986023
0.7862859964370728
0.8817334175109863
0.9281107783317566
0.7702807784080505
0.831622838973999
0.8400593996047974
0.8813008069992065
0.8058474659919739
0.828100323677063
0.9056826829910278
0.8675429224967957
0.9049637317657471
0.9003523588180542
0.8553123474121094
0.8237508535385132
0.9999998211860657
0.9299121499061584
0.7883954048156738
0.7854160070419312
0.8805104494094849
0.634830117225647
0.721092164516449
0.8961023092269897
0.824620246887207
0.8866603970527649
0.9894055128097534
0.9894055128097534
0.9441633224487305
0.9139765501022339
0.7682138681411743
0.9668899178504944
0.943591833114624
0.854671835899353
0.9211384654045105
0.9662827849388123
0.8821583390235901
0.8627263307571411
0.92732834815979
0.8697487711906433
0.8411532044410706
0.7729622721672058
0.9394603967666626
0.9824013113975525
0.8272467255592346
0.8406059145927429
0.9470533132553101
0.8134635090827942
0.7155585289001465
0.6382997035980225
0.8780727386474609
0.8779958486557007
0.8589007258415222
0.9224353432655334
0.8129575252532959
0.8869355320930481
0.9346663355827332
0.7431724667549133
0.8254136443138123
0.8767423033714294
0.8754837512969971
0.8838983774185181
0.8574749827384949
0.8566688299179077
0.8383692502975464
0.8612006306648254
0.8591240644454956
0.8400958180427551
0.8906521201133728
0.946304202079773
0.9587751626968384
0.8988198041915894
0.9308455586433411
0.8568336963653564
0.850991427898407
0.9087560772895813
0.8271641731262207
0.869023859500885
0.8441873788833618
0.9023747444152832
0.705581784248352
0.7114818692207336
0.705581784248352
0.8569639921188354
0.8367401957511902
0.9567028284072876
0.8546187281608582
0.9659789800643921
0.9407584071159363
0.6965897083282471
1.0
0.9034115672111511
0.8831889629364014
0.8833777904510498
0.8714055418968201
0.8750286102294922
1.0
0.7287623882293701
0.7158509492874146
0.8275108337402344
0.7819475531578064
0.8503122329711914
0.860801100730896
0.7770727872848511
0.765939474105835
0.8597042560577393
0.943183422088623
0.9209036231040955
0.8516854047775269
0.8579039573669434
0.928215742111206
1.000000238418579
0.8772646188735962
0.9443453550338745
0.9024906158447266
0.9348268508911133
0.8080666661262512
0.9183650016784668
0.884661078453064
0.8934902548789978
0.9001768231391907
0.9137081503868103
0.7410039901733398
0.8610692024230957
0.8176897168159485
0.886901319026947
0.892020583152771
0.8593340516090393
0.8332836031913757
0.6578236222267151
0.6391720771789551
0.8955717086791992
0.9073152542114258
0.8419780731201172
0.9344173669815063
0.9865902066230774
0.8602746725082397
0.809658944606781
0.8473523855209351
0.6573668718338013
1.0
0.8792996406555176
0.971684455871582
0.9499370455741882
0.9276973605155945
0.869631290435791
0.8123185634613037
0.8049402832984924
0.8443387150764465
0.9605925679206848
0.8622516989707947
0.866165816783905
0.8960646390914917
0.9090943336486816
0.8136597871780396
0.7295351028442383
0.6509002447128296
0.9213360548019409
0.8163904547691345
0.7673032879829407
0.9281177520751953
0.797269880771637
0.8545502424240112
0.842590868473053
0.9951488375663757
0.6405310034751892
0.8014930486679077
0.84453946352005
0.923930287361145
0.8718306422233582
0.8397807478904724
0.6417564749717712
0.7812033295631409
0.8557659387588501
0.8868128061294556
0.8283074498176575
0.8249833583831787
0.9085029363632202
0.8800287246704102
0.9245991110801697
0.9057197570800781
0.8476405143737793
0.8302667737007141
0.8894678950309753
0.9204550385475159
0.7823837399482727
0.774793267250061
0.8424023985862732
0.8723854422569275
0.8287476301193237
0.7542601227760315
0.948114275932312
0.931100606918335
0.8590525388717651
0.894122838973999
0.9139304161071777
0.9308208227157593
0.8869536519050598
0.8731131553649902
0.953292191028595
0.7902791500091553
0.8315315842628479
0.8408671617507935
0.8212111592292786
0.9305053353309631
0.9336718320846558
0.8234272003173828
0.8746891617774963
0.7781806588172913
0.8611413240432739
0.8903296589851379
0.7612854242324829
0.8258531093597412
0.8594930768013
0.8147116303443909
0.714747965335846
0.7774871587753296
0.9405369162559509
0.824002742767334
0.8825409412384033
0.8688681721687317
0.8938249349594116
0.913913905620575
0.9364548921585083
0.885442316532135
0.8767780661582947
0.6996262073516846
0.8572551608085632
0.8549702167510986
0.8952925205230713
1.0
0.9048846960067749
0.9315314888954163
0.7795222401618958
0.8866696953773499
0.900018036365509
0.811730146408081
0.8963547348976135
0.7318902015686035
0.8507004380226135
0.8408832550048828
0.7218282222747803
0.7008466720581055
0.9232688546180725
0.7266948819160461
0.810828447341919
0.7310879230499268
0.8307029008865356
0.8853892087936401
0.828725278377533
0.9414734840393066
0.9168572425842285
0.9252461791038513
0.794082522392273
0.8490048050880432
0.7896439433097839
0.9108500480651855
0.966860294342041
0.9623144865036011
0.9741266965866089
0.9573010802268982
0.9676231741905212
0.87580806016922
0.8395490050315857
0.9196333885192871
0.9353520274162292
0.7533138990402222
0.886318564414978
0.7864539623260498
0.7481300234794617
0.8293415904045105
0.8252782225608826
0.7756065726280212
0.8583446145057678
0.8184157609939575
0.6942251920700073
0.8438968658447266
0.7676309943199158
0.9475793838500977
0.8439051508903503
0.8169119954109192
0.8572638034820557
0.726624608039856
0.7631360292434692
0.7791824340820312
0.7736801505088806
0.8063660264015198
0.8781576156616211
0.9450492262840271
0.7384329438209534
0.7660229206085205
0.9389322400093079
0.8084026575088501
0.9432226419448853
0.7769907116889954
0.7562411427497864
0.7739832401275635
0.8338764905929565
0.9329192042350769
0.8353058099746704
0.8044377565383911
0.8482193350791931
0.8522448539733887
0.9034194946289062
0.7806077003479004
0.9191367030143738
1.0000001192092896
0.7588539123535156
0.868091881275177
0.9535807371139526
0.8926613926887512
0.9252116680145264
0.8653399348258972
0.9132706522941589
0.859946072101593
0.8816363215446472
0.7977514266967773
0.8573350310325623
0.9557573795318604
0.8581364154815674
0.8898257613182068
0.5217865705490112
0.9225115180015564
0.839584231376648
0.318805456161499
0.9714844822883606
0.9638709425926208
0.7490656971931458
0.8004523515701294
0.8707633018493652
0.8263411521911621
0.8434979915618896
0.8767970204353333
0.7379912734031677
0.9017294645309448
0.926116943359375
0.8465761542320251
0.9361273050308228
0.5662310123443604
0.7813959121704102
0.9101545214653015
0.8995905518531799
0.8512356281280518
0.9674497842788696
0.7713846564292908
0.8266122937202454
0.8427737355232239
0.7983912825584412
0.9731283187866211
0.9999998807907104
0.9482722282409668
0.8469058871269226
0.8045719861984253
0.9365500807762146
0.9302546977996826
0.8174183368682861
0.8194307684898376
0.8079531788825989
0.839789867401123
0.8284634947776794
0.7223663926124573
0.9378527998924255
0.9214652180671692
0.8196834325790405
0.7892748117446899
0.9025624394416809
0.9563734531402588
0.8710560202598572
0.8165921568870544
0.9502708911895752
0.7290433049201965
0.9428321123123169
0.8591229319572449
0.8586059212684631
0.6864997148513794
0.8177550435066223
0.8005478382110596
0.7829928398132324
0.7231535911560059
0.6963754296302795
0.9357967972755432
0.9820932149887085
0.7893943786621094
0.9682056903839111
0.907484769821167
0.8249279260635376
0.9282101988792419
0.8738511204719543
0.806484580039978
0.7815910577774048
0.9523887038230896
0.86180579662323
0.9407030344009399
0.8548155426979065
0.9800156354904175
0.7079721689224243
0.8558223843574524
0.8401117920875549
0.838256299495697
0.7977963089942932
0.9520583748817444
0.8300600647926331
0.8640941381454468
0.857505738735199
0.7868042588233948
0.8787190318107605
0.7552008628845215
0.6871870160102844
0.9339185357093811
0.8108148574829102
0.9005565047264099
0.8543214797973633
0.853717029094696
0.8627490997314453
0.8975796103477478
0.7828072905540466
0.8144630789756775
0.8941268920898438
0.9284475445747375
0.9347360730171204
0.8153490424156189
0.9576463103294373
0.8919946551322937
0.8887555003166199
0.7174212336540222
0.8289414644241333
0.9741583466529846
0.7440220713615417
0.7953214049339294
0.8373461365699768
0.8794721961021423
0.8874647617340088
0.8542482256889343
0.7564166784286499
0.8688724637031555
0.9564520716667175
0.7226690649986267
0.7667420506477356
0.7685962319374084
0.8525880575180054
0.7153332233428955
0.861219584941864
0.7258768677711487
0.9113450646400452
0.7234570980072021
0.8469551801681519
0.7900311946868896
0.8776558041572571
0.8270694017410278
0.8826386332511902
0.712621808052063
0.917303204536438
0.9336779713630676
0.8226131796836853
0.9193117618560791
0.9112437963485718
0.9265412092208862
0.7794507741928101
0.8117066621780396
0.9999999403953552
0.697950005531311
0.8678099513053894
0.7143215537071228
0.8372229933738708
0.9158186316490173
0.7934478521347046
0.7735005021095276
0.7176234126091003
0.6543252468109131
0.8254636526107788
1.0
0.9999998807907104
0.894895613193512
0.9104120135307312
0.8704317808151245
0.8283026218414307
0.9331986904144287
0.8089276552200317
0.933517336845398
0.8102074265480042
0.9005221724510193
0.921053946018219
0.8802292943000793
0.8981207013130188
0.8130390048027039
0.8783978819847107
0.8781355619430542
0.8720644116401672
0.8671796321868896
0.9241042733192444
0.7543373107910156
0.8867136836051941
0.9264776706695557
0.8774604797363281
0.8431102633476257
0.7057565450668335
0.847872793674469
0.9080745577812195
0.7745562791824341
0.8579933047294617
0.9085387587547302
0.9581602215766907
0.6857823729515076
0.9999999403953552
0.878819465637207
0.8541300296783447
0.8386321067810059
0.9547173380851746
0.8934153914451599
0.7968395948410034
0.855224609375
0.9282072186470032
0.8585129380226135
0.8462464213371277
0.8713975548744202
0.8448924422264099
0.8369833827018738
0.8135861754417419
0.8189027309417725
0.8267378211021423
0.8590890765190125
0.8079824447631836
0.8087284564971924
0.9396762847900391
0.8883119225502014
0.8566125631332397
0.8611109852790833
0.7955606579780579
0.8627859354019165
0.9325573444366455
0.8417090773582458
0.876496434211731
0.8955423831939697
0.9614562392234802
0.9321368336677551
0.9261869192123413
0.8186782002449036
0.8870323300361633
0.7653795480728149
0.9999999403953552
0.8267157673835754
0.9091892242431641
0.9999998211860657
0.9775558114051819
0.7786006331443787
0.6636518836021423
0.8509613275527954
0.8193050622940063
0.8726585507392883
0.951267659664154
0.8455243706703186
0.8353152275085449
0.9493668675422668
0.8931208252906799
0.8547725677490234
0.8604394197463989
0.8567565083503723
0.8531416654586792
0.9376255869865417
0.9376255869865417
0.8609703183174133
0.8216866254806519
0.8866853713989258
0.8366618156433105
0.841164231300354
0.8711065649986267
0.9029375314712524
1.000000238418579
0.9038372039794922
0.8498458862304688
0.8315773606300354
0.9511861205101013
0.7677748203277588
0.806549608707428
0.8884590864181519
0.8566325902938843
0.9539529085159302
0.8823412656784058
0.8669121265411377
0.8331363797187805
0.8060134053230286
0.8240602612495422
0.888602614402771
0.8096312880516052
0.8637580871582031
0.7507812976837158
0.8746079206466675
0.8599950075149536
0.8534205555915833
0.7825631499290466
0.8627640604972839
0.8559656739234924
0.9141197800636292
0.8311663269996643
0.8424570560455322
0.751910388469696
0.8045720458030701
0.8595378398895264
0.8710331916809082
0.8721486926078796
0.8562037944793701
0.9467251896858215
0.8234284520149231
0.8100500106811523
0.8388553857803345
0.8594211339950562
0.8679600358009338
0.7757959961891174
0.8029701113700867
0.8609492182731628
0.761987566947937
0.8377530574798584
0.887955904006958
0.7903048992156982
0.7445399165153503
0.8977903723716736
0.7218186855316162
0.8436910510063171
0.895912230014801
0.9068098068237305
0.7588328719139099
0.9042551517486572
0.9765262007713318
0.8181918859481812
0.7953362464904785
0.8096288442611694
0.7920509576797485
0.6854824423789978
0.8548862934112549
0.8859726786613464
0.8894566297531128
0.7525579929351807
0.6911678314208984
0.8743160367012024
0.6709355711936951
0.701153576374054
0.7851257920265198
0.9170787930488586
0.8131592869758606
0.9012701511383057
0.6479396820068359
0.8679363131523132
0.9170479774475098
0.8787602782249451
0.8615282773971558
0.8185515999794006
0.8615004420280457
0.9999998211860657
0.9363662600517273
0.8017739057540894
0.8492053151130676
0.921186625957489
0.8203909397125244
0.7676702737808228
0.845920205116272
0.9066053032875061
0.6979326009750366
0.7433990240097046
0.8997660875320435
0.8979443907737732
0.8742223381996155
0.8999400734901428
0.7264679670333862
0.8369448184967041
0.7948241829872131
0.8697471618652344
0.8910737037658691
0.799720048904419
0.8501132130622864
0.8732900023460388
0.7512199878692627
0.9315484166145325
0.8078424334526062
0.7626135349273682
0.8671939373016357
0.8502433896064758
0.800247311592102
0.8518791794776917
0.8928599953651428
0.8772233128547668
0.8634180426597595
0.8573396801948547
0.8631415963172913
0.8724010586738586
0.9092477560043335
0.9232397079467773
0.8800815343856812
0.8657059669494629
0.7994542717933655
0.768401563167572
0.8301309943199158
0.9241001009941101
0.857677698135376
0.7404249906539917
0.7693705558776855
0.9123405814170837
0.799163281917572
0.8440980911254883
0.900196373462677
0.8679655194282532
0.9396055340766907
0.8882872462272644
0.7259325981140137
0.8517704010009766
0.8477810025215149
0.8468208312988281
0.8724159002304077
0.8503751754760742
0.876585066318512
0.8903589248657227
0.7533220648765564
0.9081236720085144
0.931034505367279
0.9247823357582092
0.8077481985092163
0.8505570292472839
0.8996164798736572
0.8822590708732605
0.9249302744865417
0.9591845870018005
0.8514707684516907
0.819949209690094
0.7696846127510071
0.8022194504737854
0.8421499133110046
0.8985437750816345
0.7978217005729675
0.7793589234352112
0.837400496006012
0.8777346014976501
0.8884583115577698
0.938597559928894
0.984101414680481
0.8921242356300354
0.815771758556366
0.9474697709083557
0.833443284034729
0.8740417957305908
0.9082099795341492
0.8710565567016602
0.884466290473938
0.8685725331306458
0.9233227372169495
0.7933954000473022
0.7713286876678467
0.9548001289367676
0.8807451128959656
0.9106853008270264
0.8326019644737244
0.8534060716629028
0.715343177318573
0.7334339618682861
0.8088663220405579
0.7214081287384033
0.9080020785331726
0.9046645760536194
0.8373970985412598
0.8944383859634399
0.825833261013031
0.836338996887207
0.7072561979293823
0.8045198321342468
0.8238353729248047
0.8320698142051697
0.8431238532066345
0.7962515950202942
0.8692819476127625
0.9140871167182922
0.8552964329719543
0.8453442454338074
0.9177815318107605
0.8434910178184509
0.9580987095832825
0.8853276371955872
0.8692490458488464
0.7434064745903015
0.8246682286262512
0.9352580308914185
0.6189432144165039
0.7604577541351318
0.8433002233505249
0.9366944432258606
0.8639563322067261
0.8396185040473938
0.922356367111206
0.8886855840682983
0.8811005353927612
0.9351560473442078
0.8552469611167908
0.8451743721961975
0.6384490728378296
0.8093202710151672
0.8663890957832336
0.8431371450424194
0.8518190383911133
0.8333433270454407
0.5690454840660095
0.8357754945755005
0.8533140420913696
0.8893762230873108
0.8885331153869629
0.9037426114082336
0.8492053151130676
0.881766676902771
0.8249474167823792
0.852716326713562
0.8175634741783142
0.8039365410804749
0.8537207841873169
0.9070401787757874
0.8415002226829529
0.7329564094543457
0.7288492321968079
0.9249120950698853
0.8628711700439453
0.5910557508468628
0.7575969099998474
0.7866710424423218
0.9261578321456909
0.8766239285469055
0.8693506121635437
0.8366338014602661
0.9272218346595764
0.8115062117576599
0.7611085176467896
0.8005253672599792
0.86362624168396
0.8760063052177429
0.9588717222213745
0.8707969188690186
0.8538070321083069
0.9158845543861389
0.9253380298614502
0.7573410272598267
0.7022062540054321
0.8200779557228088
0.6887142658233643
0.7866896390914917
0.8979905247688293
0.8958526253700256
0.8796852231025696
0.754253625869751
0.8246410489082336
0.8284505605697632
0.8569008708000183
0.8729826807975769
0.870933473110199
0.9039450883865356
0.7621834874153137
0.7998285293579102
0.9515167474746704
0.8380514979362488
0.9215362668037415
0.7933720946311951
0.8237988948822021
0.7699049711227417
0.947486400604248
0.9517247080802917
0.9779228568077087
0.8230953812599182
0.8822226524353027
0.8619938492774963
0.8207041025161743
0.8798714280128479
0.9114636182785034
0.9371674656867981
0.6870984435081482
0.8142984509468079
0.729093611240387
0.7178276181221008
0.9254403114318848
0.9441338777542114
0.8414053320884705
0.8761542439460754
0.8923046588897705
0.9333406686782837
0.8865036964416504
0.8275496363639832
0.8437510132789612
0.8553678393363953
0.9512423872947693
0.8385111689567566
0.8966874480247498
0.8553712964057922
0.7707013487815857
0.8869652152061462
0.8223487734794617
0.9058877825737
0.8736227750778198
0.7701022028923035
0.8786023855209351
0.7411794066429138
0.6466013789176941
0.8320620656013489
0.9500324130058289
0.861215353012085
0.795353353023529
0.8631014227867126
0.8083624839782715
0.8624177575111389
0.6617875099182129
0.6590604782104492
0.817159116268158
0.8295003175735474
0.8252588510513306
0.9085721373558044
0.9022986888885498
0.8989051580429077
0.9277234673500061
0.8258478045463562
0.8026537895202637
0.8861117959022522
0.8753929734230042
0.7965845465660095
0.7816044092178345
0.8771905303001404
0.938525915145874
0.7528746724128723
0.9799761176109314
0.9292044043540955
0.8255923390388489
0.8567557334899902
0.8854890465736389
0.778995931148529
0.7826947569847107
0.6709290742874146
0.8599893450737
0.8548945188522339
0.6802427768707275
0.7571189999580383
0.7311054468154907
0.9369242787361145
0.6809784173965454
0.8118281960487366
0.7803706526756287
0.9222263693809509
0.9999998211860657
0.826386570930481
0.8356518745422363
0.8087142109870911
0.8319692611694336
0.899583637714386
0.8616896867752075
0.9073750376701355
0.8012828230857849
0.831389844417572
0.8500769734382629
0.9133485555648804
0.7580456733703613
0.6640598773956299
0.8657798171043396
0.7831495404243469
0.7464696168899536
0.7574120759963989
0.941895067691803
0.987079918384552
0.8481571078300476
0.9211889505386353
0.7609031796455383
0.8220869898796082
0.8536202907562256
0.8024575710296631
0.8176252245903015
0.8569678068161011
0.9523126482963562
0.7725533843040466
0.6564879417419434
0.9218125343322754
0.7724938988685608
0.729346752166748
0.8761872053146362
0.8882162570953369
0.9307401180267334
0.893700361251831
1.000000238418579
0.8646813035011292
0.8313275575637817
0.8015540242195129
0.768471360206604
0.8517580628395081
0.8081427812576294
0.9159445762634277
0.9493526816368103
0.8648885488510132
0.8942890167236328
0.9765931963920593
0.8818665742874146
0.7927208542823792
0.884474515914917
0.8374411463737488
0.7622227668762207
0.8800288438796997
1.0
0.8080599308013916
0.8205262422561646
0.8808977603912354
0.7205088138580322
0.8749346137046814
0.7869933247566223
0.7524579167366028
0.9308652281761169
0.8744604587554932
0.8586783409118652
0.807604968547821
0.7959619164466858
0.7767247557640076
0.9561929702758789
0.8645827770233154
0.8891588449478149
0.9028637409210205
0.8513795137405396
0.7986792325973511
0.9482337832450867
0.9183750152587891
0.8984313011169434
0.8351669907569885
0.7336198091506958
0.7185482382774353
0.7779638767242432
0.9354952573776245
0.8603294491767883
0.7566546201705933
0.7690094113349915
0.8155748248100281
0.7649137377738953
0.8187234997749329
0.8200510144233704
0.7532438039779663
0.8161106705665588
0.9160774946212769
0.8511318564414978
0.8880902528762817
0.8708543181419373
0.715867280960083
0.8976213335990906
0.9190804362297058
0.7959137558937073
0.9177144169807434
0.8221561908721924
0.802391767501831
0.8083272576332092
0.875320315361023
0.8161653876304626
0.9377405047416687
0.7533693313598633
0.8677833676338196
0.7887707352638245
0.8799648284912109
0.9115503430366516
0.903590202331543
0.8254029154777527
0.8405616879463196
0.8882558345794678
0.8030810952186584
0.841008186340332
0.8449273109436035
0.8685420751571655
0.8305463194847107
0.9537060260772705
0.8498611450195312
0.8471826314926147
0.8862605094909668
0.8329888582229614
0.904916524887085
0.871564507484436
0.7845754027366638
0.8834188580513
0.8160881400108337
0.7960543036460876
0.7367249727249146
0.7702618837356567
0.8027069568634033
0.8355103731155396
0.5987474322319031
0.6585777997970581
0.6035725474357605
0.73542720079422
0.7311187386512756
0.8536593914031982
0.8115143775939941
0.7301656007766724
0.8585084080696106
0.7542538642883301
0.5976801514625549
0.7201948761940002
0.7461494207382202
0.5242007374763489
0.7561379671096802
0.7540138363838196
0.7889733910560608
0.6956875324249268
0.8279129862785339
0.7396437525749207
0.7620433568954468
0.7348508238792419
0.8225234746932983
0.7488424181938171
0.7595515847206116
0.7682061195373535
0.5012852549552917
0.6240305304527283
0.848551869392395
0.7370970845222473
0.7471540570259094
0.6651126146316528
0.7066852450370789
0.8690190315246582
0.702433168888092
0.7211516499519348
0.4982891082763672
0.794105052947998
0.8127871155738831
0.5783525705337524
0.7664352655410767
0.7212892770767212
0.708853006362915
0.9587550163269043
0.9176741242408752
0.7535516619682312
0.8545289039611816
0.7298174500465393
0.8172006607055664
0.6885446310043335
0.8304357528686523
0.8025720119476318
0.8428506851196289
0.4997129738330841
0.4856480360031128
0.7682868242263794
0.7232353687286377
0.875252902507782
0.5644127130508423
0.765153706073761
0.7680941224098206
0.7926996350288391
0.8181377053260803
0.7750353813171387
0.8242107629776001
0.7354212403297424
0.8421221375465393
0.7191495895385742
0.9534468650817871
0.7675089240074158
0.9011544585227966
0.8094338178634644
0.7674179673194885
0.7866089940071106
0.8846555948257446
0.7068431377410889
0.6990298628807068
0.71095871925354
0.7340871691703796
0.7544164657592773
0.7327163219451904
0.7979732155799866
0.5548914074897766
0.7558630704879761
0.8639283180236816
0.5844038724899292
0.7567232251167297
0.621929943561554
0.7284388542175293
0.568943440914154
0.7626838684082031
0.7972497344017029
0.7719047665596008
0.8414695858955383
0.792707622051239
0.9109410047531128
0.6773379445075989
0.7187844514846802
0.7278585433959961
0.7825441360473633
0.7271136045455933
0.8634891510009766
0.8366472721099854
0.8140631914138794
0.7550187110900879
0.847636878490448
0.7795628309249878
0.6883304119110107
0.738872766494751
0.8409537076950073
0.8647968769073486
0.6926543712615967
0.807194173336029
0.7431482076644897
0.7895961999893188
0.7327457070350647
0.6597853302955627
0.7916638851165771
0.7907995581626892
0.7182857394218445
0.494833379983902
0.8839911222457886
0.6640453338623047
0.6893057823181152
0.7613226175308228
0.6100705862045288
0.7050183415412903
0.7292708158493042
0.8108794093132019
0.5816619396209717
0.8545945286750793
0.7496029138565063
0.7591068148612976
0.6604286432266235
0.6265372037887573
0.6672401428222656
0.7834944725036621
0.7811654210090637
0.6716216802597046
0.6109228730201721
0.8588868379592896
0.7466000318527222
0.7863306999206543
0.6924587488174438
0.7631818652153015
0.6829128265380859
0.7898960113525391
0.787683367729187
0.5076307654380798
0.8411605954170227
0.7869625091552734
0.7507961988449097
0.7959250211715698
0.7544136047363281
0.9219147562980652
0.7637613415718079
0.7199673652648926
0.6763988733291626
0.6756583452224731
0.6796552538871765
0.7912799715995789
0.8412460088729858
0.7702968716621399
0.8637610077857971
0.7978748679161072
0.7123821973800659
0.6926692724227905
0.771062970161438
0.7464017271995544
0.7177404165267944
0.7392238974571228
0.8006224036216736
0.9178802967071533
0.9097980260848999
0.7856103181838989
0.8464908599853516
0.6800837516784668
0.7742569446563721
0.9138981103897095
0.7053168416023254
0.7527939677238464
0.7381066679954529
0.7470953464508057
0.7688652873039246
0.7757123708724976
0.7723587155342102
0.7608973383903503
0.7467207312583923
0.8044647574424744
0.5711726546287537
0.9088548421859741
0.7408114075660706
0.8578020930290222
0.5322441458702087
0.7525539398193359
0.7532641291618347
0.7775180339813232
0.7547662854194641
0.7339795231819153
0.6761349439620972
0.6875154972076416
0.5826663374900818
0.799422025680542
0.7131910920143127
0.7762222290039062
0.7095106244087219
0.8542786836624146
0.7680497765541077
0.7912984490394592
0.6632094979286194
0.6273105144500732
0.7914865016937256
0.6921420097351074
0.843283474445343
0.6463968753814697
0.8580741286277771
0.8331549167633057
0.6487857699394226
0.7033072710037231
0.6196595430374146
0.638296902179718
0.4315342605113983
0.7180319428443909
0.8003241419792175
0.7731156945228577
0.8125249147415161
0.7328064441680908
0.6679009199142456
0.7687391042709351
0.39005956053733826
0.8086230158805847
0.7239187955856323
0.8416345119476318
0.840357780456543
0.7316721677780151
0.9190113544464111
0.731916069984436
0.7440347075462341
0.8741441369056702
0.5506605505943298
0.7794379591941833
0.7680305242538452
0.7034494280815125
0.8795291781425476
0.7681534886360168
0.837956428527832
0.7797566056251526
0.745963990688324
0.8574205040931702
0.6000276207923889
0.7768309712409973
0.7607391476631165
0.8845561742782593
0.7216162085533142
0.6875805258750916
0.7645710110664368
0.6597563028335571
0.7207880020141602
0.7117968201637268
0.7860679030418396
0.7463117837905884
0.730645477771759
0.9237146973609924
0.711002767086029
0.7770593166351318
0.8986796736717224
0.6114020347595215
0.6788271069526672
0.7706155180931091
0.6986287832260132
0.8534895181655884
0.811166524887085
0.7624923586845398
0.783147394657135
0.7397714257240295
0.7070493102073669
0.8268442749977112
0.7663062810897827
0.6310234069824219
0.7629052996635437
0.7108021378517151
0.779658854007721
0.7750373482704163
0.7775378227233887
0.7194629311561584
0.5936530232429504
0.7802875638008118
0.7673821449279785
0.9550483226776123
0.7352928519248962
0.7329375147819519
0.7336564064025879
0.8216225504875183
0.619120180606842
0.6892889738082886
0.7359159588813782
0.7126538753509521
0.7673502564430237
0.757583498954773
0.9144932627677917
0.9069223403930664
0.8712621927261353
0.8105429410934448
0.8629608750343323
0.584783136844635
0.7707854509353638
0.6523270010948181
0.8035529851913452
0.7543673515319824
0.8775193691253662
0.7237604856491089
0.8392874002456665
0.7495760321617126
0.7941702604293823
0.715776801109314
0.7098562121391296
0.7500362396240234
0.802740752696991
0.8164697885513306
0.812954306602478
0.6696163415908813
0.6407561302185059
0.9199747443199158
0.611028254032135
0.815731942653656
0.6886997818946838
0.698462188243866
0.3037469983100891
0.8627154231071472
0.7592397332191467
0.6696102619171143
0.8328263163566589
0.8200727105140686
0.6655022501945496
0.8610539436340332
0.6435732245445251
0.7310799956321716
0.7779843807220459
0.5569105744361877
0.7838398814201355
0.775516927242279
0.6921077370643616
0.7789891362190247
0.831068754196167
0.886264443397522
0.7493276000022888
0.8773608207702637
0.7772729396820068
0.7581250667572021
0.4829552173614502
0.9405570030212402
0.7649627923965454
0.7410083413124084
0.7538192868232727
0.7735728621482849
0.695103108882904
0.7790145874023438
0.7789850234985352
0.7126448154449463
0.7822379469871521
0.7137811779975891
0.6093149185180664
1.0000004768371582
0.7474162578582764
0.7061758637428284
0.8536255955696106
0.6452889442443848
0.628449559211731
0.7939735054969788
0.9168785810470581
0.8870024085044861
0.6503465175628662
0.8953984975814819
0.9559147953987122
0.6963131427764893
0.823647141456604
0.7666250467300415
0.7068666815757751
0.6972998380661011
0.9411381483078003
0.8848564624786377
0.6207941770553589
0.7930905222892761
0.7480267882347107
0.8362923264503479
0.770582377910614
0.7355459928512573
0.8030191659927368
0.8472219109535217
0.8107160925865173
0.9054679870605469
0.6905298829078674
0.73947674036026
0.644595205783844
0.7730064392089844
0.8332634568214417
0.8130857348442078
0.7130954265594482
0.7078168988227844
0.6347430348396301
0.4439207911491394
0.7236083149909973
0.6281828284263611
0.7903004288673401
0.6721022725105286
0.8635730147361755
0.7442848682403564
0.7845317125320435
0.685391902923584
0.7382698655128479
0.7648254036903381
0.6593216061592102
0.7837522029876709
0.7295593619346619
0.6967013478279114
0.7008854746818542
0.6037852764129639
0.6662529110908508
0.7565034627914429
0.719448447227478
0.7102121710777283
0.8589119911193848
0.8870380520820618
0.6986086964607239
0.7154916524887085
0.7603186964988708
0.30268850922584534
0.8340050578117371
0.7585257291793823
0.8591244220733643
0.8139417767524719
0.6654362082481384
0.7271974682807922
0.6913623809814453
0.7197180390357971
0.7862480282783508
0.8511731028556824
0.8576228022575378
0.7598978281021118
0.7817999720573425
0.7096067070960999
0.7092858552932739
0.7159014940261841
0.7330137491226196
0.7717227935791016
0.810649573802948
0.8208526968955994
0.661246120929718
0.7494325637817383
0.6609286069869995
0.7038918137550354
0.7349119782447815
0.7443378567695618
0.7095893621444702
0.7294937372207642
0.5552930235862732
0.6280180215835571
0.6903767585754395
0.78924161195755
0.6279487609863281
0.58286052942276
0.6448320746421814
0.9569228291511536
0.7197573781013489
0.6341952681541443
0.47946619987487793
0.7956900596618652
0.7570285797119141
0.5512402653694153
0.7947990298271179
0.7209529876708984
0.8333864212036133
0.8288044929504395
0.8161118030548096
0.8329739570617676
0.814518392086029
0.7578815221786499
0.6417565941810608
0.912935197353363
0.6783939003944397
0.7192572951316833
0.6838076710700989
0.7556025981903076
0.864202082157135
0.7070624828338623
0.7390407919883728
0.9051397442817688
0.51846843957901
0.8627902865409851
0.827629566192627
0.7688206434249878
0.9131780862808228
0.6814923882484436
0.746183454990387
0.7765710949897766
0.7746813297271729
0.8148906826972961
0.7754758596420288
0.7976183295249939
0.7081636190414429
0.7305597066879272
0.6534977555274963
0.7850980162620544
0.7980605363845825
0.7119784355163574
0.8174706101417542
0.6170400977134705
0.7067550420761108
0.808897078037262
0.7402409911155701
0.7164795398712158
0.7941112518310547
0.854177713394165
0.7399383187294006
0.6875492930412292
0.8323758244514465
0.7194383144378662
0.9714176058769226
0.7776572108268738
0.8345041871070862
0.8279951810836792
0.9038815498352051
0.682771623134613
0.5952987670898438
0.8362357020378113
0.874603271484375
0.756834864616394
0.8120707273483276
0.755098819732666
0.4908948838710785
0.5856637358665466
0.8235481381416321
0.6652920842170715
0.7139862775802612
0.7641094923019409
0.87857586145401
0.8614895343780518
0.8386633992195129
0.7617468237876892
0.8164001107215881
0.7353577613830566
0.8496840000152588
0.589662492275238
0.8192930221557617
0.7758457660675049
0.8818246126174927
0.6422668099403381
0.7171789407730103
0.8138046264648438
0.9183448553085327
0.8145471811294556
0.7288354635238647
0.7319510579109192
0.7079476714134216
0.949839174747467
0.8144508004188538