0.957243
0.939063
0.9465104
0.9601505
0.9454158
0.930288
0.96951073
0.97111666
0.94026613
0.94378835
0.94966763
0.9396218
0.95464444
0.9477269
0.96577424
0.9151409
0.9519318
0.97387695
0.9155536
1.002644
1.002938
0.9924555
0.9762999
0.97294754
0.98061246
1.0013185
0.9727665
1.019087
0.9973685
0.9760956
0.9808165
0.95673895
0.9640195
0.9702608
0.98085093
0.97962284
1.0065907
0.9806394
0.9527945
0.9901835
1.0059962
0.9761078
0.99684817
0.9968956
0.98968357
0.9723068
0.99117756
0.96588683
0.99833417
1.0081542
0.9834581
0.9934446
0.9411515
1.0074612
1.006484
0.99982464
1.0171366
0.9802374
0.9610348
0.9712853
0.9591993
0.9593573
0.96074003
0.97581244
0.9694028
0.9813142
0.9698749
0.962064
0.9818762
0.98128647
0.95361686
0.95691943
0.96354717
0.98448277
0.9775264
0.957741
0.99151194
0.9668897
0.9855554
0.96210104
0.96784794
0.96964663
0.98262686
0.9670994
0.9642434
0.97789085
0.9807006
0.9808404
0.9809451
0.9563554
0.98235375
0.9682066
0.9569014
0.95079935
0.9558939
0.9532813
0.91401756
0.92677516
0.9162013
0.90486205
0.99062717
0.9411037
0.9271489
0.9094846
0.9449634
0.96241426
0.97742975
0.99220884
0.9589574
0.9515514
0.9166273
0.94472617
0.9686783
0.9533752
0.9733856
0.97665775
0.9388317
0.9717538
0.9503436
0.909422
0.94369376
0.9669992
0.9704151
0.9786911
0.95677423
0.92908365
0.9424498
0.96768516
0.9721191
0.94232446
0.9965803
0.9373361
0.9605358
0.9561506
0.9764036
0.9919118
0.97903013
0.989072
0.9834416
0.96425045
0.9884809
0.9526766
0.97123265
0.9899007
0.9412891
0.9958268
0.97252595
0.98462844
0.98840535
0.9725051
0.97692996
0.98926497
0.9977649
0.97410566
0.99535763
1.0068946
0.99297816
0.9949092
0.9343471
0.96013284
0.93644977
0.92755413
0.94018155
0.9661927
0.9419707
0.9737287
0.98308325
0.9613044
0.9564506
0.96067476
0.9450413
0.97842735
0.97146106
0.9714331
0.9433718
0.9614494
0.9607779
0.9725454
0.96907294
0.9652871
0.95457387
0.9608153
0.94741464
0.97835666
0.94581264
0.9576957
0.93908674
0.96849513
0.95978844
0.9698408
0.9720454
0.96412903
0.9818156
0.96645194
0.95544446
0.9807294
0.9833816
0.92902684
0.93882334
0.9803243
0.99432755
0.97690076
0.9624897
0.9569337
0.9599629
0.9480038
0.9875711
0.960663
0.9685378
0.9746876
0.9462191
0.9650585
0.9659249
0.9530867
0.9714282
0.96545964
0.9705677
0.96727675
0.9600249
0.9681746
0.93667585
0.9783783
1.0056807
0.9461568
0.944979
0.9648887
0.978569
0.9448889
0.95002633
0.978696
0.9431504
0.9882067
0.9493241
0.94453675
0.9720128
0.96119446
0.9976307
0.9621611
0.97575784
0.9860983
0.9851564
0.9975294
0.98181725
0.98721254
0.98692966
0.974563
0.9755625
0.97334296
0.9826316
0.9814556
0.9594316
0.95846695
0.9626583
0.96536505
0.97270995
0.95117754
0.93804896
0.94724697
0.9645372
0.9401935
0.9524156
0.9747588
0.94065017
0.969333
0.965129
0.9273491
0.94880193
0.9439346
0.9430407
0.9202547
0.9339514
0.94035226
0.9736818
0.9589461
1.0020654
0.98909473
1.0019877
0.99678034
0.9871063
0.99660933
0.99335104
0.9953111
1.0093795
0.94500613
0.9546944
0.9799375
0.997734
0.9815641
0.98460674
0.96789324
0.9586944
0.9691372
0.9706085
0.9694147
0.9602648
0.9357357
0.9501873
0.98048556
0.97366613
1.002772
0.9724088
0.9817403
0.95752186
0.9647338
0.9821532
0.9471048
0.95689267
0.9937892
0.98194677
0.99384254
0.9434398
0.9742653
0.9306275
0.965134
0.9752289
0.9909543
0.9869955
0.9699261
0.9697163
0.9822472
1.00361
0.9653119
0.9754627
0.99131715
0.9690271
0.9724713
0.96653503
0.90626615
0.9782381
0.9472524
0.9677279
0.9530009
0.9537104
0.98197633
0.9765235
0.94488883
0.9710013
0.99675536
0.95945466
0.97661734
0.96556073
0.9590988
0.9847576
0.99352336
0.9881281
0.9662671
0.9984106
0.93166435
0.93082666
0.9690321
0.99167216
0.97125334
0.98775566
0.9626641
0.9805813
0.98369414
0.9990602
0.9987875
0.96468765
0.9771744
0.9715664
0.9874653
0.9521327
0.9744775
0.9662726
0.9469949
0.92871207
0.93686086
0.9671953
0.97373617
1.0073377
0.9965203
0.9864953
0.9725575
0.9639866
0.9903717
0.9900498
0.9880368
0.9707135
0.981172
1.0027375
0.99107265
0.96980727
0.98856366
0.9848978
0.98509955
0.9920057
0.95119166
0.98628956
0.9867054
0.98207945
0.96122575
0.9757306
1.0063752
1.009294
1.0035028
0.9730502
1.0001768
1.0072789
0.9860222
0.9911484
0.987136
0.9553173
0.97196233
0.97385144
0.97636056
0.99078965
0.9295765
1.0064403
0.9856447
1.0060605
0.9893138
1.0040078
0.9447014
0.9908813
0.96313
0.9416771
0.9795724
0.97479415
0.95801806
1.0011876
0.9355689
0.95838916
0.97356486
0.9948844
0.95659137
0.9688142
0.96166885
0.96224177
0.96474075
0.9596477
0.9337957
0.97517544
0.98711246
0.9408331
0.9647742
0.96412826
0.96781677
0.96533245
0.958516
0.9189427
0.92934334
0.94651407
0.9738303
0.9514393
0.96643054
0.9407618
0.9550969
0.95910484
0.9489078
0.97281563
0.966121
0.97097933
0.9875162
0.97203946
0.99280095
0.9851955
0.98177963
0.96561015
0.9227998
0.9507626
0.94589144
0.9283107
0.9633395
0.9323318
0.94879234
0.97405994
0.95750266
0.9202769
0.952294
0.9305111
0.9652019
0.9640355
0.98837703
0.98748356
0.9851799
0.9966431
0.99327046
0.98985976
1.0029621
0.97998005
0.9821996
0.9969536
0.98436177
0.9666469
0.97263145
0.97020507
1.0041507
1.0151144
0.93638694
0.9962511
0.9964411
0.99289703
0.9946385
0.98285866
0.98642683
0.9478379
0.9820962
0.9759854
0.97390085
0.98926723
0.9663489
0.9897307
0.97277886
0.97679913
0.970937
0.9766593
0.9505326
0.98229563
0.96703213
0.98977244
0.96407926
0.9680217
0.9780788
0.9514191
0.98536354
0.98648155
0.95410866
0.9910049
0.9627344
0.97519594
0.9516633
0.9791936
0.9620447
0.9816
0.9140284
0.98829836
0.97161925
0.96937287
0.9596088
1.0090408
0.9627948
0.9389279
1.0034517
0.98158395
1.0013679
0.96560705
0.96839327
0.94481343
0.9958763
0.9738341
0.91019934
0.9766599
0.9290792
0.9605487
0.96313137
0.96636516
0.9551089
0.93412143
0.9503879
0.94225866
0.96094257
0.96828645
0.98964983
0.932347
0.93859017
0.9739771
0.975759
0.9634543
0.9923395
0.98760563
0.995985
0.96632063
0.97518176
0.97280943
0.99095035
0.9895373
0.9633561
0.95422685
0.9501848
0.9670947
0.97371143
1.0041708
0.9610949
0.94368416
0.99372643
0.9592777
0.9500858
0.9714779
0.96364295
0.997591
0.96427464
0.9981596
0.98559034
0.98892725
0.9628326
0.98115915
0.9953329
0.94942796
0.99654114
0.93550795
0.97765493
0.9835415
0.95963985
0.9884566
0.98826426
0.96048224
0.9808967
0.9629318
0.9706108
0.99358267
0.96384495
0.9729685
0.98832434
0.94874847
0.9914813
0.985945
0.9821366
0.9165302
0.949151
0.95661336
0.93939185
0.96793187
0.96275896
0.9927735
0.9519966
0.97076535
0.97083527
0.9577073
0.93723226
0.9513612
0.980851
0.9942046
0.9870634
0.9717639
0.9611806
1.0172573
1.0021186
0.98679626
0.9869513
1.0107399
1.004083
0.9859414
0.96160537
0.93763983
0.93269897
0.97574514
0.97199446
0.9778607
0.959077
0.9813911
0.9666902
0.94217
0.96475464
0.94429713
0.99198055
0.9422398
0.9909635
0.9595211
0.993474
0.92207736
0.9476026
0.9227034
0.9096446
0.92441624
0.93480104
0.92089015
0.97085005
0.9409273
0.9430138
0.96940553
0.9397972
0.933715
0.9150584
0.9666629
0.9289787
0.96148854
0.98364496
0.91787297
0.9793436
0.9887341
0.98132527
0.9638579
0.95591027
0.9856038
0.99159276
0.98105216
0.991109
0.9947542
0.9712262
0.9733208
0.96901417
0.9558187
0.9765545
0.97128356
0.97962284
0.9945849
0.9811018
0.96350205
0.98474693
1.0132626
0.9881709
1.0037391
0.9945487
0.99698496
0.96092033
0.99117756
0.9459286
0.9896079
1.0060607
0.997692
1.0005019
0.96420807
1.0157564
1.006512
1.0046111
1.0171366
0.96283835
0.967108
0.9712853
0.97550756
0.9055903
0.9567516
0.9819705
0.96736354
0.99745697
0.97298217
0.9644725
0.97363186
0.9633043
0.95767355
0.9604658
0.94698405
0.9685241
0.9764587
0.9522006
0.9615199
0.9760429
0.94611716
0.9537933
0.9680209
0.9714721
0.9806352
0.9670994
0.96613824
0.97498363
0.96451485
0.9811647
0.97299105
0.9307999
0.98235375
0.96377677
0.90801525
0.94606584
0.9413708
0.9517953
0.9278255
0.9391295
0.9039319
0.8904386
0.9810435
0.932344
0.9380128
0.9259769
0.93000096
0.95613956
0.984267
0.99548066
0.95319086
0.943491
0.91608214
0.92358464
0.93796414
0.92957354
0.95007473
0.94207376
0.9225489
0.9443293
0.9788051
0.9206808
0.9558695
0.9634826
0.98323953
0.96363866
0.95434064
0.93758804
0.95136625
0.9504487
0.95990205
0.91125685
0.98152095
0.9598482
0.97655714
0.9710015
0.9821753
0.9926599
0.9962817
1.0130907
0.9902998
0.9659975
0.98191214
0.96431345
0.97820836
0.983239
0.9706236
0.9962937
0.97845894
0.95893335
0.9866833
0.9782384
0.987348
0.98199296
0.9666167
0.96529174
0.99041057
0.99134666
0.9790258
0.9920124
0.95330185
0.95431286
0.93395984
0.9286517
0.9375649
0.9657425
0.92729634
0.92030585
0.9899644
0.95912385
0.95124584
0.972209
0.93997234
0.93886024
0.96074915
0.9623384
0.94557035
0.9456786
0.9677177
0.9572218
0.9847715
0.939112
0.9595943
0.9580366
0.9532492
0.97726136
0.9417878
0.9650236
0.94692934
0.94731385
0.967843
0.97309697
0.96945924
0.96162695
0.9650149
0.9571302
0.95544446
0.9694418
0.9407261
0.91670495
0.96075577
0.9617953
0.9722545
0.96906227
0.9616111
0.93496346
0.9525106
0.9269744
0.9895538
0.96676314
0.9511801
0.9828849
0.92964697
0.95047784
0.955885
0.9132467
0.96200836
0.96372724
0.960181
0.97839254
0.94885623
0.95831954
0.9377045
0.972313
1.0020325
0.93878245
0.9210559
0.94590324
0.97177666
0.9460797
0.9525262
0.990015
0.92262465
0.9836405
0.9618481
0.95069915
0.95400906
0.94903725
0.98239565
0.96947396
0.9604493
0.9884395
0.979962
1.0012493
0.97141296
0.9740486
0.98926246
0.967345
0.97737736
0.9703127
0.99479324
0.9788317
0.97556853
0.97393787
0.97149515
0.9672399
0.971995
0.93921095
0.9387492
0.95780784
0.9673652
0.9582529
0.97685796
0.9628871
0.9478394
0.9710985
0.9659893
0.92492837
0.9378575
0.94410044
0.9419863
0.93227524
0.9366011
0.93405265
0.9849543
0.9409958
0.99241
0.98762536
1.0019877
0.9648126
0.99303436
0.986884
0.98563886
0.9890063
0.98841375
0.97093904
0.9757776
0.98805493
0.98936594
0.9780817
0.9971958
0.9668238
0.9873941
0.9720572
0.989183
0.98244506
0.9799329
0.9712785
0.96532613
0.9800828
0.97366613
0.9999329
0.9542876
0.9896284
0.94853514
0.94030213
0.975433
0.9588783
0.93795323
0.9970416
0.96691316
0.9912247
0.96372235
0.9799473
0.9916922
0.9740474
0.9596339
0.97505146
0.98624617
0.9913281
0.94736314
0.9661953
1.00361
0.96714646
0.9915527
0.9938058
0.9916512
0.95897996
0.891369
0.940772
0.9797888
0.960317
0.9555277
0.9652096
0.9531889
0.9928694
0.97865987
0.96737057
0.98741204
1.0000068
0.9688563
1.0102923
0.9624561
0.9799888
0.9726521
0.9860352
0.9872494
0.9667202
0.9966154
0.9362107
0.9400091
0.9675336
0.9936382
0.95483756
0.9583278
0.9778788
0.95186895
0.9635651
0.98495936
0.9987262
0.9564183
0.9628949
0.96184397
0.9874653
0.9445815
0.9694107
0.97711504
0.9288555
0.9471832
0.9337992
0.9256444
0.9602966
1.0073377
1.0018418
0.9860422
0.9757504
0.9660678
0.9853952
0.9890114
0.9798294
0.9737129
0.9790872
0.9967483
0.9928379
0.9928521
0.9958219
0.985275
0.9878927
1.0125698
0.9283477
0.9606099
0.973404
0.96383834
0.9449282
0.94114685
0.9947181
1.005665
0.999933
0.95469743
0.9920371
0.98042285
0.9755974
0.99452025
0.9827354
0.9640028
0.95844513
0.9533234
0.9754116
0.9923168
0.93208176
0.97942406
0.96440333
1.0024616
0.96885127
1.0084873
0.94817156
0.97633266
0.9598387
0.96266836
0.97508866
0.961827
0.9429305
0.94984895
0.92873895
0.9641341
0.9825506
0.99720305
0.94996893
0.95755625
0.9693737
0.9627937
0.92988235
0.95037615
0.965672
0.98556674
0.99203265
0.9372871
0.94598407
0.9599502
0.9731774
0.9609923
0.93292916
0.9218968
0.93450534
0.96073526
0.9577984
0.95302093
0.9585753
0.93953735
0.9574492
0.9615302
0.949821
0.9718278
0.9798158
0.97512853
0.98580897
0.98473233
0.9965135
0.9841095
0.97658557
0.9661017
0.860211
0.9354262
0.95791954
0.91538703
0.94890225
0.91149664
0.9243123
0.9770352
0.9481665
0.95333
0.957402
0.94408756
0.9295578
0.9602548
0.98735607
0.9895681
0.9693269
1.002284
0.9859994
0.9912267
0.9965106
0.98361653
0.9826651
0.969952
0.99479324
0.97028697
0.9656435
0.98325723
0.98149717
1.0039506
0.9413405
0.9939523
0.9912822
0.9844936
0.96762896
0.9726254
0.9949017
0.96036786
0.9809716
0.97562206
0.9619017
0.98197657
0.9435486
0.98225796
0.9859961
0.96724427
0.9462082
0.9722926
0.9412929
0.96332365
0.95223427
0.9873641
0.97413164
0.96109736
0.96992874
0.95996654
1.0008746
0.9953666
0.94865304
0.9839506
0.97508496
0.975495
0.93883026
0.96475756
0.96424454
0.98030496
0.920044
0.97867674
0.9763497
0.9779095
0.9537571
1.0144088
0.9695397
0.9663889
0.98651916
0.9730563
0.99794006
0.97866005
0.9839346
0.93273383
0.9958763
0.9378607
0.93874025
0.94348407
0.94483113
0.96239364
0.9671673
0.9669434
0.9487274
0.91342384
0.9038118
0.9486879
0.9611335
0.98449767
0.95457166
0.95594937
0.95094544
0.9928598
0.973485
0.9895698
0.9688668
1.0082211
0.9976351
0.9826077
0.9255616
0.9635515
0.97863406
0.9903346
0.9425157
0.9550844
0.9513202
0.95804024
0.931052
0.9636486
0.94911414
0.9157391
0.97724813
0.93426204
0.9357222
0.9714779
0.93918747
1.0011978
0.95832896
0.9944964
0.9911137
0.9873505
0.9743378
0.9903852
1.0018685
0.9616943
0.9978901
0.9643026
0.9863526
0.9895382
0.980709
0.9373878
0.9537815
0.94691086
0.97095406
0.9711017
0.95777446
0.9879767
0.9689042
0.95852363
0.99843806
0.9539656
0.98154217
0.96001923
0.975998
0.90389705
0.9573125
0.9690975
0.9554405
0.9629753
0.98432964
0.9902931
0.9665328
0.9461087
0.95814115
0.93919104
0.94074535
0.95633096
0.980851
0.94040656
0.95597774
0.94631183
0.9923507
1.000165
0.9757612
0.9709583
0.97983134
1.0107399
0.98007536
0.9605745
0.9461145
0.9573051
0.95252544
0.9664553
0.9832076
0.96619374
0.97086304
0.9876102
0.97825944
0.95534986
0.9641983
0.95954955
0.9726581
0.9576077
0.98513144
0.9670798
0.99238044
0.95600367
0.93944204
0.9226053
0.91753435
0.91956127
0.9601748
0.9218019
0.96818167
0.9445115
0.9375649
0.9604851
0.93362916
0.9667949
0.9141087
0.9626013
0.93492275
0.9732534
0.9808315
0.9197677
0.9916176
1.0092485
0.9889357
0.9731087
0.96129197
0.98380905
0.99625397
0.97093314
1.018166
0.99223
0.9712859
0.9723025
0.9326006
0.95616126
0.97721547
0.98060405
1.0017512
0.9954837
0.9806394
0.9684314
0.98917806
0.9967852
0.97893935
1.0037732
0.9946621
0.9947102
0.9785957
0.99117756
0.9230929
1.0009246
1.0081542
0.9843638
1.0002391
0.97694355
1.0074612
1.0098692
0.99876356
1.0171366
0.96283835
0.96583563
0.9712853
0.96039903
0.90895104
0.95206404
0.9789446
0.98095816
0.9813142
0.97135144
0.9732763
0.96932465
0.9617056
0.9588772
0.96306604
0.94976676
0.96658707
0.97754115
0.9489676
0.9928381
0.9709123
0.9921204
0.9666013
0.962315
0.9671415
0.9702288
0.9670994
0.96613824
0.97449744
0.96166754
0.9808404
0.98126894
0.9191124
0.98235375
0.9656146
0.93601984
0.9304277
0.9403644
0.9529229
0.9210593
0.9266641
0.89462787
0.8807647
0.9938452
0.9414968
0.92896914
0.9159331
0.9433175
0.93529767
0.984267
0.99894065
0.9540702
0.9555873
0.89695644
0.9219919
0.96596515
0.91896194
0.9539526
0.9476284
0.9163473
0.95959795
0.9703447
0.90875757
0.9455672
0.9776692
0.9613127
0.97209996
0.9484819
0.9443453
0.9429902
0.9713483
0.9804105
0.93349266
0.9800908
0.96162575
0.9836438
0.96841955
0.983219
0.99078935
0.987005
1.0130907
0.98899174
0.96736884
0.9894069
0.9457516
0.99042815
0.98410034
0.97794324
0.99635
0.9831389
0.97721994
0.98954093
0.974255
0.9854581
0.98926497
0.9937051
0.9619354
0.96918535
1.0025493
0.9772833
0.9927389
0.93101335
0.95940614
0.9310397
0.9361329
0.93991333
0.9709581
0.9492404
0.9163595
0.97916216
0.9633981
0.9511599
0.96841156
0.93882734
0.9462291
0.96582836
0.970342
0.9471542
0.9536819
0.98043346
0.96134895
0.96907294
0.9578937
0.96212065
0.96883357
0.94800836
0.9711235
0.94708604
0.93552303
0.9478169
0.94743514
0.9506651
0.95348674
0.97196907
0.9659365
0.9725988
0.95877624
0.96578723
0.9711026
0.9482099
0.92097527
0.93946594
0.9569294
0.9927192
0.9769014
0.9624897
0.9356216
0.9640908
0.9294885
0.9874289
0.9682036
0.9563883
0.9746876
0.93144566
0.94706184
0.9659249
0.9458636
0.9822548
0.95943594
0.98184735
0.97210944
0.95573115
0.962907
0.94322604
0.9692684
1.0053015
0.9511179
0.9210559
0.9482228
0.9755246
0.9462756
0.95258915
0.99282044
0.9515125
0.9964498
0.9542743
0.9529396
0.9606511
0.95534486
0.9877396
0.9654862
0.9863276
0.9926792
0.9880765
1.0011184
0.9851375
0.9837843
0.9787559
0.9758254
0.97302085
0.9717441
0.9920201
0.9797869
0.9700879
0.97006327
0.9576341
0.96379024
0.97827864
0.9347489
0.93671715
0.9463528
0.95983326
0.95088875
0.9734688
0.9747588
0.9329273
0.9705368
0.9670781
0.9260761
0.95073205
0.9450162
0.9395366
0.9325146
0.9361536
0.94406205
0.96261764
0.9512289
0.99395007
0.9893849
0.99585706
0.9552088
0.9898576
0.99660933
0.99428904
0.9953111
1.0048354
0.9692512
0.9784035
0.9895739
0.99134856
0.9874619
0.99226534
0.96509504
0.9857538
0.9768533
1.0050045
0.99285054
0.982166
0.97717303
0.9692814
0.9800628
0.97366613
1.002772
0.97060955
0.99167675
0.96078634
0.97679424
0.9790787
0.97875774
0.9568073
0.99222827
0.985926
0.99469775
0.95176023
0.9729165
0.9415311
0.9671322
0.96078706
0.9925711
0.98840797
0.9900366
0.9526846
0.96652323
1.00361
0.9720716
0.98746103
0.99541533
0.9909397
0.97320473
0.95105666
0.9391186
0.9824615
0.9469464
0.996383
0.946453
0.95840853
0.99195725
0.9979139
0.9733646
0.98412704
0.99713486
0.9714045
1.0102923
0.95850384
0.96355444
0.9732687
0.991359
0.98464733
0.96384037
0.9976503
0.94711465
0.9175468
0.9733374
0.9680014
0.9731241
0.9580768
0.972301
0.9798901
0.98236346
0.9877424
1.0006459
0.9631716
0.97608167
0.96979433
0.9874653
0.9531452
0.9755071
0.9690436
0.94342136
0.9269554
0.9411041
0.9523902
0.9621161
1.0073377
1.0016025
0.9883475
0.97246933
0.9630305
0.9844691
0.98774695
0.9893908
0.964682
0.98656076
0.9949266
0.9928379
0.97003627
0.9879493
1.0051931
0.97954875
1.0073762
0.94876254
0.9737881
0.97915757
0.9612051
0.94354284
0.9363657
0.9922359
1.009294
0.99885786
0.9592043
0.9920371
0.98042285
0.96000624
0.9701409
0.97788763
0.95068586
0.9550872
0.9781858
0.95337015
0.9792486
0.92365456
0.9769814
0.9640419
0.996658
0.9713939
0.9748621
0.941762
0.98744226
0.9611792
0.9553682
0.9730334
0.97154605
0.95319915
0.9894551
0.9322611
0.9674623
0.97081596
0.99720305
0.942334
0.9688142
0.9656395
0.96224177
0.91473454
0.96001434
0.93774617
0.97455305
0.9916332
0.9387052
0.9572478
0.95331603
0.97194874
0.9610033
0.9424976
0.9392404
0.92396283
0.9500932
0.96939856
0.95935094
0.96375185
0.94342756
0.9572137
0.9629104
0.95367634
0.974804
0.9807583
0.979818
0.9949524
0.99139386
1.0031226
0.9896106
0.98654836
0.97467166
0.89866656
0.937693
0.9571185
0.9093082
0.9499361
0.91180176
0.9368564
0.97405994
0.9525891
0.9471722
0.9555692
0.9227906
0.9652019
0.9590181
0.99906886
0.98862934
0.97981817
1.0023879
0.9872453
0.98799646
0.9936938
0.98804116
0.98926234
0.964377
0.9931473
0.97244275
0.9597898
0.9708321
0.98479277
1.002952
0.9628157
0.9900239
0.99786174
0.9925293
0.9809723
0.97588295
0.97949654
0.96260583
0.97833234
0.9738785
0.9703875
0.98197657
0.95939845
0.98220086
0.9754939
0.9725379
0.9726174
0.9775843
0.94541866
0.9378691
0.95223427
0.9834395
0.96175647
0.9683094
0.9735084
0.96264
0.99493223
0.995905
0.96063745
0.98610413
0.9627344
0.9779624
0.94272333
0.98436093
0.9612961
0.9835427
0.90897936
0.9735087
0.97027165
0.95304924
0.9530552
0.9901088
0.96234256
0.96638733
0.98651916
0.98199576
1.0021629
0.965744
0.96920353
0.9167869
0.9958763
0.95135444
0.9167623
0.94884855
0.9329172
0.96552277
0.95439255
0.96109545
0.9496624
0.9155336
0.9038155
0.939942
0.94977224
0.95994556
0.989097
0.9282669
0.9530234
0.9676831
0.9779122
0.9738323
0.98764354
1.0126517
0.98833704
0.9597611
0.9413956
0.96639365
0.9835591
0.98733574
0.94999737
0.9568839
0.94496506
0.95517236
0.93133295
0.9636486
0.9485046
0.9178284
0.97724813
0.9344183
0.93944055
0.9714779
0.9461387
1.0013009
0.9638118
1.0021149
0.9958291
0.9899333
0.983172
0.9859081
0.97377944
0.98779005
0.9973796
0.9420784
0.9637442
0.9951785
0.982147
0.9636188
0.9537815
0.9575643
0.97043836
0.9742802
0.9656346
0.9942639
0.9717832
0.96258473
0.98867154
0.9558559
0.99654156
0.96904206
0.97398573
0.9285148
0.9794529
0.9532222
0.94685173
0.971887
0.96935713
0.9893556
0.956154
0.9677106
0.9708602
0.9519923
0.93602496
0.9572979
0.984279
0.94656575
0.99453056
0.9817014
0.9926563
1.0203866
0.9691012
0.9832171
0.9784715
1.0107399
0.9732134
0.9705898
0.9591959
0.9440732
0.94999456
0.9735351
0.96320194
0.9681913
0.9638598
0.9876102
0.97331506
0.9607951
0.98172367
0.95534563
0.9737726
0.9701825
0.9900776
0.9452455
0.99338406
0.917971
0.949672
0.917737
0.9210792
0.91757697
0.9208612
0.92878014
0.96607804
0.9359236
0.9388601
0.9737801
0.9201928
0.9587867
0.9120749
0.96299237
0.91199636
0.9712793
0.9827838
0.9197677
0.993593
0.9865277
0.98576665
0.9774621
0.9510158
0.97494483
0.9846354
0.9804845
1.0008911
0.9807505
0.9712705
0.97618526
0.91761625
0.9414078
0.96330225
0.96185887
0.99795645
0.97915393
0.9813122
0.98641616
0.9887202
1.0041381
0.98666525
1.0037732
0.9965361
0.9947102
0.97748166
0.99117756
0.92948306
1.0004128
1.0060607
0.9850869
1.0028039
0.964893
0.97786087
1.0098692
0.9691723
1.0148568
0.96283835
0.9598051
0.9712853
0.96418893
0.9164733
0.9522958
0.9822163
0.9748132
0.9870193
0.9678211
0.96465653
0.9691142
0.97442484
0.9599758
0.9746461
0.95086706
0.9676148
0.979788
0.9537547
0.95472866
0.96381253
0.9602183
0.9760687
0.9678432
0.9658777
0.97376627
0.9670994
0.96613824
0.97516286
0.9644919
0.980323
0.98654914
0.92205745
0.98235375
0.9775993
0.920787
0.9561995
0.9403644
0.9512777
0.92188644
0.9370525
0.8940498
0.878712
0.9786316
0.93511474
0.9457984
0.9167942
0.94273615
0.92737526
0.9745888
0.9958111
0.9590246
0.9504353
0.90147173
0.9314873
0.9644634
0.916933
0.9470076
0.9373581
0.95328796
0.9530252
0.9793116
0.9409185
0.95624715
0.9669992
0.9739728
0.9798801
0.9563989
0.93280745
0.93895495
0.96498203
0.96744305
0.92686945
0.99029154
0.9530168
0.9774064
0.95916265
0.97939235
0.9888077
0.9940396
1.0130907
0.9903761
0.96589345
0.98834604
0.9661015
0.98624384
0.9839734
0.9616141
1.0022689
0.9730995
0.96408033
0.9893181
0.9740171
0.99175996
0.9855263
0.98265696
0.98327464
0.9736868
0.9803691
0.97419816
0.9984528
0.93584055
0.9514307
0.92207825
0.92978
0.93013716
0.9676057
0.9313154
0.91382235
0.9835673
0.9602001
0.9480974
0.9676499
0.9411076
0.94707245
0.96211374
0.96554214
0.9479647
0.9568839
0.97056097
0.968877
0.97009116
0.952986
0.96474445
0.9571145
0.953118
1.0001074
0.95458806
0.9473033
0.94663334
0.94774145
0.95909286
0.9527996
0.97009933
0.9581873
0.9798195
0.9599182
0.9810087
0.9722552
0.9664565
0.90676063
0.9668097
0.9566776
0.9749348
0.9637059
0.9988679
0.9340523
0.9524992
0.9290683
0.9895538
0.96269
0.9552755
0.97673285
0.9276321
0.96601766
0.9659249
0.9351563
0.9730364
0.96686023
0.96639115
0.9727835
0.94709134
0.959819
0.95620793
0.972313
1.0053015
0.9388274
0.9305091
0.9507353
0.97769624
0.94340724
0.9527848
0.99349797
0.9513866
0.99769336
0.96457195
0.9491887
0.96604013
0.9599748
0.9976307
0.96563053
0.9863276
0.9868569
0.98319876
0.99524873
0.98763365
0.9754809
0.98926246
0.9720531
0.9729305
0.9749393
0.98399246
0.9789935
0.96160877
0.9599809
0.9645672
0.95645213
0.97952825
0.94492227
0.9298704
0.9533334
0.966658
0.957406
0.98040944
0.9748407
0.9353161
0.96791273
0.9741515
0.9294867
0.9367707
0.93110114
0.943678
0.9274205
0.94093734
0.9390074
0.9751536
0.95558304
0.99395007
0.98013234
0.99585706
0.962023
0.9789004
0.9879552
0.9838746
0.99292976
1.0065786
0.9479153
0.9715462
0.990928
0.9870893
0.9739314
0.99381745
0.97940356
0.9852638
0.97612506
0.99842083
0.9974618
0.994534
0.9773792
0.9666675
0.9800828
0.97387064
0.9999329
0.96170294
0.9849002
0.9875386
0.9571885
0.96581084
0.97800624
0.938942
0.99222827
0.96009606
0.9922551
0.9624007
0.9775437
0.9267182
0.9693225
0.96252763
0.99232215
0.9811265
0.97948086
0.9581273
0.96994776
0.99798894
0.967191
0.9885818
0.99638766
0.987858
0.97184783
0.92579234
0.8889515
0.9793639
0.9476907
0.9417578
0.9402053
0.9430142
0.95551896
0.9775577
0.92774284
0.9833571
0.98006755
0.96719176
0.9842883
0.9545306
0.96854216
0.9835627
0.9882503
0.98042476
0.9711022
0.9969715
0.94219303
0.92667145
0.95682466
0.9899467
0.9678746
0.95920336
0.97256285
0.9629664
0.9566282
0.98495936
1.0009199
0.9543158
0.96493113
0.96018517
0.9874653
0.96077454
0.9722908
0.97794855
0.9551909
0.9460006
0.9341975
0.9256444
0.9685576
1.0073377
1.002582
0.9978801
0.97231495
0.96351874
0.99232936
0.98082155
0.9875521
0.9737129
0.98637277
0.9970034
0.9851411
0.9971503
0.98379415
0.9848978
0.9839973
1.0060081
0.9541352
0.9789956
0.97252065
0.9413445
0.9447416
0.9449865
0.9997978
1.009294
1.0051817
0.95481443
0.9920371
0.95946705
0.97138363
0.9826225
0.9835538
0.95068586
0.92955893
0.9560036
0.98187983
0.9858043
0.93440384
0.98824674
0.96838313
1.0023121
0.98314565
1.0084873
0.9451945
0.9788901
0.9577125
0.95548445
0.97332376
0.9608579
0.93182904
0.9822357
0.91623354
0.952897
0.97384053
0.9911304
0.947459
0.9908897
0.97029704
0.9523355
0.92397356
0.9540355
0.9530684
0.98287123
0.98001486
0.9372871
0.95363855
0.95699805
0.9698729
0.9493622
0.93282616
0.9429822
0.9265071
0.9596705
0.9641516
0.9500225
0.9625513
0.9298861
0.93925554
0.9557961
0.9516794
0.97747356
0.95299834
0.96987486
0.9864368
0.96812266
0.99068725
0.9845307
0.9714282
0.96709746
0.91352975
0.9469285
0.9706198
0.91697353
0.9312691
0.8990785
0.9393884
0.97453785
0.9481665
0.9478065
0.9521569
0.9267618
0.9652019
0.96548367
0.9849373
0.9873113
0.96318805
1.0009966
0.9824873
0.9916966
0.98910207
0.98795223
0.9812879
0.9610475
0.98399246
0.9642792
0.9700211
0.96857655
0.98512864
1.0054545
0.9701919
1.0015731
0.99842155
0.98268074
0.9921167
0.9735834
0.9898904
0.959227
0.9841347
0.9750471
0.9795531
0.98197657
0.93640894
0.9897307
0.9808213
0.9714897
0.9473153
0.971132
0.9392972
0.9671825
0.95223427
0.9880674
0.9826758
0.96798635
0.9702111
0.95538056
1.0007943
0.9954465
0.9682569
0.98084456
0.97147804
0.9788243
0.9308161
0.98227197
0.96326864
0.9824279
0.92313194
0.9710727
0.95164347
0.95667666
0.9834246
0.99021566
0.9739538
0.96690047
0.9882945
1.0012676
0.9999781
0.98152065
0.9867097
0.9236917
0.9958763
0.95555866
0.9283348
0.9468263
0.94842607
0.9644326
0.95672303
0.9575752
0.94254565
0.92550075
0.90553933
0.94291884
0.97000337
0.9790258
0.97717625
0.92881805
0.94560343
0.95679855
0.97056186
0.9709119
0.9881921
1.013467
0.9714221
0.9656906
0.95467097
0.96708864
0.9785841
0.98733574
0.95166355
0.95914197
0.9444959
0.95929295
0.93072873
0.9586487
0.9446056
0.9154403
0.9747402
0.94174147
0.9320567
0.9714779
0.94204134
1.0016509
0.96586066
1.0030714
0.9962253
0.98945946
0.9788463
0.9863921
0.9844204
0.9616943
0.99810493
0.9466369
0.9891039
0.9878857
0.9808204
0.96371526
0.95535153
0.94618124
0.96998864
0.9680569
0.9580693
0.9944541
0.96476364
0.9632087
0.9852615
0.95104116
0.9891123
0.96478426
0.97282434
0.8911485
0.96419334
0.9631498
0.94640154
0.9670916
0.9728457
0.9927735
0.95602554
0.9426956
0.9658146
0.948734
0.9433124
0.9599929
1.000797
0.9667042
0.94942325
0.94473404
0.95235205
1.0199996
0.97567904
0.95750797
0.9854175
1.0107399
0.9716056
0.96698475
0.9564058
0.94364816
0.95148647
0.97244585
0.98676574
0.96401966
0.9605832
0.9876102
0.9744466
0.9546081
0.9649952
0.9647018
0.96266717
0.9587494
0.98653835
0.9571914
0.9845933
0.9371749
0.93915415
0.91446847
0.90618825
0.9199266
0.9235105
0.9232373
0.9687981
0.94459987
0.9345193
0.9649405
0.9375832
0.9667949
0.90103734
0.96352106
0.9129629
0.9569329
0.98301446
0.91787297
0.9916176
1.0055695
0.98566645
0.96473163
0.96350694
0.9861001
0.99159276
0.9760264
1.0104511
0.9856465
0.9726674
0.97832763
0.92970383
0.9605953
0.9691495
0.96340084
1.0017512
1.0065907
0.9806394
0.97472596
0.9900806
0.9967852
0.985399
1.0067035
0.99760777
0.99464774
0.9815045
0.99117756
0.94215876
1.0009246
1.0081542
0.9855674
1.0000418
0.9809887
1.0074612
1.0098692
0.9847917
1.0166073
0.96283835
0.9552615
0.9712853
0.95715785
0.9109928
0.9451918
0.98165035
0.97801524
0.9894409
0.9708868
0.9633358
0.9621315
0.96626693
0.9588772
0.96193415
0.95114684
0.96623486
0.98065144
0.9526491
0.9633249
0.9670298
0.9833955
0.9605505
0.96800953
0.9628449
0.97673583
0.9670994
0.96613824
0.9705384
0.96166754
0.9808404
0.9903967
0.9321629
0.981263
0.9656146
0.93601984
0.95626295
0.94014287
0.95459574
0.91921514
0.9346644
0.9079265
0.88963145
0.99172837
0.93462104
0.93742305
0.91514534
0.93976986
0.94343644
0.98434716
0.9958111
0.9571281
0.9504233
0.90631145
0.9217815
0.96624196
0.9204102
0.94864744
0.95668274
0.93529266
0.95998913
0.9702104
0.92172104
0.94743073
0.9634826
0.9613127
0.9725017
0.9556628
0.944499
0.93969303
0.966526
0.9708546
0.9320907
0.9746728
0.9580347
0.9865391
0.9742408
0.9854291
0.9908468
0.98015296
1.0127095
0.9903761
0.96425045
0.9879242
0.9680632
0.99041283
0.98412055
0.97563255
0.99760437
0.9652149
0.9804108
0.98954093
0.97375166
0.986012
0.98680955
0.98594385
0.9616985
0.97129065
1.0025493
0.97505474
0.99395585
0.93412423
0.9535482
0.92513645
0.942015
0.92614317
0.9632549
0.93506235
0.91617644
0.98072106
0.95984685
0.95000273
0.9667367
0.94521815
0.9505313
0.9627425
0.9650098
0.94079286
0.9462404
0.9696184
0.9638638
0.99290174
0.9509683
0.96516836
0.94977546
0.953569
0.97835666
0.95127136
0.9203871
0.94635123
0.9415477
0.95658016
0.95043707
0.9718155
0.96473104
0.9725988
0.9651376
0.967388
0.97245306
0.9505543
0.9281173
0.943523
0.9558093
0.97211474
0.9755988
0.9624897
0.94050163
0.962384
0.9319622
0.9907629
0.9613029
0.9542486
0.9746876
0.9134986
0.9636839
0.9659249
0.9543474
0.98032063
0.96607983
0.9682959
0.97210944
0.94744694
0.95069265
0.9453336
0.9702353
1.0053015
0.93878245
0.9210559
0.94111055
0.97514844
0.94834846
0.9561888
0.9890072
0.9508094
0.9964498
0.95857227
0.95275337
0.9656085
0.9572426
0.9960041
0.9654862
0.9863276
0.9884395
0.98107
1.0011173
0.99908054
0.9822906
0.9973831
0.9758254
0.9707484
0.9717441
0.9920201
0.98351115
0.9676169
0.9698617
0.9593311
0.95559037
0.97510064
0.9541575
0.94799393
0.950923
0.9668156
0.94661486
0.9779632
0.9747588
0.95314026
0.9691399
0.969293
0.92797756
0.94892377
0.93893254
0.9439444
0.93123585
0.9374951
0.93889886
0.9751536
0.94271183
1.0004433
0.9864059
1.0019877
0.9605369
0.9853765
0.9879552
0.9838746
0.9953111
1.0048354
0.96549743
0.9679946
0.99057513
0.99417126
0.98618925
0.99381745
0.9695961
0.9877389
0.97977644
0.9979331
0.99285054
0.9897669
0.97549355
0.9673807
0.98020446
0.95365506
0.98799735
0.97358215
0.9904885
0.93880236
0.97616583
0.9790787
0.9679749
0.9563895
0.9970416
0.98712224
0.9928189
0.9514121
0.9734315
0.9382216
0.97362965
0.96229714
0.9988367
0.98523736
0.9935616
0.953918
0.98158157
1.0049406
0.97265136
0.98741364
0.99447054
0.9816142
0.97697705
0.9051769
0.8995015
0.9847063
0.95742685
0.9644948
0.9387706
0.97251517
0.9862764
0.9778351
0.93680084
0.98207825
0.9823774
0.97151643
0.98436564
0.96069705
0.97389245
0.97445905
0.98181576
0.9757155
0.9487488
0.9969715
0.94008344
0.9345804
0.9651323
0.98011833
0.96842736
0.9734339
0.9668485
0.9679799
0.9773534
0.98427683
1.0006459
0.95291835
0.9634008
0.96710247
0.9874653
0.95429516
0.97122556
0.970974
0.9444247
0.9357163
0.9363786
0.9523902
0.95745516
1.0073377
1.0042893
0.99595535
0.96408844
0.96731555
0.99195755
0.9880735
0.9893908
0.964682
0.98198974
0.9953529
0.99107265
0.97506326
0.9955856
0.99582034
0.9858836
1.0073762
0.95240337
0.98183954
0.987545
0.96383834
0.94103837
0.93659055
0.9947181
1.009294
1.0051817
0.9568588
0.9920371
0.98042285
0.9706648
0.9758375
0.97737503
0.95068586
0.9495924
0.9676337
0.9710116
0.9803117
0.9166039
0.98488533
0.95914996
0.9919243
0.9617424
0.9793125
0.9455271
0.9871295
0.95452315
0.9588024
0.9664285
0.97154605
0.9487758
0.9894551
0.9486285
0.9741494
0.9799899
0.9927167
0.95419014
0.9792724
0.96315926
0.9693381
0.94409454
0.95698875
0.9476167
0.97771716
0.98804885
0.9372871
0.9716672
0.9595846
0.97706544
0.9610033
0.9372989
0.93748146
0.94083565
0.95118976
0.96198696
0.9545351
0.9567667
0.94098216
0.95548403
0.96702635
0.9510657
0.9715129
0.9728375
0.9729207
0.9915162
0.96813357
0.99329716
0.98537517
0.9675298
0.97079474
0.91169184
0.93539006
0.9685806
0.9211648
0.9518545
0.9070569
0.93684757
0.97405994
0.9407731
0.95098203
0.9510819
0.94099885
0.9652019
0.9602677
0.9987516
0.9878691
0.9729913
1.0023879
0.9872453
0.9878349
0.99727136
0.9885997
0.97369194
0.9949477
0.9931473
0.97108835
0.95675915
0.97999126
0.98479277
1.0054545
0.9670658
1.0015731
0.9965218
0.9934545
0.9932499
0.9715537
0.99580276
0.9666041
0.96701664
0.9745181
0.9768629
0.98197657
0.9602858
0.98220086
0.9849739
0.9725379
0.9697089
0.97339684
0.93650734
0.97194356
0.95223427
0.98152745
0.97411335
0.9672606
0.9737805
0.9625184
0.9909275
0.9827186
0.9647723
0.979685
0.97508496
0.9659139
0.9385761
0.9791936
0.956134
0.9835427
0.90897936
0.9749212
0.9699819
0.95995873
0.9491847
0.99021566
0.96604306
0.95340836
0.98651916
0.9732797
1.000764
0.9764809
0.9768004
0.90805125
0.98064274
0.93599164
0.9286861
0.9275141
0.9266236
0.96713823
0.96075404
0.96756613
0.9508893
0.92973727
0.9057649
0.94322705
0.98486614
0.98577917
0.98964983
0.9318105
0.95095855
0.9678068
0.9763182
0.98354536
0.98764354
0.99321294
1.0016049
0.96028143
0.96207094
0.97230834
0.9825655
0.98733574
0.9541131
0.9540168
0.945672
0.9554389
0.93133295
0.9636486
0.9474253
0.9133039
0.9717743
0.93426204
0.9441094
0.9714779
0.92962915
1.0009348
0.9732676
1.0021149
0.99481136
0.9899333
0.9791341
0.9870944
0.9907666
0.98779005
0.9965981
0.9583342
0.98605376
0.98823196
0.9809001
0.9636188
0.9537815
0.96048224
0.97774446
0.974078
0.9693656
0.9942639
0.97585195
0.96399677
0.98864824
0.950498
0.9979954
0.96904206
0.9750322
0.9084951
0.9697439
0.957704
0.9422616
0.9670916
0.9720896
0.98811024
0.9688346
0.9661673
0.9698364
0.948734
0.9344222
0.9618584
1.000797
0.9942557
0.9860251
0.9811173
0.9833915
1.0203866
1.0044755
0.9838111
1.0059575
1.0107399
0.9996951
0.9605745
0.9591959
0.9440732
0.9278203
0.9753589
0.9738008
0.9716528
0.968273
0.987988
0.96559584
0.96733284
0.9724176
0.96617246
0.9859193
0.9702937
0.9870765
0.97100884
0.9941361