0.4968418963170296
0.4493811160403397
0.42620956402473975
0.5767428007545543
0.47527172433017983
0.5018752602338228
0.5260078884421091
0.367731813385034
0.4713950708850233
0.37354257269774993
0.533338619995427
0.6442295648212629
0.4376031512122318
0.34464869219994143
0.4927373995964296
0.5752186442453784
0.4506978983981078
0.4664758679678548
0.3490307545206218
0.5089185930346813
0.5228005767628988
0.7336995975758247
0.5083867351715992
0.41443441568257433
0.5046730106195312
0.7178184279554568
0.6136340234907512
0.7002708887864579
0.5525066100631346
0.4932408452604291
0.9739890699001272
0.6201794025448418
0.7200115835733744
0.4361211511261558
0.631454175741491
0.6277447029856745
0.47065938449071043
0.21672047761961566
0.5347783240215789
0.690135176342614
0.7843136998836
0.6661071416869659
0.5243654010629377
0.7480625464515477
0.6129716952842527
0.6338232934327618
0.5295593708590688
0.554361611157326
0.6364590740792155
0.6220755038346178
0.48248571222494885
0.48826718509079015
0.37239086872047467
0.4156365813791463
0.6276072014630563
0.41185931485452143
0.48984640945192404
0.371707713422177
0.6030311788229542
0.32251255293839654
0.37019613023968667
0.7753605775148908
0.28647090616411375
0.3713029321712078
0.4683984662425905
0.6162485338938456
0.6064636336903027
0.44155082877481866
0.3972341986294744
0.6850919307019551
0.4935803430567257
0.6289806953951823
0.7755807554431653
0.6445162661288596
0.5110783076906389
0.6748036258671226
0.36991782415568386
0.5389645751489002
0.5249777414245355
0.6547860748032394
0.6607796963047758
0.5490452020611383
0.34705504105709695
0.5844976552798336
0.5151231322801088
0.6717383223561434
0.9897895290845575
0.4834990746968377
0.5802731549583462
0.43794394839362616
0.44731328976039986
0.3015055291354275
0.4751063134268313
0.4885642221646951
0.40295497863956387
0.7554714464802447
0.9757058223809663
0.4248298016173102
0.5079517526671335
0.5755049495426885
0.6394520017396853
0.38681293888511803
0.5027387253212185
0.4424051677390909
0.6296146391392959
0.5503363698144477
0.39680595638698535
0.6292392242440306
0.631885477208327
0.3961014749299657
0.3289308085521032
0.3289308085521032
0.44790712652646936
0.6013011231276476
0.5878475878648662
0.6314980601915817
0.7434712983327958
0.7083014838510149
0.7083014838510149
0.45531560318156916
0.3544155998138785
0.5470375203919196
0.48961373404013
0.4754360631364023
0.44886630361371327
0.674205546812916
0.3232382138474952
0.528725045723532
0.45172396074947097
0.35648210585597906
0.5205217099427312
0.5398382415309031
0.6857731193204285
0.3977688859453917
0.523538386911571
0.4887405436628687
0.597065374443505
0.43299184269770685
0.4141731439679974
0.7112123021291572
0.7096661654364116
0.4859085252236546
0.338162237526749
0.7243517083422106
0.5012818212016145
0.4410933725283831
0.6449647007766616
0.40458378414697393
0.615949756544643
0.37794248212045267
0.4361427632134953
0.6014352807632448
0.48981204481931395
0.7308671721854828
0.5193158082990568
0.4869230669900544
0.5219325984393416
0.40214060695595655
0.5638466976806893
0.4701318509669765
0.6953120312437532
0.4207763048273363
0.3942488127145575
0.307490497242797
0.4511373353491446
0.4812032098823007
0.4631115626648864
0.3878079926267488
0.5004900264380773
0.5862824375194354
0.57228088145617
0.3886676946754851
0.5730933046562832
0.5001378570491013
0.6539743463202656
0.4284805706853785
0.3233774860935923
0.3720154342297226
0.41723783573191964
0.4098307402743151
0.4687955784423621
0.45507781670149816
0.5957969589419329
0.641823156122434
0.4583664580427014
0.3404787212731808
0.2217974714112665
0.5857482428385691
0.9793233347177008
0.6353609810773283
0.3317153412151317
0.4149358071808211
0.4828140515437669
0.4160475215167325
0.7130453881901213
0.5442997241582392
0.44590544366640095
0.530185560903829
0.5358708177165348
0.2489095348082071
0.485286132088117
0.24778040309329297
0.5242078342214903
0.6621030423521044
0.46493502861540503
0.4014760995191402
0.9928413361536542
0.37899384457512264
0.5146901115712119
0.39913776831041514
0.6304835061365939
0.9806320913219425
0.4417869921603662
0.48270831124511315
0.6538901939476305
0.45370732848539375
0.6402525490349503
0.8829423653245358
0.42203145619278537
0.3217702241127426
0.5415617950020573
0.373977230905039
0.596172533480491
0.5222636703327597
0.3273551336712237
0.4173748232104828
0.5018775733927691
0.3526809287935322
0.4704482446302136
0.7521744370901717
0.3050061136702351
0.43846755687000205
0.5862551955158573
0.4220022255830983
0.33575169703872987
0.6213427145423494
0.3559897659980902
0.5024479962828076
0.6194291711495099
0.5826668023632031
0.37099865516217556
0.5794204102436731
0.5080592378987201
0.6902535364672484
0.9856594164005914
0.9856594164005914
0.39303618698474585
0.5502919575408867
0.6723167158174029
0.4672667475565718
0.52364895676496
0.24952994452058697
0.6804516619076202
0.6117331603240475
0.2929867785997702
0.5275155761947501
0.8497012947767142
0.457234672954417
0.43335213240486525
0.3968925012994732
0.48110919779303263
0.6192400366641468
0.4338188684725909
0.5094808476211735
0.41604689792674043
0.9744059424685495
0.44075025637461085
0.3001360371808295
0.34491296411968486
0.27946208059382305
0.4204055876830004
0.7559771287920463
0.5498513463761933
0.29398007140389226
0.5143908414476293
0.6550946009440284
0.2278103333879974
0.980297226840439
0.4401326436692161
0.43708562089619796
0.4567424638730152
0.6927033746169904
0.41758994355519696
0.6064135327093844
0.5400778609968775
0.7742426945335642
0.5195788860526549
0.5163910566933803
0.258231186490673
0.6485023838461703
0.4905779590289254
0.24622127874786892
0.7267619930338217
0.35886044376780624
0.4195977852425816
0.5684253806663349
0.514041598166395
0.5449173904738998
0.5493864040604217
0.4546376860433041
0.534262065764584
0.3137981861446406
0.5177964130197579
0.7000389916372989
0.5282035036769626
0.5395295833956297
0.3561711876333784
0.7361004798409849
0.47210165720893094
0.5335273768413753
0.6789227890450273
0.36546151907296254
0.5728811325189569
0.5816824393957083
0.6727406607794992
0.4050252703950603
0.5507553864993
0.2994048080031215
0.578256097260784
0.36009384573207215
0.4984965686107168
0.5502062332923127
0.5060288269340769
0.3784766588659192
0.5200837702407519
0.3876977249990552
0.38478400936017576
0.3850638486698452
0.6680948833787845
0.4592038034165169
0.5253508978938033
0.4299172360687198
0.6725747878881225
0.5407825125005687
0.5352996808515483
0.7705046448812307
0.5120535248070123
0.6426251493251938
0.3845690629151829
0.5075592706142068
0.41712677851833635
0.4054143736454676
0.44181399458574067
0.3841494528756175
0.5489290112349184
0.32496956421645806
0.21256707834649102
0.6669661422516097
0.44297714218538353
0.4389452795689073
0.4116068521794769
0.3550631196911881
0.7426143139136893
0.6766618605796069
0.5444743469337571
0.3974904250798137
0.43087166531841936
0.45124214089137227
0.5749378540081151
0.5198184904948188
0.32885139416229625
0.25538934331164387
0.6769551394634067
0.7734560542674673
0.5281398980647937
0.6754147026127362
0.5137855960602264
0.5369178409595505
0.2254144236709541
0.6753857536614185
0.40027576362437545
0.37496281175591983
0.3572848170086794
0.7623249086994957
0.9156094594300824
0.5579923411826871
0.4805626405912906
0.4960798965585833
0.5370947528792719
0.5224874276586378
0.7821839502564307
0.41158302515645295
0.47368891310515315
0.49926282359929974
0.5264978193083627
0.346812431101171
0.4103426335018854
0.7077941265913732
0.5951628659805737
0.3510830199818278
0.528314826478737
0.7177126758279874
0.5521457375854407
0.6599274697032531
0.5282661169365488
0.4500933606043246
0.4508186637880667
0.5318055450009609
0.4828111384379694
0.5588433796179479
0.5962404331310528
0.4345715516465636
0.6417813872537288
0.533128102289233
0.5368603781508829
0.6224477265942773
0.6775409319043828
0.689048277634578
0.5635926821688979
0.544872130969212
0.8278035595132629
0.5079999462292389
0.5909450253207251
0.38711038027000655
0.3725890381495972
0.34733754659516547
0.24393404944858188
0.5878245975473143
0.6511254262081969
0.3299399135290404
0.7676089400582431
0.5454167061055593
0.5109624884708347
0.6779743701001433
0.5274022480114406
0.5082792056936773
0.2613279361805507
0.6047774532851902
0.613148809590137
0.47693065062037765
0.3887882144115835
0.5481451901351144
0.5898843265198788
0.426540145907933
0.547926564730385
0.48867426761268673
0.23747012685114688
0.5949303935348809
0.6962207245028856
0.4378555956499667
0.4757264215633257
0.4848929456288634
0.5943808511120395
0.6189336833078669
0.5224918538115828
0.5879974492577799
0.4208826311189965
0.45814068399748975
0.8066341526883722
0.5381604832112732
0.44486815227759835
0.45950896061505975
0.4253328251498174
0.572932724925191
0.5570389492175803
0.3490170319274736
0.5894927272509016
0.3977079760233212
0.3679692297433246
0.2996412713689782
0.5440109352496718
0.4200788006792072
0.313553919037179
0.3474856969547365
0.5608343338830872
0.670533169814887
0.46085375077521884
0.4994700096122322
0.5793497855615094
0.2561987296659053
0.6114807314466799
0.640078810777671
0.31454035806953495
0.3052919091622526
0.3372989615497701
0.4499179014949939
0.6149521157089284
0.1969924873732516
0.4316421388666585
0.3917179151183978
0.4697999152897989
0.626123690757706
0.38160642176568693
0.45781713454522344
0.22234503823017704
0.3356094880743161
0.5720415191451362
0.6933035277786244
0.5805725799571453
0.40328828620444335
0.2500669991899318
0.4051253309020876
0.3036122375167686
0.3280861695934105
0.7094919888737938
0.5188227645590232
0.49536382999392903
0.4879627651425298
0.36219302015675625
0.5054604839396464
0.39847398589669425
0.21238954416164812
0.632518125176311
0.32841255358088306
0.6518575289536845
0.598295013667314
0.5226164960473008
0.2394646525517954
0.5914006367306727
0.6157110492741289
0.5082529964661604
0.23647865710816418
0.5595764432323911
0.2549512704613657
0.7919047425121966
0.49752362159121555
0.5653277532872603
0.6452173479148863
0.37635477024752484
0.4444153036703177
0.30101354514368495
0.530584220787948
0.3843507256930727
0.3484367638692565
0.9530500189710853
0.49083897205420324
0.574636044011541
0.8319326349394991
0.3573736142010463
0.3919336162586117
0.46182142047048036
0.8189404744649706
0.32859959357914903
0.13846726250775976
0.07161094735094942
0.24621988753239954
0.495963645990409
0.590666248132066
0.6149715472898483
0.24373282415467634
0.6458265445806055
0.4802182369084107
0.6083191988869717
0.4722588123577647
0.5527302176052149
0.4115488927065205
0.24377406119632694
0.38172372216158146
0.3941698162684817
0.42651523345577036
0.13966547577062305
0.48116820347574973
0.7365310177761054
0.46748160691807317
0.3441404855546688
0.36066311578507215
0.6641962029220222
0.6580976512462022
0.6277843411538824
0.7249897438028343
0.27263372020862453
0.49171850227919633
0.5318294181220171
0.5412043551245262
0.6105395230985994
0.43219323827345346
0.26821808650082735
0.313105139472003
0.3767976211874754
0.42121802674684405
0.6767160460425242
0.39847566927170597
0.4744639073700183
0.29154981887435705
0.28421782990698496
0.5525394709335651
0.2377024806127932
0.20748701266406377
0.2976033052905196
0.6536001790825974
0.4363027757274033
0.47287733947721267
0.34355452601626046
0.32637135757456326
0.3717830772035343
0.6004902845954779
0.33700374263183075
0.2848652254201526
0.6090945298020001
0.5584426307543845
0.6682026357767773
0.1697261860694096
0.9759123566544168
0.06317663957922781
0.5072787901097591
0.24106280334765273
0.20937065064570204
0.4511880217754778
0.4145694161732285
0.40370530351824496
0.38171013319159386
0.3696759403480909
0.612230721135857
0.4001958224197535
0.5615114726497806
0.3947063139048318
0.5124265104033605
0.2820843110665523
0.6985060952287567
0.5735309129259013
0.5280538472270961
0.18716846288775746
0.5526867766512493
0.4412156450244715
0.6071580272008144
0.5317800233220817
0.20760681950552562
0.9754156882305518
0.24959879632559734
0.4781371091754506
0.40827120702213304
0.24725665648005846
0.4994389173754823
0.23996659637000373
0.30388125537208033
0.3724017575694676
0.3094201573882166
0.28113567469489054
0.3524818377822163
0.6962862372093288
0.5146001168837674
0.7684954001229822
0.5607941054895342
0.4994410199846495
0.4714782070843123
0.3614711512793052
0.39668970080335153
0.58019221015826
0.24502742198606253
0.29060493473950855
0.17019752961932366
0.21814118907474633
0.9870384389611453
0.5041971674938801
0.3427977281056509
0.39261963440443515
0.5160090479362122
0.42137626460847466
0.7302773026985006
0.36807973797805205
0.611636840530885
0.5753806710040432
0.2803749203465875
0.5488570596121433
0.6166578753718754
0.6182998771202111
0.5076372332735719
0.38672719672188083
0.3875332840025315
0.9877499522636728
0.38017550295005476
0.337958846772101
0.591626600832835
0.42050288733575736
0.6699206365246378
0.18606096692350382
0.4133500808273699
0.3706250207277251
0.5159307959652779
0.5245901667065298
0.28299505818652704
0.1882779424794775
0.13466224686690176
0.24706017752029408
0.30004630856237424
0.5363564451533842
0.34386508670907867
0.5667218931080638
0.4140539841909461
0.6557027546359872
0.9951892513011342
0.5641007644697156
0.5536028727788693
0.3163874328840912
0.34926047991829834
0.39379885401377557
0.46404695371700855
0.5187167223873447
0.5848842690282644
0.6419191435165656
0.7676418635494289
0.7868539499567733
0.16646973736979054
0.3901595114390066
0.5836808218936362
0.49146163937081133
0.39494665367149184
0.5161805144656348
0.37922945645862405
0.3638175943292066
0.6950023882348655
0.6751127206265114
0.817836409198553
0.3528650608269236
0.4524114070284746
0.358126745972306
0.36829213822302065
0.35172656021347026
0.5371100085482698
0.4131873754746723
0.5797589883497101
0.41231918594536254
0.2676986635519403
0.6572485657610656
0.5600525714102499
0.4594206234821645
0.49322793660234465
0.11498598275244853
0.5042256443438116
0.6270909981348973
0.7354277539643201
0.5545502980940926
0.2213089507437107
0.40340539932256836
0.42462080415332015
0.9581252214766334
0.498010132077205
0.5883884066239156
0.5854811528501437
0.4543234166999067
0.38349558404431316
0.5414495740231402
0.5810629214779913
0.6397651589356133
0.591745480027664
0.6435533049486684
0.4767316171397007
0.45726855281153456
0.2901393430274005
0.41105507214976034
0.9887781577431423
0.47525209048538786
0.43863818739791105
0.5223332652183774
0.45776291643426115
0.37135356332800096
0.4272234193570581
0.42551731722483854
0.13301388874487685
0.43436260048674813
0.404385648614106
0.4817252768971716
0.4592006885832717
0.38866401184098054
0.15649385139098015
0.20323561871381357
0.1965761660110552
0.34463519924642916
0.578872159195409
0.248471701294394
0.6782344039512314
0.6782344039512314
0.6118385245751591
0.6773220661418493
0.28689710599722007
0.21086832845163328
0.6293884227875215
0.2830685407704119
0.39593878252710357
0.6101968818233627
0.24157206122394914
0.46335769272604566
0.39019094002297083
0.3714115622666223
0.3614299255211145
0.4179654166052391
0.3198248377588283
0.6270244352864568
0.576340396265955
0.2630571262704402
0.999999999999999
0.29646368625467123
0.555525071593198
0.3155641884328768
0.46444884589819335
0.5638047228973062
0.5117912241482196
0.48732591854480456
0.36560470059443184
0.12788746096076087
0.36176976969715835
0.4631621080751184
0.3626619639631553
0.27515587170148414
0.561635702049366
0.26658407952190155
0.5525025768935112
0.9884110537611049
0.0606847663703749
0.5159739026118653
0.5422088344960223
0.29985695367074205
0.3222105943385756
0.5958384648800656
0.39728229555415906
0.4454406080132878
0.3907268134161981
0.23629055954009848
0.2693680157229522
0.5787537362530037
0.3824357995123353
0.3247648201921054
0.6062406620916381
0.33952497099800283
0.5678102331626305
0.3947656990559477
0.32493047490171745
0.3175346973120666
0.30548285534460906
0.6437626854166241
0.6518170301997424
0.9897420868254184
0.8491809638161449
0.31195610220192993
0.34729966567631054
0.28445232206261717
0.21843868864165672
0.41687279889803064
0.16765593558235514
0.4365659174319012
0.521562856106668
0.5099137156972967
0.24410363027326176
0.410424548283691
0.5091780518010267
0.3506173121705761
0.48702487282466334
0.5129962492162212
0.4894129712764739
0.5474440071307671
0.7975636584334576
0.36440181720460996
0.3835425866691051
0.34894619528139126
0.2459941603800715
0.21463178854536724
0.2963220554105255
0.5987545622228795
0.5725444690187464
0.6823414821625844
0.40872377874587995
0.4714103993988822
0.30841027262798915
0.432680376844111
0.474862417284484
0.4670820578540953
0.359436815227415
0.36456372198113907
0.6679898886050354
0.37720495912553587
0.34745614198867103
0.39504927848392823
0.4920402450591035
0.5166509933306533
0.2993937423328863
0.5326455315913692
0.4668678314088843
0.39412626462767075
0.47837841304948414
0.4463028128164275
0.8515428486874156
0.6113165780050416
0.2856287235028744
0.4356657458399599
0.5936386556069002
0.477668193596712
0.3815374410088004
0.6684180254432552
0.3421304411213799
0.4636796176519067
0.5384609589966833
0.45105112588658913
0.49042451972207013
0.5503554579424563
0.3515262679102913
0.755447133287657
0.48839359088271883
0.5759493783214034
0.5090375911444118
0.6586825066210799
0.4686073217477609
0.20136130388829243
0.514935717633439
0.3870217261635639
0.7108030578083713
0.6863239987666591
0.4223178715359508
0.450448629337989
0.5933231583273867
0.4175433536889198
0.3939838356904246
0.39974315845686137
0.33195825171276305
0.40922810215999195
0.582750509034754
0.5146852970920388
0.5138604792873227
0.4582988882161442
0.4961458072897087
0.34711885978899026
0.47300642117853275
0.5261566819064595
0.6618237980251727
0.31686561258988655
0.31748533268123713
0.1766414788667695
0.25155479549351867
0.3409193085859388
0.73511572260149
0.42430554145516464
0.3536966801078105
0.5118957334290621
0.46837428269505466
0.22858411988659832
0.3605116540489063
0.34676071704972244
0.43886592252165135
0.5924400393755005
0.3510094250229896
0.259073256915763
0.4186983098627499
0.9815413769563489
0.5010035752298829
0.41676641570596484
0.4801735456866898
0.38457447283351476
0.4579052694034089
0.5254807693285619
0.4444206236390382
0.5254572601097618
0.4665153803658496
0.4060343168076034
0.2606240188825033
0.542466639696057
0.47966243595623004
0.3576782975855871
0.26579505544473647
0.8110291063960064
0.5980309418167515
0.5976742607059613
0.45789860588731923
0.5827806555736592
0.18553667839240306
0.4264957200525352
0.6214303342826643
0.5059076002420508
0.4253115159108717
0.5569844294438021
0.6033475923860907
0.5088155577642589
0.2861392263151932
0.8133034889064891
0.5751958140383326
0.42273929063367977
0.4164131329140224
0.18982463750101486
0.2819298845282894
0.576945293027725
0.641929194307403
0.4763571017925162
0.40863270000984264
0.597627645047003
0.34267949720877977
0.3195878258454198
0.19169975702008768
0.405840901434128
0.5120460591678728
0.6231781513260881
0.37194485769841634
0.6004383781937636
0.4339063326640431
0.4844086619265132
0.6044224372700698
0.3597788928595682
0.36784355632680077
0.4404379773242866
0.33047153047582145
0.42405134869988914
0.26463915987847664
0.31713894311036683
0.2496198130482592
0.5269323159722408
0.5621702591947388
0.5933787465067066
0.26127654756976915
0.21717706934820868
0.5689570031482876
0.39748603988936115
0.34302469311512096
0.42176187870387216
0.6072637331754621
0.18578421037307202
0.38090340634624154
0.6273970885047733
0.5402012624704124
0.6835549523136074
0.14505958768033755
0.4633770413126177
0.6610689628051359
0.5828982612195808
0.25485792500860016
0.621630596312535
-0.005429902550512233
0.4916492066608176
0.4641673939931653
0.4130811652969414
0.1526296447577109
0.2743468103347606
0.3924574844094675
0.49721582707651046
0.4106118969030752
0.5081696007277708
0.6362577611967843
0.339163401331682
0.3890256367642537
0.3548813523705243
0.252810937081277
0.06667700628479323
0.5084280253210061
0.7555207023965483
0.4530238286476008
0.24821790491052353
0.41656212356174915
0.31751953768182395
0.6339182083135724
0.47854332771093555
0.4025167317398406
0.46105534044973473
0.5767559523001833
0.6533669683233693
0.6007979316606463
0.4500437052506523
0.41809556352429456
0.383180822511644
0.485102386474894
0.29562556472320844
0.3254177314318669
0.2871405893319281
0.6187792496722855
0.4591952427861983
0.43157362505642993
0.4570726336465387
0.4228491883368274
0.6130914599857572
0.2617699568527674
0.4816587638436264
0.66377437772727
0.5138746118546691
0.5153316315247112
0.29783576066107353
0.21259482376756167
0.49535686666825485
0.36000083727036447
0.5245237221881279
0.5082460400112545
0.5565145821069781
0.3913306127026074
0.6275299082311049
0.5956651291065251
0.47777758381321356
0.4139015007969862
0.7309688324938621
0.4005004142195425
0.450448629337989
0.4804406510870678
0.2771128178563931
0.16676851701158968
0.7310370841555109
0.7625453372919329
0.24108245445809096
0.6233671211958711
0.5733013074687662
0.33891604064441005
0.5005708838272461
0.5045851058893978
0.26894046787900505
0.43653434708871064
0.4949241499735678
0.3501032899006148
0.5053544589959855
0.38338306460910854
0.2209673725349226
0.22862060884812074
0.6648027189741788
0.9854385062651703
0.24717803987200926
0.22082868338631467
0.5092354526010794
0.1861135517774467
0.5278843431012411
0.5488370148291959
0.4959476335393478
0.565520737752525
0.37830871668213484
0.010386152921738834
0.2774434737108916
0.9770059209194589
0.25703801658498016
0.7017448923035239
0.6151123276501289
0.2806853851799682
0.5197708283472877
0.4589313388054659
0.73374355740447
0.46279063061194003
0.3115685662925607
0.2627851804237089
0.2771396995741755
0.5304372802453771
0.5533667442827375
0.3115182421875933
0.5173952944667849
0.8049183907542393
0.23821858803134754
0.3586751030736881
0.3154902416215779
0.6440058663523821
0.018740103092688254
0.5097384014655633
0.3488425667380489
0.3463056985126669
0.42412424682256666
0.3774806599824585
0.4345344654522554
0.41495863345767003
0.36538830919480314
0.2572419064683975
0.43968131083313655
0.312941186941865
0.3614545972782639
0.4021882495303841
0.36383341002047087
0.5214246636444297
0.3877369927109988
0.4033906836404191
0.26437989431529374
0.3495835536600489
0.5674000476340854
0.15300558239630357
0.7166882497252962
0.3766916376643825
0.32212950368336113
0.37957843908323263
0.5642456943782103
0.4643583562530196
0.42989635640007007
0.3949339325076263
0.3598372653805756
0.6101443233985469
0.5734359897166611
0.3757725718267184
0.2014814484667613
0.1636242618307968
0.28888802592144536
0.3629027555766562
0.38466641565386306
0.28693382810987833
0.42287337583717055
0.2412960039644756
0.4070843854112669
0.32962793476002106
0.4987354099045682
0.5211338582517636
0.397690931696272
0.3081044688732594
0.32825702734435114
0.3180420404940676
0.5597047117465856
0.44644546486356596
0.6148332707873798
0.2721739317860947
0.28217145799202914
0.3814683578848368
0.710532509362106
0.4487598343677146
0.4120866820512157
0.46683639244552677
0.33952192255939795
0.36051267514215013
0.23089713502157072
0.25629297524939276
0.5215137883226703
0.444249046859839
0.4511011435663802
0.4921089119334243
0.6157368699267785
0.7079152482843464
0.3432862559229217
0.3676358017245347
0.31647315438259493
0.48202587925181994
0.4015891804011964
0.28115032456925115
0.4894450814521404
0.33195858793201416
0.6242100485673603
0.43926581798849185
0.4273121088282714
0.8529677816113853
0.4094864257913302
0.3315902091880514
0.39945598725012
0.4175770949431242
0.2960642601396839
0.36331463031935196
0.4376110523001622
0.31712087357897434
0.4201632896346751
0.19152165745826955
0.47459929392352695
0.3598228374012644
0.5536550881238667
0.3979201065991621
0.33709638328015035
0.24230439292607708
0.5957245287562685
0.6150230325938462
0.5254302054152585
0.6777316691614412
0.6593170717428372
0.42890596994296704
0.5143278125782922
0.2814820224039831
0.4002424923522243
0.5593582307739565
0.5035472407523371
0.5791565842616474
0.6836110644187575
0.5813365141187758
0.3528650129705665
0.5704294938427747
0.38442501891901015
0.4374298670650869
0.5993729822778422
-0.046842914906634725
0.36203715027074435
0.52398586084594
0.35997412401130435
0.505191335432286
0.49984224897425866
0.15769557893477382
0.5107646262721675
0.18225112231275253
0.08627079594080134
0.5813772473777042
0.35435302684230785
0.30127060049794685
0.4903630452943082
0.45140892823992573
0.3664850422471395
0.2891701459425218
0.4967456827693886
0.4849287188922857
0.4154555209604973
0.4365777860602953
0.2869027814240652
0.5551433261240921
0.3783027602608071
0.36909848416091284
0.4259132555079762
0.5377968565342253
0.29355396966412406
0.44811833099120624
0.4383496966551472
0.42007030285712244
0.44025360311989314
0.35695724606389057
0.39881396343316267
0.3179931494109751
0.40424661075679813
0.2701387400757067
0.263763935053426
0.4579205629494145
0.4953085240543772
0.3459344926835224
0.3949720210838302
0.3690066443006681
0.42414128794527683
0.46049934342023957
0.31375627774191384
0.47521698692572156
0.3605466414979801
0.5812451713019796
0.30398896438277256
0.2298792607372816
0.446662075725457
0.4954764110141754
0.3723318015836473
0.3592510479680815
0.2928354940292348
0.5455143262878669
0.36963345736013486
0.26255986503130246
0.40628050339219735
0.5237821164567543
0.40328545075931155
0.19341921802208129
0.5036644073654397
0.5732333734536786
0.3844138519663516
0.533453573275485
0.54372088625963
0.4898946876051129
0.6112475812188418
0.31462349958562386
0.999999999999999
0.4865588158101165
0.38844201132845646
0.3985333846960497
0.630438231791472
0.5278611183634252
0.5245041174091121
0.4810735147796861
0.47088900952084434
0.2820650443712647
0.3464631629563192
0.41478123369639264
0.37163968663923774
0.3909360049907562
0.4119827596531329
0.5076740379140887
0.4046022066527307
0.48090779891102553
0.35616290865569733
0.2543700976628357
0.2838317616193482
0.36682684998638515
0.22831730016083007
0.5355637186308385
0.42760503332820776
0.2140117819496623
0.3315655249310465
0.516393709380438
0.21318084328110654
0.5321404479087394
0.23426093276300308
0.5149379190004486
0.5286038649521722
0.3915568173701012
0.5908137139137588
0.37023572883278
0.5042355884877541
0.6466124725644049
0.2871609103068715
0.5762830887717818
0.11013396466354486
0.5028164955944547
0.36824220864597645
0.6867224074103135
0.30158312596279624
0.3328834185703341
0.3441463342599004
0.25168713065701787
0.21128902349217982
0.44650599525142975
0.20330766165013592
0.7376637813077818
0.2504779501865526
0.3161120989358337
0.3260410558603003
0.7607723548417661
0.5471337126029796
0.781679587013476
0.49209386773834807
0.26968263152783645
0.42424903302370653
0.430721223752055
0.36555151055238944
0.36106619653665084
0.330438158474637
0.48077034621461257
0.5253176073064901
0.32846667978353083
0.32935459490076235
0.18856226472686344
0.5475647053470829
0.3521297322177378
0.3165423184086663
0.4385671025269625
0.47594569766438277
0.4315651248651742
0.22455240920240382
0.24306165257400414
0.3049816693461118
0.28662567447906895
0.25580392629550786
0.5606707142138914
0.2826655754168267
0.4625078303559993
0.3015961229499742
0.3981872472364103
0.6343930861503846
0.21594691522316212
0.45459351117724744
0.6956935174747213
0.3192928728449598
0.3751941788754727
0.1598177659248401
0.22522983968573573
0.34812309841893196
0.36890580873910583
0.4324713576742031
0.5973129756571209
0.4102329824050397
0.3574888643061367
0.566217320994265
0.16315063941876273
0.42255988386789456
0.5115944369107464
0.37130906096353256
0.251296452527191
0.23937518999120555
0.30803441352803484
0.39407365185428733
0.5056716282323764
0.4440656236207903
0.28712927460771787
0.034929532685706866
0.5940634654374317
0.2933166715796137
0.2705392956164182
0.3939778714812554
0.7406230130836698
0.520322994278178
0.37796535657509367
0.47852253937181377
0.32658951881189413
0.5055082380687216
0.7159331128013477
0.40726879928777215
0.6012763693419622
0.3107783254243164
0.1961836890390366
0.4894427082825
0.15203918086145407
0.33720621243506466
0.2638599213906656
0.3914525556889501
0.36794376669469875
0.3374659893169569
0.41826462207949666
0.5746608272037932
0.6456123388145694
0.2425667429842775
0.48842919464985546
0.35955192518795087
0.5668381089189054
0.5132969365565092
0.34905356177462477
0.27221528137603146
0.6102888124425666
0.4065154425473072
0.2748574805605607
0.7263430100251667
0.5525428245299147
0.4874569707813885
0.46530347120688154
0.5007586052333112
0.3403982099349384
0.31660814371014845
0.398335389795043
0.3434637822577695
0.1726563005185433
0.5140518741972268
0.33331911571571204
0.5008762347556825
0.3275193660377451
0.4043990720904226
0.30678474046768844
0.3240917865025905
0.4525182156400356
0.3917261226373645
0.4313287957674946
0.4492566009599015
0.49785720725779914
0.4587926514761078
0.4003122788333868
0.44311464839795156
0.5732049264467267
0.20633066327175353
0.689999522496672
0.4946315550902768
0.11619673928436336
0.5849837746941237
0.20823138719446077
0.2675699549753079
0.4880638005540201
0.4166255410797297
0.32529248183291015
0.44616231830610975
0.5351984270892399
0.46428250716977026
0.33015818152759757
0.2973714385768318
0.4716333414824656
0.5816164349988255
0.3496580458798475
0.3915077729865941
0.4783683479529931
0.38384164142462796
0.3243906107887453
0.49079473233925397
0.8268955136521492
0.27568965312905913
0.2498647859439581
0.29552293269183594
0.33601266045204836
0.29929830294699944
0.39613602256019065
0.30182778358757234
0.30333459235750304
0.15794981756572501
0.3804735534126098
0.45237153623082493
0.4496537283299682
0.44446190929272744
0.3575877557672047
0.32068270236487195
0.5066330726252009
0.37961998115292683
0.2507670515128154
0.28278135227328005
0.42166825205054903
0.32692027513090316
0.571529774595526
0.5851731894819545
0.4137610187930504
0.25613050747364396
0.4616233756816389
0.3728236134571241
0.4011785433703604
0.3429685127465021
0.3844907711454435
0.2931844565670443
0.5063422540500421
0.3093155488197854
0.3992449192948262
0.3953895265386753
0.730324314872433
0.5143626775087635
0.4012825017848384
0.44878483146008685
0.4962490912351629
0.3644161091622645
0.39991219195864547
0.6366979319143847
0.35079662988003013
0.3359360084304758
0.2940590878235182
0.30632230781163117
0.4627180572598717
0.3832337075936476
0.23124283955437086
0.4359055438042758
0.3481903028373037
0.2832883175200015
0.2980722861080578
0.3815929581321802
0.5175745605744285
0.6110488678917048
0.46839255121754464
0.2771447614163538
0.2684444760706266
0.3987180332194258
0.3604013173792724
0.46904827011346695
0.24283401838788443
0.3464053579987183
0.4786765226758042
0.6470364558428955
0.45011647023566836
0.5042742499090539
0.3865142857462396
0.4353141155466097
0.39390551825522024
0.5288179487074459
0.38715302177421407
0.49149310518420464
0.19598889118257523
0.5664418826025801
0.49719183310283177
-0.08177466427553126
0.2224658152296155
0.38441082378895985
0.2934190642303718
0.30354670353523394
0.13660216409156978
0.5825683588022335
0.5309382558692735
0.4828853856951527
0.2939988757855152
0.38243713949090075
0.30648463804525594
0.33776920106429686
0.5137628963848531
0.39901947391979053
0.3703956064361703
0.39991479164504373
0.44811907874798496
0.42697614228997094
0.4343910482158231
0.39321483732604634
0.34320959396327666
0.3921826355042659
0.3702928145348199
0.4221370109940984
0.47624212903324215
0.7243869313744096
0.4401182385774096
0.31943781656186043
0.2609170976829154
0.21380731109810613
0.4142369024455611
0.4417637826600447
0.23688401361325961
0.3492803502958609
0.824250748079226
0.3934247278422123
0.5068144394007212
0.32967497823279734
0.36187198372279417
0.25987595175499445
0.5534513333832008
0.504296718193209
0.4327158746849933
0.45954182995337955
0.2636712302642241
0.2647241252574679
0.44885444349618364
0.508427152244487
0.622719524733353
0.36765846211634245
0.4007336568272457
0.27425115376402953
0.3314651727540203
0.2892801196587047
0.1668168174165311
0.5123361758312843
0.24338106774871404
0.2220578591529987
0.39573844470891995
0.3601009876841339
0.4073523552420746
0.3778769227980079
0.4033274790767343
0.5110752489510877
0.44155125512280413
0.5052794105970074
0.45659807446009004
0.3912774151964169
0.506321212183526
0.44801840153297645
0.2934639211469505
0.48982506977196727
0.36648549093929184
0.2375874529246329
0.3279068928873423
0.5074877056624918
0.3432180449405091
0.3498885961830973
0.31801559109692124
0.444606905837043
0.49979843073286734
0.3664219262607913
0.43903135196758614
0.7494809336717781
0.47056668395841816
0.7426082268642378
0.14092395588504225
0.30668230635238936
0.6146155245957237
0.6311225090020898
0.3173906540222522
0.5307620774713869
0.30946163853423525
0.2713687085277783
0.213985812196838
0.36105464728546266
0.28110006551908495
0.47464367356155646
0.5660283251314563
0.4375620980092837
0.6421846956518777
0.4805721585716859
0.5169626874977368
0.7089104654068016
0.38737484825056356
0.32002309559763864
0.4200845629996478
0.42597883730343356
0.41618447934464675
0.631377963317671
0.5295872245764353
0.383233104901223
0.3776119222862817
0.20910692836600564
0.6070832730623174
0.31407667281054763
0.2629303672552693
0.35488646178145844
0.4625385100745454
0.5950460121704899
0.6769767026296191
0.45735131108302784
0.3560144362847859
0.4331406516692431
0.41379264967155116
0.5483958912692827
0.59219734002483
0.4705931322901846
0.4684558548720511
0.3357711042407012
0.3963825334075267
0.683493205236233
0.7014827420595322
0.8348663630412133
0.5245382449208147
0.4777863838333605
0.5197369405521979
0.3912060646307255
0.41511883544160366
0.5952491823135047
0.36826860663118954
0.4031995970443508
0.5472518066780105
0.3386268606510191
0.4750238976204635
0.32390447809388356
0.4243050599081284
0.34890420826470625
0.4967461888967182
0.49037725544736654
0.43756865162985514
0.5720600983800859
0.5710916860687941
0.42276695971418565
0.4161692012265834
0.9777170416365852
0.539150260912336
0.23259791802563712
0.2741999095605092
0.5107883517726016
0.3345809570856334
0.3898989534903039
0.5763098844908094
0.40712324053146687
0.5300227554623701
0.7845155559720656
0.7845155559720656
0.5898997705055363
0.6036028615910114
0.2990579543620606
0.7428257971683845
0.6791680757403067
0.45606796712414144
0.48679150150618855
0.7928487691303212
0.48536569124792306
0.5308400160299482
0.6355234145466627
0.47915240930600733
0.5053529178966832
0.3064754424668674
0.7100123443569211
0.7992557857549963
0.359699354044986
0.3407059595686389
0.6393625503265608
0.3589853365086575
0.4752437860471085
0.19360740771605822
0.575687533635975
0.5578711052662341
0.4468382948445828
0.5581995817832113
0.4085403566007336
0.560179048864071
0.5851730581077129
0.2982108378054076
0.4345249127429275
0.5581828478181703
0.5648290158417826
0.5977358904933568
0.4089643813602576
0.49025575483868944
0.42820927452159163
0.46620336376046856
0.46808083780233123
0.549135402235312
0.5260014795890744
0.6875418404505202
0.7499310420840188
0.5066227686263203
0.6427184748220074
0.665162323058639
0.4491185871790154
0.5189983072913339
0.3795292306921497
0.4640765448214049
0.5277650094693559
0.5623927251072711
0.3126505218778697
0.2843281031888185
0.3126505218778697
0.5421094521268278
0.4333415882297288
0.6659317146147301
0.4508492403155173
0.6224676950696963
0.6415229768620715
0.30473373404825455
0.9780592978355322
0.5515016649198449
0.517642891471409
0.5048324189035924
0.46126073606915674
0.5492635220099847
0.9827446745152276
0.2755831916723125
0.27898703308102346
0.32269542248647964
0.37132427848661553
0.496075836881538
0.5761566732987039
0.4570896383966073
0.27195044542576474
0.5188971924334631
0.6253343198544917
0.5847803128381033
0.42530031140713764
0.4938996513653334
0.6667207526858888
0.999999999999999
0.5183780626153958
0.7050014509136362
0.60398905457249
0.6061011392787394
0.39929077591687867
0.5313685898407006
0.51475212972075
0.4914629033613578
0.5277414638640506
0.5753100757948402
0.2410260238925379
0.47401036886963765
0.28275695586803407
0.4945259646136849
0.5553157728965337
0.40775432323522875
0.4867815879856845
0.43546475665376705
0.3812463074483524
0.5468439399437863
0.582483371895032
0.45267301037453267
0.635749656992909
0.8085585934068493
0.4551512424713673
0.39978163005943945
0.4859188209891947
0.24368896859665334
0.9745638958480495
0.5229738364695925
0.8220046544983006
0.6980601079302711
0.5391915913646564
0.4172210384739994
0.3926577338043128
0.32855764983354674
0.4566738841140563
0.745449204261345
0.4902110230463619
0.48797508917951793
0.5114045988487677
0.5671754586373114
0.2256729281331149
0.3494262333350284
0.24679629806639047
0.6575591585065798
0.38223769793347784
0.3143908514212641
0.6274649885345187
0.2306045642033825
0.516429783085814
0.45632528045213694
0.8949454362116149
0.1409765409376783
0.3851418785776225
0.47309835815705903
0.639812867637288
0.528710338774066
0.41278856554122756
0.3028255554855134
0.3979199687482118
0.47770675610334823
0.4842372479675221
0.45984667815683355
0.46624473109769904
0.463207261409996
0.37880434415406716
0.5901360692640458
0.545114015368086
0.49599664596778803
0.4290043860775885
0.5108988550302591
0.6091010301648789
0.339736645721348
0.3255959084948523
0.42050525164383856
0.5135503800095633
0.3252890809576128
0.3473002679382817
0.6926604011167643
0.6041686890851476
0.5327373774368414
0.5475422870112312
0.6602294091405774
0.5899554556090765
0.5407443575143254
0.5411577765609388
0.5334131660860018
0.4158848734853209
0.36001387415653574
0.3405819369964531
0.38616210258295736
0.5955336287780402
0.5672620305741503
0.3666746898221227
0.6275878645988722
0.43748260871519706
0.46179060607083233
0.41533169592894725
0.3618290236117019
0.5342708080171369
0.4262838971367814
0.4449294596281943
0.3029810088435796
0.578642018740851
0.6244795453662536
0.3551845085117582
0.4136077404148746
0.3634087016267844
0.5269314820039757
0.527033754847885
0.6253419376641407
0.484498888481242
0.5458517071655076
0.15224060433577224
0.5365025872731601
0.4076634946640598
0.6326804333103646
0.9825021383088183
0.6189793908781568
0.6420484778655288
0.3589579237161835
0.5403512775528793
0.4790778779038666
0.44961546562854915
0.5095025658782532
0.3242891744827844
0.42490271756489106
0.3969756509352307
0.3240292317759619
0.3088124067662097
0.6288312961275879
0.23480830627738158
0.2915514571549096
0.389545453577398
0.40354837662735865
0.5073058339245384
0.498457644335943
0.6321266211621529
0.5386337258366942
0.5367134904212743
0.33265799552408903
0.4867930389759785
0.3696608326136557
0.6116543535474032
0.694316883565993
0.6707919557815754
0.7932752259421468
0.657725297272862
0.7036087317734459
0.5640639816219983
0.3834590248947033
0.5776484753774831
0.59469383682107
0.3130065232514405
0.5424969214877314
0.2796394248453675
0.2921403214601661
0.45073368666788916
0.3934217837235955
0.4019028862497289
0.36591638583368047
0.44493988361711256
0.3012785716611869
0.46914211836199105
0.28782443182353734
0.6289659550915999
0.4926385527614401
0.4356067084490314
0.4539668563706122
0.3552389959816943
0.4020084695463956
0.39352064254531127
0.40115535842844807
0.3572586636891546
0.5053449739623863
0.6691249776434269
0.32637900859856195
0.3775300150956695
0.6949760694856125
0.38982319032066937
0.6787117913664942
0.33976516844986504
0.2710905180963705
0.21502103170553943
0.3658216286292688
0.6456300446713633
0.4599163040986399
0.33313934037630366
0.4138355580836418
0.45374286588938795
0.5188934893102319
0.5672939514554524
0.5558057005006929
0.9666491783509108
0.231073478251956
0.4219527269097133
0.6310659254475137
0.5173576113466933
0.6522829904658667
0.46686055872694165
0.5681748667981202
0.41280083828312764
0.5279426672935483
0.35106142870981616
0.49466969380214354
0.6308709748389505
0.4473161656689725
0.5540510476490124
0.18530651831916045
0.560877394039937
0.36563152901030616
-0.06578402348819168
0.7493992139270973
0.7735569019876425
0.5475063639403509
0.47340259393010276
0.37394507907522634
0.3469793215213608
0.46108397760554354
0.41762863319139565
0.19613936236252172
0.4988149895712619
0.5745648999236239
0.5071087164370487
0.6300639692480303
0.1573096506032614
0.37400548475147266
0.5812143562180428
0.6031707813629331
0.3906361195458823
0.7025458014498113
0.34583481292422735
0.45789651320809743
0.4690787164408132
0.37760073479008927
0.7791152431932852
0.9808585608427703
0.7473723095772534
0.4579308559456783
0.29212701308912825
0.6125457229851063
0.7497323805099276
0.3954325633215042
0.3529056286549963
0.43191765126325554
0.42620794873852375
0.5506709271828336
0.34065265945601597
0.688609445403465
0.626735890310044
0.42924016033906653
0.4255989347056147
0.534272649004825
0.709758025197768
0.6088033755533727
0.44204262883928536
0.6571281603705942
0.3651166414708198
0.6811241086321913
0.501174555731303
0.4471497534438378
0.20966241963602428
0.4782984827080554
0.4581531700325161
0.46798617572396095
0.3060274329164312
0.18582888997324876
0.6227170770103334
0.8019658415955623
0.25647492897100654
0.765828722133051
0.4579843797226333
0.5005522389393897
0.6097871092820396
0.38711546419101195
0.39232649726895086
0.31204152597179746
0.6275146961896874
0.4955825320149161
0.6555119219880092
0.4288147170790768
0.8575935111227981
0.2746820537904049
0.5030055823210084
0.5379997748872882
0.3268892735801068
0.4443546865964567
0.6472093619418725
0.2478472665239957
0.5273334227355541
0.46320150041898056
0.362899321594249
0.46795715388729975
0.35750432420674394
0.2606763937597002
0.5615540861137838
0.4303310801947595
0.5221050320723117
0.43325047852759835
0.3963730454627541
0.40230388101722214
0.5729187523399787
0.3345034200966409
0.38716227966689654
0.4870202954614664
0.7186194506194539
0.5805719423861125
0.40639191378254225
0.66436917332716
0.544729215280685
0.515265070597974
0.37110505880956757
0.33732067952414924
0.8393429381979428
0.2265842874897579
0.31826567731806177
0.5147228122948317
0.4941433723449644
0.4762832148282916
0.4809102724545785
0.35266516833203676
0.5301884486868649
0.5039964146436031
0.38672687873693845
0.3124564149009703
0.4559281201331902
0.4781457007228971
0.4061709848639239
0.4325666217887243
0.2718134686661354
0.5314125186797485
0.26550333225326184
0.5494740520405448
0.3761153100132195
0.5251164769927944
0.36918358962237763
0.4869144616985779
0.19372211830428043
0.5114519772497867
0.6240253026705314
0.43684325836099147
0.5182706286763139
0.49978447634485246
0.5828123954903572
0.2861502529165636
0.4550986639738689
0.9732211404484465
0.4405891618096007
0.5983469887153272
0.2315722896341289
0.34676196670187764
0.5647231898581373
0.3243690840588689
0.2595189441689445
0.2086110986773746
0.18645521931288278
0.38422995032386575
0.9764000111816654
0.9782919603377194
0.49066583320071666
0.4263616393941134
0.47986878705792313
0.352127435037756
0.6230948668638506
0.37161883051678324
0.6351115557772407
0.35962626992049573
0.5005746497586498
0.558879966395254
0.45700428006435967
0.5077204061733538
0.36986789255798813
0.4542446705649925
0.5314811219571994
0.5178194362573524
0.4307385342722839
0.646354615839699
0.3516794952622596
0.47377192995917716
0.5422499357049688
0.5048166034664121
0.4663864599287343
0.3317292204077835
0.5501731531536981
0.5955069677254031
0.26635226829737957
0.45079814717191025
0.5446786687256014
0.8119755739941661
0.18895486010739426
0.9818507633580448
0.40698647467038573
0.4418495338959615
0.4134417948053618
0.7149616644931551
0.5260418106184752
0.4959247291995742
0.6524291659526785
0.5860187276679982
0.4253299906249667
0.4352885702492939
0.4613146802177325
0.41047964473723697
0.32019195104502485
0.40813880270057334
0.4799250487220401
0.37752742969393493
0.4223096399838937
0.46260456731965893
0.48905198266531813
0.5720720080575233
0.5046826936483586
0.4525565380211256
0.48327917337984805
0.3829520370950078
0.45280599714810743
0.6662339814488005
0.359168507053075
0.462779222845323
0.5978936020975665
0.7677756948872554
0.6391593709666064
0.6013658358718368
0.3908208951361629
0.5031327687537465
0.3065594441765709
0.9861120312008488
0.44263407370141883
0.585731958553789
0.9886122996059499
0.8650944993781877
0.41242674121641
0.21421121011770217
0.48625459546567285
0.45504683875075336
0.4820512975181581
0.6323990699033429
0.39201807633406793
0.39447114927918736
0.6832622429549251
0.5270522125240138
0.44540523553536215
0.39925013266685627
0.40503135657331313
0.4319164475990762
0.6270800244352441
0.6270800244352441
0.3662536803775698
0.4296366393993505
0.5109031336180769
0.4332888548347721
0.41617841920235765
0.4128992380147245
0.5808231219662635
0.9751172032563065
0.6109866132324483
0.5337474756586397
0.37541711150584123
0.7560394151222549
0.4205324447651686
0.50085083048094
0.5008002809730557
0.45174418643310066
0.680634859044345
0.5190859338889869
0.30316764702249366
0.5793268367965223
0.3549105535085415
0.3703639034499673
0.5203807600173459
0.3334353703876839
0.4987618988386857
0.29969380265263834
0.45296707912942935
0.5216513519140948
0.4136957657788576
0.38162165502926704
0.5195012856082912
0.47048918116461536
0.5684510768721036
0.27653635729222714
0.3841604083350587
0.24339898494026935
0.3738230800867821
0.4020700287752821
0.47646174555194265
0.5210190965128939
0.5172961931061775
0.5573054227459528
0.39026399439244985
0.28528257618452924
0.3576406673504595
0.45175500551922065
0.5161158239989386
0.29031973388499077
0.34638541732718486
0.4882478939916768
0.3377298753764142
0.44368067707882797
0.5486089287111254
0.36307805968178375
0.3924873629576384
0.49284721627196104
0.26698008989565913
0.39844078357013557
0.5062548647912499
0.6318272706607053
0.34005690473520955
0.5203576888997153
0.7701790435245487
0.44846832193964126
0.44574885512381546
0.35301290981681865
0.28869142070384535
0.2964348540642332
0.2767173456231119
0.4770454866262115
0.5117499131885712
0.31564419849459757
0.2986672987329886
0.4901451332043002
0.3176964355494649
0.3123988985640993
0.3535657001066601
0.5070133563267243
0.4017715769431761
0.5591328657250233
0.14751512269477296
0.4021676422492241
0.480743666133725
0.4746443898902264
0.4263918183194886
0.3467480906115431
0.47689344240789344
0.9994102453534139
0.7797298215844796
0.43833168324961946
0.5724093300059359
0.6925025277895325
0.3942493583089167
0.25118604174369163
0.38569770292131567
0.4910765044177178
0.2700911443837488
0.3728717447703609
0.6345532879056855
0.4957931239970671
0.4323953210776674
0.47567033128474623
0.19901233583882383
0.37192473525388126
0.4219651290374218
0.45257949193750713
0.5852010184783407
0.41364910824321155
0.4344939041819338
0.33605832719027884
0.2880999573856149
0.6343270086398921
0.2511343170907243
0.3719497416937947
0.49652999934906905
0.44956659167436397
0.4332939962008806
0.513079103783246
0.43443570615087546
0.5286936546903227
0.41865171920950195
0.5004866434559427
0.39806542641656595
0.4716871593453391
0.5711980850156921
0.5466813603880694
0.5601662050532016
0.5073374672946496
0.3939443987621418
0.2919284417024799
0.3537382520368717
0.7179524644654092
0.2991812257119586
0.3429838312350113
0.36304106450405893
0.5298995464506674
0.3744161741417352
0.45877935564094696
0.4913007458268661
0.4775537162403184
0.6723845085314615
0.5372357161948735
0.21696102672482875
0.4228315014528562
0.3616100960231311
0.5935060304129809
0.4779868670783375
0.5062955656708046
0.45789840354036215
0.4891752028894696
0.23882812149803356
0.5515035973932948
0.5744896471377975
0.510771976714131
0.316126966274505
0.447852118281177
0.5316672705773772
0.518523126601969
0.545773058601538
0.7227678240276256
0.4289388098224107
0.32523835448536154
0.30766867079519655
0.41673621130052463
0.4251604508697888
0.4709570666907963
0.4362483847996307
0.4035842880776248
0.5248272078436298
0.4680476166289108
0.509818081247166
0.5864133355534579
0.8868858722123099
0.5244635959914634
0.3282702292142726
0.6113650417352267
0.3871476276016128
0.4738417846501264
0.5421504153733885
0.5345518623442796
0.518740577890938
0.4755343599245061
0.5678645991969977
0.2261211923752604
0.1913908252938309
0.8323326354202915
0.46263287901640593
0.5518195805906874
0.4315845698178358
0.40228697940663527
0.3359803020739136
0.29903024737290185
0.4662119009412836
0.22748937296712934
0.5579564999569007
0.6617233934172165
0.3883720719895045
0.6187992737939623
0.3807982697594884
0.36869285719599065
0.3912607768513545
0.3073410750845552
0.3528014711236547
0.3657367912412255
0.5145251458063501
0.3057285156024365
0.5277419803975391
0.690548653489307
0.47720833697330567
0.4295426104921305
0.487074843668459
0.4959007733602787
0.7111363219274227
0.5171378627791648
0.42990574148993266
0.39207215365013515
0.3956544776086113
0.6078187705358505
0.2081347707168062
0.36039037180688394
0.3811557490620544
0.6867553415455344
0.4243439097871349
0.3615034692116522
0.6389948340407615
0.46937220004441316
0.46591220988907334
0.6618313655199389
0.49600490653828144
0.5016241321601211
0.19857778759438105
0.4537569117991239
0.41726063007310343
0.46775760036793335
0.4674369102877406
0.417997743170323
0.1309731545942785
0.3142133427345063
0.5080020094383375
0.6119761181366881
0.6066443536391509
0.42919897383987793
0.35232430736612796
0.5100723312738502
0.5169325909696678
0.5065048199122211
0.30152988140548
0.5231122807589996
0.42129534105989097
0.5601035335256631
0.46414533556705195
0.2523433275344943
0.31690530666599215
0.6024218432424626
0.43840235425404694
0.2020578927634029
0.1577164782651137
0.30566857241049006
0.6764087392063982
0.521405236703454
0.5157919876629895
0.42568260129342983
0.5699906928365956
0.268656557258402
0.27224543890592634
0.4148284224398444
0.4567681552937284
0.43015051568943574
0.7538692258258783
0.45088648701671397
0.3674946835188261
0.5734005565094777
0.5284213942974368
0.38609659044209366
0.09177031486331777
0.3643866175769719
0.3382673689257266
0.41467736774550357
0.6231504256404915
0.4415993175309163
0.46681679746054927
0.20981063653461351
0.2932146704915387
0.3657065513419471
0.44162326673767316
0.5427843229318269
0.4667912760740067
0.5053157864963527
0.25188928426588664
0.32180675899636924
0.7078545044956742
0.429058722427649
0.4745719046858832
0.3488156547752608
0.40615471118966795
0.3198424541724383
0.6859172163342783
0.6608643528111645
0.76947657807103
0.5091744746483129
0.4899681199107855
0.49672233609651184
0.4694766454464948
0.3881614143553642
0.5863713040435695
0.5382428572920854
0.2834078598784753
0.550196788238579
0.2129072115103523
0.31474342759734897
0.6638698805262714
0.740782064691736
0.3256713364437107
0.494686202267967
0.5473447807963594
0.6857864868891914
0.49986799326300635
0.43618022648943056
0.4256158861747503
0.44038390937146565
0.6162766580105776
0.537200891555253
0.6073484407913985
0.4242467025220791
0.3557017096132612
0.45713438830453157
0.34950670831592134
0.592307252025566
0.5181540431313695
0.24572541841533146
0.431299588530102
0.3497938616928482
0.22349772705061788
0.40976446989448523
0.6372422154339791
0.49753514309941527
0.4345632249229183
0.38890681100447866
0.2958544144085953
0.4598126614587218
0.28647423555800855
0.12163090407637989
0.42844996189643525
0.37976893662871347
0.39715669535659104
0.5879404068083238
0.47437020466375557
0.47587934041289903
0.5815260963974589
0.4603727345667685
0.38909480212360226
0.47557815184592545
0.405114406042162
0.33242682731065254
0.3167488451390674
0.48365725589592024
0.6092681416927921
0.2544475456572315
0.7227542779794275
0.5372948390945851
0.3423272221802859
0.48836304494504656
0.5881781807331687
0.272930171054653
0.4708771256834048
0.16213331464328495
0.36215981947675857
0.3960984763894374
0.19871668385228003
0.2209104878879038
0.2756510328524361
0.6082692781554504
0.20913655026953415
0.33288880070914295
0.3586149693633054
0.7665360224182938
0.9819916592902025
0.448862961128085
0.47533649375948417
0.2969001966758844
0.43332450290246594
0.552923796711125
0.41473353879189445
0.5888659688905498
0.3415979695114246
0.364781520941311
0.4912145008446025
0.6352891138526993
0.2567935513676367
0.16419504367732207
0.3952080476687514
0.38395189788358497
0.2530990977828823
0.24216857851195828
0.5929793853038664
0.847451879028164
0.49208842865086877
0.6387956176415757
0.345327226821175
0.438421938453861
0.40946121917983447
0.2991651305320757
0.40062380370687345
0.4774811119455661
0.6020685313719606
0.5373325195704668
0.10304014503046732
0.6610309007114642
0.26093188541370926
0.3304653124810949
0.5329346816777079
0.46548909630906676
0.6710327946687367
0.4855187857373182
0.9967278953818945
0.49969826522686733
0.43053698163841636
0.40461622844714373
0.37400626874606746
0.4328050987321199
0.413318794708341
0.6769090301918934
0.8095112620231113
0.4805639208873168
0.4688432253849919
0.6463540717091982
0.4177224172251167
0.39157695145594684
0.3920340973485972
0.4657597530741706
0.28561570647764944
0.5054953391289803
0.9847862643949007
0.33289400454943685
0.3011143897587769
0.420176474703441
0.16356857545867953
0.47884811016974116
0.3968570446042923
0.23234913502447507
0.6644452834130419
0.5771364839843329
0.40135096106790724
0.34403163315187
0.40240678552702946
0.2669798815453559
0.6907305701957693
0.4158375962609865
0.47449835026848186
0.5637356912248772
0.36832951906037326
0.37766763296859407
0.6765877762459814
0.4525908232344924
0.5047739437082311
0.45569455974079154
0.276249612178307
0.2956311395398765
0.3570929768512371
0.6622023784195291
0.521130640424627
0.3068591597206236
0.3512559172047407
0.37822505389310446
0.38466356188296913
0.4192131032928824
0.36899555215203184
0.36325892476397814
0.3869463109335549
0.5485628586620342
0.5259241715264781
0.46657294608906796
0.45344416542287247
0.22990357980449405
0.4697073731180531
0.5977587662058611
0.38196302928666537
0.5655539937390287
0.42495888267023574
0.45546904971989477
0.43890343036920976
0.536275559734938
0.3986899487865557
0.6863825389986318
0.37783057925447916
0.4126916585987581
0.32983671650760193
0.4707378524032575
0.6057314696526215
0.4645974895419902
0.3474992350474889
0.39225955481258645
0.5368553788166933
0.4187756099370076
0.46199331044075787
0.3950645246729585
0.4053504231527427
0.43845700135167265
0.7425890915025588
0.5464085918748893
0.46165885871939527
0.4177962685768578
0.2950557094454417
0.5108647516743907
0.4588073570983374
0.37268458110844294
0.4764292891840469
0.4399848071482231
0.35846175134876246
0.3893334781177118
0.38576634693327483
0.4105893482102221
0.39215566205182073
0.09356053546554555
0.24345792617638606
0.2066682980635901
0.3007490289237078
0.2987510653842753
0.4152983942589765
0.339955727031652
0.34367084330886244
0.4540229306197847
0.3426458861109317
0.1808473947616268
0.2591322814934588
0.22261097101613025
0.14720408088786385
0.29811464784614883
0.34151097351697923
0.3388961067201418
0.2777270325154817
0.4828244215239128
0.19779264126463159
0.4667715256090498
0.09170454846522702
0.3677822652227225
0.2977983195538232
0.35994432636283613
0.3257326377872185
0.20325708971180556
0.2632229423942043
0.3554345278617719
0.37433565349380515
0.2876029669159683
0.2272674715379427
0.21977198628522254
0.5168009902548683
0.23089000973850726
0.25685580230079663
0.10607407451093964
0.33055186144912874
0.3293245536574707
0.15114980433225977
0.47570028021884314
0.37318392294658986
0.3139000895194082
0.7247096482491678
0.6041291922973954
0.2612099215350563
0.45999727762481946
0.2835546235568872
0.4222220410331834
0.28942847590095067
0.3878728616582894
0.4855416267547106
0.5082968942845638
0.05300812969350033
0.09233885793835095
0.3287420065301221
0.20557165261053045
0.4526770787845842
0.11231000395768043
0.30407025450658
0.357786842008194
0.39119373062696716
0.39132123081245407
0.3217741541449489
0.3900169148066849
0.4046107334460478
0.4616641654689775
0.2979944045948206
0.7919561305875247
0.32108506333578357
0.6031247156309905
0.4705127622028642
0.3838758183220745
0.40813360845543545
0.46931248807139825
0.2950349098964513
0.29831121654215487
0.23145777242050947
0.34171393211641066
0.2649281971165506
0.3055354037720479
0.3199711804148646
0.18084436925488956
0.3636526173814736
0.4610785541946545
0.16913363294557737
0.270904623101589
0.18413593831320763
0.3255295710799323
0.2464646113002097
0.2775062845420688
0.4602976406668128
0.3411437655855226
0.40116421658763746
0.41426082688052135
0.5486366485947781
0.2875419378705345
0.34287024262341925
0.25604857614107424
0.4548652842516637
0.39592608618301073
0.481993193853403
0.4544233000197144
0.4694540517560646
0.3000113644176472
0.42307844839305586
0.31385842131925745
0.2699475600428495
0.38380033419792936
0.5439339800625346
0.4076512354302271
0.33348513835361815
0.3704258674446852
0.18054210813428828
0.41583915524864024
0.28859260497454686
0.21734977801175703
0.29959307040266914
0.39046644400471564
0.169613565630633
0.14841090141022562
0.5870485863431869
0.2265723650568885
0.2535960694135553
0.30381682113385233
0.1496758945613308
0.2118193053741928
0.32158650393616384
0.4453085170730684
0.11325103231607048
0.3663962803142008
0.26749301518542234
0.49178678088357675
0.2816613783931521
0.1981976202932869
0.1581646968406505
0.3062032201008702
0.297156380646161
0.21016931397628325
0.14789672084690597
0.4399176063336243
0.2490445168759976
0.4027384855399816
0.30275380150099096
0.37797190763292776
0.27164920354780375
0.38696696500841143
0.40645103020894513
0.08365321010856874
0.3876020168442528
0.4624228700647225
0.17287386806747818
0.5562003520654172
0.2889311267789546
0.5121141246068994
0.3494528008732305
0.3690461939465517
0.22625673827742443
0.24358021367224225
0.19165987514276184
0.37762828988139385
0.4286985967423578
0.37894512120190715
0.49080667362903174
0.3785622254602049
0.26800340279319745
0.3362305301320986
0.3081166070614061
0.45237023214813
0.22715994674884088
0.3495645434682554
0.4174596981654404
0.5646779639865953
0.834424398399159
0.3665264712315486
0.39637647514982643
0.2320604305569114
0.30320850898967455
0.5839642154529564
0.34416822049155593
0.25191090254266646
0.36001387741118207
0.3349721714945584
0.3410867546725149
0.45893754363637185
0.3315088906869026
0.32143575720162776
0.44054886845600283
0.34134503312362174
0.08796751961210614
0.4425804669329165
0.33118740255696233
0.43028273018295393
0.07840307661513457
0.28827757173173885
0.32594985239902075
0.39277158675546364
0.29589619871718875
0.30459276886547093
0.2047832608714686
0.2123255142355096
0.057587078267614
0.4339329288099102
0.2933067158770565
0.34966734443081804
0.2701444766001486
0.545499293133314
0.34722516454513064
0.43750802229706276
0.2038237825323399
0.2962633272289018
0.3557594326613578
0.30292690280340984
0.4319263677627977
0.3022467174720955
0.49179419749384734
0.4321292310271594
0.17024269660452984
0.35202765285196747
0.27270081900575205
0.13340384449044196
0.04876251432606615
0.30662069037184714
0.41759391658065614
0.36832619884777973
0.3299486007287825
0.300326716016736
0.22435460726549994
0.375498418274803
0.0214202519462936
0.3888976154243835
0.3235516021581347
0.43353609641549196
0.4217285621723649
0.25808012668548275
0.7307083598158789
0.21656642891601585
0.2215042937457401
0.5210115347822122
0.09728239731077759
0.30318093305127536
0.3478400664089858
0.28703473652999645
0.4702669100169815
0.269688863556113
0.34278167107600643
0.3261446765932321
0.31669998115182385
0.4685771529761422
0.1318120053293066
0.3519908440975861
0.40463761679215204
0.5579638764505753
0.1929014748632647
0.21599133028612716
0.2887630383183575
0.18624741221696106
0.2896521933879861
0.22047010215817142
0.427201644162025
0.1651964623416935
0.34521855740350404
0.6915433394911867
0.2525449372548607
0.3722151128698843
0.5325045135219224
0.10260088025926517
0.1966084498636943
0.20295547829503713
0.18071696826648498
0.37100896696373276
0.5017458846243279
0.38154416548860504
0.3897095171335274
0.24315957674539868
0.22734197595489858
0.3840144431395537
0.41024873112572835
0.23669009022921172
0.2889992202652666
0.2586767110886379
0.4052011112836952
0.3293354802398909
0.4815240179911734
0.36415560569655336
0.16614618430374173
0.38314038407932294
0.28955209674465365
0.734131295308406
0.27603115248731014
0.41250503582151354
0.30237749764239297
0.5086063885035446
0.12420747707572066
0.32507204061060935
0.3866047160764493
0.22331248911087465
0.2794807775774055
0.3463732735630316
0.49537785139035173
0.5340841927519645
0.4286360782617651
0.4339745570666014
0.4830245497481066
0.2431033963953213
0.3121260121959416
0.177496222210213
0.33798573778111396
0.28971838169027286
0.5412070741319424
0.2613146737674843
0.5911411438065581
0.28585655496781737
0.4761101625561317
0.270884547129254
0.2998276536436304
0.30661003842196644
0.374223276479715
0.45433234018768387
0.41621835526132855
0.15360828653009762
0.11878841976531263
0.6158472311902328
0.07192574484257652
0.3723204894389147
0.30518834594964184
0.25900758320208084
0.03469530078554062
0.46565097355496077
0.32669185522968003
0.1952942842476756
0.3956219637422569
0.4576316349492511
0.2447335294117804
0.5765147950572431
0.15290349946420412
0.2933652706300445
0.37110166032552705
0.1653049938192943
0.27336882019998066
0.29082524237201457
0.2560712166080661
0.5580368219250594
0.5354066178693746
0.5318572736390856
0.3316212112029203
0.5215075898759233
0.45011771700805725
0.37450160168922386
0.15484880025557968
0.5895356983598852
0.3716949755387502
0.300151360276816
0.3630787430038567
0.3469886513583378
0.3108661348061492
0.2305750005886229
0.23495506841606573
0.3463312140106457
0.3963427874427554
0.2688883690940943
0.13574777784038006
0.9916960743095281
0.328808527430519
0.2601487408886619
0.5119485521373932
0.20037227507263333
0.22964234883249046
0.34213399870565864
0.5476053726662145
0.5283222979978082
0.3172493016209317
0.48286433565081166
0.6073945834106632
0.27867030209801225
0.4426694881188622
0.3772395675345096
0.34399465764564485
0.22536194330446024
0.6178236657548952
0.507684998267713
0.1427900458094966
0.36396384677377147
0.28449502073421273
0.38594357911313604
0.308881787259642
0.2712952857783413
0.3081260623764741
0.4142239439188128
0.3035570828504156
0.5543019772727369
0.21887900456276632
0.21946712712356298
0.22655601601234532
0.4013196825461206
0.4044879754095382
0.37740783027237335
0.33250252591669405
0.265312670049652
0.15932587158170697
0.04534934036298932
0.31886057963501213
0.230428855794109
0.38452474732262387
0.29285008010987656
0.39555697963143643
0.3061403356052538
0.4346700100161309
0.19614775173724053
0.3060907112331288
0.26695943612555384
0.26579736808015
0.3538421235304021
0.31146593935714084
0.25851712776066893
0.3328621329558592
0.25716425012604893
0.10942482015336641
0.34619776079444575
0.27966177872257714
0.3055856482870739
0.3857620455386854
0.5634506156042046
0.2136940228558576
0.36486956216098543
0.3413629607152582
-0.08846543334652157
0.47140102935391304
0.3013742399587349
0.31365097043905
0.3149387678864436
0.23716846134627756
0.39293337889332913
0.33003560764614726
0.2298074512559629
0.37041502127401815
0.4070200086649326
0.6013642788862319
0.36882943660862044
0.41198239794444547
0.2883975927396678
0.23117973473827091
0.30182140250130063
0.3182819642199922
0.39834083443623003
0.3623488078233421
0.3486112882929324
0.1907442172135715
0.3587879981785924
0.1836742329810248
0.2838544915813114
0.2838310238372441
0.350671004959077
0.3162547865167946
0.23388929526008506
0.12714915941282
0.18440406577164037
0.2499204087816329
0.36420411389058827
0.13268340451238259
0.2333974290006522
0.20206477234338283
0.7695710279077327
0.2750380301351222
0.37446653644024797
0.09231585662022901
0.393054755538497
0.2660946416633123
0.1336162897909342
0.35985872344715963
0.2557324738612561
0.4307411443218828
0.3407554190555735
0.5270411892797042
0.5577087947919906
0.38596553942735334
0.38831955453234446
0.27104643833932185
0.6917384960598452
0.30274089523540704
0.3070402311958179
0.08816358119712564
0.2989300332060816
0.5094572531046211
0.28165713664922043
0.32154039125051526
0.625760196650745
0.05350498050529828
0.6534612099046611
0.4311927703713171
0.3519033949147117
0.33741432428359985
0.20494833870979612
0.28534072124177656
0.18404387542950806
0.29852124262975777
0.3319870177884221
0.32369996174617577
0.30475809583931435
0.339067603670397
0.2605624888462673
0.2566485357554811
0.3634705784617306
0.44670709316033475
0.15070744191802232
0.3807568118863083
0.23348063953573006
0.206855837167357
0.37426234577983686
0.3792667996385417
0.2551961204709957
0.38808002509729
0.3964234317016775
0.3568126122044393
0.23560923830082814
0.4316000602164891
0.2950835359175281
0.8258260359531693
0.33354184507808726
0.3914982032258384
0.37050268244047846
0.6287447166399749
0.24595422962041724
0.17116801284602567
0.3567683366711345
0.5649969166246294
0.37585596689818734
0.4528765384366942
0.30261401026761126
0.10598085830137771
0.15575222187875581
0.48522214957341636
0.24879053176021215
0.25857837987024257
0.3359516894530318
0.48492162680599715
0.4291336893818898
0.522698546195623
0.3604330747293545
0.5257826100444563
0.3188289058291225
0.4912449922888331
0.14370188574395726
0.3934178012040772
0.34592697687738105
0.4121472172139409
0.2063129329779987
0.2675182078271471
0.42491674921913236
0.5010014478601734
0.42665491118102017
0.3115766540796232
0.3185168064461751
0.2614977101907001
0.5059717240405831
0.4145602446117589