0.6979557321307129
0.6700502869392708
0.28229331584081807
0.5894996661862301
0.4093850799584452
0.660699137325977
0.4581472572931351
0.5899154981580002
0.6338968105937175
0.9910795584570434
0.5571261405597443
0.6930021112148969
0.7325427415603337
0.6277146566237517
0.5262466279075031
0.5694328227256191
0.6191605009805474
0.6489793519236478
0.8158271347717324
0.5290348669734601
0.7063385465592159
0.6942632341984201
0.7539388225421859
0.3480462151115037
0.4455697839645514
0.463653983654404
0.5270197218478094
0.5823886367852771
0.477143320357312
0.5243972411285425
0.7030653126475574
0.6972027817807275
0.6415864885569712
0.5346486563426682
0.5546083011775093
0.4673087735486974
0.6324323537499096
0.6555409438927482
0.5950889448744363
0.8083278340101189
0.45603881067253915
0.5962922764825107
0.5416890287925011
0.4692931508163066
0.480351865444986
0.3877287225000361
0.6877467407364202
0.4736414610848654
0.6531646343167297
0.5169255561361471
0.725065178372006
0.6480635455422088
0.5331470266207134
0.534337169558504
0.4439755391746395
0.6621968240402206
0.5024496672515892
0.5424999959396942
0.8208137301013323
0.8639891203025086
0.6466689888586702
0.19580708585826867
0.6807171133182424
0.4473989319463989
0.687008438894086
0.4953036493994263
0.5535009470426636
0.631861628115558
0.5147330497660986
0.47770543641896124
0.3863575518386715
0.9936485191961062
0.5393788145391607
0.6377369540485897
0.5767916419024675
0.4720394466634146
0.7751141510669602
0.2789531784115262
0.6565198281309351
0.25814479004965085
0.5158638999710154
0.7765037862909746
0.565849048182087
0.7018553596965535
0.5755281783608341
0.732760590953715
0.31893217282314357
0.4925745725019183
0.4497308754966677
0.4758531282533579
0.6597504631032916
0.7529730882738822
0.5917143783903527
0.7668951471132812
0.46472230122061464
0.6236784178830383
0.330080534914316
0.6213294533627478
0.5148392860853239
0.4489580582125713
0.6775036907818874
0.39295639617677547
0.5760106569127097
0.45309318126150366
0.4017227850321454
0.49911323202524005
0.4056348793149339
0.2756092469860274
0.5311175007461064
0.6875835078019964
0.5817926827601347
0.5136499464690852
0.4848428162784495
0.4641820201067546
0.5834555047660503
0.29669818909906387
0.5142289344870384
0.7187506222127129
0.4750101946809535
0.6175695052362975
0.4665724249317166
0.6631590743006053
0.6569891213193442
0.42837350556556975
0.579030634627985
0.4451631654557894
0.5777793309615402
0.3541929603027999
0.6415587846861843
0.6585361160768544
0.39083068517781283
0.6920663836220778
0.5293351466672367
0.476907599085709
0.5573334886206529
0.5821327603174453
0.6017209295005015
0.6690978146205442
0.6660701532776461
0.39978620004682863
0.586167539446097
0.6795240138823354
0.7569766807826627
0.6889654890724418
0.39449830843421385
0.5911497999491293
0.33779778031378105
0.6185822937414096
0.43437232831385086
0.5154976270374061
0.31435639625872003
0.5021930028396747
0.49322481822482755
0.4500729566546582
0.6981529771394417
0.505035416508317
0.6613254597617036
0.4478199878885645
0.610674040205594
0.6159605717272612
0.288163644214531
0.9919017027037702
0.5422569186724036
0.3381229184000514
0.35020537363432036
0.3597185552265346
0.5819043624358756
0.7602476694724871
0.5514632453742158
0.43433535367133236
0.3878723920772551
0.5645496981686253
0.8909454423691043
0.5634719344036014
0.6448359557514431
0.4332471286843016
0.6557953855331221
0.6027801475240555
0.6944304469623936
0.5905146125601398
0.6351331584392321
0.45224778159204426
0.3852615960416155
0.5776489198000447
0.5842765198877183
0.6778574108487306
0.5191615994274137
0.47713836666108833
0.419679688679942
0.5650441316374096
0.47968542505007683
0.6617256835127733
0.2570909892442579
0.46254154958374427
0.28263443775666985
0.4490107212271244
0.5472610665163103
0.7001869562514582
0.6198131859166194
0.5241498378603545
0.6121019563608878
0.4409292631325822
0.9731707963874248
0.5021535114666176
0.668381299458275
0.4559502968506782
0.5708207567693027
0.5097587723571679
0.473093897609433
0.49975853487123645
0.6351263061372481
0.6973085359355089
0.9109484632282515
0.6318247472465064
0.6629439525076126
0.558793779128133
0.3880584943351286
0.6462022155293158
0.43371965159659664
0.5823367320965032
0.42880033486509816
0.6904053054987394
0.6595248318269733
0.43273487385834564
0.5624246381586213
0.8891946453297815
0.6287496460792081
0.5352559593118849
0.5043025987780074
0.6566131343282952
0.261733158420945
0.4362028617363527
0.5148702377760492
0.870688908273843
0.28882916791655255
0.6520908321768109
0.5674638177925699
0.4570768366968969
0.5736871223711542
0.5798437539671444
0.6445013219389901
0.4725405834297971
0.6288106874493175
0.43716571045749686
0.48123228683047403
0.6564982666544406
0.3021982102246067
0.564503971437543
0.36842748259449964
0.5673182903764877
0.6831122809429473
0.32250234627009466
0.7340398201232082
0.6082225876184412
0.6891421639887034
0.5587400532043172
0.5150985948696829
0.46883214461939837
0.6619795496658504
0.7974433955503395
0.4983749605025052
0.48200343833372583
0.9907367941183324
0.5389627618773138
0.5146087093653118
0.4447486600316257
0.5419263140340809
0.3555571532528381
0.36333620937870736
0.5872984721140889
0.5858887724427657
0.5656573255953781
0.652191164090884
0.6175695052362975
0.4166659542560138
0.3560374060229605
0.5793333382587413
0.5623573591089537
0.7085938379274559
0.489648648247324
0.5556460565617558
0.3702064395857978
0.6382364887004962
0.5735187152676555
0.41248096405392776
0.6006274027974688
0.6714601340451156
0.652261712781603
0.43631252708592694
0.5015633016674039
0.49079796312382706
0.540581063882037
0.5025600773982661
0.49563146295697214
0.46907578093856195
0.678886014871162
0.4224826349308537
0.6197344020742289
0.6714590346142051
0.5108538103461373
0.5223846961255832
0.5041753021177229
0.543828971306248
0.5210138639784138
0.8639891203025086
0.46306569697560196
0.6729350122203374
0.7558780670893255
0.49450168668417993
0.5905091026654993
0.7437606450025236
0.4905051955816675
0.36633409454045607
0.5976899617819438
0.4370865935931094
0.5704957272560818
0.34104673051126655
0.49793242167383167
0.4272540489038895
0.28733272296596857
0.5822992805112496
0.4238574824105139
0.4441852684442057
0.40170088069253573
0.6689691166641496
0.40803062902734755
0.4283106743472904
0.5319126392405156
0.5128580903669784
0.5233196169645831
0.6801247381335939
0.4527776879659856
0.691750594307549
0.7117444838641335
0.39566075064023365
0.49761820577366866
0.5027015336688844
0.36566961242719187
0.45009112456244327
0.48369085297325765
0.5618693743949378
0.6396561883177443
0.6710848369178752
0.5612117934434717
0.3941513204991327
0.5380489474222563
0.6321288435739176
0.3858133707692283
0.7700283799701961
0.4947065974839788
0.47390237372784694
0.9750418475093324
0.5816007540510428
0.5158059620090495
0.49081896836437444
0.6109495659298697
0.4429784552385654
0.42979661638838595
0.4193286707866797
0.5698624845372068
0.5097986910731221
0.560963363050931
0.5118115602663407
0.419600527556663
0.4909440266133762
0.5543020802092202
0.5620828297106506
0.43837709071654896
0.6843847195579742
0.8285243020767324
0.42508386604720083
0.6056067786851898
0.4655729511165727
0.28653591880571394
0.6468527178815437
0.5588332172817596
0.36114928055781426
0.7215837391731406
0.5725263510155437
0.7636855107694598
0.5031375696684466
0.665915196542035
0.5045875103642135
0.502352578836118
0.5011860459285451
0.3877287225000361
0.4659972631110503
0.32222303797981855
0.5528046626101466
0.6769199185474788
0.3135211958969786
0.2915804319721923
0.4687931873865866
0.6683112530917861
0.3738243257125038
0.511403117504603
0.5708820213183016
0.5241341337506034
0.6584683029989455
0.4725275390393424
0.7777445659885058
0.5751494471992711
0.5875060984089135
0.6044660952535738
0.6147884555900516
0.46204506378707944
0.5577261910842861
0.618479813180136
0.5335208308398898
0.4717601091838197
0.6753043260745195
0.5716843418213713
0.43306735786980144
0.4616298733054883
0.5119827373456596
0.6735412252973662
0.655757746714628
0.5260256853522571
0.4876503803760952
0.3395830960223625
0.42552326619319647
0.5855102984271288
0.5564773706951733
0.3271774629774358
0.7671822557171732
0.580026584132087
0.6850388685228108
0.5122958261631091
0.48326493767446477
0.392681654412416
0.5742474808820608
0.851297227001307
0.7850477138426265
0.6075652850178406
0.5396319818390813
0.8333187347924867
0.5808957595029248
0.4704596815830321
0.790672705084272
0.4602004882174434
0.491053125596681
0.4621881739426723
0.40077919352514124
0.6239039364060412
0.4722608179188633
0.7462820648469417
0.6802398855888172
0.45941281642475484
0.4399797927261364
0.9839722977664924
0.45939898197039986
0.5270605225041309
0.8078879732294337
0.6688330960315743
0.83267699848383
0.3602560124332581
0.47703793489539825
0.5592859921797821
0.7678249484358365
0.6467255013626156
0.5115415495610129
0.6711680104207147
0.5456839318477914
0.5131821290813949
0.4205222366842878
0.5216498330681436
0.44278939702086106
0.8384611340305941
0.8679779776771429
0.75467003300718
0.4288922721854952
0.4872066854993693
0.33450606763508883
0.5226574903238257
0.42380025585953274
0.4698101735407465
0.4119256723832003
0.5236095209166463
0.4517393467612183
0.5501683097886796
0.9775820152042916
0.6438036202869551
0.9939325871088713
0.6043917071103304
0.4934747843002948
0.5995034464979319
0.379590656014531
0.42212783379816576
0.47228625211594144
0.5387447888705708
0.6910548294034905
0.4902809850629136
0.5821498641950419
0.7683751150773972
0.4790638197853424
0.5621270653658326
0.5507751559523207
0.3163989310333075
0.5986829452658187
0.9827607027554888
0.6666708268164117
0.46525995621108707
0.575916098679581
0.3812776490318526
0.42963761640597886
0.5463498851752441
0.39596467126078205
0.9835501575956986
0.6146872550034302
0.5524534734862864
0.4311272684030134
0.6078055221095384
0.340889808346339
0.44411551858806164
0.54545177770379
0.4366469131133581
0.6561897925603893
0.4635303337138401
0.606549203530955
0.46964735248655676
0.4200684745903873
0.5313903015225068
0.5182118227991332
0.4622912393479113
0.43594958626259084
0.39520492478308444
0.3816826450053623
0.3810813512271073
0.2888430792341008
0.6603724910489659
0.5330072478142466
0.653785899290773
0.5356065854553034
0.3972843179191393
0.3560610242836939
0.47608752230535356
0.47993028198407583
0.5959479981562996
0.5829793979232598
0.6372052437123942
0.398789782270468
0.39079128384133566
0.4022667616886134
0.6750927227014611
0.5224250118397537
0.5293593121390164
0.47962502227113035
0.5657453832824203
0.4741140404452584
0.5625657481117408
0.2741083507637345
0.5808808354814297
0.3059702016436058
0.320159267117779
0.31424498647508303
0.5882568123307199
0.6556348984093294
0.593239141901833
0.5185159638624304
0.6618575100846946
0.6087987588144879
0.5658110702735215
0.5749737704124527
0.4268686043008083
0.5855600382926607
0.4199173458455113
0.2732526900811645
0.356448566800319
0.5199157006314619
0.608341138321715
0.697011151318465
0.6076001702812295
0.5327153852520433
0.4537786195236777
0.6078810806502466
0.44916697916572756
0.6383551099877265
0.5302846892560696
0.5486287219452329
0.35839823008541005
0.6156633275806964
0.29071991977249045
0.4115129743651693
0.3555716821834405
0.7657862132313866
0.6006718372641973
0.37746327480774455
0.4935679717609994
0.5748436316419238
0.5941454966917549
0.5820544521465824
0.6402879439298348
0.6520620135143816
0.47486707959334773
0.46972638901784003
0.4142696215597482
0.4771420463201117
0.3425837197987077
0.5740930250340329
0.3854271458521319
0.4478815626048356
0.49646958247604933
0.4161350071453227
0.45922808210361044
0.4155290427996283
0.38702428959756985
0.643325087464115
0.48821198223441864
0.8463489371490718
0.6134703627281521
0.39749645900828035
0.6998373812034973
0.44715587662865675
0.6233451250659743
0.3782487874081023
0.23149332296320646
0.5751979823380396
0.5821635526558603
0.6605650691747912
0.553791278670185
0.508626430728584
0.60598288917826
0.5832086075947401
0.8333187347924867
0.5849518636034579
0.5000430668175373
0.41725265673338696
0.5933585350815482
0.48144770462004627
0.5304748835809272
0.5449547738151648
0.5263820395260259
0.6574474830767827
0.7250414558873816
0.3709357740598348
0.45750385999578136
0.610317894265074
0.416523530334888
0.7962712535899372
0.47141432433342545
0.5501819157726878
0.9860748978592886
0.48584116109217934
0.695291482780368
0.4970412638310202
0.6221431081078614
0.38984277720145055
0.5189909751198132
0.6631104520111804
0.3260995790193262
0.39619641950422835
0.3807329688140456
0.7047617835237636
0.7013515225000865
0.27657230092495966
0.4056423840750456
0.25761765697828043
0.5055804274432883
0.3425396656022468
0.3746225597346289
0.4860028815390043
0.5534056252525998
0.6345576153019723
0.35790462271065193
0.4683346698634905
0.5381036238689619
0.6618197072416926
0.43942007413338713
0.3974858179694798
0.41671561333994656
0.4287823851727375
0.37891580670419045
0.23052276323323295
0.40092184083030835
0.5040473717391685
0.4805917757938598
0.3292656201721045
0.4136301194872436
0.48366293786130665
0.4119165091928635
0.5981332586684718
0.5901965586696926
0.4828475422809997
0.5284171352544185
0.38390180246372463
0.3994007126897101
0.5084438666147493
0.6286157115420551
0.5908827952167524
0.7827702658469926
0.29431758690019316
0.5654734871583502
0.1892633378911086
0.43979395732918214
0.3435828249114732
0.5797651689834112
0.6580866453162835
0.4941422582572482
0.3542902001915462
0.6606050660070757
0.6602673990760273
0.59266865199696
0.4741865839939199
0.4218222704782715
0.6000856589104466
0.366739469483252
0.5662060642450306
0.5986472269303797
0.5703679932828869
0.32102291215281453
0.3543918420313522
0.4917968316945507
0.9782920738050614
0.406790225438448
0.5581667513393426
0.44632733136998193
0.5530835252504283
0.4838558893773004
0.6285852612802552
0.6566046391660239
0.3656238546850159
0.3349297913411705
0.5321872228574984
0.7523447594442266
0.3978782443842459
0.45921374036354967
0.38643734960097753
0.5527094525330029
0.5498614880618782
0.7275789398116728
0.4460283536900018
0.3380992684135603
0.615110545941161
0.5058148611813843
0.527605400505886
0.6212243277498033
0.542408064459458
0.4645308050604562
0.43946357167321404
0.4195148886711554
0.5141874990166233
0.8130904513275625
0.6029318706001314
0.310197600908354
0.6419593612041035
0.6210447255274755
0.5315536148142014
0.5443613089703119
0.39926646633883967
0.32942298528919856
0.7126224169979765
0.4806240466412762
0.5091915452618166
0.5267185854897563
0.3065964002815357
0.4571922871418066
0.5092035152695827
0.6426242625210301
0.994441042415693
0.6614413828301577
0.37535501627366075
0.68018962514291
0.5566173350384847
0.6408041984009779
0.3692094979568358
0.2524868875580677
0.6362418607653537
0.6261929941223211
0.37492364721063964
0.5177574680811783
0.4695198840518491
0.2874492808708773
0.6487495536424327
0.3387245488330147
0.5521726863654584
0.621135886939224
0.415905858579974
0.6856027189236279
0.35056105846896046
0.6286140536430243
0.5903574682682898
0.26191286498683297
0.5942787019207632
0.43734377996948703
0.6124820827147668
0.569319352619621
0.663957189097226
0.6565674698763868
0.4550187468570628
0.5406936543865322
0.5157829003198433
0.643091697274325
0.2963536046390578
0.6384667023499426
0.8234134015816572
0.39123820155719935
0.9821290090397654
0.31755707411929024
0.5957312380151896
0.5202759056091533
0.9814162249989458
0.4202551418500171
0.44831112711323096
0.39601829040014336
0.2481841793713686
0.502885261085563
0.3792412574079652
0.5976964799886122
0.5810319608205036
0.3615021077782008
0.5950429849350356
0.34396929974947954
0.6546912025002668
0.47133429071493915
0.6268463019309003
0.4988406140727818
0.5117560613514744
0.5498288033661014
0.2931422231630729
0.3511498239184996
0.40497526341061585
0.3950270871149686
0.42704101794113825
0.530940448762237
0.5151560764280274
0.5229780005199294
0.6492932075776574
0.34096312954405994
0.5627075512581312
0.5741733543367893
0.7435305064020747
0.3836744442473463
0.28912946261969075
0.5180840479926169
0.6087748517242351
0.7391731988087133
0.5972074460569421
0.3283534630447904
0.48281155548974597
0.36984645598641475
0.647471127093872
0.43675991570076755
0.30101913058433427
0.46785763079981946
0.5063535455131792
0.6259934016866495
0.4958017144224873
0.4612356749176445
0.45282341061034836
0.7001338580639931
0.4854305707402753
0.3028768294240134
0.29814226023229207
0.44869450495239915
0.5239591657886105
0.4623836002069379
0.6228429652438049
0.5191600146958943
0.3758255850362946
0.5784423808400813
0.5371709406177085
0.22280515558704483
0.545396436052522
0.4731519292666784
0.5259732373602164
0.5045936576737075
0.46159315871631224
0.6537411697777409
0.6155031240275475
0.40644157302809103
0.6263127664354119
0.4675088289912974
0.5690953315485976
0.40626151182829773
0.5994141552203489
0.43369754114944414
0.41582105773317657
0.2562022714002472
0.5315452164529088
0.5708550003131436
0.6372955121143584
0.5912893009636233
0.51430830095093
0.5533117227504403
0.45188546161662957
0.5832559060234662
0.5294363975731504
0.6253927615808692
0.4494292271993938
0.36202723765670597
0.5383579712839777
0.45952568444328046
0.6010450904370574
0.44610751260305115
0.42781181229474896
0.5743198434850416
0.47852659503543493
0.5831787558112006
0.6536473920381753
0.525804442626419
0.4405187977027839
0.6824645991636898
0.3312541243088887
0.5658503014702612
0.779513415425403
0.6334634122608326
0.6309390493554572
0.5950763664048767
0.5112300419323552
0.3453922875129285
0.5353403814542051
0.6759610648443058
0.43091516768975957
0.5693832117482639
0.6650078895250342
0.6287312308376054
0.6716271290622896
0.5170241498513607
0.5189332077887359
0.6661743204394868
0.42939814752647354
0.4952922591559825
0.47152757924943256
0.390354407020466
0.5383641116728679
0.6662774891893242
0.39866227740038584
0.37785356763468636
0.6794016270206749
0.5443055866289142
0.7294460149435987
0.40342270131496916
0.5490662772441476
0.42577602213418175
0.6014312317904537
0.47528037543755797
0.49140713401284897
0.7872618706568081
0.40164458806384196
0.4778999155582512
0.4568450581152317
0.43637504299459284
0.2545341330495121
0.6167736310307004
0.6837617547698933
0.6374375045319148
0.6408437748026263
0.5472719410643494
0.4155322090535719
0.5678173788683045
0.5883313309189115
0.25894658457416475
0.5800654923539378
0.6646768874311212
0.6225738618835557
0.43921227470041946
0.47807098414684535
0.5490182271487292
0.5356685706477473
0.7240465093637417
0.5941218861882687
0.4824619769289664
0.36851472268232355
0.603249488667318
0.5490973381274681
0.5664527919127138
0.6861569905329484
0.33702461552811636
0.6618575100846946
0.5596634230127162
0.6551851521309856
0.5900177915684192
0.33932289634445756
0.5142157176813439
0.3974826479569037
0.46481226067253667
0.6434707645092594
0.5644459535461883
0.9839616721262803
0.6243891346538353
0.6288737716216523
0.6213421326115677
0.49460128285222205
0.7606224717185796
0.5394611836307612
0.628587177294387
0.5999861656413019
0.686919587484262
0.9789727100823188
0.6850132893066851
0.5781289006887691
0.375271819879216
0.45482980845258714
0.3960306854750971
0.8630294773783034
0.5417375970800662
0.38294890173076157
0.6789573971857519
0.7420288130368555
0.4195258297404092
0.6269957268668966
0.3943117930042441
0.22510889564914693
0.5539319600248429
0.5701331785012089
0.342577712125528
0.7575285350160259
0.49531670784078563
0.3529764592838047
0.38052336764299644
0.37324621570347494
0.31309360634483163
0.3227221808967651
0.6306302592234883
0.2889595581311639
0.5435558715449528
0.20278812102388477
0.2805770065910136
0.4515273881382843
0.7711180242650865
0.6948912135259785
0.6267653283282171
0.3497941512343603
0.5058275834551756
0.799589192981398
0.5370172566392295
0.3962799779630308
0.35536269539948195
0.46848787192105734
0.6631035474374682
0.39397094158860213
0.41801864186126725
0.5757450739482016
0.5730103455095856
0.9899565998032722
0.6906297348102525
0.67155501064637
0.5161351545997133
0.6652853995333219
0.5339788518092532
0.44623025775346203
0.41799818077690865
0.2844421121505555
0.35707310852538865
0.43550451056105677
0.9904522564998148
0.3692556570470421
0.3828152302993689
0.45653679961635596
0.30166986725427725
0.5022904264854784
0.44035647660393873
0.36045669587268425
0.4999248392540697
0.501949579440794
0.4099571574450176
0.41206763531443247
0.3448651669924324
0.7174802595929867
0.49530668323350957
0.31105434572211565
0.31899195669740743
0.9900969383730599
0.46472389504886535
0.3206236752983779
0.4528524526614205
0.4959109480746986
0.6560055579256748
0.2741665572712946
0.8191475512905607
0.38111880432759637
0.4998699101293489
0.44435159918953016
0.32546164872134997
0.5336788539795432
0.5844202654104566
0.5722206899127342
0.6306302592234883
0.5832947205075896
0.40823794053086015
0.582805917772052
0.3116909131894431
0.5711098117814102
0.3852069012948409
0.4547947955381034
0.5881698866892476
0.8465447313026228
0.6344057999863599
0.566515247492576
0.3880452389109612
0.6000154104195259
0.4063797895210193
0.15613917948234268
0.589314718668136
0.36070552436180936
0.4342083175116902
0.49686992985067335
0.42762661443175465
0.3281521474563127
0.7032316914447236
0.4301383396410081
0.29879336796200884
0.45051764505385283
0.45923502419196405
0.4013140433426712
0.30646536169407035
0.7222699319233872
0.5100616460895782
0.5070881703761143
0.5039554822720638
0.42268731108238844
0.3939692131947301
0.5417240653856278
0.47011963225985454
0.411731143487993
0.9890369193563907
0.4877007657683299
0.6614235653858469
0.37655536706066617
0.5437291319661774
0.5188894313180384
0.3813201098018356
0.312959879207535
0.47989537158040374
0.32222539349516754
0.28838881303079733
0.3820410451745462
0.38452700217945
0.33496953899610904
0.2656817698346964
0.34016049274646587
0.47778604409823
0.49656184711733153
0.37969644205298736
0.2410131500797501
0.5605504606924252
0.4666677459073242
0.5766965059935323
0.5882784077648906
0.354988645705794
0.5027679594829078
0.36715032108335743
0.5663353631364985
0.6533727847877134
0.44312361425288493
0.9904522564998148
0.504381034520841
0.4323261904143022
0.24568624143028117
0.43773045886786366
0.35996260881863396
0.20693880625762062
0.30303974369391684
0.36163287060912563
0.3828305016584852
0.525905576710684
0.4835133647377371
0.6913465290105835
0.4016499941916609
0.6689675833057208
0.7333182374613694
0.3698152041746934
0.5466334933719337
0.39351663556567773
0.4511690416307599
0.6110898962574787
0.5291661168418467
0.6155156733200094
0.5041170391831156
0.4708591713035635
0.706982726228004
0.21323662549982914
0.4364650168111084
0.43410545949160384
0.4236694705623103
0.38647944246011956
0.46308801516087306
0.5347054679442362
0.7598859420379526
0.49429925202266356
0.47196395831422255
0.6631731649647018
0.3736775093442515
0.5410480600935338
0.5521557165929315
0.42736246007189194
0.4163907822364652
0.33796626116505535
0.42412588020651587
0.473356026156188
0.5597244198884257
0.477801169553173
0.591231985839819
0.443498706512627
0.44817995350721984
0.46590026273231744
0.48034664988344933
0.4725406536809039
0.40415674181276784
0.3265821218782322
0.4097729316369587
0.29119773727110265
0.6356645113004622
0.34767274389273517
0.2856277686633242
0.47237200592753426
0.6103452511645665
0.5496330722577545
0.34158064855738945
0.3730653464801761
0.6625293165192386
0.3799014033207627
0.6248346961201539
0.22431972525394506
0.4344301110400317
0.318812395257386
0.6329251596735441
0.5056252530247853
0.5543752136962992
0.4071122483413785
0.37876156379687065
0.44357308316825717
0.46576490711072105
0.46165146761790243
0.5223388454024226
0.3634660449296494
0.4904877909506722
0.23631994642919352
0.44069796978630726
0.4635201107386835
0.731157004014821
0.5510893514486257
0.6314682982345937
0.4857550505423238
0.41528314884367223
0.24278093406697
0.5615805300976336
0.4066744903612638
0.6010805318565607
0.1320425923823293
0.4781510897146447
0.46983818209368333
0.45496753449780725
0.7309323297081288
0.3753220788064878
0.7814346726987107
0.5654662167300685
0.49107275368540915
0.7152847976750343
0.43180202011700997
0.45051764505385283
0.5028258109374519
0.46241515389700094
0.636803944547073
0.5526401860408806
0.5846669650574061
0.539319574802486
0.43145021414476714
0.5187004401610108
0.3277906048909214
0.7595090112709622
0.3476627445836107
0.5624187477410474
0.3602061442331639
0.4287972628120442
0.7709998305067766
0.5382761338088126
0.6839411008738174
0.40571215035634056
0.5121762590772309
0.4738407438392268
0.4209066655941708
0.7865092119598638
0.43835565306074875
0.3686644607696543
0.6120417215704297
0.4774454909920658
0.56890945317016
0.5552335321747118
0.4740761006997798
0.6875287577325615
0.4683655472504502
0.40978645294398075
0.4035890130553401
0.8198746920813946
0.5587189072090775
0.5861436727378108
0.536400247476877
0.55303131225374
0.30190801240490717
0.43177431813740563
0.45679651685326816
0.35005331501193315
0.6784870456134654
0.45442780837449703
0.4606180395337316
0.5878818656710152
0.30721788619898205
0.46874956474339047
0.30515232163987394
0.5393517723395094
0.4352239880247041
0.6411349983076947
0.5905507693386103
0.5416240627151465
0.3571564770180018
0.5209956557649016
0.4946157721920694
0.4527975379352458
0.5268536241976296
0.5561477786500169
0.7878009593343515
0.5217669875685789
0.43490318666054506
0.27775969437780523
0.48412019736909717
0.21620971513274378
0.3575673274380806
0.44085450748851474
0.36546874435363574
0.41045795796344275
0.18169095570555627
0.5476940906868416
0.36842374480380957
0.4462001190102638
0.515655351180492
0.4681443968655976
0.4908698613274697
0.38426068197833885
0.25479828698729245
0.43465077849282674
0.5000227211621657
0.3994856307405079
0.3819720214549356
0.4845722212645217
0.313116850486177
0.41151733205253016
0.4439705434892245
0.5974081851250171
0.4101879479669287
0.4730867077505332
0.7190880402426252
0.2015089839415315
0.6871395226431858
0.21636090420496346
0.23589196744641472
0.41378573403656205
0.3237963576111902
0.49475400925059554
0.6090075109264093
0.44419865226480937
0.37670461651096754
0.34964672575173517
0.429205016951266
0.5060844077182425
0.7467819352512843
0.5117808933619556
0.48602790579435085
0.39734596675610756
0.523289637138364
0.4586999736776327
0.8643224811849839
0.45183124278244347
0.5174175880747917
0.5620593609987102
0.265199436970579
0.5469235238162531
0.4697443633073066
0.5662233646930933
0.39435021530643444
0.32946269556360275
0.4079964268227336
0.3273646140992198
0.5830934041000975
0.46165117309008097
0.40467793570098953
0.4232728375342085
0.39820622559671626
0.5040542864096359
0.4206420686270754
0.27997026841598593
0.3306742487322287
0.4275992620021516
0.39592900352236693
0.45206670377133384
0.6887188766033907
0.4451387156848602
0.3556659456064768
0.45669378235806524
0.40524901151539483
0.42277048876113044
0.3123556097427099
0.46308608662114215
0.286666409308324
0.4788335632868288
0.5470401959436806
0.4153540530415418
0.5572988989602443
0.46431314634367615
0.5390607560787937
0.38503225692499976
0.4079627031743003
0.5039913241745815
0.4000954979992162
0.4057085671072713
0.3030428754391914
0.4059177190263532
0.47726659205401245
0.5199013109555318
0.46018564375857074
0.37797791596182395
0.515609034701004
0.46333752761218094
0.5852947444637153
0.6310014000689356
0.31387195349453234
0.27526408333975316
0.41358295503522835
0.3367233475203433
0.7721462957158213
0.28687978877699116
0.5314074134786657
0.39058983093406663
0.4107873877218393
0.7436214641154251
0.7482471055802566
0.43194853153245316
0.2720432824596135
0.37099582315167723
0.5021441820010291
0.5236637943722909
0.6627429734130338
0.20465745616726372
0.47690006870364443
0.3554288326844687
0.5829938785826717
0.44717778084438153
0.47092151543967387
0.4146110943892979
0.44423550621063246
0.5017791043568877
0.5230886867870101
0.26425654633613915
0.6646285921763293
0.2865351171454845
0.5043902685686321
0.6992305473826086
0.4999248392540697
0.7836507519147379
0.49639853237746656
0.46692268378042834
0.4856283169277704
0.5634449994467057
0.42277048876113044
0.2898487501315167
0.31662669227387996
0.4410862217640348
0.5878550833615853
0.35324364978427336
0.43304473316431236
0.41812981014445694
0.4957905574284416
0.5724064713652716
0.38099322792930823
0.28022410000492515
0.43198622426840694
0.37461703078977293
0.9717288809500826
0.6073015742834365
0.6469677907618463
0.29908878653126736
0.3104658436081442
0.36159483305907614
0.5755812867532827
0.5296930167067366
0.44084339292847774
0.6909864956816758
0.44286312736819755
0.34816078743931267
0.5033999559880997
0.5505660000062197
0.4900136053447681
0.36518646177070346
0.19407330026295577
0.49595522330667174
0.4295231274799397
0.3182219561120324
0.20101817083212592
0.4386768588136718
0.2624582699249711
0.17868404775167657
0.4914534527112392
0.5395426228992488
0.4759272614432988
0.5453505902173225
0.40352725955435464
0.46041932534846675
0.4475170392536275
0.466703726320963
0.419824409360422
0.5861013602498341
0.560220129460725
0.6064749819046751
0.4426405183916431
0.4484905344571334
0.47437769373589933
0.32897131881045416
0.391541246272358
0.5082722918482937
0.4435110915005942
0.566102253593229
0.4419455664446481
0.823916943063221
0.36366229394615635
0.7065974799127898
0.7410633515878066
0.48197700074404914
0.6609545001192816
0.6287007993229987
0.5147853891301386
0.5410584752611673
0.4849690988749056
0.5185547783392087
0.6271707672674921
0.4304787444092506
0.6297857165494487
0.453390206378968
0.7280508264944282
0.7882084994873655
0.4244629135728549
0.5281954724747124
0.9810673968410591
0.5023999695207209
0.34767534600094896
0.44947756887112855
0.523538026529967
0.5944466931945478
0.5121286370819602
0.7119997718564153
0.45398925803470647
0.6929368074935126
0.5177045788634019
0.3947210731862625
0.5991776660080179
0.5394901583511527
0.4293424319532374
0.4663533957877194
0.5183292524264211
0.6825643928942978
0.5967689085880779
0.7921601066343652
0.5375412605441937
0.6326141666709555
0.5549620373075057
0.6305138858466066
0.6793113289127338
0.7038782062421771
0.9910795584570434
0.49512265562826174
0.18098090544795387
0.6192237921955006
0.5977762456718767
0.6563361425909142
0.662970402518399
0.6773915608430552
0.596328344449102
0.57575201705597
0.5376685087978581
0.5153480341992535
0.5530991125900824
0.19440515560993743
0.5319233284326911
0.496399409090447
0.5883121515487565
0.3893030131117904
0.6952492159230028
0.5903628795276418
0.4681530634909543
0.6831539987357427
0.6839640810933122
0.5613975219990276
0.4875419792298902
0.6181154800810408
0.5564349635417527
0.5709861658205251
0.5271681945782966
0.6738384193199803
0.4766735107100959
0.7887582355819811
0.6308475480606182
0.3010602476095734
0.49622551475168275
0.33330532575943694
0.6882343039092973
0.43378044477757305
0.4325289064285833
0.6705492342228825
0.5335272123126151
0.7416657585205293
0.49076978355462064
0.5941583920884251
0.5611866331768062
0.5857936373145112
0.775027564649308
0.5060794652936459
0.5783274419184693
0.9895590411466011
0.4856715920982472
0.4475984815864894
0.4572914021169463
0.5367762984428409
0.6287996627317363
0.6676846889535488
0.5797523645321884
0.44127575587093437
0.5434679123998021
0.5693837356999095
0.6837206051260638
0.5298480376719643
0.45795094670560177
0.42754438781951754
0.8236574863275778
0.7661004990105653
0.4672173898323051
0.4794115035776303
0.49560067879796277
0.6396542012748415
0.9907522958151531
0.5120376121644014
0.4775129821067299
0.6410069449872693
0.5806144566283398
0.4234194370189859
0.6089253121042546
0.47630572555449047
0.40762996910276406
0.6089547442762762
0.7691735327589503
0.9237954443903306
0.48137288898733144
0.48457294878918744
0.6487599629979212
0.5041315343840767
0.5515780721710617
0.7608079355163982
0.6145913128418938
0.6577589581002083
0.5699435480946363
0.5512198714293238
0.6073228642001831
0.7201919953895726
0.5299437316644904
0.30356799682429025
0.621723942616173
0.7032179351184595
0.32007739122805423
0.6016075899481186
0.5912579197293004
0.9757405829847763
0.4521882852069975
0.4504015139459596
0.4767330662140825
0.6984507658457129
0.5532835447896312
0.6111790878877208
0.6202174041311778
0.18772060788032752
0.7175284562516117
0.3864145207580847
0.5240480189901244
0.6904128905923359
0.33863764792651196
0.44554091552626085
0.7959139484931312
0.4764025570182937
0.4208499628198352
0.6430732995915311
0.7803755551575127
0.4792284715045294
0.6085959515422659
0.41609968576863987
0.5933631961558441
0.6854354454433457
0.43872942396842374
0.5675443314285165
0.6756209154687024
0.6523812020148322
0.4869038703413704
0.5552110067798934
0.5079631875293027
0.7538695277321035
0.5567739126628151
0.61029829452068
0.6586461655185404
0.41010947472918624
0.46920215079535355
0.742469349832128
0.6904597998148136
0.45367054789363026
0.550166998182497
0.49382126372133905
0.3576879511414328
0.6038140136755766
0.5526567319488247
0.41322859166699366
0.9842684110288217
0.6029120905808973
0.5516458697395068
0.2093029402591282
0.4222726416526186
0.6815141755500302
0.7143298005617997
0.8046580437386491
0.8595123972303967
0.5503800574551092
0.7962367861499426
0.9743536396108224
0.5505334889533351
0.409975782803386
0.4905279295249114
0.6035600482484162
0.38427068021572863
0.7310220652555655
0.43472430990545163
0.4712774500526
0.8517224847022115
0.7706242725114565
0.5457392886190615
0.3150021022887408
0.5168380294432204
0.5117954308453585
0.6789384310786859
0.5895732141602641
0.5476560377103543
0.6131834106951952
0.630458833787721
0.5960458549445987
0.6294706587012981
0.6259425847567323
0.6198529601331495
0.6135621506520417
0.30396279537009474
0.30439611277682355
0.7131277444703896
0.5212656685691057
0.6503726172703701
0.5927172057619134
0.6751917148390754
0.8144012246935631
0.5350625581773056
0.4254085166977575
0.6196330028046544
0.7525229897863699
0.536001597706845
0.5622768629046949
0.44164075922859825
0.3870597675321862
0.5181980878230861
0.34777865171377265
0.36222655877066934
0.3790261883420507
0.41072346855210573
0.6615626919706803
0.8484173866222599
0.8986972913159235
0.7388845655292918
0.5308456686798066
0.5877134720846964
0.49717331019423416
0.5495781804424155
0.7513974601031579
0.6069251744252843
0.2721048553200761
0.5324242448751607
0.5866570102146397
0.6262455036300298
0.8397743761744293
0.48504383144881613
0.6274108713435685
0.5253014573781014
0.5245331238562405
0.6818728448084428
0.5094732801026757
0.6158445689326568
0.7195725276683319
0.5616556557543007
0.4221556616308184
0.2889434615884887
0.9899286549030137
0.503090100670921
0.6268069459673147
0.8910044715562748
0.488507471377048
0.4606323125665355
0.6276319035844058
0.5617659391960877
0.43649593780650897
0.6807419706474306
0.6887733137957751
0.5416725910907207
0.48509034662812467
0.6742620546004099
0.5819397195841173
0.5252838919594626
0.5614292196459898
0.6034203405781551
0.3950960439126624
0.40854938909442706
0.3199015297591059
0.6177201187099085
0.4426500795676591
0.7658061535166941
0.7197907819878164
0.5404841069933508
0.33576909101674735
0.43713472632822026
0.5383880015624041
0.5736647054973466
0.7178215290563517
0.715163454294071
0.4928757939593311
0.6215919801705992
0.996166491535677
0.4594547363900092
0.3301344297269091
0.48383293902719116
0.7992243535611605
0.4792991331136891
0.44462448181608083
0.5450208631186456
0.7382553056742389
0.4400153730276979
0.48473312243718636
0.5692630894355399
0.4795544803469054
0.506584582445654
0.5768188124672959
0.43011076101247636
0.4519265557824059
0.44683803926918086
0.4207558552980235
0.3634808271008769
0.6363520536178139
0.5315671422290938
0.6760813658551146
0.5998641593053915
0.8355715948089807
0.7020982805587092
0.601824882181573
0.5066249545708116
0.5297297902384167
0.9827364670245657
0.5526306962252817
0.6991635587213221
0.8977155703538624
0.6041713308550732
0.5135508148479405
0.6056281175232854
0.5181583017613793
0.5770110777471876
0.5111360192797836
0.5475646433704033
0.5972452075575579
0.6588645854117324
0.5433218978356976
0.659002880153122
0.4547334767378891
0.7100497939854029
0.5447394638471804
0.6637511873110323
0.49628864285784924
0.418255293109983
0.4940937686840392
0.6897788915770054
0.40666246689240204
0.47399858747047596
0.46378774043950577
0.4703783668751852
0.3271258875789307
0.6121321214836413
0.4671392242269856
0.572284122522939
0.5156889439905741
0.42637589481834315
0.36420833300077315
0.7365146964507523
0.4250201461590568
0.6387901874823965
0.5744849963887074
0.5401727957852924
0.5345113206439297
0.6009604526035236
0.5301530989697202
0.6095829944629073
0.5907019213874025
0.2492027721671488
0.5239076063013156
0.9835501575956986
0.4099472977158196
0.4246403317788219
0.5113658934046754
0.5317384232372155
0.5682382777322919
0.6336485708453707
0.39410647615069183
0.6503494225543259
0.6336459545748139
0.610074233807721
0.7096501985484738
0.5221054935875405
0.6644833308097524
0.24277996566342952
0.692399529553136
0.45782225237595653
0.46159042952469664
0.4551674383148071
0.7058732439991866
0.549411221854759
0.3113533367830905
0.5571607946057378
0.21585876954743533
0.385047732172358
0.328532720537977
0.37831327766093215
0.5224212932010109
0.5748335755261426
0.42551836744197424
0.39021136963174197
0.6414639402729262
0.6391593564660016
0.6979147159569394
0.5848482240522599
0.5091665867035424
0.5583691078635906
0.47825567472145725
0.41791026512606155
0.5480840330600256
0.6239476114251402
0.5953603575312573
0.6933932701406194
0.649744493043133
0.6537205722516308
0.5700950714538047
0.551098268167109
0.5404652201747328
0.3367542872153433
0.6819116598112579
0.5386371990606059
0.6687033295358743
0.5218632618608465
0.5864059013689404
0.40256029084639555
0.6056538333096748
0.6209622257799193
0.5517734659542795
0.4471222228879266
0.6336161946288139
0.39392392035609824
0.6778798166606036
0.6538849608607041
0.5212897875084918
0.39459702183008605
0.5383484756768353
0.40167623818519793
0.5139133754221881
0.971351768587121
0.5140093126483173
0.5362847854238874
0.9110650394086661
0.6057848654723075
0.5664244014198154
0.6324186594606966
0.6685221510511934
0.30611173656961466
0.41475997400456177
0.5107577445860727
0.3115799466799294
0.4983103302186346
0.44465705474622086
0.6067040998523852
0.7306683051970302
0.4432098102344929
0.6071745214212432
0.540729222058834
0.5025743138831946
0.6684498382334534
0.8290996375215129
0.6255189933819008
0.5121585985771087
0.4975752406639168
0.5254248271191301
0.49160999923736315
0.5235254320230662
0.6163602104190737
0.47480115616704
0.2918103959843621
0.5062155199346928
0.6623187894899802
0.8550297200914407
0.6838629196871121