0.522784502298109
0.45315029105206717
0.417936405597497
0.6358907215769517
0.42882802878780324
0.5074212528870526
0.5579770360021198
0.379720759226881
0.5138639719946319
0.3446479809867282
0.4674597187912959
0.573215668685645
0.4432672196972195
0.3642943745862761
0.47202396746529796
0.5432026336468807
0.4345024822024086
0.3958109548585227
0.34495663434213597
0.46323958676788
0.49225628981679903
0.6736942371493092
0.5191577754067994
0.413014324734416
0.5102948746824081
0.7276533555622086
0.5492392010471194
0.6122906267040834
0.5194920343679583
0.4498169312586733
0.9788157230839829
0.4188562781094767
0.5608817258713178
0.40738633826272985
0.5372635930836142
0.4979341612188255
0.4578739919345488
0.14128566629521477
0.44923949013950737
0.7187703777118828
0.7399807640872342
0.6436832459416475
0.5501186448936413
0.6939534575019755
0.6677219244476914
0.5968935364451096
0.4916598911637847
0.5497461356653478
0.5474123793466765
0.5520587720202094
0.4026685745965184
0.5197531892763168
0.384764860333076
0.4042997300077703
0.6356520786837114
0.42206404831625677
0.48089808402225853
0.30806134428820287
0.6025096925023286
0.3801385100714604
0.3586811082348911
0.7711107318380485
0.2344828996396493
0.40378278146892344
0.47070560856173327
0.5764303969365048
0.6156327331085367
0.5188894917676254
0.4211274330374405
0.6438171404644406
0.44814273261278337
0.5764860581592443
0.78686074979916
0.5806563950663309
0.5147909758310949
0.6463520246580601
0.36913771513063964
0.4978819367214198
0.4617218948345734
0.519513992520009
0.6708404969418034
0.5453414161574265
0.3535331527839166
0.6072105287214983
0.507734666842697
0.6997776754847731
0.9918707288474009
0.41626422068671576
0.4977829845236905
0.4058496821747034
0.40316596840976016
0.40537294749669484
0.46698587145681625
0.40760198347071486
0.40467957317212966
0.6927294529570435
0.9819771590209602
0.32990346753431665
0.5584218175296117
0.613354453274256
0.546129903025676
0.38249846597817816
0.5314635783549192
0.4019108057091271
0.5495747572499314
0.5644851046484531
0.347856129118179
0.5622918126053669
0.6306370244044354
0.3763647126468981
0.40566218474206295
0.40566218474206295
0.3659246714740967
0.544657671179292
0.5325674360773409
0.6439322311738456
0.6789660129490661
0.6570128526787116
0.6570128526787116
0.48129863230911263
0.3390592491134541
0.5454948170548851
0.43936461925561565
0.46562533552413177
0.4406583492819016
0.6160835566658065
0.2740970718693927
0.5552599014516365
0.4459089568945176
0.3186738461943175
0.4999580434125327
0.5082928127902515
0.6265134688367381
0.45222972427054675
0.45417320287796414
0.3629227924415599
0.5759070941597019
0.4048413742950866
0.4240526002583981
0.633535927297443
0.6192025660942553
0.5447162510351775
0.3796748086654448
0.6928725770899502
0.5285251489849464
0.4693735365638647
0.6379031645830049
0.35357728355489326
0.5892966134888471
0.39886259261603574
0.42132354539954586
0.6339726896836493
0.5019662050644123
0.7252396743088143
0.5138605213368841
0.48746200136363793
0.46312365622503415
0.372854309722608
0.5270314625058354
0.43462417295190936
0.7058631418732367
0.39849507038828713
0.43197426502966774
0.32358130705327315
0.3975278778258353
0.4832723728861088
0.45401786919221687
0.39845276602246227
0.5129908529831657
0.6084852877913249
0.5026722514148969
0.3973487903578312
0.5662015081336833
0.49533863449729365
0.5916508282820483
0.3549292047110152
0.2925592363991516
0.41563004250289615
0.4278175310318548
0.36347652544952136
0.44361639653634155
0.4699233877753284
0.5865583862743617
0.5406383210120296
0.5487715997244162
0.3826273911573126
0.30406232619245044
0.5965814387270321
0.9821007624871809
0.5733621094160624
0.3256433734242934
0.30793034842020073
0.40145481856632037
0.42178160107800966
0.7074885411261643
0.5339943841104223
0.4374340882908372
0.5685118335277403
0.5726111277241871
0.2953689656398981
0.5077342686530897
0.27137943147178634
0.5175491242878969
0.6089346977496299
0.4582707606620102
0.4513517459481057
0.9939113000474761
0.41657329342169025
0.5425821990415022
0.40571115278312786
0.596912441302975
0.9852307223731496
0.442011373932231
0.45146786331798183
0.7241080152388826
0.4736887054402734
0.5971840419006109
0.8705196551168102
0.3574130890226772
0.33534266174606864
0.548745284160447
0.3819276108078633
0.5637524671401887
0.4648437170334794
0.25864200351442435
0.37988854686081097
0.4955945661949269
0.33725283528472105
0.4326735874830925
0.7129475044315511
0.3184942934161158
0.39200752255611127
0.5302515931726235
0.3416539602081017
0.3328589205262752
0.6354099310778623
0.37297037373829145
0.4413091617109519
0.5971581355925897
0.5791010595209833
0.36662066007199456
0.5232025383019439
0.5090574545302458
0.7105000605125628
0.9878007578855132
0.9878007578855132
0.3426608927704021
0.5353078654751293
0.5351238100686331
0.46833751991079775
0.5141542290726936
0.2615034390289447
0.6574618456963742
0.5423842693548697
0.27388261631102173
0.49078604810981563
0.8402026914031837
0.4206398026448108
0.4164963440879972
0.3678946122162281
0.48314349033968373
0.5298670674274129
0.45702143679973173
0.5477727262106677
0.4052229066867159
0.9820911920131071
0.37740474530516943
0.2721579834088895
0.3544231564565423
0.27053636492336286
0.392340429073303
0.7582087179266321
0.5185795373395219
0.27840394952614733
0.4778699893421007
0.6096591864893393
0.26677834895363617
0.9833104429169714
0.45019071473346295
0.42441017255732505
0.44083205158447814
0.6936686682586044
0.3962635657234419
0.5997469657167935
0.560199726858639
0.7475360957012827
0.4332054819436101
0.43217495054075705
0.2571070742370314
0.6278755690614184
0.520334431730805
0.26096956621371037
0.7294551424736968
0.3050036721222853
0.4490346517070902
0.5300060779078816
0.5430631784344839
0.48650599603554145
0.5917246883628624
0.4086319499051587
0.4991141990444645
0.21379232930936176
0.5062021531440742
0.7886490144811527
0.5022447700522179
0.5284948778513046
0.37498438093899455
0.7446842030028675
0.5242492148267834
0.4403709166601413
0.6591099855959387
0.2721629534810488
0.4868588871009507
0.5067587062452521
0.6453300705813634
0.3435892365078216
0.5015101830575337
0.4138383938567931
0.5375586054373238
0.4206507094848225
0.5207356025356413
0.5344280823583648
0.5003936825523982
0.4399754076047404
0.46177273807893227
0.41449758491148037
0.3828069125682516
0.3769372830947657
0.6699254109440073
0.4169058731676317
0.4721132584848218
0.46668315279154415
0.6491661795232406
0.5170180131558754
0.564845599816815
0.7745596093900996
0.43875268529099165
0.6158398915085929
0.4558065908129766
0.4822413617870295
0.4266714644211935
0.4398647050419693
0.4517136759817666
0.4217701462473791
0.48623490875093534
0.3497601234454437
0.3368839585196075
0.6085926673904161
0.510602542502573
0.43469033270178514
0.45467761444483423
0.38219616662266764
0.7511059564527461
0.6764379342247245
0.535185517497011
0.4342939913032424
0.33621150081298956
0.47571116649253764
0.4834470771875854
0.48284279863590474
0.3460425832756946
0.2663983217698256
0.672064374245966
0.7823945344125558
0.5365573766079779
0.6051383713693517
0.4536668927474312
0.4880491678328176
0.20968731467942203
0.7200285013929372
0.5018983033666677
0.4716426423640674
0.3614235619919779
0.810575603187561
0.9604634330058048
0.4576590534870355
0.4071798265571476
0.48733941726810914
0.5228492973281169
0.4803704629376365
0.8132066627988556
0.34754448947565564
0.4799609304253756
0.39679565938652506
0.525257170452545
0.34127436285296353
0.37816334372663696
0.6501174247506077
0.5727554497148845
0.22141059058248325
0.5049940582424354
0.686358354124343
0.49647127791356327
0.6315115104535645
0.45836244502200174
0.4693318930609087
0.4724335945164606
0.5130709784058511
0.4708729787180448
0.5156425866755014
0.5690920920894723
0.4705779326673849
0.6467577235703432
0.553057858324542
0.5049051347072273
0.5958193761839541
0.6852665149798204
0.6015804379937418
0.47663039301658494
0.4865817878785701
0.7921617661016029
0.48854874456295727
0.6069424602170704
0.3706069135812209
0.37311983762244794
0.30169706577230004
0.2608082847642226
0.5873900724401476
0.5739695098726818
0.290778829278876
0.7635063950308387
0.47041681974166305
0.45545295991420376
0.5976649613941709
0.5220582808358243
0.5102607729163071
0.16841022239533365
0.5823640344819254
0.5749807531535034
0.4534004030695892
0.3926593357670366
0.44284635793448035
0.5260987652462985
0.4612379461838282
0.5753092800477707
0.41919875694640407
0.21668971968618922
0.530851394010468
0.6598477162353288
0.4276072659877014
0.43857927501021865
0.45051260676361693
0.5488148762456743
0.5954932935342265
0.5143729596950812
0.5455630934569248
0.4249264102950433
0.41314176570026484
0.8770012404930112
0.5052109457909306
0.44698276040096385
0.45496411164598693
0.3674500057446769
0.5867035245837784
0.5234574344231535
0.4030761892380662
0.5720449494763546
0.4032178350365372
0.3889484996183099
0.24533213083681815
0.5025509852188221
0.387753014204436
0.3498668817303725
0.33567979616753996
0.598102709138774
0.6226436243348845
0.4243375666379905
0.542560140952045
0.4815575512508449
0.31731791347116856
0.5300647135536406
0.626469518580691
0.26850157435750066
0.28605365984556796
0.3873880724401271
0.44122839905072264
0.6329441530972995
0.17229627068807463
0.42348009004539255
0.2990553464327206
0.4678565782683486
0.6182857193096258
0.38337099353562
0.42396997439214235
0.22161324974828345
0.3547367528438994
0.46022735855216435
0.6188163928511269
0.5364507488290374
0.38116047059003955
0.2568610229309165
0.35680418380596923
0.3061106359122103
0.3671282310649626
0.6148420935097524
0.46597079919404294
0.4990315955267509
0.48833743083733383
0.39004774061158565
0.5090912923250127
0.43244586102107196
0.26159880625359344
0.6342430289400872
0.3533941682617642
0.5993435594093415
0.5147011825294547
0.510154332931972
0.2737334300128237
0.5857644817379173
0.6605691199233715
0.5028219836910024
0.22495733383312955
0.6235578852514168
0.28446405692100596
0.8354355912339273
0.44138088471740367
0.581127706382939
0.5967140671532759
0.47193133928995223
0.46258100522050516
0.3101091671927739
0.4606140891901873
0.345701195757004
0.33445116503760874
0.9629879219422539
0.4664189787658761
0.5340540805396198
0.8032760426233746
0.36204853790347524
0.41900024864053953
0.42628900475073395
0.8216163254301095
0.3181037581400148
0.118927020922036
0.0736675429361835
0.27810794585256704
0.5047923225172201
0.5510869227443265
0.6063247390997463
0.2158086796302512
0.611484761149107
0.4848007109654163
0.6167058634395225
0.48820323529488674
0.3896473667905376
0.4160879654317795
0.2889135975545445
0.4115168094004492
0.3115551795658832
0.44912417002387484
0.18531691450166388
0.478904952803886
0.8008526116810926
0.3901804812760914
0.32211263924517186
0.3739364403975781
0.5625234537883496
0.6397431321038183
0.5495009045965309
0.6563275695029523
0.2780136255029604
0.5173050674358944
0.5019234369648322
0.5196640749673322
0.5357720082404158
0.4437021276210191
0.3298128892915948
0.3028471786122804
0.33099583763826534
0.42021018917466524
0.5921407651324725
0.40267134078129097
0.44722723299522404
0.2857312961555527
0.28726284286681025
0.6037415309244898
0.26119859950383995
0.33261461338184384
0.3265502088025285
0.6443634487942482
0.37921893047324406
0.4639843136683064
0.4094264605966257
0.30513225288337686
0.351924563811415
0.6107531216517492
0.33082995434287255
0.30621592579788404
0.548685836307603
0.5405212090034378
0.5428991702896577
0.18406304804944584
0.9830107862085231
0.039075114769787755
0.42185150071973343
0.18813511200525845
0.2578368430199566
0.4496985229665338
0.46430170446207664
0.40686844621325124
0.3816274350472286
0.38320859312903666
0.5801923552897716
0.40043153352114047
0.5287689979958833
0.3999980809791386
0.4612101010272649
0.30640699957192585
0.6590180749157185
0.5978692143811257
0.4114036499520263
0.2067343577151164
0.5358675086607164
0.4130700085240726
0.5577495250790971
0.4912784290385155
0.18281969178727997
0.9786404994148711
0.16491719776167657
0.4637562931659158
0.4236842770149485
0.2857916809825285
0.5027409453142404
0.280149219284626
0.28106889366131105
0.3839720159787754
0.28050191077881137
0.30900189022446134
0.2896402331578918
0.6860674313390586
0.5211815121832498
0.7306709486541625
0.5464897169052432
0.4384477986553663
0.4309418503154476
0.32621169566834474
0.35217978482837087
0.5246469440911876
0.25973874002173436
0.29603144191866715
0.23282169113660434
0.1988665284867731
0.9902406003123637
0.4847886190223676
0.36831306807685205
0.3682900412708666
0.5450986529874073
0.41273891229249426
0.7080233554340302
0.3249969300882466
0.5630637694260556
0.5780289090005267
0.4240952665291833
0.4630479738601737
0.577104902734138
0.5649499986646004
0.5032076305271815
0.37139204284119076
0.39248261693314546
0.9890910319449642
0.4197889496076408
0.2985550766903935
0.5989106692872331
0.37797541841506743
0.6330748474992802
0.1772957675531579
0.3825989132797796
0.37397359204743275
0.487418371627685
0.5387674453140398
0.26210727646633614
0.24307589740865776
0.20097584201427865
0.2702129199407034
0.33247448672310076
0.5494163393038388
0.4255136208666188
0.5718322501785029
0.4509096364167866
0.6526463895847835
0.9967240194341637
0.5254120015917287
0.5236063393865891
0.2874744247048012
0.3295405775317801
0.3733688457605058
0.44386839291036495
0.48985250887135856
0.5478749542314159
0.5825086545159266
0.7829188834117775
0.824150028820787
0.18599581052305258
0.3871593299382423
0.5499086405778443
0.34900884589087566
0.347655050013262
0.485393610972653
0.4021829312307028
0.3872281540509014
0.6887180466189542
0.7349958919863895
0.8475231265337296
0.4273360784194872
0.45093171246182295
0.35427048492860824
0.3672447727238334
0.3111712139821903
0.5166132308727993
0.43447783791022576
0.5629632234576942
0.42455436134761193
0.25203796948857704
0.5545010513372832
0.5427138867295069
0.4373794377809396
0.4857049346770739
0.18181461033223634
0.488327353445261
0.5969176060643635
0.7256551637461013
0.5103881120899199
0.3287080424135842
0.4192793934923241
0.45418874185345437
0.9672514488727061
0.42947181622011055
0.6010680411884672
0.575272319954458
0.442930770056168
0.40102517882767486
0.49730046210212964
0.5272421444863215
0.5578604630381897
0.5654258881626755
0.6054830909153848
0.4364290455113048
0.4832241268764599
0.21796259814348495
0.2463296488474469
0.991933598367399
0.4577620090160952
0.37849241316555104
0.39660800144541297
0.44490107307249604
0.38343799657720157
0.4213456028648941
0.41419767779933947
0.13446378345902188
0.4088201425224727
0.34070702885975934
0.35508199174978994
0.49599156587494264
0.35935129620985684
0.10853463276221675
0.23259741090916197
0.22439187701105157
0.3379859739013985
0.5253523270725384
0.27862746566609264
0.5827489583124027
0.5827489583124027
0.5584763213487539
0.6445454250667331
0.2515241103559276
0.17686560206191626
0.6441924864637038
0.3073402899228017
0.41344781724690516
0.6188826171561772
0.20722293193051566
0.4775068308109127
0.366985477790978
0.34128962819207076
0.3520628890064026
0.3881304615907468
0.33264071237739024
0.6414782676850078
0.5504279218280291
0.2212789428946459
0.99951171875
0.2793923246053094
0.5896570598449986
0.2652179054950239
0.467007595370483
0.5304111862272738
0.451189607879407
0.42527115336640575
0.3362459472613454
0.14302764334750195
0.44438178529010686
0.47532077443891807
0.4000072512386801
0.26359039257295125
0.5503972047880896
0.28591278888230043
0.46724336396157806
0.9911661950171542
0.12033155273050933
0.5038258543076128
0.5151221334234448
0.3435486633190492
0.333363892642792
0.580862685377814
0.3383211784067499
0.423161770097064
0.3831638709867342
0.25936029483085443
0.25772516906288345
0.5505134783115843
0.3642300306351597
0.28220912976326784
0.5767603407118589
0.3501839537777882
0.5281944540702134
0.42289551659285096
0.32406105282275377
0.16183474622216953
0.31669973951959673
0.648750726486536
0.5812097803022997
0.9925548357977196
0.8624100016816358
0.32086296221575006
0.20524718645086149
0.28543101382673763
0.2050546473163597
0.4234169748923542
0.11334452791900185
0.44282575578092476
0.3821860100298955
0.4812333024462627
0.30016343958478997
0.3893898563778372
0.5974970753346163
0.3315869363466937
0.33137277528512066
0.5162216570522384
0.47955823506995987
0.5011110190786383
0.7512593057420851
0.29809563609628176
0.4104714730735146
0.37273618774515116
0.35267115932448
0.2328748070057567
0.2359070058063455
0.5094116988421699
0.546157743002749
0.6602793914677025
0.4588306642614417
0.5065746023222333
0.34908576124012014
0.3574720716656101
0.4353297705271051
0.4912622804207081
0.3429384596605449
0.38551791316375594
0.6353538006429703
0.3937978607134338
0.3622482554441705
0.39870150579063324
0.5023441837998457
0.4871517014670719
0.3120953778867679
0.4875430899188341
0.46997243788568266
0.41127340982299776
0.4814465513643531
0.44176592028644535
0.852604394471725
0.4867910125024649
0.27052905626072543
0.45945026595098315
0.5364328351479021
0.4653408981258673
0.3768118711889964
0.6970821774195357
0.3196619044688441
0.383991083668056
0.5495111535227892
0.39403334658528544
0.4968069568802911
0.519789638604451
0.37821336000061634
0.6936655665828796
0.45006096216928937
0.47332559616164405
0.49309031845282436
0.5955117150055984
0.4575627418722439
0.24417934587312617
0.5120126581547713
0.43985015455950127
0.6493234329631263
0.6299790432036925
0.4345914830092181
0.46275283053802296
0.5632405071136984
0.3540293175934909
0.5013319740420561
0.4111839511357086
0.2969648473853246
0.39695262170541756
0.5536274577854334
0.4679255413249914
0.5016578984696889
0.41916429031959745
0.4287608517200552
0.36408179144956443
0.43130489227960545
0.5137563277817055
0.5949720960276157
0.29418926451388583
0.27337321939101655
0.263322576723938
0.24668297776414672
0.2521832045869953
0.7257358423653146
0.3035612372886717
0.3234359108694961
0.5346633553356992
0.42916820806826084
0.2711888023759854
0.40516272044672563
0.3800097818926659
0.4505787551591024
0.5697238535725719
0.34280752895472444
0.30303359335485236
0.48806474850096326
0.9836611712503174
0.4114054974887561
0.3898135688432154
0.45971457287841955
0.3919283044145101
0.46807046280802034
0.5248181167299105
0.45831789872668016
0.5620215624137146
0.3938099093648073
0.2884596120796301
0.3301716484929482
0.5083726329846545
0.4417608682984524
0.39025136557398543
0.21051768679425087
0.792996075556319
0.4609226626217484
0.4372572410657518
0.4557350816537391
0.5496665676529365
0.22697622440189513
0.4481765632983735
0.4903654718685755
0.5184760918363984
0.555263832060179
0.5361842008056577
0.6110165277720343
0.41366731987541805
0.2883418177168442
0.77455077733231
0.524124597036562
0.4029702146107903
0.3738602875253423
0.2716607228736332
0.32322301675106513
0.5508530241184413
0.5853780221980494
0.36664387817145216
0.3787081984527705
0.47966430143804395
0.31486828097114405
0.2984969285165252
0.18795369610564738
0.43184577287669135
0.5355431522398888
0.5740318561730245
0.4125708129988779
0.5127514160647857
0.3815233675966734
0.43760507983301256
0.5536613337320468
0.36583152294874854
0.3700002673145195
0.4913077537178383
0.4101257084257923
0.40979746968051645
0.2554219201764405
0.3347577472504527
0.3167212420205021
0.5449447140477269
0.47631222459541767
0.592330621906564
0.3537178919705082
0.20955893055226904
0.5296490381037835
0.42533956171378273
0.32411579494457066
0.40369830541602414
0.5864975119418354
0.211814098041611
0.39073450491157724
0.6149948592509566
0.4605018040076133
0.7146809021668955
0.14152298045805034
0.4309536052296694
0.6184330091510151
0.6328304996463324
0.3074601585385438
0.5964719804350531
0.11121565173113757
0.3881161799561097
0.5260619582621738
0.4364181446813873
0.27877855244747163
0.29723866676222455
0.39594202121119504
0.4755544391046521
0.40744003108299387
0.48967072010666923
0.5488464050851707
0.3651438197884451
0.3969952601165867
0.4257233489343768
0.3200841383158246
0.16293075105354005
0.4551607738948993
0.7377064135646676
0.526094845334893
0.25631630912170067
0.45527241559368603
0.32534904624776284
0.6399650105994557
0.4161279968172138
0.3840139776901368
0.46243971914138715
0.4688354073359331
0.5784363738463241
0.5701937810676396
0.4115369756777256
0.4428401671212727
0.29887388233178225
0.4668277680388673
0.36200466360587846
0.3455935239113118
0.3354392096079859
0.6088914184542082
0.47522034165701066
0.37507181241149623
0.49225702410054206
0.42376427629095736
0.6118887972276525
0.2603488756364758
0.49000687329857406
0.5904541541146883
0.46529573040642536
0.5206188788301525
0.3129516495805488
0.23193540059761242
0.47175380572361136
0.34013691109801913
0.5280407182176052
0.5797140652012999
0.5247484812578527
0.3794188269315837
0.586268700963072
0.528015075780415
0.5237875923199293
0.3841373541543289
0.7265272593121783
0.38763586583866905
0.46275283053802296
0.46207310171444127
0.2943109279169889
0.1778410730605573
0.7182470501407865
0.653012349015976
0.2067472688263282
0.5992365572178293
0.5627932878353439
0.2953536204807884
0.4609545084328016
0.5240244435428328
0.24065035930447154
0.4153377246647071
0.5186508111496007
0.35254632016843157
0.4704948517296348
0.39828593492511166
0.22147529715871728
0.15336683833068154
0.5703293996082146
0.9918254829927651
0.24719760880157637
0.31796651300683476
0.5010738613181502
0.21445551092947412
0.5296650945636976
0.5291928957935914
0.48469702614596577
0.5869840375944659
0.3998107464801839
-0.024544827632224875
0.32650974291639034
0.9822667456115862
0.2522584240191199
0.6910089277447031
0.5574579458209719
0.3139260800687389
0.5125009910928453
0.35211570079171906
0.7258767768066436
0.43031965309930564
0.3098677870920168
0.21542821273682122
0.2500405503651151
0.5455533577742179
0.5598871980606742
0.2980966600764714
0.48644668842732797
0.7255675956265082
0.1724901440104758
0.3837979690119373
0.2798604914949179
0.6564066900758448
0.008229854456345498
0.5021634377223213
0.3545590115639419
0.363111441038672
0.47351956350207114
0.40872347411449905
0.34183278047059196
0.4634707534223156
0.3841564929591199
0.18376163629849385
0.42151823117717746
0.25191468350452695
0.39400835444803917
0.38415792993708686
0.3563055202735613
0.48956170205837557
0.3468141348181345
0.33444056917703735
0.3095560391357921
0.36045408744402385
0.5249403113858584
0.18893062512038883
0.6488079417999144
0.409042427005728
0.30104942359102493
0.3707237573053179
0.5267703372032158
0.4291840304424005
0.42657957152986326
0.42126809873272664
0.2976734222308234
0.6336209568330304
0.5531753665265471
0.3732308483267377
0.1835959493640016
0.1587281950578998
0.29173702522511813
0.39619371034172346
0.3705079872811665
0.32791988114536497
0.4328969798413267
0.27367212354206627
0.4348863024693749
0.2758073141682055
0.5182604212783364
0.47223738761903655
0.31482751186401403
0.3244085637081584
0.3359144262152791
0.3135214534109261
0.5282080913365287
0.45584141504396725
0.6049820064868231
0.2945415282018857
0.31373542532234444
0.3196038342471095
0.6175187627210599
0.46142726797780476
0.4279977760613827
0.4881845281118945
0.3537959244687794
0.34285818881325536
0.23490085481050937
0.3193310001373195
0.5509640906794824
0.4426667608378674
0.4399300158725381
0.49867528252571125
0.5260579430102293
0.6961967101740798
0.31801943953010503
0.39719022536178616
0.3701576463553251
0.4506563473869617
0.464965402598132
0.2977165350278709
0.43773279328856773
0.37277561788745417
0.6294701369359648
0.4678828352532881
0.3885407989186821
0.8515554947646448
0.43103383971510134
0.2703937664002126
0.36375788353315586
0.37691883532773607
0.3042582269249432
0.3215207734360498
0.40700041302490997
0.346977973207762
0.42655733679962193
0.22571962624476383
0.39191562902084487
0.411594122608018
0.5466785176855294
0.42054704184397285
0.3730875554371782
0.27593254890240515
0.5617422140904649
0.5969149459813174
0.5058590848006899
0.709435758556394
0.5521158932273754
0.4479666235035882
0.36007087979210084
0.24714562879501756
0.40441206931851337
0.5442994066784885
0.4461460901688852
0.48677060653543214
0.5683067851095076
0.5014831179544373
0.3562889902462254
0.5503826204782964
0.3375578993751944
0.39451955587405596
0.5270604287431465
0.06789016049929664
0.3147571939327689
0.560588644635901
0.3719679282597126
0.535910593295956
0.48263095861027705
0.2493897844833428
0.5246715241132899
0.13394725658396978
0.08187823846301134
0.6310108577883754
0.334251180815341
0.15489689788680305
0.495323508449691
0.42322734005890905
0.3325013422865539
0.3221776981459695
0.37412465195378974
0.5306703790320361
0.3698356889677932
0.4051599541327586
0.28401310985462924
0.5160027695565658
0.36265887797250973
0.37010314669979005
0.4252498223165324
0.5002071912160209
0.2593443475680721
0.3784771837042511
0.3511513536628976
0.46739749917048057
0.4349565023746482
0.27392303647830263
0.34818455881324595
0.3216527441985747
0.37964555285689416
0.2745705463215449
0.27031860835971
0.46246508581830703
0.4537747866771875
0.30411786149637066
0.3928548250322662
0.3003260954893513
0.5298839650805474
0.4507171741619963
0.26839875382463707
0.46601640186033866
0.3780374820697211
0.604615158493402
0.25708435155692233
0.24322574032584354
0.4630516339194466
0.4897861596633535
0.42375971941127655
0.37048144599899224
0.2517884315510368
0.5106379432911435
0.3766304287584499
0.1900059397711633
0.36240832860533134
0.5189473349285261
0.3234541629762191
0.16117059110051568
0.6257765891308318
0.5674326119860493
0.3874236956782031
0.5185540664422037
0.5277480044795408
0.5510550643142031
0.6139155751058077
0.3758330332453925
0.9997627109405579
0.401043610970208
0.3540041765308548
0.38354823621599543
0.6315264201899473
0.4788249986626977
0.4574149923894393
0.4712406004551568
0.5091742387165552
0.2998834067745815
0.3676025096773985
0.407122321514211
0.3680127009940326
0.3942897327234013
0.4187446181810017
0.503174727553288
0.37085320645679
0.44249671684587777
0.3485430999963861
0.2052203142643947
0.3007386205585493
0.3235184646753029
0.26497373881655994
0.4686619842101969
0.38112778376385015
0.20290891292876134
0.3584710880047782
0.4858377876952822
0.17169590139226165
0.5168411772724113
0.27794086155931375
0.43245306215524726
0.5550453208455071
0.40869055923486797
0.5021429406432583
0.3297464789678266
0.48677092125025667
0.6035240010007051
0.2963062691237852
0.588359702481811
0.1407417626232932
0.524604170119336
0.3188436157549813
0.7498787818757726
0.31109940202495046
0.33525554391920664
0.35160301176447617
0.21481521837008
0.1903012614138635
0.42629421848635274
0.2842164892825293
0.6825678179701012
0.27282945994522123
0.3415670984946231
0.31280709832137354
0.6780735406218033
0.5346467594661097
0.7611523685294358
0.4293514435796151
0.2866458882697047
0.44156956148377935
0.4548475116088835
0.33395395368453284
0.37523305298417575
0.341626277836393
0.4671868649166715
0.553376424327759
0.2750360159336014
0.3404201140864134
0.2454789769982153
0.4744073353711371
0.41037439997384406
0.3719083413735307
0.4160345391551519
0.4932080745255547
0.47497373647271335
0.19258964285436808
0.2630259447838488
0.23982883702304736
0.22995401693605777
0.2763213841384108
0.5527300862861751
0.3383926550134382
0.49044878876430775
0.321657581193709
0.3980909126191883
0.5706196930902582
0.22173165848035992
0.4084523751101037
0.6684172091150111
0.3358748298639337
0.35968147571458786
0.1638173431237041
0.20896418545134954
0.31634223001756867
0.36687779021412803
0.3822849985843255
0.558385096458414
0.42264774751890677
0.33862458949985197
0.5328253302981341
0.04561543560168013
0.4607642493488011
0.46323603378897316
0.3683269022584835
0.3114359186757002
0.2198509069265968
0.3293170802611156
0.35128129754808934
0.48035754449726376
0.3826419076727734
0.2857805087131001
0.12493647177348255
0.5183740555637466
0.3410447733115157
0.30086913363394197
0.37409152863469175
0.7602708093044785
0.4511373338019532
0.3658816715322928
0.5517635086555759
0.27415963268296384
0.46646168337908367
0.6752507201852214
0.4264781097341668
0.5684383997567957
0.2801222071159203
0.22648350072261203
0.39920436727980224
0.15339712723504595
0.34118646003429065
0.2533568315553649
0.3339245316036872
0.3771277219805036
0.3254691498291602
0.4014436799882741
0.5193714058910508
0.6415403445268323
0.16562861175330545
0.4453048770438204
0.3250846135127837
0.5419252063512761
0.5340569650338869
0.3636075093995472
0.27908574431685196
0.5959293187778608
0.3441116222161301
0.24215167605880128
0.718380311073624
0.5468081417486168
0.4285450935976247
0.49460406804157175
0.48861668454492035
0.3432123280112933
0.3563507413539908
0.39703825667013637
0.3147869365934606
0.14329495635649403
0.5141606388439515
0.3414542597228225
0.48201588799578254
0.30650897423967893
0.3450607497989173
0.2969130179067109
0.35220509446072223
0.5169134626418094
0.2841715899158517
0.31948151787116097
0.4365211969978935
0.4487999058831127
0.4612935697567786
0.4091883539917609
0.42117029588450927
0.5077421229020769
0.23456158573488683
0.7226377077919276
0.42630580575424915
0.22438471198805143
0.5537752549295516
0.21557143645012788
0.23588700912529603
0.3802628782101962
0.38249994408277876
0.31844325397792617
0.42868445790401655
0.5224585023784913
0.48412914800944196
0.32754821904405906
0.3304622260631822
0.44725963266327895
0.5908890327775678
0.41009177782057415
0.3901956886964817
0.5237512820166963
0.4265393289302363
0.32761402883115365
0.46344399654494195
0.7745446389640704
0.26685190084900423
0.29414781621551134
0.2666469390256666
0.3599234987722487
0.22581312816650767
0.4750538277880132
0.2645391478238075
0.33564014837463274
0.24541290267992233
0.4266084641834722
0.4290786547285441
0.4052265665464382
0.3691971243685732
0.4176881698477244
0.27025214371100426
0.31610757579087245
0.38889950078475866
0.24765575497536174
0.3127961463523483
0.4298705915830392
0.30485080933296393
0.5910994097973205
0.7020922676754988
0.26016565184287943
0.2795193515065224
0.47984215017353093
0.4111070142005724
0.3838634793292217
0.2844333165889661
0.42282601431772915
0.26154632308942705
0.5761987232330625
0.3030901870282732
0.3762522129315672
0.3836092304980814
0.7611375874191172
0.46934237850958693
0.35476969221482424
0.4692918054691084
0.47373025366379373
0.36972444605422017
0.3894312662721229
0.5417933097814348
0.3807744754736795
0.340800069888471
0.22254854411660063
0.2799018567399998
0.4643990464456874
0.3963259918426695
0.23962091075928393
0.4932201719541507
0.2828981857758568
0.26149268863337083
0.26612989713004476
0.2886236872808493
0.4572612489878298
0.5313650396462402
0.546114841288921
0.33572408222153527
0.30419523053021535
0.4459984436057014
0.3110948150102988
0.4546439431215441
0.2859315417361733
0.3180984488743033
0.5013674368077421
0.6379869289232132
0.480627293569738
0.49875800163821105
0.34335101917859423
0.456327011624341
0.4115711278940575
0.5402615096221919
0.4191269342860361
0.4590368916679237
0.22854815234331038
0.4939009394528894
0.5157262559689131
0.03329411735818377
0.16461588995911325
0.43332786520891586
0.3026036435102947
0.3496569689416603
0.08322267350569412
0.5619050137782047
0.4253609267295283
0.42296331787704655
0.3658949417898487
0.3655123596903971
0.31860303764936604
0.34843867547803176
0.5238703692317013
0.368989881253192
0.2908662685610899
0.3293887972858591
0.3713910308752125
0.3659407749778636
0.455134681557008
0.34803534898376254
0.3522283120236078
0.43620341050071887
0.3550025127928501
0.369345742265228
0.40024259381617644
0.6792253565510881
0.4494506048717968
0.2493354050519898
0.2674668561346045
0.27941833879054356
0.4303056620630593
0.45853914611052293
0.30554307441982576
0.35087141217864126
0.8088439215846743
0.39335391668149045
0.5461194048576474
0.3594021787752666
0.3801787551170499
0.2778957055795388
0.5422172318165301
0.43991413354958286
0.4558700375043513
0.43754974108988165
0.2559977371101755
0.24773318320873883
0.40990414403340336
0.4509334822775648
0.5948696125081661
0.3163749005766352
0.40995650168926234
0.3564245779980615
0.30110222129727193
0.35506567261809563
0.17522279169462984
0.48103929637224074
0.23590570313405534
0.24480618141293808
0.3909492800114285
0.37919995311131705
0.38224309181618366
0.4695777343711025
0.4229085755332602
0.4857780162706332
0.452393399825483
0.538048958025789
0.4239522215965953
0.3246191210901159
0.4670075945407697
0.34789207569432823
0.27356410666583053
0.4358235149492258
0.39469727814786504
0.23698629207211863
0.20464606686498676
0.41363362211746335
0.3126920605664296
0.36725127182802464
0.3139611807948992
0.4188932303569257
0.4813488392440286
0.3469406169233319
0.4551055699008093
0.7447074398471796
0.4613086689278909
0.7072092338168929
0.14397305952483064
0.2811453106371139
0.5542532764870963
0.5985789631496781
0.31066871446266353
0.46680079393759843
0.3583795766401505
0.33913478525747753
0.18870119294450682
0.34933295301216616
0.3073242131154206
0.5058816063331228
0.48769521922954184
0.44714212886415383
0.6266498746553324
0.4396705460520326
0.4740025328510946
0.7017632381831265
0.34168852424643414
0.34088523127688286
0.4957380732934862
0.39711901170993136
0.4255674744808623
0.5489391489857272
0.4700927059694405
0.38402311130989153
0.416702055694292
0.13849022616100926
0.6479299567664295
0.1545105591561008
0.11689161867014053
0.33461081177482266
0.5133556090484117
0.5661056134662286
0.6821695489619184
0.5009068015716112
0.3466835420819574
0.43989509158381335
0.40979599600578953
0.5616039234332463
0.5623682658116849
0.46239575842017466
0.42897266055591543
0.2529430155768946
0.2754849272921531
0.6384379295706677
0.6154695547085335
0.828480720845095
0.4896271967199647
0.3881487775834862
0.4754112894807778
0.438630245472757
0.36701915861815637
0.6301004808105567
0.34949823431422333
0.4624543565500875
0.5480704597406245
0.32355111086064303
0.5174812422177063
0.41388705481079824
0.41370751240864867
0.3319265921576191
0.38814737501155006
0.5258792740362261
0.5015097508628878
0.6268101034287182
0.6299407530566713
0.4553499042479039
0.43153444453661916
0.9818480407831879
0.5338607579324888
0.22896248399532748
0.28744215383891414
0.5434073464127603
0.308305347378224
0.36403993950189983
0.5423190121205368
0.36575464049614004
0.6150502726260628
0.7223019838680578
0.7223019838680578
0.5742019487012453
0.5701301485510284
0.32967570373077104
0.7252131467732466
0.629473976200811
0.4500324611334461
0.5366044610503136
0.7722802841943366
0.5024307253416581
0.5215465739626087
0.6277602969142863
0.46013559765967305
0.46287100256416713
0.3282084707358084
0.6767789154051479
0.7932134520933678
0.3357769571522544
0.32092894096248914
0.5661805034674875
0.3071267424275632
0.37675443236098427
0.18378447353243743
0.45465024931546827
0.43677002430838574
0.47794143095282027
0.5860739442075651
0.47353157798286927
0.5575976863677887
0.622246200116227
0.3215724350373669
0.4483541587030453
0.4961723927452353
0.5137709587159842
0.6304674531937626
0.40803887697366603
0.4285184948487403
0.4707520318495564
0.49766720012528154
0.4467852307654592
0.5582029898158456
0.5038705482273773
0.6735774875902576
0.7558854832789047
0.46890113715439097
0.5679154178095298
0.604686560482387
0.35026169546804486
0.4211206669125398
0.2989492637764999
0.4889114255300151
0.5128356273111108
0.5233611546052842
0.24956087043490305
0.16127223107826372
0.24956087043490305
0.5473928760425286
0.40776686736250656
0.6617123202766899
0.3821904830264967
0.6781674505354528
0.6040718401466654
0.24579964672824195
0.9860397724308179
0.514213159183933
0.4945736526888138
0.45853897911556607
0.4408591991024918
0.4807800779279586
0.9855878551313717
0.29486212998135386
0.2807962694107623
0.39935822040291913
0.33959195523279306
0.4101511067962845
0.5465677716837694
0.4841157103161977
0.25599124129914896
0.5250475989840502
0.6215852488681923
0.5525344548664046
0.47241790134425
0.5422030933104223
0.6455448080688628
0.99951171875
0.5533243846185094
0.6426760521732826
0.6118613828473467
0.5742667838302082
0.44634368109800415
0.5793280158638513
0.5205815572686994
0.5294277949228412
0.5635315976179909
0.5916032122748835
0.268436342150315
0.47681751250650106
0.3647429194003091
0.44863428021585516
0.551076236685522
0.24739784060217285
0.4457310332188338
0.4065325620715594
0.3649270437990588
0.4594261392598008
0.5308531237245109
0.4642665881793935
0.5956034573123798
0.7050453763404396
0.4791058515993859
0.4150856288827357
0.47164844428852015
0.28523181249762297
0.9803049578058862
0.5032932191336217
0.8025322942392648
0.6299776784233895
0.543197436971476
0.3975088113397336
0.34976046907757774
0.33311742345050566
0.4435846742020436
0.7305723278111638
0.5029973932321166
0.47492969236975335
0.4906040858069567
0.47285882238633326
0.27216490273409866
0.30440688328395393
0.2566030902917187
0.6284990278165409
0.32773953502087794
0.34880655750045375
0.5642355777492907
0.2889581944774423
0.48117278004488384
0.45414598587830124
0.9050345240555729
0.1455664294718304
0.4060950786163582
0.4771481333975951
0.5989167966483656
0.5095873439307761
0.3963071697856051
0.31174654851427697
0.33671688987985804
0.49707031104330834
0.4580119173881563
0.4682979962614743
0.4576211513579732
0.4285037845000963
0.44802710812973756
0.641935008462061
0.5479832754170806
0.4981113278864072
0.4579799302074252
0.46054474744566365
0.5578429723035134
0.3391648125820468
0.33555820247170276
0.4556178099951831
0.4459264287309519
0.3329186477956072
0.3937930882367091
0.6874074524844508
0.5949893285491168
0.4017268467007121
0.47348174708112034
0.594875752524843
0.6000060005888113
0.5181729206174281
0.5251091606846832
0.3707712743779492
0.4389631707256909
0.3661716452738466
0.4100455164330197
0.36721111763704717
0.5547772812020005
0.5651794240983771
0.2193987805345552
0.5844761335461718
0.37155837171659944
0.4479225097166786
0.45714577272982293
0.3810040126348776
0.5127562177243148
0.39896357403398885
0.4041205882692299
0.29489619470635686
0.6061822404541279
0.6197279232547317
0.45570463983359777
0.4344729028489486
0.4070892643975733
0.5248537209166846
0.5126745523302719
0.6099378659326374
0.49150731291107397
0.5025474656214985
0.158532256439329
0.5299210655498452
0.32859184988489853
0.5793660812749469
0.9876006618072634
0.6311449066140962
0.6366102316724045
0.34947622904337217
0.5256595213084165
0.4778499746075118
0.37590373636962116
0.40797006118009493
0.43071614203828323
0.4686160262690535
0.3881476716111314
0.24827737950525353
0.2761363969427134
0.6400350632020408
0.23231757434030842
0.28048650637763084
0.42838543893557746
0.36611984009600484
0.5080335153463964
0.46581476804339894
0.6067318442727978
0.5663960312756512
0.5825941324554779
0.30585616307140595
0.5005392536715858
0.36227944002947343
0.5852009135441147
0.6622521059312407
0.6509463471937752
0.8171078594376655
0.7293641526722998
0.6952697531925465
0.4921141987919877
0.3937837528489576
0.5780263035346639
0.6037696455477934
0.3920010791357702
0.5290743547960018
0.3009429539647088
0.3270293024022136
0.41739181706728146
0.37081300801798545
0.33698738919979465
0.40325096894739065
0.3827023411135607
0.1732906236730607
0.4728905482964769
0.31626004865554
0.6364207297616188
0.4339620628454026
0.4078151854308265
0.5014837524644
0.3963058867418323
0.39336541522938506
0.39023657399110756
0.3562704114325578
0.3604011515462344
0.5093898224077982
0.6554131274491559
0.28715521058824567
0.3545074852552613
0.6664965883548799
0.4216220638708117
0.6657176457367893
0.3597349144976968
0.3139936746442189
0.21327734023617717
0.36210636709450195
0.6510768028082913
0.470163643259602
0.36932798664691613
0.42511813675611565
0.4464877999918897
0.544692309087742
0.63962900066395
0.46313478149286014
0.972760382989396
0.2550658660907602
0.35441330133949467
0.6351980469217315
0.5258170238515945
0.6506284448419001
0.43087261938274435
0.5753350555283107
0.48901164310069556
0.47170704755606985
0.361261379954412
0.4621817646374643
0.5875275937287325
0.4535094713042799
0.519214368345285
0.0824705519975738
0.48318319634874896
0.3780314250580119
-0.05617552167916262
0.7583870043866038
0.7666128097772865
0.5080346864864197
0.4559306678117987
0.3230663485843168
0.3934531568696752
0.4742079102842931
0.4352545779246768
0.18860875809891642
0.49730713254175873
0.5679049772336622
0.5293094938145808
0.6420749257678998
0.12539694616459884
0.3630833245178844
0.5495311301846912
0.5917318659849123
0.4158459039212974
0.6679154612008242
0.4384955379353046
0.5343147808992206
0.46721266855612054
0.38101019771154754
0.6707879472518935
0.9846369039126017
0.6642365848351088
0.4689374769149235
0.34342016429428324
0.6276075370033861
0.5776937408060063
0.4145553292749614
0.32324406835546604
0.3534928354615645
0.37770488346412634
0.5169992678261999
0.3223894846599824
0.6794714914790059
0.617749458067185
0.422540098129329
0.3681875291414478
0.5032136627435939
0.7273998960190126
0.6107623790814806
0.4569456354511161
0.6833293968395864
0.4141204114967776
0.6914484435166972
0.5296401293816231
0.39893507649531634
0.2805399945034791
0.528623300441752
0.5057532314874869
0.4057629597555249
0.30786002545026914
0.22542664156503167
0.5981555041169007
0.8115806209193239
0.26042830978230613
0.786652925573933
0.49078404588509383
0.5641275507335273
0.5740729942535208
0.4417751415256401
0.3298251447253615
0.34416528080369946
0.4848841325325738
0.528656074215281
0.5974828335962674
0.44894732297670914
0.8912258720579975
0.21283003548049073
0.4961323744573819
0.46440102531597005
0.37381217742507045
0.40364189571903064
0.6307485838710083
0.2332811559527902
0.5015684905892152
0.4384134834301906
0.3935828478286323
0.47832963407038065
0.32792296985554126
0.2800948948025922
0.5440109075523234
0.3994454373150996
0.5116242915685516
0.45352890926459966
0.45187333410296504
0.4241381122605472
0.5838133815890081
0.39262255139656554
0.3848293677963647
0.4361270180847522
0.7136584505205563
0.5837774020612563
0.416490058896015
0.6530255805584186
0.5366658887762233
0.5490582952390767
0.3292716912039907
0.3588825554121814
0.8296726122576495
0.27064135453254845
0.28986584962771333
0.4482111025164718
0.4922662063140826
0.5007737323749581
0.4952952313309874
0.3077670969745071
0.5194963073442389
0.41949222350729753
0.3611189151055034
0.2589683995235956
0.48168782833155044
0.45783420307918277
0.3025769736884103
0.39029834835695076
0.3070266445812456
0.4625814476260487
0.24784604963322976
0.47269551945587196
0.3213191935935735
0.5213147995994528
0.26506602464293516
0.4843789730833762
0.2459252885836517
0.40909957067196734
0.6135166815916054
0.45727070017247695
0.5204741994459716
0.5148564098475494
0.5582905473322668
0.3763404690932126
0.39583738230747656
0.9784621862880886
0.3424230986224248
0.586010977613793
0.3794214567798164
0.34397193890219224
0.5315093507006854
0.30175496807762436
0.1959362317212785
0.2267676586983738
0.17645825405725368
0.38959341613175735
0.9814179364330605
0.9819136238105113
0.4656321029411158
0.39157405140775514
0.5092319793777569
0.35477911944193785
0.5792779807191188
0.33151265552887343
0.6693818437302941
0.3150236698722504
0.4297624322867144
0.5354846725392501
0.3798006777529169
0.4891790104801613
0.38898251649385274
0.4621095071462742
0.46288917342985525
0.5220458239036503
0.4461488741188526
0.5710536138557794
0.29710696784439383
0.419681457352965
0.5606980350084282
0.5091780896352602
0.47445173373294947
0.36587492782546427
0.5121339810515317
0.58746629148572
0.27667465676655467
0.4514536838122186
0.5301488146441956
0.8207002205172027
0.06754624639008933
0.9878461445854596
0.3548087522567539
0.48099222050893253
0.3984078660085184
0.6835959607588644
0.5423859123039253
0.47998045809144985
0.6031688004925332
0.6051625853717895
0.43800527055660454
0.4448424425521055
0.4864092904428976
0.45763659758519115
0.3991944040237472
0.42437626024635033
0.4216155041836266
0.3680658940515986
0.42188891289182084
0.4663945370528506
0.4961695513718385
0.6090200457097656
0.4755985299958252
0.4309952306263347
0.4695772775545042
0.4159205696905175
0.41432035633184594
0.6498075042096447
0.39116919108187576
0.5231700068045058
0.5773519866134538
0.7805257881532783
0.5767376817829454
0.4570022827541016
0.35723459277964775
0.5064287943459446
0.3842371956523236
0.9895019234949427
0.41321802057826695
0.5234832073832918
0.9921184724149007
0.821364088372339
0.37849618856263256
0.2408184068817667
0.43932958240110365
0.4068420947748207
0.4872543393825669
0.5815978408747753
0.40285074546271127
0.392694279063607
0.6388578870143315
0.5094778816324244
0.40243225878796896
0.4011098812485099
0.39907844063492415
0.4423741758170968
0.6363358233243193
0.6363358233243193
0.39402795124406664
0.37744778691837866
0.43042458030864983
0.405427469635787
0.40365652563117094
0.35904734675374916
0.587593706763703
0.9780870908928821
0.6633262157653383
0.5929904767961951
0.36885738643244337
0.7389661273982385
0.388415790230078
0.5020027210004174
0.467895189390924
0.4655997421851402
0.6864622925507362
0.5140703191894944
0.37620078140077573
0.5579367847255552
0.36942886279540255
0.3982181912653905
0.4797017422447196
0.3083674875924026
0.4617302970572279
0.3766049595225398
0.4367839862406875
0.5041187146376656
0.43930647376416343
0.2883845059823875
0.5159501008001834
0.4346540742649605
0.530805062561827
0.20742007151812691
0.3421618094414187
0.23777608014746376
0.3652343114554738
0.3807651514064807
0.49088054209871557
0.4860500374262432
0.5185823222310638
0.5787079845120495
0.377258528828448
0.35228785455585077
0.42980947685247617
0.4387989979262723
0.5101260718379073
0.23986092895542876
0.3627890887024534
0.4749250989873318
0.3461935783571284
0.3249677172818498
0.4943552362314012
0.3649218739321559
0.3835077958218165
0.4759661757575654
0.2872116580875984
0.4112947442665892
0.5263284908146006
0.5596493056340924
0.37671537943625577
0.4441185412544687
0.7127847777268161
0.4082142369306103
0.4209052386004617
0.38781784695201194
0.26733130412290085
0.2810518473894641
0.29975958362202837
0.2950923769598508
0.4629820800602855
0.3181325355086305
0.2803257847078152
0.4758786073881568
0.37126675708352774
0.34010682092101696
0.33408582168205736
0.5423517511804109
0.34327333966607165
0.5027278434058536
0.2452501512842834
0.45889155717392915
0.442153128438313
0.414315471459078
0.3925725498725797
0.4117873493058274
0.41133469056382943
0.9998019763855471
0.7119483690336316
0.4265403350767435
0.5849016201498132
0.6611487581951317
0.3988499472975442
0.28309448019229055
0.3748146379126931
0.5053666855858677
0.2627678556467149
0.3556035551436182
0.5747435098956586
0.494735460509637
0.4352006806991642
0.47542074604051243
0.17409877068644775
0.413321023629208
0.394223547121479
0.4401217555088117
0.6353789545319298
0.39284396667620736
0.45816664888365666
0.44022142730929725
0.29515591383606044
0.6034565431567451
0.25826782273370663
0.2858234289504199
0.4529107989776213
0.40546232426742335
0.41692876752977126
0.49661980240956105
0.4560237936314795
0.4827414320944444
0.4463572820993984
0.5178647777290138
0.3662515173743711
0.5312741618379517
0.6126360017858989
0.5509188910074334
0.5772348766087522
0.47669790967206205
0.3742756486423191
0.31840681969890317
0.2982096508447849
0.6393958552396852
0.2945506425031099
0.3178185599735166
0.3808748458164293
0.5321308744441203
0.46945583472989805
0.4346923958668212
0.44809405377990263
0.4449101106960325
0.6187653641531898
0.4389248036158504
0.22020700011136318
0.3772703277310766
0.28490626733061386
0.5856554699514638
0.4350984621554279
0.4628224908239741
0.34309329435033775
0.41231225054733933
0.31516396952796555
0.5435785265160349
0.5684364236637519
0.4826146269598419
0.24458121812474942
0.487151955088135
0.44578361727360627
0.5006255871872143
0.5140189306999937
0.6407379815500633
0.39288348332650125
0.34575771509022546
0.34559615015610023
0.35792034107113646
0.37209805423842357
0.4059165774392042
0.4027676262573734
0.3611340139374877
0.5026219198683048
0.47416624323427214
0.509598070206279
0.5601173529488956
0.9160366663194592
0.5247985007319919
0.3326463437781684
0.5879007169233388
0.4085803891413339
0.4350169211161049
0.5427530906942294
0.5006941335674999
0.47993010451521556
0.473447070762392
0.533060536737084
0.183812856139297
0.16664655785695848
0.7790501054734436
0.47036384764717476
0.5244989358631178
0.3872427870315991
0.45356740044796007
0.2898657497221768
0.3433274435338758
0.521988087743912
0.2242476143020845
0.5515398842830325
0.5647215979802356
0.34094829623034906
0.7186411456368632
0.3867578912299381
0.46656692648662035
0.3687273067649329
0.18466665239634594
0.36391803402410117
0.41786030600352
0.49715067237905886
0.4224262250404007
0.5211249543483687
0.6892316112780517
0.4758622228934579
0.40640891532320733
0.4591253036874021
0.4958715038328132
0.6789902717506031
0.48266600634917056
0.45618769237929846
0.37181569573830686
0.3995854020635048
0.49118645025813723
0.1456560916691374
0.32665760480915984
0.3850909099310874
0.6238412110772378
0.4635690586116741
0.3409201165293323
0.5796965420531973
0.4374899078688068
0.49373868261872655
0.5972338568884782
0.508697410209374
0.46355991551429865
0.23525029732038927
0.38516308858629
0.4690812136838185
0.4671332287608141
0.4109387156585673
0.4192801602107499
0.12614305647193325
0.22592552601229188
0.5104871072723759
0.5100889517800535
0.5483347979530404
0.4467259560178014
0.37268341632439017
0.4315876750490164
0.5345145075300745
0.5344645457145767
0.2995744092566073
0.501909434984596
0.4207833187888764
0.548091474940596
0.43389692861281426
0.2619442191703404
0.3202579234764933
0.6007859434347962
0.45837628636231753
0.1513538910012484
0.1450677456476892
0.3187191912893751
0.6336350474492707
0.4691568284001497
0.4706248721167433
0.3674758186624555
0.5508396229628992
0.30464468535741807
0.20653203432622558
0.4471432414268749
0.4631961907295159
0.5002928457905195
0.7066293221063755
0.5297484058855938
0.4103588166931056
0.5360396627627899
0.5256469078857577
0.4197663407529044
0.16498425053395338
0.3912434774438621
0.32881775364355526
0.3995185040814535
0.6094885198765931
0.42807968184587575
0.3754630616968415
0.2554059040208184
0.30825299937597506
0.42140419596058476
0.3805114234707012
0.5629477892595433
0.40789165912738157
0.45741696293115863
0.2548245226621426
0.3382193685925773
0.6847132256953161
0.45475989995222044
0.4609594847280911
0.36671974790644335
0.3876346631887063
0.3119531079082214
0.6296309671393198
0.6857678381443579
0.7756757774328894
0.43328137632857366
0.47818287284513494
0.41775259511998863
0.4517101949880332
0.3267228381587668
0.5997861752386024
0.5762831270739334
0.24276298401025131
0.4236001539016381
0.18247014033200637
0.2715611153659112
0.6953530826159314
0.6941413770071454
0.3590311365140091
0.509295737976813
0.4636629518385096
0.6711715609752669
0.549720602928744
0.36558025364889524
0.35354681149122147
0.24007602406400808
0.6127696892444343
0.4903015653341225
0.47500700721706934
0.38574648998599836
0.4256809960617184
0.4292498421812181
0.36533299426687904
0.5704023663410823
0.5060820687777945
0.2605930141799251
0.45705524799275943
0.3970556315165048
0.22455940151657805
0.38055736920283056
0.6335901504490276
0.5478098864073537
0.44564521086410314
0.4187854913649598
0.3781645201488688
0.48302203284536016
0.2500990314390119
0.13902998243327802
0.40101851101414876
0.3614145076411033
0.32590886579098455
0.603257688805461
0.46853653380591664
0.46458436645160583
0.5442233979880396
0.4792034099377641
0.39995995389704286
0.4799876623710254
0.43304772237244016
0.3394129769500982
0.3219792838755767
0.4328975407335076
0.5639452455506709
0.24542368769948697
0.7014834932953671
0.5102616674842123
0.34761484356514316
0.4514438674082131
0.5772441443521614
0.2992484208045856
0.4158022192524744
0.18945467129945448
0.35075768106484784
0.4058477076543824
0.2285009868036818
0.26821333330890984
0.3044339797200202
0.5845413672251778
0.2236207866514225
0.26655816296961765
0.3386013365243231
0.7090069093649454
0.9810666218978813
0.3772202214274918
0.36615461662367066
0.3546976119852454
0.43201925678829745
0.5328157945210399
0.4121481946012142
0.6037945292063116
0.2494003805070547
0.40993749716783545
0.43911318438259217
0.5848170135562316
0.3275908384176758
0.10616552761401221
0.34418142650165806
0.32704401192112087
0.25177508266985915
0.2541967136138139
0.6712833829892921
0.8672793839292513
0.45468827160214254
0.6390406431336553
0.29449362691686387
0.3821819258196576
0.3847229775466827
0.3452430693439904
0.32771649828708604
0.45214093842889924
0.5588099173887433
0.5509694904796777
0.14290664917724394
0.6208180860261379
0.2785610117722708
0.3343552581606166
0.5284812902984815
0.3411629978827755
0.6136441810404201
0.5784659510244007
0.9974911910983882
0.44521770435285235
0.3678595395275419
0.38814927623893514
0.3225069422403748
0.4404680372808998
0.4544101754740353
0.5672661963148076
0.8090225878545951
0.4653755611789716
0.44458506504984585
0.5864945868659182
0.40206748132489556
0.37361135966263115
0.3840198626695055
0.4195123779355925
0.2797364735638841
0.5138287910922503
0.9869607943249468
0.3624630391197162
0.3551695294909383
0.4438471419183193
0.20549257197409032
0.4238840835229094
0.4231541867437425
0.3008388586161085
0.6340351748041115
0.6005004187255611
0.359746675376323
0.347847460601306
0.35466819092315816
0.301522716365918
0.7469075050397055
0.4229227807786624
0.45700079581729947
0.5083352773931435
0.32607111941152556
0.38422736603625574
0.6021462217143685
0.31077760355647865
0.5023909682471885
0.38635360720728673
0.32513972913579303
0.2687033995911341
0.38119694836802687
0.6135640011840686
0.459331740536287
0.3243518496612309
0.2951875990637274
0.3873148687972955
0.363051082939188
0.35292079436464874
0.3430839974043053
0.33737158376816445
0.401445439027023
0.5117842429183527
0.42933095618861183
0.4541901758815018
0.4158115757624077
0.2190273910417032
0.4181155305771245
0.598018273346617
0.32413061197884785
0.4710523321194773
0.4177517011387686
0.4104440048401825
0.4443851829692158
0.5370681513234319
0.39935235203709474
0.6186258654110877
0.3311420589290899
0.4003202626121818
0.3146276376648993
0.44013557887368826
0.5744448745555318
0.46289376190175413
0.3492476689639443
0.3938273269374709
0.5158488210841008
0.4004224769566642
0.4857747726312516
0.3886669059513813
0.4165994626459735
0.4409798046636615
0.7658086143279967
0.5021289952923904
0.45792200693842444
0.4497418470559983
0.3188074710525095
0.46474270588659716
0.478954054316565
0.3130697801643232
0.45327247456176933
0.3642720803390955
0.3391527898629806
0.4150453485478145
0.38206456357328
0.4295981744724957
0.4587720654819065
0.18667164226797395
0.25486667267039687
0.2376937029290197
0.37067419278449587
0.28842927994503453
0.3521669867445504
0.34564390869372086
0.30009428617412337
0.47213173343786385
0.3832556481116911
0.21937659088036732
0.3093008304530188
0.29257864954932966
0.20220074578278124
0.36009998756255024
0.39580462844875774
0.399047678535671
0.35217869454114803
0.4594092863629482
0.23771113356531437
0.41128557281321065
0.092387855641479
0.437304980743378
0.3685615135915006
0.40219385945928887
0.35837118977629157
0.1764026509131157
0.25269155376460783
0.34095140882541797
0.3894410902258072
0.2807630226922342
0.24231447987651222
0.2554656594359015
0.46773898389832835
0.2741465786137044
0.24941631662978248
0.10146976128917884
0.29146987189314966
0.3085606218116054
0.16637784011731827
0.391053289911246
0.4420416461870259
0.31502863434802997
0.6989984791593864
0.6648951788661706
0.2916890549450305
0.3475726778803636
0.3025296143627707
0.4966527570872451
0.30547120342747247
0.42873877650442305
0.39435085292211725
0.5067266245049857
0.056369362826918845
0.10211553588093725
0.3709327385493377
0.24185911254866455
0.44149310582988277
0.16813119308800195
0.33203232774022595
0.38995285998295426
0.42615274461490826
0.3603770338407406
0.3790690026450879
0.4264116521739234
0.34234325493981477
0.4486056907123752
0.3343245870844891
0.7627432818981119
0.39904797552908944
0.5937044163741284
0.49692393969285686
0.43587548413505983
0.4634836278910548
0.4079652192445331
0.32865457550439725
0.32620530763419975
0.1931734185205155
0.3393746651923977
0.23097768258479345
0.30323453567158776
0.3547016686354383
0.21394274870869256
0.3713759717395849
0.4105419777857221
0.23465955465649435
0.2877747701429978
0.20110255996806004
0.34346477267333764
0.21813443914616615
0.3309341891352049
0.5250101194156699
0.3439916436225614
0.388145246761751
0.41578638107419164
0.526932261492347
0.2686500611950243
0.3180831595692989
0.3009941619565659
0.4037494914811761
0.3922926645591083
0.39509007851023625
0.4615664395296313
0.4919626370317005
0.30304377855093667
0.47055201830594184
0.38078242910114957
0.2964034921655383
0.38543690351372795
0.48179723628389903
0.4264191736496652
0.3702623361894257
0.35233184496389247
0.1734243755030318
0.417879173500874
0.3334578155158212
0.28904424129009376
0.34398581251234406
0.38677732824437117
0.22213081059914463
0.10371497363224913
0.4694775839512264
0.2544720114658473
0.2686461442646003
0.35548138955585173
0.19854895435949182
0.2423282994561159
0.29981542926622007
0.4522194382876833
0.10442710607089223
0.355318833244999
0.29525866728517924
0.44829680089709545
0.3120062403282491
0.2683938791885643
0.20271773693341855
0.29416385592324257
0.32307166757678096
0.18977385005949987
0.1676663338431088
0.4456259212624347
0.267460295547126
0.3991589463126335
0.32447225850718886
0.40879176401685946
0.2859629324349626
0.2901839769001249
0.41134148235424894
0.12170191170799871
0.37856941777388986
0.46830868918360025
0.22601419599710804
0.5195537624059677
0.24464038866838078
0.5133149637378154
0.2799057464761655
0.364703380843286
0.2546126303656807
0.28480051484559166
0.2228100456647728
0.3202161257296525
0.439780465976224
0.37477888602672726
0.45682984139289284
0.40090202859354274
0.30135014339962485
0.34224746716876187
0.3178004273991105
0.37344264540341365
0.26237573123762137
0.3997738294579707
0.43059160078580017
0.4696796724544464
0.8107172427271186
0.43164096675227215
0.4192649682118825
0.2795087017503708
0.31693155209478185
0.5647371817665139
0.20085957483943517
0.28804251000439296
0.412997930738527
0.387848789002486
0.40393840841717743
0.44213706513510687
0.43541236274080886
0.3365828836859662
0.45685352061822304
0.32354228511301075
0.13871297369981894
0.39442840250850675
0.35125347302696863
0.4484139623482444
0.11701909444557179
0.358354502338462
0.359271370460998
0.42350075306931023
0.354487293789962
0.3461877957806526
0.20536360515605012
0.30954061944928324
0.1965864230748947
0.41009157374937355
0.296287718181638
0.3489171356391735
0.31392574182695054
0.5793144439645809
0.3991087893392593
0.4496494432710093
0.18076310933427353
0.29750923769872406
0.41052554738251446
0.36022913080037233
0.3750802951462009
0.32029380328096135
0.5127958113988211
0.44970881816068764
0.23809356112931535
0.33923398594023535
0.27083158539440555
0.14070274827969775
0.08164718785434011
0.2988521028227874
0.4290830457553554
0.37409000136339676
0.28537311345602356
0.25957110273042283
0.18145905574266874
0.3822807745090321
0.05355722322438805
0.41149918568085886
0.4118938075129075
0.4678235250091274
0.47659616008025285
0.28705637150822616
0.5950440845595284
0.21205352676884692
0.15945726653965486
0.5204187342360239
0.10437692138009602
0.3304517898817847
0.33491842344651457
0.3996591608602795
0.5645726788903374
0.3258291570052416
0.3827517933341029
0.4016689265025958
0.360688212107673
0.45906609656569564
0.09645963647284161
0.41278490445433147
0.4266838667459245
0.5567795429996334
0.25740025286535895
0.3050707924473006
0.26684222098228216
0.1812346923280218
0.3391965895112202
0.2580975345029415
0.41421547414083326
0.17093761418151932
0.37984939817292473
0.6882118562509613
0.2560105603338366
0.3589963445311115
0.5416779332734789
0.12348509484025172
0.23458789059073792
0.235056349408704
0.2607743765273114
0.3890466205987305
0.5381859235158326
0.39509473302318654
0.3896015351863672
0.2661602788089653
0.26632673831742226
0.39796430880463873
0.3943941451964892
0.28137450331934877
0.3845783718617478
0.29853248810940103
0.4260828226810526
0.3145191731760626
0.46590419903253055
0.4512076147568229
0.21134242859257768
0.4147188735252386
0.3388096680760486
0.7357550576757166
0.34029155027466806
0.3534985948204682
0.35196515238433856
0.5073859754038964
0.19448786753885994
0.34387452290286846
0.3898167542574016
0.28150377902578416
0.34920525165145144
0.36780389658931023
0.5672002278294572
0.4782186563724985
0.4463276602022588
0.41358508390643345
0.4244750606906763
0.22376503099660083
0.37672572332732646
0.17237399918165952
0.31661737691470937
0.27372307255983375
0.5622761315387844
0.2715938007366503
0.4697254459983973
0.3132006824297682
0.3901986000713378
0.2977755265896098
0.3055905895541542
0.234591776958326
0.4222713088126787
0.48818359138404155
0.4235413289228743
0.2315226942748746
0.14749285630242814
0.5569098042333973
0.08175474624341772
0.351850850809754
0.3689283312133955
0.29837060484435696
0.027296274810740595
0.34401136410908617
0.32922131038526525
0.21456809083974315
0.44115144262528294
0.43579473981259775
0.20591801177124958
0.5275297438400721
0.21232262704635074
0.3158836023580861
0.34045336880715005
0.15723941652503415
0.33235607315646576
0.40385186882271973
0.3043489531544181
0.4980241912455483
0.46350673571816925
0.4907110764999594
0.31372633683821793
0.4882738737505593
0.44675226054080874
0.4323133866783251
0.18949549739189586
0.5505021170817836
0.4178072017938823
0.35394342842992077
0.3395676077456682
0.39958460856997235
0.3635409081274332
0.2895078580089465
0.2923637718141082
0.21978726535870252
0.4130714948645279
0.2840363873783269
0.0659934144526012
0.993210222843708
0.3118789153399032
0.3123429793549044
0.5394279754736753
0.30037663784058444
0.33589611752361004
0.34845512199058737
0.5579712735399058
0.5369642126704144
0.28884416218260767
0.3979415286111564
0.6691719121575606
0.302850643519357
0.40143901049148467
0.3279522368130039
0.3464888811844854
0.2711133673695032
0.6092027904461821
0.5730018817824759
0.17735248659428104
0.3346804136993471
0.2917647739433107
0.3904098021281446
0.37631187820954337
0.2943665680331158
0.3240356267962323
0.43594494628786473
0.2929200518960473
0.5295089317805699
0.23066937639846885
0.2500657594268756
0.23989061654309873
0.3708112444689893
0.44155663074290796
0.4031316867651923
0.2727503487068288
0.3109737082538886
0.23131128349893648
0.052166053539105084
0.33323074111029505
0.23309482509072366
0.38337253378192027
0.29376821496608396
0.32624551220879994
0.31439950696865004
0.446684626580778
0.24579949253596345
0.2839119371808754
0.3373885724682604
0.29182896257081925
0.3835037043075723
0.2968042369405779
0.2768145728419955
0.367155532382504
0.21709025932754578
0.14236595192846468
0.33726913097487
0.27113392412504744
0.35364202661611677
0.38556158260334106
0.5206939445446113
0.2528105054069191
0.30800504922201877
0.31379850070359905
0.0007679019047166502
0.5154921135179623
0.3496183096964246
0.3688025249283282
0.28274447227622823
0.3043736893739737
0.39044335205740155
0.3332572567339668
0.26154633086561063
0.36752684187876494
0.4546071616941627
0.4883563209947821
0.3756593822884159
0.3992810399761506
0.2951241035948554
0.2634242857748281
0.250274296543881
0.32445746921173724
0.42460056255468603
0.37678475837338077
0.2521985919593299
0.19858697116114976
0.32562745658882675
0.22408401530204802
0.28001276009224074
0.27914380408067574
0.3622581634976676
0.36027204759948583
0.3007433696159967
0.07036928152824373
0.2688759414444677
0.3071763967500062
0.3371523419164215
0.23025698872567113
0.24215307480128823
0.2263955129351053
0.8301935485063083
0.3188104284936839
0.23444261156884738
0.15541855665861226
0.4286124470192708
0.20882668451492026
0.21850202784894923
0.38235419094879086
0.31524576822955974
0.4684930072837883
0.4148751921045082
0.5605238336076274
0.5635764187228626
0.3853632280891255
0.33445692239885094
0.28233396262080346
0.6496577552067916
0.35355138541532105
0.32127014022577893
0.21059088915798296
0.3343124648069473
0.47799801220152727
0.29315799668423304
0.36343155785353787
0.5626340896730159
0.07766240800486024
0.5911191670906291
0.4167037974245982
0.3477559587699335
0.4724108576774597
0.30936431082437643
0.2777762193964175
0.2794726052342056
0.3324632689583331
0.3715692338697515
0.27748457862222375
0.3706609475927094
0.3464709832808759
0.27856148777452894
0.33502706717078823
0.38854797292424537
0.49143450957782053
0.27738384356409806
0.36737650663141264
0.2780242281892864
0.2272710515262224
0.45461028817068727
0.38835341278589386
0.3265501662301553
0.38186304655923853
0.4300389994862809
0.3915495802813387
0.2783512920775282
0.47396931901660966
0.2560722350802528
0.7882550072502247
0.3480950616412173
0.41144642157115197
0.37632098595383967
0.516466217523506
0.30734158785687304
0.22329106556156297
0.3561150771040621
0.5507121658158234
0.3796842329234984
0.46371917929948847
0.3140336714094788
0.13339763548619765
0.1528215140922793
0.4736024388379214
0.2534427626100255
0.28111527105095413
0.3714190472055947
0.535257420338298
0.2876427918675345
0.5153696717425493
0.3491499138977805
0.5737430151494674
0.2914984987035949
0.4653303460626509
0.2126560537544162
0.44613085251702767
0.36943267661133905
0.4141178424293357
0.2793890632632028
0.34809273911574945
0.3735111979617003
0.39809432648448406
0.4348216390521391
0.36344524961199376
0.3474276248659053
0.2832466809620433
0.5379471919109861
0.39050880420239886