0.7153244036741547
0.519944075951292
0.26539421711078426
0.4691804048647872
0.2636067303410836
0.5838534178525416
0.3328593404520035
0.4596956431210575
0.6657242168944488
0.9967233676072885
0.2925670256918367
0.6461995220803356
0.6045547638794229
0.4253496036747486
0.36913172778638237
0.4157258973900183
0.5368020879207783
0.4775248362460778
0.7780178611559663
0.44611638063133086
0.6243463550730132
0.6167317129155512
0.581892079021819
0.2373816323487261
0.4807354843338686
0.3752881441124385
0.4245138667693821
0.35419795952295696
0.454545767581759
0.3410719061874974
0.6414792343764094
0.5678359866839882
0.6377936972705245
0.4289444682277982
0.5616038392501068
0.279887189980787
0.5625916591877334
0.5744949082674266
0.5168104724161804
0.6255057756735574
0.3288504645666721
0.4304612296548457
0.5580899359065226
0.3744970411701485
0.44215648376999095
0.30451383016886924
0.5334554838609629
0.3751336074189857
0.5349121682515476
0.3705902635868832
0.7054903063659974
0.5494494882707683
0.4252777014319056
0.5433239583804558
0.34219897954026246
0.646778107763179
0.369497727170372
0.29709128601418366
0.7673974539317308
0.840805819705142
0.5864417396894335
0.1357704008870596
0.6134328971436837
0.3919653691595355
0.5184571777176139
0.42682308253595047
0.47424621692958324
0.5379295730574705
0.3876177189885923
0.3006943742608168
0.36673863322175937
0.9949875848545112
0.25672591465546
0.4513389384574502
0.5304291055543773
0.36673233195086463
0.44720722980481664
0.22236145177817757
0.506389744261129
-0.061221616615578345
0.42460097722271484
0.7663573538159946
0.2749480792471648
0.604910483056341
0.4895253264711592
0.6138736557611044
0.3144377575509747
0.5534290398956824
0.46967237717820265
0.42845048814375675
0.5315085629499023
0.6145947557019532
0.489073589590592
0.720528910685639
0.34135555230425396
0.5109195355755415
0.3174415793250627
0.5515537265922795
0.42405184751083946
0.28092910908101354
0.9916143574494102
0.25025369091465133
0.4612783628847247
0.21822508144810393
0.18641118245126787
0.44229918271863156
0.3214995021374183
0.31072361092538925
0.41054296972713533
0.6612305068265187
0.3479373443744913
0.35660416159535224
0.44343659006746416
0.16793073413476844
0.4783562797239628
0.13868429253736325
0.42801720621977235
0.6623390804770408
0.36435811377589333
0.5069947974239273
0.5058874035817483
0.6183838580467687
0.622038323641738
0.3866939670014927
0.5116718185386833
0.366641054343229
0.4663830246455567
0.23199136316222124
0.5510556932130574
0.509254501833153
0.1429179818489833
0.4648312531940554
0.4600809142741833
0.33832836195008076
0.3054608494539668
0.5878755590063555
0.4161507566007212
0.6207551669727398
0.5048034339914822
0.301681800663977
0.41857041974695763
0.5339897767634529
0.629261403418794
0.611306690786172
0.24647974012550933
0.4197202562944019
0.3273809321357668
0.46841963751826776
0.6061174515024312
0.3648395761341078
0.07792372061407937
0.3346633581465135
0.402129046883154
0.36270522798421767
0.6361172621139947
0.4162093164810404
0.5497912478571751
0.6247920112146519
0.502566797280974
0.49560393514794
0.2399550633786639
0.9901377172132451
0.4594063886979156
0.2665383354249242
0.34202452359076485
0.3769824015332408
0.46347372219206906
0.5984924872545617
0.49218876875356643
0.027763739631157636
0.29581220046800827
0.4411265765125443
0.8155592512890033
0.4282413217095774
0.5631547158713557
0.341354181054235
0.6277955564141956
0.530059373787592
0.6363729899014547
0.5087491672828817
0.4701531950622525
0.238299088852572
0.2662004808715419
0.5124573812008225
0.4810135326783691
0.6123176799794813
0.4638907808369783
0.47642965025058015
0.26167381159333347
0.333496151764633
0.39994064232348014
0.5069967559035744
0.2044546616097227
0.34833552972012116
0.09933142997999167
0.46782106289043024
0.5278624657363931
0.598039752720342
0.5442446167565023
0.30765365669629263
0.5400697267993435
0.332665298411982
0.970979746044582
0.4690152584210927
0.5898005229580477
0.4014025602388748
0.46082718996283567
0.6043022361732739
0.23757995755636263
0.4930517205501048
0.6091601552618239
0.5003625771562512
0.8520997311283617
0.5483653256181928
0.5535499618528119
0.44699994798877807
0.29664593510612103
0.5636027558361255
0.45623042564168714
0.5855592073135911
0.37576018929912747
0.5208519454004307
0.4138599960731927
0.3333330105091038
0.4529705107563291
0.8560503584174014
0.46955636471699447
0.4960802322106288
0.4550741380577481
0.5567882504594108
0.03441388987385885
0.18923211021400355
0.37686618568168384
0.7893086536617516
0.3138774515699362
0.520450852259162
0.3116960763141421
0.2540815563299653
0.5801117864569463
0.3855804654969186
0.5232073688137358
0.3518435313846564
0.5435808695849376
0.3090936882636184
0.36011090790173983
0.6326095907718321
0.24284266290398926
0.47867722819339864
0.21579563393075818
0.37242476261351176
0.594570096197849
0.2607553248490224
0.6107086807549755
0.39461996367022834
0.5525135760998818
0.5123747705775964
0.449558454830711
0.34442314010193187
0.556715917864534
0.7109094116554653
0.40744634137831137
0.3267881896462955
0.9957657692691441
0.37545378480733316
0.40778682071087236
0.2787708686206902
0.4108562730478875
0.20268669844689546
0.28458562892762274
0.3945687970237133
0.4677215993916468
0.4072053730955274
0.5155907894610381
0.5069947974239273
0.34403046944024374
0.32591043287850174
0.5131110722131538
0.4512107523054274
0.49557477296204455
0.3032224923419282
0.4060832889030175
0.24544219457114758
0.46211962079141045
0.3969442325980562
0.2594202620212699
0.4445906339911352
0.4899731446533271
0.49747904267494003
0.3647096880523246
0.44752326411838983
0.4166403608519085
0.41093805628379143
0.3759169460409152
0.5609105230511875
0.25584420780254447
0.5151571523165407
0.333682751128052
0.5725516383094422
0.5433379390130936
0.3427076936976421
0.39410403029788277
0.4576273676154131
0.4488759823792926
0.4605427325277436
0.840805819705142
0.2576232853516478
0.5426922061857141
0.6699184335891955
0.4303586547414806
0.48534049152997316
0.6237880601757521
0.4377044574271104
0.26786929789962555
0.4414491485325638
0.4402674023101476
0.486652461684848
0.4121737500855579
0.3570694037927843
0.338531162587284
0.33550446657477484
0.4923491876192839
0.3391301616643251
0.3418221437099558
0.30257791902194664
0.5060047338811784
0.3121081019282812
0.2564208617037549
0.2972446474959354
0.31349588546731577
0.411050449698837
0.5378882742150932
0.3135928581816412
0.5854399197005922
0.6068888159014428
0.36979338557071684
0.4656808409807103
0.3085176944414807
0.29040283628577424
0.3353411337059695
0.3948612255851507
0.43968328194490836
0.49310678425041066
0.5038391771096464
0.38205934860958246
0.28544193819403685
0.3764065356538424
0.49401364367318623
0.39320813317205094
0.7189137044567608
0.35211499776036304
0.3701259514968418
0.9709008819968665
0.41934773105305967
0.21925407822042953
0.33259941993252584
0.5822188599210912
0.3737252340586448
0.3168618562159513
0.32423572806406975
0.4699726941632111
0.5643384265167284
0.6035350600486192
0.375111038081815
0.37934068117985853
0.486047647220778
0.37927145669457096
0.47760489801116335
0.4475809169219429
0.601879388725935
0.7643064787783618
0.3111993788451608
0.48495801854868437
0.385734714912942
0.06180305153318266
0.6088851765503366
0.41935864635041964
0.1481432072370228
0.6303248055716475
0.4929260814333153
0.7394943169020209
0.38251338531468493
0.6096907159690639
0.34965706349245373
0.4528650229436867
0.4941916520551358
0.30451383016886924
0.33440271441027614
0.40785305079524536
0.5626926000449524
0.6074038724735299
0.2572248359699031
0.2199964720285702
0.4624280670250551
0.5970739924192292
0.29134570710160834
0.4151051555502252
0.45682695711684906
0.4656991129475274
0.329188776517074
0.32504953949356685
0.6137211904687537
0.4978450182660633
0.4421531448696776
0.503808974218631
0.4720733072396751
0.4163692944764301
0.34855331069102524
0.6353078657032055
0.5497582078744812
0.40378392470293645
0.5495697985771362
0.3532391286626353
0.3642833349462783
0.360740462689808
0.3389665634361477
0.5082128968485389
0.4307187909915604
0.3125830707150382
0.48822757555955654
0.21195524307413183
0.2956457909431447
0.4380791965252362
0.41940001624024403
0.29465685712193823
0.5698110071461415
0.29917513326358003
0.44522147726941796
0.3459986008904655
0.36935022815845087
0.28049761072596224
0.508734094544862
0.8107653788338263
0.6835679382299711
0.4482260738867031
0.48022946910585085
0.7983726519015768
0.39759733483252524
0.47512629460765976
0.7012713223353146
0.37251502668231185
0.3773637311228155
0.4723574616859827
0.25872516657840405
0.437907059053275
0.4506018727718484
0.6247000498895999
0.5337880736901108
0.34664864192814726
0.25980012979876776
0.9841118677736979
0.4599708191031394
0.40034421927843056
0.827536762408497
0.45449123012044457
0.7823890678725746
0.26509982519571595
0.33951241033163027
0.4529535591305891
0.6208141773761662
0.4121185678475825
0.10536795726666648
0.5078224152538665
0.3861701464194569
0.48142885253751144
0.3810452809874625
0.42017229171734427
0.3527401281785809
0.8033802186794844
0.7840480162893322
0.6034881045508171
0.2588464658552667
0.39160101787466917
0.2641146521080182
0.6635243886777229
0.3471213984782231
0.3350395920734195
0.32941976829561226
0.5037445234613812
0.3867854302820124
0.48227521424898
0.9851221861177193
0.47375517053380245
0.9933490844395055
0.555798412949748
0.40449940383316507
0.5297845378129555
0.23748400909508716
0.4097277680340936
0.40584606564329817
0.47750439321948246
0.4859103419422688
0.369787524736375
0.5100735426922657
0.6992977754311298
0.33110317540882617
0.5068685049220499
0.4644280932052527
0.22830939050032462
0.4673187668481733
0.9799749501001617
0.45307775681742357
0.37753519659353296
0.4435722990044513
0.3773737421459924
0.08923090873611839
0.375784172793022
0.3301536655549626
0.9837445931251159
0.4795699017174202
0.4112070493699289
0.41313533844699923
0.5224090649340933
0.3028430142186913
0.30932239839114206
0.3157285419075544
0.32225208781004033
0.48613528320687216
0.4204568848771013
0.5055349382489318
0.33817335851439534
0.21525193594492087
0.48169903674894554
0.44212485821084346
0.41226278393307947
0.45077254634300523
0.29730284675424046
0.21975440176921368
0.31298327652517133
0.29949787914460946
0.8095810434822872
0.40599686123292944
0.5787209415006653
0.41517613791535624
0.2907478792607201
0.15893401288740905
0.4252549317033063
0.37729531283935447
0.37383137490164553
0.44384161941057165
0.47056261108890196
0.5465684867096201
0.3352108497600701
0.37015359977476703
0.712036505042933
0.35595626107634293
0.43987988242534504
0.39012581890752085
0.43397428613716393
0.532908797028281
0.4460085704316028
0.13643006889868403
0.46590485655943004
0.15933839778688852
0.16075440321880818
0.42923727137319745
0.4979410338870178
0.6573007728883564
0.4938024060852467
0.24423727974346732
0.5696211331258205
0.5785952963839829
0.49809560205042835
0.6069231591133333
0.3430109059261174
0.43059002266636326
0.3079422636823417
0.3073039157010473
0.4351084315583057
0.3424192120519507
0.5111011054239043
0.48858908850339333
0.497563729771172
0.4368095076714009
0.49565047404127716
0.5207984835838669
0.4040154630541255
0.23715963721393019
0.3876839278210873
0.4982536345784412
0.20234299137267708
0.5054929394231882
0.1668861574063364
0.20406726610439452
0.36515586258444577
0.6615432511111472
0.4843616881302022
0.28816154995254584
0.4746172127811167
0.3116049439065104
0.46319127889506495
0.3647452950818787
0.6273046150146655
0.7419616926548123
0.354337740008714
0.3143347309301302
0.3740434623404333
0.27070178166279524
0.3127785102957904
0.47332657221543406
0.21625606563781474
0.1250314264624608
0.3987186065890962
0.4565069786551269
0.37032206088482644
0.38674303989799363
0.32300587153012816
0.5719704334846336
0.43493068742845575
0.6234248809418769
0.459610352146563
0.242026480682616
0.596080846831115
0.40060333278879123
0.5366359155030249
0.21627166239733442
0.21004383030542306
0.4536927769133552
0.48260599215032285
0.5650999226593694
0.5003375694545202
0.419282107148917
0.46514282948615426
0.6364570319060056
0.7983726519015768
0.5565578642655648
0.3674665954537344
0.4365941615757646
0.4413236537976123
0.4707564576974179
0.4221948523751802
0.4929653664103075
0.5314278818141863
0.5977105270928694
0.6256135751948431
0.24634801282882757
0.28670074470981466
0.48608164762834094
0.3908952330874087
0.5143866761013269
0.40810026537440347
0.48508985821909756
0.9863511923490158
0.34209642257599393
0.5527447613274442
0.4415174126217778
0.5491935729932997
0.24929424938244538
0.5196625385116673
0.5260300302334584
0.05689576204646718
0.31809721281002235
0.40984808836408326
0.5508434256348964
0.5803151235752464
0.1777089235945688
0.10609894869909997
0.09238826976213033
0.5992501948357171
0.19490639074187965
0.31813138902164284
0.532791845315215
0.46656327308090684
0.5104798142630419
0.33604038961177274
0.42005923782005994
0.4612777735856174
0.5707275098468924
0.3766877937857145
0.2608634955912865
0.4072353664321514
0.34068563304049904
0.3222476592075142
-0.09650972562402016
0.34743323575797136
0.2748426165884216
0.40791460725163686
0.20467077111588894
0.23892809501022616
0.3572622964826745
0.35238248535313654
0.5331050055024245
0.5140048618732084
0.41329358123896354
0.40471062754110665
0.3541404818630194
0.248310988799195
0.3752048241963787
0.4210795558500222
0.4961974816133249
0.64453541442935
0.14398286391553494
0.4213459916693527
0.032509442835478186
0.3459375521894946
0.25050785009162146
0.4288414682064148
0.4284051595520999
0.3812338977211095
0.23137886821939868
0.4162478689821505
0.5693717812343237
0.4727507545145102
0.3914034349923883
0.39664314639153364
0.7991124310624697
0.30143560706689776
0.4800876835217093
0.44614514938514516
0.5054010280765324
0.08484283949714388
0.23396237100997996
0.40674290696516935
0.9771897973716499
0.3516352482264161
0.48464546251848095
0.30529984544035993
0.6746723945922648
0.3989681879720708
0.49950963488180866
0.4245666766442623
0.33190061230927226
0.25122695924049854
0.4550563930112679
0.5603111021507935
0.36618229586874607
0.38174873235651097
0.1964689348423878
0.4173540700988917
0.44284152591215364
0.5151569863882053
0.1935368537191514
0.2238503134058656
0.45725176136920054
0.3452820437853401
0.4547219063866079
0.6281347672000597
0.48471154562004215
0.4085409679374866
0.3587512037849514
0.265018552008941
0.3598438847630556
0.7549610633645407
0.5056276194836216
0.07364586105751092
0.3590426192707217
0.46571204787862475
0.460348135005879
0.315595040804747
0.3726844008474235
0.40811333989660015
0.7234883344003464
0.3385659825199441
0.34128443665942365
0.3437572465876487
0.35240488373864864
0.35517155081237095
0.48976574158037967
0.4974072955914487
0.984589878310638
0.5046572950136632
0.22118411084927259
0.5356302654210635
0.46259485833440994
0.364603988857196
0.2191419443497995
0.11647453761418225
0.5273369806034071
0.5608332194147545
0.3804543219976968
0.44486843661430076
0.3990283158960486
0.21511505011056753
0.5164987986251582
0.3294643827925243
0.5943675251379705
0.5648956001060379
0.3403511405715196
0.5472966364097209
0.3182363563175128
0.607403672874367
0.5253039677206337
0.25720168295275636
0.4973489336741054
0.33539131222738894
0.47317752679333447
0.530144257200452
0.5681507043382776
0.593373152006387
0.341972400772522
0.3454768082930657
0.4673382849606085
0.5651261845101572
0.19650570042288107
0.536914032079672
0.6756208449627399
0.7098642977085372
0.9872241161084334
0.31187093435258395
0.3540185144859541
0.5022818958182445
0.9869969097563698
0.45414842479484063
0.3765005019409273
0.44735622074561643
0.24978270996042573
0.48680594112142983
0.2543412858641997
0.40096808042404886
0.5641595020864307
0.2500785112815027
0.5175998350392442
0.24302556982893453
0.4999625626563473
0.33202097686249754
0.4914236086444551
0.48563155737619335
0.4873330186960454
0.4448991686160939
0.20953434801710247
0.33691646094954053
0.35308743948477017
0.1897848164795437
0.32336422965959444
0.38304185676322255
0.3161839108193303
0.29258182665443533
0.5484381972259296
0.29571798076535105
0.44278986763334605
0.5062062015872039
0.6941883332811853
0.2935391848103486
0.22927902034358005
0.33827099844148933
0.4597808818676352
0.7082439386165498
0.4707639251013418
0.3625760875573216
0.3768447437941551
0.287464972352103
0.5489177627562625
0.2939965047830997
0.030230905812446585
0.2952692220772357
0.44312547026765836
0.46584710754688374
0.2715723301215237
0.5084832276594611
0.42653636148752216
0.5595392458623245
0.4468113197226886
0.24707367317186457
0.2894054592023624
0.2797416217062203
0.45156384656277027
0.27262158336143905
0.48105784781118466
0.35120945195110287
0.32412735137913495
0.5512856970362839
0.43792562887156206
0.08595431343304849
0.4509815564333899
0.3555460296238302
0.40323321044454496
0.3896228424034527
0.6645777776848912
0.5110510371419245
0.5491890628949988
0.36045572782539637
0.5349814931066614
0.296977363669677
0.49330960503085364
0.28305076479190316
0.5568975895202714
0.31480314429442746
0.3450879109978118
0.2260679503050984
0.35766194155104336
0.4118687399671026
0.5141145311983485
0.48913038341250537
0.4883379390101332
0.3490606650962125
0.4095364885415206
0.43119468469113964
0.3848988946649379
0.43339383513263463
0.3364732941472921
0.31377124297601156
0.33876708466361616
0.33735064850190843
0.45823198715585345
0.4826401730605434
0.2717074236872381
0.4071539948105045
0.31039856638955643
0.3400942389239656
0.5129182546665011
0.47932661723851977
0.3011893516602935
0.5818600288055031
0.4017822273965086
0.5128170931507997
0.7558744948276686
0.5544288843971678
0.5520222038960483
0.4774152471683091
0.5219142587169816
0.28206256615301684
0.41088774759374114
0.6306344425666994
0.33075632255837273
0.619196123778026
0.6176380230871241
0.9967233676072885
0.5288773581720686
0.5585754957798412
0.3815226252705217
0.5554103576281575
0.36134062645323617
0.4550916441626629
0.4131370752818966
0.2954065485297699
0.434945806994415
0.45585525164224727
0.34049611781734956
0.19247262897935302
0.59587102854746
0.536467612857785
0.6168967403809158
0.2538020991438572
0.37650037381630086
0.4068841400208091
0.5294151399329297
0.41249489408257234
0.37920792912758206
0.6440198004315862
0.2879538938999002
0.6147775465675508
0.2897508473120324
0.319471457890131
0.1617519243991088
0.5387946702050954
0.47917055245806894
0.5250621026276774
0.47435900511560614
0.46608634337769117
0.34603617780450524
0.45297006125518313
0.5154849091485019
0.14922879940548572
0.43147466392721745
0.5294722705234285
0.5276312006065369
0.3371103352834063
0.3132864535157647
0.4748105690857751
0.3769354267574079
0.7396477587042783
0.4471950220260654
0.4057351011418183
0.31452797476231087
0.4846467618022181
0.3717405381949572
0.2953647227654477
0.5710061811348385
0.3277240176358024
0.5696211331258205
0.43631364484284196
0.43342627044069404
0.39263507284488264
0.18509764823680763
0.4988563907152048
0.18266080083935987
0.43686316246090273
0.5384474402302091
0.6123036069206973
0.9947183657850579
0.5326801084044679
0.5603537366875668
0.4964633321016704
0.2883780803594883
0.6815223006478691
0.517221326842843
0.5454972145880169
0.46304086297040115
0.5246044595565493
0.9961337914274689
0.5190436211645486
0.5666070415370621
0.3516990670432525
0.409667206046601
0.27837551534037364
0.73510538968019
0.5663830104761935
0.3201628858228244
0.4041386174112733
0.6930495811104688
0.4532796920124119
0.5362880161912571
0.31179718681019897
0.2168006344016299
0.35360657926886263
0.5248255059593877
0.19465013655772934
0.6148720691954932
0.45397536429249197
0.2754915618135303
0.3579530052224935
0.36219965510827157
0.34288287961171515
0.19992351703827493
0.5163547967822926
0.28797969257207257
0.3326834470480122
0.20919776939060597
0.14372809256436747
0.14436047994997048
0.6094721615901814
0.5716657939690035
0.47442389105116034
0.19439609118643908
0.38825554358690595
0.7977805794046003
0.4642532673637686
0.30625275656766726
0.07748752034561646
0.4478978287737383
0.5400803151621326
0.27370988201970736
0.3212065978698192
0.4681321919429724
0.48513907645768417
0.9897040176752026
0.6645757263449564
0.33874532530088775
0.47342347725661926
0.5671653269461773
0.3633774706860051
0.38433010133417933
0.3608817930394741
0.3007813278065118
0.21722845590531858
0.3314978404156431
0.9801305130154618
0.36208086377160287
0.3672991969592504
0.3861211840797645
0.22204882699773787
0.4541046805967802
0.4913937897613111
0.21002336617449213
0.32530757070338256
0.39522311895787277
0.30770858382539434
0.24565066637376431
0.20649956844059125
0.49207361381571557
0.3717754288957511
0.27506097940054763
0.24555477657833835
0.9933254376114057
0.3049313857735094
0.10003961916979709
0.4616232673909617
0.4918267837956045
0.5382178098922517
0.06047380355405596
0.6718426370999735
0.3134364236349235
0.517951789330144
0.3747325828932604
0.1983788952985095
0.4646643523641627
0.5311042283047102
0.4980414140962519
0.5163547967822926
0.4045018081513002
0.30084493577284466
0.40566549269330965
0.23464032040752802
0.4447461193759834
0.3360716650159027
0.35443325816322513
0.4658240390995916
0.6571270465193545
0.5705243940393492
0.5908306485828715
0.32419777936683725
0.6813741834970639
0.26518957463233517
0.0708999624697707
0.43042278150625557
0.36788120823382586
0.2817808451078275
0.27411454779874456
0.3642189893048863
0.37565248906288606
0.5805462065740244
0.3474708738862685
0.20436374230777865
0.2427845009943823
0.3313417204238406
0.38168153297855345
0.296484231229293
0.6003984590855869
0.35312843859992216
0.3877381875179371
0.39186063338758137
0.36357691924021784
0.3628555439472001
0.3897041968639626
0.2783494171596774
0.345948204027936
0.9916143574494102
0.5315815746492254
0.543280641480083
0.3267304213337563
0.5080181257328025
0.40243444631612046
0.3463419892182278
0.2920221919250612
0.268610871491731
0.20064645231925027
0.22760556638839913
0.3741871504305443
0.34677450388954134
0.2409678119241334
0.18398280513348264
0.3332486257864138
0.3585975879872263
0.3419936480657344
0.4006041404762871
0.1780539380732291
0.5034169268179136
0.35620177383116125
0.26504958565335723
0.3878376501766314
0.3005845973959549
0.42001881066837277
0.28696668204633635
0.37776275417843896
0.5410317389576684
0.3696010154640835
0.9801305130154618
0.4239874132049122
0.3117703214934604
0.18388603944525728
0.20574631636591534
0.24225405859417204
0.1776140892369915
0.3217852195486457
0.31203379356384464
0.33995814122788837
0.4397876823899438
0.3917386297762139
0.5206855611479454
0.26389059022746886
0.5114399078543523
0.6686785281372644
0.13247605342306135
0.5009579086918664
0.31757928176717354
0.3294501162138366
0.49096909076073325
0.40129324867839944
0.5176046007361319
0.39543183745318666
0.42067070555297215
0.6205828273277362
0.16961857177163275
0.158159955727194
0.3122225089170415
0.37442899363452176
0.20490184034809522
0.3178398075748641
0.4240519063745021
0.7013409635651753
0.4335948898637967
0.4115317173134657
0.5567667785404768
0.3540123452973698
0.45369445656240015
0.41521953606106277
0.2602727403862942
0.3507725219311535
0.2700379460385367
0.3860538682887471
0.4605497830639612
0.4217699090797957
0.236336846927945
0.4176413812479429
0.34728352830471776
0.2728159777625835
0.34415058327893855
0.34272356427416306
0.3671338708790788
0.22486003152645184
0.24582675450889302
0.2285399916098273
0.27153880783374307
0.45548024682698574
0.3298688576319697
0.28654740440251736
0.3749270211758944
0.5633208050719646
0.5774034526370226
0.4214062259566559
0.3439374071331579
0.5514521021265002
0.3215844162316811
0.33777121302917457
0.06890849821906697
0.2798504035032743
0.023573531279364013
0.6401136202034434
0.3695534180950516
0.48298111629057927
0.4069597588784215
0.41196688115665514
0.45937458533043973
0.3937242102440035
0.23118672614615154
0.37415502341211226
0.33299220778897975
0.4493035954171507
0.16185794923202956
0.25431148778930823
0.406402040161184
0.5823906948154334
0.3805108522768854
0.5531998365093269
0.4128386642467774
0.23861638695729548
0.25203687090825055
0.4186721920085765
0.2805941528732139
0.43626204936907675
0.01194392318249915
0.4141524895667765
0.3916362285605177
0.35750714694704433
0.6099901308231652
0.23580665925843736
0.5065126939425945
0.5580451758237716
0.4306879902526619
0.6500624053470632
0.29772402043987645
0.2427845009943823
0.43927418964331966
0.33418740836222227
0.36474993281847545
0.5786631048004063
0.5068930863784766
0.4334896619419666
0.25630216488665203
0.3330958761320746
0.27139548386163326
0.654785832964656
0.31643497631812156
0.3106098694370365
0.3017186465690396
0.3887181909996218
0.7380894455956952
0.35159882158971956
0.4862798086322577
0.3806519451718233
0.38947538837827456
0.4162425581000203
0.4072149974707163
0.6793388446300298
0.343248830197765
0.2407570518587614
0.5132931327900048
0.30148728005314485
0.47775723853747987
0.510612075267126
0.39399025335104887
0.6416792131676545
0.3856389020784323
0.08891205761874243
0.4211343406059077
0.7656116805488132
0.3526259113840259
0.43757046886396345
0.4086603125840349
0.4174631328023135
0.3538986032957361
0.3326120944019513
0.4762575314888813
0.17627197861484545
0.6609664855872058
0.3656823696402127
0.32610844871459754
0.41272942933108814
0.28710132973029256
0.23985945425255872
0.24742181039543787
0.3285015098447428
0.2455822281305018
0.6213578215758202
0.4848203123556589
0.457445220129411
0.127743547498409
0.4955126730698022
0.3322551556704668
0.44543403780428203
0.4732877192657411
0.4525628539113905
0.6420328911040774
0.3845811111637385
0.36607314798102564
0.17153524003974863
0.3727886542428308
0.25180714840470486
0.22058040236360776
0.31719559041348977
0.33752488063696884
0.3910817211332671
0.018480819755420486
0.43532298344385245
0.3797416494149424
0.29441578451335515
0.36849829617950625
0.35443826094983955
0.2749750158859212
0.25225636403237295
0.22309210291159043
0.36110207475111145
0.23808480644981733
0.29128964626661247
0.20253866223583195
0.28056817199179773
0.3119171969641691
0.25590094604407854
0.39684067614266805
0.5119247613381128
0.2713230467187089
0.4247830120332542
0.5861677019175932
0.27299649500356704
0.665368886355958
0.25256532252469244
0.296131268891502
0.2562350507260459
0.3639387179567013
0.4388706868116883
0.5128347903750854
0.3427661329024998
0.4072670132130638
0.27346006093576003
0.2829940089310139
0.2592996678105035
0.5233882259094372
0.4572422845761872
0.3735673131092514
0.26936753762691346
0.320382188958812
0.29567810953839013
0.8441254259513226
0.3896272712999579
0.4393654435509907
0.40990346587396664
0.19115386767991183
0.30092197477780425
0.355686645087148
0.39353214263171443
0.4192354287040979
0.15880504396837192
0.27576408766919847
0.32841518860447927
0.4381388276167264
0.3578771556310161
0.38066687196270466
0.35261334848848835
0.19108451130568416
0.47094830501868046
0.3814818958038637
0.24267495247287196
0.25736940798618557
0.3640809136455121
0.21094876425110776
0.34710838485039464
0.594744284607129
0.2726068823111636
0.22925556747069398
0.2624343295132062
0.3537289898970627
0.39191215922022515
0.32489829169146744
0.39565457231226053
0.29147625837826374
0.3877687092812525
0.4081477435833869
0.3678027345019478
0.530347667296013
0.39932667092901386
0.4065996786538607
0.20062332902761226
0.28628148225559646
0.351973890771096
0.23053574651165376
0.39706613885859166
0.45487980529908245
0.22360834544846053
0.33805220036872163
0.31748950715041
0.392726672886765
0.3776659487570928
0.4557947556088865
0.3088280312541112
0.3774261164836208
0.6277374772904804
0.22957619124547646
0.33176486762682755
0.4364447403391917
0.29023574623825565
0.7477259863823978
0.3038855261174487
0.37215123076180334
0.3498746949377255
0.5039975871361622
0.5911637655989523
0.6588469880477665
0.34147840165780075
0.2648049892067643
0.20922970280141573
0.6496710339382346
0.2386094025071408
0.6801817897483868
0.09522910634396897
0.4171468885376286
0.2018066848651462
0.45558200222416034
0.10925162609754668
0.4283040343475224
0.284958445361401
0.29759030804300035
0.3665125769972297
0.5257270912003724
0.19457551130607909
0.5126502869020757
0.04671052343524018
0.3461861269076425
0.8415800459327285
0.32530757070338256
0.684190119428463
0.40950357477838106
0.2698296765686521
0.40067948218551275
0.5360285653963852
0.39191215922022515
0.08905004296348795
0.20879047275945184
0.25544234210635497
0.43312830515500855
0.14868708011306098
0.3419196770218922
0.3905741317303094
0.4527739396500188
0.4952246478377199
0.32844964751919625
0.2185410137700161
0.32061010444315585
0.3610788544926016
0.991985415670888
0.48305458267591295
0.4891639783564332
0.3501376910531585
0.07783527010432945
0.26951307152038406
0.40936473620917013
0.41685479577529727
0.37795669956365274
0.5657297935704524
0.4064592913076266
0.3035734612332641
0.4483973248523787
0.37810399080816837
0.4348415813870101
0.31174180876781565
0.0643116573264666
0.4504749091313679
0.4734735602981517
0.2548910913678838
0.04483309019526216
0.3935592098548061
0.1808905185988643
0.16145203573426303
0.4110341933732391
0.39809625812529714
0.35762937317390775
0.4563358941544312
0.3953734329500773
0.36485853516121847
0.4022550860662074
0.3181629806770747
0.31076875808434956
0.5617330935002831
0.4692354404083875
0.4938828153472212
0.28065245350931156
0.3135744558970148
0.36832567301011143
0.28754466834083325
0.32526164277582015
0.2713356026770959
0.2606917012394072
0.5063603365634101
0.3657096039254403
0.7494475961260495
0.33699555582142215
0.5975074950221912
0.5594427881128776
0.40733475218879567
0.6446213354984853
0.4385800470778948
0.5230347040451794
0.31258611641369827
0.4339538762599958
0.4705486810891534
0.5213822509353618
0.31532669364483334
0.529849750637836
0.29904053356376803
0.5182512509484971
0.7619943263649587
0.23629422422915503
0.48360230523332415
0.9819940784013599
0.4506089536643372
0.2225519413917112
0.36200466047768076
0.4714556241976158
0.5253918637934356
0.36728721899216266
0.5186254456637575
0.4337559167394469
0.5887999491267188
0.5467602909708493
0.06358590091255434
0.6008597152118549
0.7590308381879167
0.3419446526929528
0.4375128974594992
0.4596889595309436
0.5907437364675457
0.5504933463804357
0.8336336922404355
0.3602532061815311
0.5072254546091545
0.4363499335167247
0.5110649957824671
0.4575427481637917
0.6489857764141841
0.9967233676072885
0.39983585312442593
0.30045884155937963
0.5541809990363944
0.49592384466650574
0.6199182851874124
0.521134554033563
0.560308167806675
0.49451169669113315
0.5325363102401506
0.42561571366559203
0.45616491476557974
0.38105957123338885
0.3825960007184841
0.25228155649692463
0.4299983521755213
0.4828060493023203
0.31993089989164725
0.493719122109594
0.5074048873076081
0.4978065080394848
0.3777301941613044
0.5495399671510355
0.3645582161595814
0.39467951947737534
0.4423853270464717
0.492887150669188
0.4523645036642485
0.48631735647951047
0.6451973550113953
0.3844564412835939
0.6347630979291475
0.5426637265178982
0.3438306784308707
0.3851016746460927
0.2705476040799504
0.5715573049653242
0.37858942898559445
0.19464619155611962
0.5983326864416467
0.47963203062627335
0.6823611197522684
0.3833749701587966
0.3419607456538023
0.4838985266488053
0.40499249431473316
0.7481548452345954
0.42591732042416497
0.36246385862487407
0.9845484397942144
0.48733176825678415
0.3880229074241077
0.27374763201867847
0.45520196901830046
0.5675038153794244
0.49940478182794623
0.4632403330018138
0.3207023090280101
0.4886401515646849
0.45384733431687185
0.5962322523296504
0.24859226116868594
0.3738327615840056
0.35711963078066533
0.7305810748223993
0.693268221797156
0.4034980948415069
0.3836720739898123
0.42571912113738064
0.4604160158608117
0.9973919550623983
0.5059183151153701
0.3821400406043871
0.48698793660035755
0.535122708433637
0.336232937836913
0.5719677908754178
0.4185441252546911
0.4020130658333898
0.5034332803364439
0.5918206764376018
0.8958477865863815
0.31237441317507
0.33135026382207
0.4275634184829975
0.3541230869284824
0.4356978183589464
0.7125277691185572
0.5960962652596136
0.5078561182551417
0.29606291158073306
0.4583666952412877
0.48500204740386255
0.6119525734123306
0.45087436864692654
0.26219886927242086
0.5887528269719889
0.6586894351183429
0.32078131438134916
0.5966577416952468
0.46852262865493743
0.9712286076805344
0.38569752005711067
0.34228872871616633
0.32830912272994306
0.4337208045537908
0.3935242090825335
0.4711635438256935
0.4286959876894627
0.058490957244899944
0.683735003096069
0.20242935482186974
0.3762636710515457
0.605919816492861
0.28243308635209363
0.35138547158695765
0.6778355532421769
0.40082562590371296
0.21328381759508142
0.5776401487094163
0.6908031687542403
0.4729559964547988
0.5030479563113112
0.26889163626161605
0.5735724984824874
0.6414997166883327
0.2592585088284838
0.3912610036577474
0.6563870111270657
0.5225299871520518
0.4729192697661464
0.4040218815406338
0.40184916555635786
0.5931382378136578
0.41448507567855897
0.5587157270677303
0.4813484748452538
0.35084423737408166
0.41802441159002435
0.6561321917346634
0.5824341823745027
0.329931827034748
0.5792545860232831
0.2113177157796271
0.3874672149578744
0.5546542297273531
0.4191708774344466
0.42442437090313034
0.9858144747177244
0.49948076175380307
0.4932817393269364
0.3073238049673378
0.27784067712003235
0.4338322253976534
0.5980115574518469
0.7205341218055643
0.7453066682269309
0.3315772394687534
0.8198250992145701
0.9734104241679538
0.43285396053914393
0.4063260519665197
0.4742033450330484
0.5484881101135178
0.3030069304102425
0.6476197732720439
0.3678920515659081
0.38284383244869014
0.8264806466994414
0.6431811233305876
0.31828837075325667
0.31966491695824906
0.3382819760546678
0.39393370307686326
0.5588603064308418
0.4340683009273274
0.5359017990146022
0.49554802587183155
0.5310440369534133
0.47634613851735486
0.4900603778707905
0.617602732053639
0.5071512252046249
0.51103071594203
0.3775522607134283
0.38367815791327886
0.5716319106725304
0.38017609628879234
0.5502681956867296
0.5362694891375237
0.6123317780032446
0.6657400198282428
0.589765834895394
0.43629816132811594
0.531164345787198
0.58818611519822
0.3738164824806661
0.30820621242798374
0.36376950360294047
0.4506226316688864
0.3704879057512047
0.3127274074247848
0.23320318296541453
0.349916912150121
0.12947894433884266
0.5096680378246544
0.6889929877083618
0.9178319534048389
0.40735852228537617
0.3747972972725506
0.5078425000458655
0.2817386325769716
0.46852393656649893
0.6682690453668205
0.532375677470706
0.27434158310764745
0.3371669762213274
0.4618350861999476
0.4740135385887304
0.7773013126509841
0.44234723336643367
0.5504918436170164
0.46495299654278244
0.3368870186215429
0.601069728943584
0.4643041256843037
0.34965647988036985
0.5461441241363261
0.5112915301939931
0.28710045644102933
0.38049363505215705
0.9915525502548199
0.3556511560543013
0.5058392992952527
0.9078696839864868
0.36394580197665194
0.320092828483004
0.5637080381965454
0.4392738341223281
0.4243094146325398
0.6592131249956463
0.6730620802422992
0.3611855499358534
0.40721392911230003
0.6208047056665568
0.4864929559539197
0.40104272511937233
0.5172095531222044
0.4640229352809837
0.15956893240854497
0.332761337050799
0.3594363035591943
0.5423549109431718
0.3704257421710083
0.6479073550319443
0.6808587612459974
0.42212268190353974
0.3291702693675782
0.31663374161317903
0.504207927074946
0.5186191535069484
0.6424528753109819
0.5286412488534173
0.3425618408357365
0.5266934866060986
0.995294521408557
0.31345687616148554
0.26602360849707285
0.41164254769522557
0.7172058846329278
0.47210306537589486
0.37100659544096226
0.3236667709875718
0.7491061060208155
0.425405420942054
0.39876611526350636
0.5651076889613258
0.38426365437014454
0.4547255592932955
0.4976921016651529
0.3322184598428439
0.40530086000065324
0.4157256072400265
0.1846686852341447
0.2813830792240726
0.504691313172441
0.3257787644770327
0.5624241457105392
0.5136539455999559
0.7854760809494772
0.6632724678409182
0.3338654866290409
0.550543092374385
0.4611136035602028
0.9790884411214403
0.41921528538631514
0.6076676917616652
0.987375451595914
0.51776015263219
0.5296533997430731
0.5026680609375154
0.4868630129282103
0.46207879663505735
0.45853036571918326
0.5162589781127447
0.36859515312523894
0.4058852226123555
0.3519992972825411
0.27836140312676716
0.38492088380505307
0.5387284981590539
0.36760342258526324
0.5276313725170902
0.53756525435888
0.3280014189670475
0.3699862433159786
0.5215649587293585
0.22557903475668195
0.3113035119123675
0.382615341469692
0.4363984353207625
0.17059692595842102
0.4643287146994386
0.13737079711829192
0.4427166202083369
0.4539743096405431
0.3685258505485629
0.29733934188665245
0.5404269482013975
0.43115876799442465
0.5654813634091458
0.43018929590123234
0.43886751321972284
0.34594701272006045
0.5530156062620337
0.4280680245014059
0.4898210330428958
0.46174415890851694
0.16338234841449373
0.41336491650014606
0.9837445931251159
0.29304796980935044
0.3635269983855183
0.461008641557883
0.47686756986717393
0.420680756002793
0.6053538673111686
0.4071857562051343
0.46278183171006515
0.47495409351289075
0.549264227760631
0.6090139510193455
0.42424671167493777
0.5669671732305346
0.08868627740361523
0.6551936183377197
0.5584551172962167
0.34272595477912726
0.2889477756931711
0.6523409297443806
0.4182353825140277
0.4123649514835608
0.46848091462832175
0.23808655840714266
0.3007818943221927
0.2581194295034124
0.2381785401400115
0.36686386182837083
0.36073951465590626
0.41576575746294453
0.16447620481719094
0.5335256854352332
0.416233599597844
0.5508585832871258
0.49097790096116967
0.3573678684979289
0.44754038920856487
0.33669835094402223
0.4281357917748987
0.4434291010375354
0.5272420801033023
0.5908731168169218
0.5798439497410934
0.5472847627316291
0.5214092446254918
0.4369812467016705
0.4643614396333593
0.41452990387067745
0.34786657684478617
0.5423443475743701
0.48490106860313853
0.5650036545723339
0.3764119552831213
0.48122865986323904
0.3142699380683096
0.6503056596051819
0.6138363057826365
0.4893474721548532
0.38516969946784396
0.5396318520967485
0.19404799348936907
0.5408084615599975
0.621886863789195
0.4300480399444202
0.35221950319010675
0.4992733125613473
0.3530978709212733
0.3238873988023804
0.9858991495418863
0.4070076396503841
0.4203148022520141
0.8103659720661515
0.30131272992506997
0.21467815412132962
0.6000290075276091
0.6203656307212415
0.2811175900099582
0.325721746259505
0.348330773928721
0.4066653329694292
0.39748393312320107
0.305523178713778
0.40898906899085763
0.6234980123778505
0.38874083319252895
0.4821323586249642
0.27201285997990543
0.35312640097382875
0.8007558361275764
0.7354456804926943
0.5627245224812785
0.3930705028716571
0.3802145313347456
0.26282715929668876
0.39620868224761274
0.4707026806918534
0.46663747925977495
0.41362844752188677
0.38080113423889794
0.4201239825863564
0.5113741586547106
0.7587035203611693
0.60680723368655