0.5858948343657534
0.6023929764854437
0.5014593573092525
0.6417317374581943
0.6005545343662206
0.5535418160717096
0.5697313697453023
0.47059369329547485
0.5830955453735316
0.5027299700742722
0.5805930057448988
0.6550764920908004
0.552448214377489
0.4113769880456406
0.6097066019231774
0.6380192379738374
0.5722531567783762
0.5194965761042876
0.45117412410613167
0.5530791348348164
0.6153103253060794
0.8102979175452374
0.6799478770821852
0.5943896597937577
0.5246008498063335
0.6452463993669385
0.6847758426361585
0.7489903390268577
0.7026751515296441
0.6818137690472479
0.9821384001081438
0.8077631130967429
0.8188675403203208
0.5617405608861757
0.7673308158196539
0.7049602580040042
0.5895471305974836
0.33362531489404446
0.4224422583923213
0.755817062267516
0.8144174071308116
0.7676203561613549
0.5998163853747622
0.7621885085877383
0.7034656273328516
0.5784685342427777
0.6319345777447966
0.6647201766354596
0.7388357270783236
0.694720637222069
0.5942249640271595
0.5889656127265
0.5823404666800969
0.5886244085884982
0.7510418486214093
0.5939603067867723
0.6064919685539183
0.5172678446505492
0.6506646071182526
0.43823245601681426
0.5479348750151729
0.7860628542757511
0.4742180579512518
0.43943090619908487
0.5362239168114874
0.6860441162726054
0.670970833348103
0.6395964976233811
0.4414812554350038
0.7094672853881153
0.6178174477569487
0.7394076064686328
0.6439036578500316
0.7536616408275639
0.4997968592626849
0.7845786129602366
0.5623175436468598
0.7555549104332869
0.636614626881664
0.602678743406875
0.6792897217414477
0.6157629590269564
0.4929528215132355
0.66399382581003
0.7199987767106868
0.716537857839871
0.9921879208933976
0.6583230054198582
0.5940323045203278
0.4989488864167221
0.5685042924351931
0.3834501488341069
0.5001874975641498
0.6113092638602398
0.5156559943651391
0.7097629074872114
0.9874821872834524
0.5175436859278348
0.6254543692185521
0.6672935677017463
0.7836152723473547
0.5770725094550408
0.6012122135492095
0.49258588089964594
0.7218747132478291
0.6585923148646737
0.5246196139846696
0.7271658293711939
0.6308847465491554
0.5239539303503226
0.669349304654669
0.669349304654669
0.5989863762418495
0.7222705012173369
0.7013253976465551
0.5986911649715285
0.7740581955466305
0.6483013472708443
0.7168930327817202
0.568726830229476
0.5227772701580962
0.6259110369915423
0.6069865712882745
0.5453927977132762
0.5670660458777284
0.7002519260142533
0.49575136859738034
0.6810039301119084
0.7118571345182034
0.5309868415204135
0.633885849859065
0.5470597386255537
0.7281967707672714
0.5105804852216065
0.605676631873784
0.5834055960254169
0.6936676029298885
0.5356358314093448
0.5374587592928665
0.6625450486331215
0.7377615082698664
0.6806814916187796
0.40916268350527973
0.7721184200129766
0.5920247407210513
0.572927186908123
0.764934860838956
0.48198311133504324
0.6770804671105574
0.518141358881467
0.557587384737351
0.701780930199434
0.6409427979555983
0.8604616088723975
0.5022182216624188
0.5132189007549066
0.7288127638728354
0.5129747989105871
0.6604603624086249
0.5638744776019049
0.596281864168829
0.5111128312087811
0.486591360672078
0.4936083046200266
0.6427274944981363
0.5198920104242112
0.5427803485014453
0.5154951086834727
0.6402991505684489
0.6363143106087131
0.6865637432205178
0.389573649429072
0.6527123552382795
0.5400321174991436
0.5761101553273436
0.494074289859585
0.43945377207830605
0.5320527135980768
0.5429793436073733
0.588225609320994
0.5502427253925889
0.5731335010886945
0.6561201608537091
0.7153197758285927
0.6556373363606851
0.5167262731713868
0.42980000985663935
0.6515200601455553
0.7667288051036809
0.73501391204692
0.46855017304442614
0.48390031682181367
0.6827534729745994
0.41267421128733617
0.7216865827199919
0.627193266714595
0.5556323317297376
0.6809617049995326
0.6536875111663927
0.4623659770396582
0.5934685497510703
0.4477775465660978
0.6551220750994863
0.7724097218587516
0.5433710778873825
0.650692867424164
0.9919900374792163
0.5428054024994201
0.6180355405967211
0.6190281668065415
0.6974839985271479
0.9682496158505094
0.5310565984628712
0.5513762335225646
0.7887256025475958
0.5753473016385673
0.6314021243659228
0.9161118179135783
0.47524749641673814
0.3672916541580604
0.5324636660391336
0.5285706725542514
0.6663132644830977
0.4817020187290313
0.4846437288180444
0.5126597731659196
0.575871594683105
0.3828215790415105
0.5937009877770469
0.7877942274217791
0.4603774747443701
0.5773535985603806
0.6535889228800519
0.5476227339138043
0.38259564927192447
0.6895183430558481
0.5346911185294612
0.5933071249350454
0.7221620409487184
0.6766731170206057
0.5067849470011788
0.6746487428998167
0.6059182936106969
0.7496947648310233
0.9887911070216527
0.9887911070216527
0.5214178639477602
0.582994388262296
0.6225495424440193
0.6082804544358731
0.5551243754637103
0.5051287808375671
0.7629239887323833
0.6954417472329094
0.438005538163061
0.6340117886652319
0.8430537601707094
0.5718387365998598
0.5638760206927834
0.5413886965932315
0.49745464402351114
0.5822831034832626
0.5376841887865145
0.5608057768559511
0.4849011149806882
0.972043557411325
0.6076809517801403
0.32837549916257025
0.5097982978299398
0.4683632103901789
0.5935786926569088
0.8217045561891592
0.5996407957572049
0.3702180418502825
0.6819633825737602
0.7352419402983502
0.41993844084042786
0.9833750537944833
0.4819720710833698
0.5827739624635746
0.5801833726047944
0.6201999827989674
0.5203407489058177
0.7194288851648685
0.6182416617276515
0.8596414583099186
0.5012372311909554
0.4639991760744233
0.4436779850697147
0.680886679207706
0.7215011369799105
0.3468114667652915
0.7713517525983588
0.4951750803281836
0.5101302179521638
0.7063938748591833
0.6689211886694868
0.6588002330918613
0.7077887846289852
0.665892077622775
0.6447169178982556
0.4874812989646333
0.6377525002319844
0.8049723582382529
0.5157292122558479
0.6092424139585045
0.47001078981178535
0.5699120596724602
0.4913147523594912
0.6435587734000972
0.7274007362362719
0.4516304059482831
0.6749917589266814
0.67017153013331
0.7040351245025233
0.609424753165682
0.569483671135153
0.3886907526743364
0.6041414014455929
0.49538192876895737
0.6451625870124821
0.6628241868478815
0.5811349434661828
0.5230481398876874
0.5968693055473625
0.5612866039438236
0.5197382130334934
0.6354979226292347
0.6074371375154789
0.5030215061609438
0.6364503951216731
0.4546501702364888
0.7810635794994593
0.5474572172833592
0.6475411163039018
0.8143541475225541
0.6594195485919243
0.6102619810425551
0.5290192361204604
0.6474397333079376
0.5811414233848934
0.48630352659404696
0.535379458471782
0.5305544534234525
0.48505344899994807
0.43619277233957165
0.44489066613758543
0.7186070234427573
0.5770395357089455
0.5816268529605954
0.6322954821808825
0.493252136993962
0.7670132125602069
0.7395423317942517
0.6606188615989336
0.44492194978977306
0.50696666192548
0.4498969620214346
0.6064652513234752
0.6007712455829667
0.5033885449731389
0.44050684960992204
0.7213630055748199
0.8690719856064907
0.6182917593700883
0.7516871450199735
0.6470471216603875
0.6613843401861887
0.4724577322124872
0.7294620266010199
0.48229886506608155
0.4846109091618599
0.5280403009250592
0.7857691702960122
0.8777735069832995
0.6532978954834026
0.6423244200630256
0.5277380982755703
0.6867025484630509
0.5556873472770081
0.6607810304152564
0.5258619946079441
0.5761124008394751
0.6385254313172044
0.6479923689820924
0.5019653557120867
0.5278348794106307
0.819462865980774
0.6934776914137367
0.41461904683412143
0.6011313758734349
0.7908865904346307
0.6379488482252402
0.6817689532065974
0.5794169191767315
0.5918484211223587
0.6277629241279594
0.6341722264683847
0.6011449167849523
0.6586204688984887
0.6602126514713474
0.5134385369194685
0.7465958616693964
0.6198202451936029
0.6485670593664079
0.7440894070022426
0.6843010893704935
0.7682310494559291
0.606185546924012
0.6990081357904054
0.9031009563779799
0.6364107598378889
0.6225163238744318
0.4529685566118875
0.5166967368222559
0.5612357609783338
0.4971663909228696
0.6424085739785216
0.7680950685528977
0.4476888288731571
0.708269209291931
0.6198664676048964
0.606834485774888
0.7481615894709398
0.6260097692217027
0.6077841332936318
0.5333123083016557
0.7119436375113054
0.7108584693104273
0.6193158702656784
0.5515258151578215
0.6055654432336736
0.7554774723013277
0.4605592284804725
0.6505801804455198
0.6821701013459222
0.4569912059361896
0.7296320878625291
0.7173912917498967
0.5802395007742497
0.6002906687404659
0.6120790843903902
0.7165403929468703
0.7441723092073376
0.6224607309667131
0.6722253789115789
0.4795357381562604
0.5276550438689185
0.8114553594484128
0.5878235775289258
0.5608864678404106
0.5763899483945404
0.5591446045920289
0.6428757006327147
0.6267154916661076
0.46751610406646726
0.5689236902382449
0.5869646307049885
0.49269756227301253
0.4902490576155565
0.6340703164686636
0.5356271402958273
0.4273863157923814
0.450038322125783
0.6207737329510155
0.7647665047198138
0.6431285521984766
0.6232197560339315
0.6636964529842804
0.429377675327149
0.6611186309727616
0.7012623584204759
0.46323618902920094
0.4241582182263036
0.5447638755008526
0.600485038885801
0.6555428232274729
0.44706708203361045
0.58841355351855
0.6072264279497337
0.6019380999114643
0.640948078848818
0.5168787959645973
0.5465485251028157
0.37506242417441016
0.5051575667474959
0.6122629725835201
0.7118402000240618
0.48929810409442065
0.5481736314877093
0.42292348610713415
0.4794606509950805
0.5036937847853176
0.44654585710059136
0.7206641109748994
0.5723162172128378
0.6764037629542105
0.632438808523047
0.5119793064782686
0.5228287859401041
0.5106335922791543
0.46944652790798946
0.697349043603978
0.44760639618566855
0.7024927213113016
0.6034770470600049
0.7464804944907795
0.3811275600525139
0.5803861656100595
0.5938626192082643
0.6480428694218328
0.5848228868455984
0.6655854423935581
0.4075615217165629
0.8088653004989117
0.5721679870408561
0.5987918077903374
0.7107329845145296
0.49518806293520923
0.5177393957565096
0.46462259448078735
0.612326049170972
0.5170537838714733
0.4101029950420998
0.9683648110170844
0.6019676354967013
0.5835682577368059
0.911146240859526
0.45495751077607927
0.5649403586098374
0.5815299758464918
0.8335629180731953
0.4025706464137261
0.2865423186415298
0.5216833575411663
0.3450022285216652
0.6124845565776353
0.6693476411943579
0.67581284804264
0.4378396955924988
0.5174884325375717
0.6437758020265021
0.6963004330775477
0.5684361323886709
0.5457542632753853
0.5685780753571761
0.4162101732236293
0.5655447425294887
0.4884492227894408
0.4426365382332387
0.362899121067634
0.45609246934305014
0.8534931070788305
0.42775238197136567
0.41207856784183217
0.4779619938039035
0.7069054826302281
0.7637203241695436
0.6769451946557422
0.7090499290762317
0.4548288833255639
0.5558780774642719
0.5610627484174903
0.5907567892297871
0.6984832105447293
0.5747401818932484
0.3716277771836344
0.449826569176081
0.528067205694693
0.5417770690593776
0.7163218398010418
0.5057197788282046
0.5986057564917557
0.40803127801178407
0.4364664124853892
0.6514652234579492
0.4116940247666747
0.4528916067735236
0.48092894514819573
0.762365751276467
0.44055000618403317
0.5246353545696292
0.5139274819253942
0.5554660794153639
0.5228640052507468
0.8239073247920018
0.4365559746961709
0.4311399642835738
0.7314429260396451
0.6572515860337032
0.7108141822716536
0.36998436334765095
0.9767645974885251
0.2949432175280371
0.6766210697084984
0.4130196390744888
0.3861091737810378
0.4983153580645294
0.4556694008152633
0.5372776587412614
0.47162647179163875
0.5009665284240705
0.6520960509477696
0.44925772123166297
0.6703288429705323
0.5584999145732539
0.6553187926226808
0.4852504593034721
0.6952292983330793
0.6086114241088606
0.7089041629034706
0.34592070170356437
0.6186546668819601
0.5626197741855545
0.693522867449329
0.6405160991447574
0.35894499315366657
0.9931205194537762
0.5362942369574901
0.6452948783560427
0.6144265617127078
0.4758071171777193
0.6032557164960393
0.25637089271495606
0.4769691664801321
0.45730176166011005
0.4707994950693566
0.4767253929092703
0.4216533400522111
0.7128731260523896
0.5625308195914148
0.8239662309865047
0.6788618109238532
0.5710018426622339
0.6049177752670285
0.43155665872101145
0.5274313756480675
0.6932144958970771
0.3882505341131659
0.44840711561145175
0.43764831371924695
0.3984584358078903
0.8615505429870528
0.5607230532231171
0.495508962933621
0.5266594786774369
0.5437626946120281
0.5202719017784698
0.8167342070215307
0.533552906613396
0.7135722464264673
0.6768180931484558
0.45124110166467757
0.6515637058105834
0.7074832172580449
0.6765947081132168
0.5810882993864142
0.5139757776540155
0.5318825334926431
0.9857386407424359
0.5690574956297906
0.4987047985209868
0.7050909422792027
0.6121262998012932
0.8080155546926711
0.3481441220530451
0.5300642949847607
0.5199839294204838
0.5905287793091909
0.581089634420749
0.4399306900030887
0.3384242689325905
0.37946227284259626
0.36178751122422903
0.4627521363604796
0.6357226313850197
0.4799047252265375
0.6592652777449297
0.5701534048055743
0.5098474412763945
0.9757630580523715
0.6635639096560016
0.6978528345196008
0.5526815261665217
0.5003732941222188
0.44569763886066105
0.637425168854341
0.6513573971645867
0.662366308672159
0.7078722976287726
0.7719492009529786
0.785749398572534
0.3590148136779012
0.5733569799318073
0.6052848600802687
0.4676966150354711
0.5043862756250475
0.6284393939476921
0.49586414750307606
0.4901468213091107
0.8003480598060069
0.5528346318553925
0.8376464497096944
0.4826421440196418
0.4779527985819043
0.5132751849375291
0.5333775095401249
0.4899272906133241
0.6082639717006524
0.4808447509800279
0.6937433625704231
0.5740752745701039
0.42650311795021056
0.6694396422803639
0.6530059620044084
0.55541405838492
0.6153385937218105
0.3705791756484549
0.5786704224162542
0.6901013332425625
0.7921992467741159
0.6414251959962498
0.3988861607774188
0.3758864130654135
0.4803979531398479
0.9686589626154035
0.5964184214931574
0.650398723043795
0.6805500412094896
0.4102912834062714
0.5474683627177935
0.6598517153224525
0.6401804345924553
0.7352565454824922
0.6778795905412912
0.7068040846331063
0.5108188736640585
0.5189512164847859
0.3823742354156703
0.6406434752859358
0.9918043456669602
0.596968460179085
0.5857461612146397
0.49039557078631235
0.5199214287359395
0.47060409180656826
0.4909363683926966
0.5411804902999536
0.34152407826827114
0.5723708244198177
0.49490170711235715
0.6424802572372946
0.5612462879862299
0.41366461676335864
0.4024099746148315
0.4365766021359243
0.3330197049454622
0.5100588446775409
0.5624536671338936
0.3519975268996186
0.7504858581203235
0.7504858581203235
0.7499061124859111
0.7618891209156504
0.4754029421340944
0.41803688153619833
0.6379110888089805
0.4055711708385683
0.5198262466259924
0.6713913468801785
0.44811847783288095
0.6017102252636133
0.5941403535463152
0.5023666944851506
0.5153900731417
0.5619208773313975
0.5113115856864042
0.7288607184607869
0.6567123190917874
0.43808954018946367
0.9878600047412851
0.42257143249036333
0.5592683868723454
0.49518775014588
0.6175588838166476
0.6442422606061872
0.6068412860789276
0.5462243327699474
0.5021503565646184
0.38511302797604585
0.5045190762810609
0.6647071526767963
0.4348737418109646
0.4143908885141536
0.5849985316379013
0.41949305399630865
0.6352261410755423
0.9782480228997267
0.27584490893887825
0.651803075958399
0.6273148643190063
0.4283776227082059
0.43689610590754824
0.6876049942336675
0.5947549851393468
0.47332273357689325
0.3872166661342279
0.33329201329043523
0.3485316889361282
0.6592006863524208
0.47284194723478723
0.4872482575994699
0.5934563248855816
0.514355231958046
0.6880130852378568
0.5316014273070789
0.4515914696300558
0.5893068240830452
0.3419731381508291
0.6010831234379409
0.6985878902868649
0.9870746374577212
0.8571948058982375
0.46364652051760047
0.49324500381556824
0.43254067327015666
0.3727937510434519
0.5100185865096938
0.3684716433368853
0.46831248393068425
0.6337010931322962
0.5797830080843797
0.5244953511722008
0.5247214739046656
0.6399191125145279
0.4506768159648068
0.588218271522833
0.5510451415929873
0.5452826446237228
0.6419051414831599
0.7908756991559167
0.4281972419561261
0.5627931168427367
0.5401364059826435
0.479193205531916
0.4281207200731464
0.3995405701215259
0.7350047173820563
0.7725061493455117
0.6030326443296543
0.5535769633873961
0.5888668010767171
0.38946036110092974
0.477765588138378
0.6019239780414034
0.5332828861356491
0.470007272821797
0.5039399513887841
0.8016593505240921
0.4231751061447755
0.3756469148461784
0.5274108383583773
0.5839180294537215
0.6006179846146391
0.4509919798439561
0.6003716178339269
0.5904908911401064
0.5390821093987207
0.5227616641703766
0.504239056686038
0.8065000297423137
0.7470130311475358
0.377581300642867
0.5717581905354608
0.6639402063536327
0.5303405814502362
0.5113142103780733
0.7396820816503251
0.4322031641301166
0.46036887237166724
0.6140803791023521
0.5619121969418857
0.635701103312245
0.6080712734864628
0.5010714138364147
0.7737732190485808
0.6518747188328429
0.5740472702516987
0.577376016506032
0.6405210311034844
0.5466677925790222
0.3234066177723871
0.6415974054304633
0.567396172402557
0.7794584083291658
0.7710881717080993
0.5677462808393314
0.5319714220452219
0.6653480402070291
0.640519430921489
0.5837604966601755
0.5192848408688523
0.34986450939978453
0.6125218597451305
0.7216756608596049
0.6369275588820538
0.5493444851562624
0.4655706877978226
0.631800917808594
0.5021697102841142
0.6080884981112005
0.6393354745856481
0.7400907662719898
0.4545121242956768
0.47120500689197675
0.29868853339681234
0.40693693336396564
0.5211400773621887
0.8141081575512268
0.3912646279350078
0.3805306812767013
0.657718187646336
0.5659370901495817
0.485613856142189
0.49164939315867984
0.4279808550952281
0.5834061647259466
0.7085244756863188
0.47994041105607455
0.4783061128528465
0.6065881717997238
0.9935365381918075
0.459670296121682
0.47107308842610507
0.5240220241796012
0.35211632127217296
0.5555193885482127
0.6015720999259866
0.48035787811580877
0.5407118509775981
0.6097314963440721
0.5509421802564447
0.41927106925564184
0.6012054800663782
0.5549526075150706
0.46581757021194103
0.33896334419725827
0.8720854153719169
0.6215946557796982
0.723822706941259
0.5974476381762586
0.6190138894107874
0.3215858698315591
0.5183321341548328
0.599836577546914
0.6062654814179543
0.5131757503945218
0.6641809730129268
0.6401975367318016
0.4234208950443099
0.4461613193665086
0.8257912721395633
0.7102988545989356
0.5860128147380381
0.5243900133732129
0.31351015421140715
0.3250017412109574
0.6611041383292425
0.7087128055538436
0.47913746728281303
0.5394542678401615
0.6432580302406212
0.5043049527733063
0.33891486735532383
0.42035027134805625
0.5432028815157579
0.6356338482781807
0.67677290454187
0.5199309216888248
0.5715103309115763
0.5888009414342461
0.6616218782405539
0.6705423092270273
0.3798021286644321
0.5290095887885969
0.5938365407853919
0.48922259423721093
0.6084952641264988
0.42686854824800624
0.45449085630623254
0.4196761741524131
0.6323773493161531
0.6832530161955683
0.6897533716401193
0.34076113846097067
0.40043487003573097
0.6572477712107021
0.527981391893717
0.5109450092536005
0.47479412371202845
0.6720305291601248
0.430716248313438
0.4982013485697756
0.7083936846834694
0.688888261100647
0.798161204438576
0.36431129992417777
0.5489942657730673
0.594599562267925
0.4656746902435729
0.41577610708053203
0.6416204665288445
0.2894126035771891
0.5750412037506034
0.7222778964078829
0.4650167501048523
0.39206475578839795
0.34808739235476216
0.5303536897772387
0.5888617143222048
0.5166910080607703
0.5572138072220904
0.6986537426869457
0.4842043238205167
0.49624059398124876
0.4332138959519498
0.4357006205862005
0.2975531360017353
0.586855459616216
0.8171847555839692
0.5973167250561856
0.508586918606485
0.49952419750969745
0.47543310871790867
0.6768041582641724
0.6039672660206055
0.5257190894981533
0.5545311538980955
0.7124055681850037
0.7573742714442528
0.7006438896707464
0.49268730480359824
0.5370689309525387
0.5216158846869512
0.64359200297344
0.5290004107236953
0.48220613760865216
0.4427208087780259
0.6830128316050144
0.5322594745775767
0.5564849188306781
0.5932507009998298
0.6449100074472687
0.7062905863558928
0.4311703248226688
0.5958647966265175
0.7321993145460453
0.6466699027373655
0.5992139335958929
0.4173592206203217
0.41540490796461693
0.4855212822112235
0.3853686548767884
0.6209787838813925
0.7969136214513268
0.6157720309202093
0.4697190619874916
0.6841958453376106
0.6859573544079172
0.624889032310307
0.6158688494698121
0.8008226993318591
0.5017466337287855
0.5319714220452219
0.6127376175762248
0.466461378678781
0.3535066741488382
0.7679493564571901
0.8450397908069525
0.4004215107615766
0.7011830782869416
0.49582390619842365
0.5496340062178939
0.5458015353542351
0.5829687037968234
0.5368206906270241
0.566260698417061
0.590205957748991
0.5101645019843983
0.6389479894353634
0.5075005538366013
0.42031905998565744
0.4636702747827042
0.7231339022525897
0.9975121800744059
0.5243195701348439
0.3821202672225825
0.5935526708738982
0.3948790116735529
0.598221466353007
0.6311146354561528
0.6076399984291653
0.6049061857465889
0.4273565287251142
0.3944276912950355
0.4565458085552464
0.9875688016768575
0.4250697635568883
0.7434993742210088
0.6784700173599841
0.45631744451912426
0.6054948354314524
0.645380093479037
0.6538604128365619
0.52935821756914
0.45273251937391545
0.37105452138289685
0.4471787502756519
0.6212779064829883
0.6431122613531756
0.36139328317248043
0.6508696182760252
0.8181576626836102
0.3720214871237071
0.5478842718105181
0.3828503676287762
0.7153909294201077
0.2778977011341235
0.6461520338678051
0.46909395630765394
0.5017330610235962
0.6276538879945078
0.5438360208822913
0.5766425531737749
0.5786023812119089
0.5023416138043109
0.4163613393453456
0.42377101890803925
0.43436796208493844
0.5158828823798214
0.5205517462472785
0.3441106357400443
0.6070040782555216
0.5551838258000871
0.5412520849583365
0.4666989826757786
0.4696496740097712
0.6625330662892985
0.2539316533948668
0.6045390173539541
0.47865151580113696
0.44204800002007383
0.39775932780768597
0.6354042434014044
0.5149972611841027
0.581516778638078
0.5867174936108263
0.4947450271976567
0.6713660508769161
0.6131029873819425
0.4725883781969097
0.25741848854021077
0.2687175139172868
0.45147355362411545
0.38382066622055855
0.4570361170678686
0.4214635534234401
0.5061909045779706
0.3691923066815047
0.5378939641369999
0.4045041000569152
0.5887638427686162
0.6532273949293581
0.531040147752191
0.3647838288550256
0.5316273483323775
0.4760146058164334
0.49505595974357286
0.5461472203614368
0.6543594776390922
0.4376899690723066
0.4389276629596649
0.5225723178723986
0.7851027922161102
0.5509191454228308
0.48762916259693634
0.5454545844202661
0.4289898782313122
0.33184623399117086
0.45316886990540695
0.4349279330711546
0.5842137054478646
0.5564460265459951
0.5035086995563056
0.5774100810897278
0.6940955141909799
0.763527315399476
0.4263705627448141
0.5264523406621977
0.5131264705641281
0.5806510649010858
0.4867907723706959
0.37488957851285454
0.7178489532489982
0.5037668291477557
0.7252193177940286
0.6270891025521511
0.4228249601479511
0.8610301555576717
0.5816173891021046
0.5216913931147051
0.4793106981335161
0.5249338066154693
0.4508258883992059
0.5439824970471892
0.5534362911260822
0.48730752581347625
0.5035819329193402
0.3442607027130973
0.519901610898501
0.490035392250193
0.6236765555678513
0.3868441634735148
0.4743811491337019
0.38027247006737586
0.7399842454385952
0.5832171497763428
0.47030397283832326
0.7820368291699059
0.7458569508497678
0.5680905036080138
0.4787161258760654
0.43040080963512395
0.588407345340149
0.6203551838241466
0.5738688180316003
0.6774918971314072
0.7338416971117389
0.5962340906699082
0.42490126558026553
0.6763729504527285
0.4136751757465018
0.5016856455102725
0.6651879193364612
0.31873413212964197
0.49091729276630125
0.5650925452731815
0.49900168451687543
0.5041587510998907
0.5458320234892338
0.2521260345555063
0.5443284724413036
0.43359046518637967
0.36512550359874874
0.6760367481787576
0.4560765247037344
0.45115934343908726
0.5566413936900797
0.5097903937524747
0.49533921836478834
0.4158659627476501
0.6306899044903179
0.5635630834388063
0.6611574018416703
0.6782380837344706
0.480389210122514
0.6622198924785914
0.5590750805043725
0.5545789191349919
0.5283533308872967
0.6573262364009971
0.38742126603660976
0.5422871182519489
0.5347714405197639
0.48852364327310793
0.5548041465764735
0.5240798737254393
0.41105457168971804
0.42560389614182725
0.5218403995705774
0.5346387456085189
0.5151693543872684
0.5652165781054325
0.44952374657547134
0.3629351190815857
0.5265220735702869
0.47542390059332584
0.4784266577527724
0.56459128531293
0.435511790443433
0.5852318226860486
0.4801694442979214
0.6190673175969329
0.5030150661248348
0.38786229347058876
0.5906243096955368
0.5893578947895222
0.4268220001354319
0.476559444477041
0.366944575226094
0.5727752949648567
0.5256963656514555
0.4839642780985618
0.5395982142304048
0.614190971545935
0.5366382106522023
0.3213253877809472
0.708423735345602
0.6675394145359743
0.5130104725445054
0.6072818978364722
0.6629761250678285
0.6308814214774158
0.6907792874769998
0.3940022270263438
0.9926552784759982
0.5828067669866156
0.5159236533962871
0.45025512550236035
0.678669082000108
0.535891131566606
0.6086448918331591
0.49232068931715767
0.5957798373764804
0.3547617922961285
0.46666997341316285
0.5540579913871859
0.5246601851070529
0.5666727075921016
0.4219222756334098
0.6051689983953861
0.5349862427555095
0.4900705013117763
0.43447473393023395
0.36209078728342803
0.37448776223497005
0.39783020519804446
0.4321356221508762
0.6489826116471331
0.5425459000808128
0.4442406208108156
0.362899020682513
0.5896465123332766
0.40300976935576427
0.6828310958202415
0.391300511106625
0.6298332067955629
0.6596317601166328
0.4998891001961806
0.6602131194417822
0.5537820594593635
0.4900994297886144
0.7166244100936963
0.32279743528287463
0.48222105690624295
0.24469625076420032
0.6329347492443866
0.5150831047165982
0.732925208980109
0.48436603715083026
0.4930000834828451
0.47246218403172624
0.40034075507503286
0.3648543056683782
0.5111844523492307
0.2998266350426244
0.7583196705270445
0.44003535190955867
0.4911891698258428
0.4989934876462372
0.8328229763160898
0.49168223574278935
0.807704159846146
0.5379349975227368
0.38562514083281174
0.5882987523042835
0.5647265757032999
0.47999467844752286
0.4765701960502884
0.4998829688254074
0.574075584217531
0.6737268687759386
0.4688536108032151
0.3677667210594002
0.38620452655933146
0.5647117113433608
0.5246892951936494
0.4347307997251776
0.5505455883313025
0.5810768866092152
0.5003717061482987
0.3741867426982741
0.3265133736976824
0.4339045940930075
0.47698562615620865
0.31761508977628217
0.6470574244277678
0.41945158148330375
0.5349896642327067
0.3945645889706183
0.5678817293002412
0.738231220409612
0.3256912595596817
0.577160583301384
0.7242689618025584
0.39886872581665944
0.5229176486642606
0.3258064395182062
0.40019132167158933
0.38302265128351354
0.5591340662434938
0.49485667248308274
0.7131760770652322
0.5809260621735182
0.5045203304085786
0.6182577722845606
0.36184416385347373
0.49252582926433663
0.6184831663453683
0.43424068337242194
0.4417412528359512
0.45295881888560663
0.4205498483997685
0.5448251910471036
0.6211491242339922
0.4747271138594775
0.3292178151931284
0.22624182362817202
0.46503580230580877
0.4202801615793099
0.44711054351748536
0.46736521325325997
0.7599417850063832
0.5823523851937568
0.335496133347587
0.5882000998741563
0.42673342914076584
0.5868719400895681
0.7842879580658381
0.45927340947281947
0.7636187701366175
0.43610009085650425
0.2733887860049139
0.49395542935064507
0.36967063913749487
0.4829820611753992
0.42496301258019775
0.4570952022086222
0.42963998691479566
0.4459818415425738
0.5636016721126826
0.5916026838193397
0.7406676092003818
0.3372213281080956
0.6332308125898574
0.527824402195243
0.6134396816902459
0.5696378766448325
0.4928905381915123
0.4607671457635437
0.6678918518509486
0.4875880809976576
0.4556897939778043
0.7931836633415108
0.6176066225352677
0.621861335761301
0.47610858409327683
0.6288756593035163
0.488784919138638
0.4938205965832432
0.5275351148316372
0.4194783206098006
0.3763154556266791
0.63095347506488
0.5481608762367407
0.6532244989548756
0.45022096500875397
0.5288770304407534
0.47830285737226574
0.45916190707897353
0.5005219484367411
0.48705782294997446
0.588035930746005
0.5207487497968507
0.7142706178586069
0.5244897954217554
0.4956648888525763
0.6007058065236175
0.5852549666484852
0.41079597243664634
0.6629152923246479
0.6121355769547319
0.37176290913898
0.7038547412279537
0.3328678217845553
0.3501651581923303
0.6388781349778815
0.49804137382745317
0.35274499074775467
0.4839920453749894
0.6696310239412507
0.4842872932176011
0.4473812821772962
0.4911891976445275
0.592069911026746
0.6699732085144336
0.4299346404116444
0.5634198855793672
0.5884283405171572
0.41081768468377766
0.43093211620043737
0.650177228862343
0.8334297255790375
0.5086293127539444
0.344774557151756
0.43626618768127856
0.454489331689103
0.44490387717577373
0.48352703629025995
0.4431761259573327
0.5313073946513663
0.3700235458111115
0.3197424205053361
0.4574865289436876
0.5720994041205401
0.5502885535105824
0.4392837997737862
0.40699412856960215
0.6031086123371172
0.49761735447623145
0.44137042002325055
0.4812060480138267
0.6050507901161739
0.5412331912346101
0.690296042124568
0.5885966931620605
0.6151656913158843
0.3696877758924808
0.5764114093457466
0.45754275413492995
0.5469936605702601
0.35818431885464586
0.53884993022003
0.2890091098996814
0.6386772402031289
0.41478868650215117
0.5197244307052451
0.40781078804901694
0.7850951942981037
0.5771028562090509
0.5746259234299534
0.5292513453242967
0.5646325176244035
0.561727549701162
0.45649571785016585
0.7257199523891327
0.5469895911847652
0.44302288845034055
0.3577914861930702
0.4767735086892524
0.5353369577254097
0.4988214372929718
0.38504346827031266
0.5848907927417686
0.4581920636714075
0.2771584401335496
0.4680385231907094
0.4258903063241478
0.6111029928107019
0.6668132981752187
0.5636153067777578
0.41871656869781093
0.323111701704352
0.4558154063741696
0.39409620592915373
0.5834687272977583
0.4046884519868521
0.4171616542561535
0.480636079332714
0.6412602570692848
0.5400871085699055
0.5800595193183213
0.5225037579557479
0.5770814608103527
0.4578057516604248
0.6014533234293691
0.3946454959567264
0.6022229172247877
0.5165870494265609
0.6938093301823958
0.48829104231031795
0.266824322841811
0.5094346278519517
0.528960479429873
0.3810124371697329
0.47336595799020886
0.39703276447302793
0.6731774097004444
0.6129692833027034
0.5406278249247135
0.4118137992961699
0.5321112703932147
0.43949516097323527
0.4830898132047641
0.5670347492922526
0.5004969459824534
0.43215858253964334
0.5935477660492452
0.4810424527943542
0.45438399336454116
0.5965900765011324
0.4414428475258261
0.515573458853562
0.49912871291683214
0.4404402565251935
0.6080452013301856
0.6429231853298738
0.7453744790429393
0.5752909667542795
0.5135890869625203
0.42492249403436644
0.36622573513678636
0.564628848656882
0.5347537487074419
0.33498019763705655
0.4148037146960847
0.7953356679273622
0.47667889868916036
0.6160494623712532
0.36242877167674403
0.3779261345458169
0.4160825158357109
0.6932230408780291
0.5383342013089286
0.5348744689837989
0.5996855249635766
0.4047943789545694
0.37566265329487547
0.41260665008703246
0.6712724055939923
0.7196633479300232
0.522733351199281
0.5357815218381328
0.5028884670632663
0.47924074798924365
0.38943045697326273
0.31598196814089863
0.6535016953039519
0.36807626152894823
0.3247917396437845
0.5070214541669263
0.3918151095171768
0.5880534123315801
0.7203080077631487
0.4923320252916765
0.5327277546503184
0.5347480682339755
0.5599398577158254
0.5392298086059533
0.449643055227654
0.6285241421101098
0.501115586046498
0.42913502801177184
0.5736609273547584
0.4364573284393791
0.2966958834172181
0.5004846015793722
0.6404856398861032
0.44999085420382245
0.39348890990492336
0.3575294113905271
0.5260178737885308
0.5337674264712358
0.4418303853453551
0.5441396935856366
0.7952372384526594
0.5613990189091672
0.8092282780741327
0.4120285183750021
0.48897260127409914
0.6282760458384731
0.6405658499301612
0.43958020941348397
0.6379348356589136
0.43593756829692754
0.41209055176784004
0.32745610237761924
0.4856535100856859
0.42186327301623394
0.5428202945832651
0.6279849330314079
0.5785973183185305
0.7344419547421481
0.6029376810112909
0.6618498358306575
0.6630148454968512
0.6514445726501554
0.4789563635586773
0.5497875746118779
0.5574181063332655
0.4386665475148981
0.7446969158228405
0.5808110745761178
0.5495453038417074
0.5513209637325049
0.39531670500096716
0.7452211311587718
0.49762012462046745
0.4225884484474345
0.43938649507764393
0.5515149698730577
0.650149275680886
0.7314171456605961
0.4409048344331785
0.539162798559513
0.4979011500161944
0.6131149493136667
0.6422954977197245
0.6854139659828137
0.6056481611238865
0.594401489233179
0.3778881201330293
0.3758753551104175
0.7799281840284771
0.793920358840957
0.8553692479719234
0.5834447666387284
0.5838929275093301
0.5253596218968559
0.5058644273598947
0.5678389147604402
0.6762708749284135
0.497663659957467
0.5564090213787773
0.664260064620395
0.5391160376650381
0.5892720532639633
0.45005879815953276
0.567490949082917
0.4874617096477921
0.5419600481685625
0.6343502110707294
0.5634189686513532
0.5572393687155952
0.5663072222721579
0.5072651371937168
0.5993439212138658
0.9836193268034437
0.6094624125747545
0.34183488882932156
0.4275087492866525
0.6402733471653907
0.411819145645669
0.49577625930242286
0.693228275976922
0.4815946774815605
0.6300369796240455
0.6111300037318448
0.6111300037318448
0.707967696612285
0.7151510665978524
0.4518013329069823
0.7304416220887191
0.7171120583468675
0.6281158298633686
0.6051264585539584
0.802677092920344
0.6094902516626668
0.6332477173692436
0.7065636064205201
0.562636820226712
0.555819635669052
0.4474424162201517
0.7652998461922369
0.8295128765928959
0.5379268467333469
0.5324543576742766
0.7119786625502826
0.5495905918684039
0.6448511849967755
0.43099210478965544
0.6715085272979846
0.6510043097495845
0.561728050374133
0.6926644872020835
0.48271954763734604
0.6492072361330692
0.6804527397306571
0.4059841381655058
0.580450614369549
0.6805861574289666
0.6820954801180901
0.6494609157336697
0.5885316761020966
0.560859400022754
0.5841620009268291
0.605845393905988
0.6020017731470821
0.5967490013942884
0.6269661788936144
0.7384806613044882
0.7832276945121796
0.6360424745434549
0.7193296398690743
0.5908743898291793
0.5485519405422066
0.685165398282009
0.4498906423018286
0.5830276692756386
0.6569954793826616
0.6055592710959451
0.5330648100053637
0.502065626844578
0.5330648100053637
0.6015996788718803
0.5095751530048178
0.7375003150153152
0.5366526418572203
0.6834627164309248
0.6686934987264532
0.5168756504645948
0.9839529562359625
0.6052198767293833
0.6131390559696959
0.595686446565002
0.5763107745354595
0.6489623110380875
0.98381821108112
0.4087075256220358
0.4627345803716181
0.47872642899979745
0.45091653940704424
0.6621484388420831
0.6732315206646201
0.43758378123457053
0.46369864465799127
0.6017626422911327
0.7267846121135959
0.682208105754631
0.579443655725729
0.5966428798254475
0.7256855708252883
0.9927196168354282
0.5573172439070839
0.6896008096408007
0.6840386433685006
0.5594339968598596
0.566192051606994
0.6510870315869973
0.6023717115356745
0.6263671181089562
0.6148691793865317
0.6885470545561467
0.49578893259006707
0.5587005875418323
0.47671370862962625
0.6164023864806591
0.6351611003990636
0.6247472295337557
0.6107902582132185
0.6040967292205854
0.5735329890444385
0.7121481266382481
0.6490260766083016
0.6133228936472501
0.7743299811995691
0.8339817103591322
0.5980328175176736
0.5018366560866279
0.5764059156776749
0.509100534868421
0.9840370695337054
0.6482028419081777
0.8270003275545176
0.8001210839612829
0.5993439880627479
0.5360298313923325
0.506536337819629
0.5173759151397912
0.5455312294919392
0.7502270463569058
0.5309861905274808
0.5439062217306633
0.6525221307424395
0.6950743257349276
0.4224227425059468
0.42713384620944206
0.4680741219651453
0.715763560994083
0.5970868527483479
0.4066402922774872
0.7399489108040573
0.40687623879683477
0.6237305987394492
0.5132612676389152
0.9359071503093801
0.41403836611224143
0.4644306399985183
0.562828331632489
0.7197487221625614
0.6024015243757337
0.6454210696078073
0.31210805891046256
0.4288789064117309
0.5671249489628365
0.6085774696212309
0.5615550379073398
0.5926970580886736
0.5617435058113512
0.5196338955918026
0.6635598757003306
0.6515719693597757
0.55519823198129
0.5672867237377184
0.6599116492616905
0.6944868063683356
0.5122570875900967
0.4714479609076745
0.5523711885809253
0.4984944944466587
0.49156015038116774
0.4724630774747698
0.810593316225792
0.7215770306452078
0.7114056493802667
0.6363050376317918
0.5712814867952678
0.6549649815398663
0.6252979704425006
0.6364017511152906
0.7442757027584024
0.5285736420830252
0.44426601882808714
0.39913359735314413
0.5005040073300437
0.624946757794819
0.6539288054684829
0.5718248440927176
0.6967257177101082
0.40818834989513997
0.6308729320138693
0.5517695227282586
0.46440992540410475
0.6480945765219646
0.5636378078831983
0.46281834754793394
0.46967207158245783
0.6479472646856309
0.7773439266627375
0.6554892381933313
0.5573853262060035
0.5194264452480464
0.7071676364254431
0.6270699619079839
0.7879818977581314
0.5649341208742104
0.600482116726115
0.3783118821048246
0.5046403071673713
0.566623643572798
0.7228170747629805
0.9988530646187713
0.7756611185950366
0.6916847141756094
0.43379914546782605
0.6622376815670725
0.6046844018538315
0.6671228460041456
0.5839281722705373
0.2883770691123132
0.5384848738134719
0.42716329246723617
0.36768170927172705
0.371664627261691
0.7189288187781678
0.46132617760590144
0.49548918057826463
0.4253938342162573
0.4999326584452728
0.5723214648319559
0.6255298427795924
0.7319969746071344
0.4858367795992907
0.6593527933619066
0.48135462464126344
0.6040951905151455
0.4475260337720727
0.6448939071162008
0.7645440806440237
0.7557235499126647
0.8351387947937627
0.7158636651348298
0.7519359250093332
0.6661647521702518
0.5187141710460419
0.6778418769418537
0.694980617689752
0.4303043046928702
0.6610431498854501
0.4738349134508659
0.43998655311851653
0.5573283465056169
0.43413737538162644
0.5828143625491576
0.5403673034375714
0.660602505789108
0.3323272984808402
0.595363938490609
0.38220842973179714
0.7375256834823887
0.594170086651079
0.5527226580589328
0.6487600142988852
0.5495818293570622
0.5599116503524768
0.5457037181937978
0.53680195457139
0.48933417018858827
0.6368496146084077
0.7320075273044415
0.5222263217532738
0.5016673362511495
0.7935411251951515
0.5234497522567894
0.6114330281019423
0.44008868364131715
0.37053688217163905
0.5446772508432609
0.4887216759887629
0.6519961652536175
0.5632523679611589
0.4731373216779404
0.561647119029378
0.5915264511626342
0.707729401703375
0.5657681908734509
0.7305593891099764
0.9726956400476106
0.4360305179271158
0.5405266277163312
0.7597963527636571
0.6601796443192138
0.6902797939781342
0.5916210545203051
0.6426619587220314
0.5571477552501367
0.6054919877627054
0.5304449327436983
0.42912735957396486
0.7107660541168929
0.5877012841413846
0.660906706644338
0.5292500077905136
0.7022381503002184
0.44870876437428897
0.1707510023552351
0.7864217228333203
0.8208281629368908
0.5596972450293372
0.478851779041648
0.46896834767100026
0.5014551635464048
0.5992597816839502
0.531626642590374
0.488816573843325
0.6660249545142314
0.5662626359623755
0.6715854585550864
0.5517839850694538
0.34738269099125163
0.4400264926958981
0.671236306942915
0.6596999819531082
0.5481842641213834
0.7760913850057951
0.3670272823726094
0.547598096296005
0.6084309298861927
0.5229078713463602
0.8543748237160282
0.9826029395008586
0.8335060284494943
0.5771151815994604
0.5128106231344438
0.6791486157256965
0.85017694406632
0.6086234290711676
0.5033088283190948
0.43748753719460154
0.44471841834304726
0.6894612229944845
0.5144439031274601
0.702723920899698
0.7217390843862999
0.47772324033553215
0.43269216410590094
0.6449497482089771
0.7807653151973114
0.6784582445194123
0.5546115763663715
0.7341148346235535
0.3352268680170767
0.7705681567426887
0.5945488111025876
0.47965381181907696
0.28588426498865216
0.4774594966710526
0.4399616505532762
0.5288999931163976
0.49057197241084827
0.4178862924054063
0.7492497911086753
0.8314327492108111
0.4493653311056194
0.8112866445097975
0.6056539488208554
0.642031891451921
0.7280951567620879
0.5126436477192653
0.4758143765888354
0.3617775171358516
0.8068737413906851
0.5217163605288735
0.7041898636801134
0.5024563223815958
0.812793765392145
0.441831084024519
0.5422132021455229
0.6170929918197751
0.4943082416954655
0.5917763449352673
0.7698762502313649
0.42504640707115304
0.6204858863676381
0.5559517866536776
0.5094410019992237
0.5219819369537227
0.4033885238231686
0.39138667911158653
0.6437726905946703
0.508011466236338
0.6121548257554201
0.556674002384731
0.514697427413974
0.564417804652023
0.656841247496178
0.4270468408817114
0.4545953062975632
0.633080959961044
0.7631840152160273
0.697576185782226
0.49832858856632334
0.7504183701912168
0.643832511050386
0.7081613450074515
0.49260513905025594
0.46605363157929713
0.5490016191538272
0.539472633072455
0.4537386529242373
0.6055628266327158
0.5223385970324612
0.6188272951525183
0.579675455519629
0.4053984076101713
0.6764489206466919
0.5962633386535693
0.4331401265521342
0.4721600095828027
0.3876997880845986
0.5500137784301957
0.48617868329949765
0.6072450900146746
0.3615535651057469
0.6498945539917693
0.4673844191988695
0.6336427258357302
0.33931659271704384
0.634178237381498
0.5987708556060511
0.5824202386731298
0.31958894621806766
0.5645178050750629
0.5969083272020507
0.5066878408976119
0.6386702439351227
0.6166999767189163
0.4377469612619337
0.4661504981725928
0.6076013472337395
0.9772747977683105
0.6319426159389269
0.7190819308824746
0.5811503646557105
0.43888483112923493
0.68199039806923
0.5054953342066519
0.38347901640837856
0.3937913770443022
0.3380663467013785
0.4919183634157651
0.9794551393179941
0.9829247909321627
0.5696216490240574
0.593030436309866
0.5913478728656463
0.46893059949758653
0.7157613795265989
0.5501886414049744
0.5832823633289811
0.5108421231830474
0.5527626276777826
0.6776005689288565
0.6470395361987186
0.609205795446511
0.3992564919891708
0.6454938413888751
0.6132406897361093
0.5747562822527921
0.5674282654229763
0.7646170471849442
0.48739103875527723
0.6137364119847697
0.594883153962023
0.5904934435868144
0.5584138053175345
0.37057428922400537
0.6511181647125294
0.7217388881048984
0.4356797122703613
0.593826415704162
0.6936223980465366
0.8072948369204285
0.3784069861017513
0.9774705639183033
0.5589075743838238
0.5477722353497223
0.5282715425189186
0.7179791999317402
0.5936034627244466
0.5756037317731354
0.6554701860961399
0.7566588080056963
0.588411914478164
0.509290363861261
0.5982242999843403
0.5900229565966665
0.4473068310921704
0.5515209316661767
0.5191376921490505
0.5667104353133217
0.5611577964353259
0.5172561210619449
0.566370507692514
0.6885467935844858
0.6183081007110238
0.5303051270023148
0.6158455736891725
0.46578162059364203
0.4957537841053965
0.7694329730019419
0.5139143008675433
0.5505577570309409
0.7597426458179171
0.8266640483374477
0.6589791235601187
0.7638726975376966
0.5097701534943047
0.5888284944422008
0.33987290938172854
0.9878252089445191
0.5117726845378203
0.6912522142779833
0.9921950363728065
0.889727897878533
0.5375967387111813
0.34552946816457575
0.5671752042709041
0.5986328556109253
0.5579106893296923
0.6838122458762524
0.5887689076699827
0.5397053627889907
0.7799577072045697
0.6649946944866518
0.5655089990767121
0.5502996435344837
0.5617634456418077
0.5519963139683192
0.6508826794227289
0.6508826794227289
0.49798786358627656
0.4424050698271301
0.567578848916671
0.5502323962599304
0.5978339227399458
0.589723544878628
0.6470311728528302
0.9824133844749292
0.6800637235810845
0.5479937453025404
0.514638897653589
0.7930433702054934
0.48427157671320686
0.5968317697749888
0.543349845760482
0.5915446730098324
0.7603380984528507
0.6365535766832298
0.5194544424158524
0.5509578105396471
0.4893339879257206
0.5100042825842345
0.6248473109943165
0.5280916744734178
0.5920774651017153
0.43749994075653353
0.5738353922109205
0.5970544613889031
0.5336917095600469
0.5404890466228656
0.6980703399660013
0.6033569723444026
0.6685907912929996
0.4874595524600076
0.6153937176846638
0.3947362742589482
0.4603646529404225
0.47766414835452575
0.5591436320840195
0.5873816140961781
0.5787133805288862
0.6818801521296451
0.5072643485896143
0.4911772768688505
0.5580921841204945
0.6090552742853109
0.6198621590899804
0.5242192851633974
0.519413830797288
0.6161165880580352
0.49960062760777857
0.5475403813022133
0.690057918707353
0.5590492252818199
0.519305038102784
0.6288014542922276
0.35000617935176026
0.5517200724458575
0.6018245626834101
0.6322004143459127
0.40275094559587776
0.6440818976380506
0.8246257938608295
0.5367343072465306
0.5239368093993628
0.5066040377957622
0.48768113486154163
0.4845040909758813
0.5185328125666276
0.642387099753063
0.6359407472136358
0.43076901254362565
0.4092031767633443
0.5973492865235555
0.4349933890326749
0.3978732308555102
0.47569792555300694
0.5988533032475851
0.5017721732482193
0.6899892632310489
0.3833411693350519
0.4929050794557459
0.6687016453110132
0.6542526592451208
0.539518637179651
0.5168030414777233
0.6105600969470922
0.9958266445568098
0.8296293685178147
0.5126683378321351
0.7457173370042569
0.7754436927155912
0.5278859016154162
0.4620756758369755
0.506026677855951
0.6521315287398516
0.4196928558013996
0.4832523375882176
0.6668974146809686
0.5653972509523364
0.49883954953351073
0.5780206254824634
0.3556901984733618
0.48047521740374166
0.46343842059052087
0.6036949857604539
0.6944194155656084
0.5103871844093719
0.6338674282068198
0.5328361898809822
0.4283851370279208
0.7184345262908096
0.444415563497363
0.4956221891737769
0.5930663873077047
0.5623462584712714
0.5481759206999547
0.6234950768118307
0.573011302730192
0.6474658211475302
0.6099740022692878
0.6313854057200471
0.4995716356358133
0.603336669544756
0.6732462024325241
0.6375328603357491
0.6625049094758098
0.7042146529466462
0.5204336811087875
0.4748129679353863
0.5378683351112139
0.7088906181871588
0.43522678612538923
0.5208315263045782
0.5414009786832987
0.6421873810613936
0.46070230433122505
0.5715879507254664
0.5779288558348494
0.6111195305470523
0.8020478873653623
0.6021008968415051
0.33665039732396007
0.5354770828755238
0.5191881689773403
0.6963751023665354
0.6369891145175888
0.55360480853143
0.6111731379334113
0.5904376844589577
0.4447926873105492
0.6525621748922605
0.6680862263863583
0.6236931136138218
0.5680182958032864
0.505893849402343
0.6285545486364428
0.5995912988395495
0.6443784594242694
0.7594942817440103
0.5836404451304902
0.35431937541731584
0.4552525484207912
0.5623126501523652
0.5242650331670919
0.5430784276930714
0.45259027426996234
0.4835348856557016
0.5514621568163032
0.5784081064799524
0.6581282895104819
0.6990558772836769
0.8940298809763784
0.6124962495685337
0.48533946211553336
0.7593423589009257
0.533032170616834
0.5072933909548445
0.6535026132020242
0.5310110725712338
0.6009227311774812
0.5775736985114188
0.6973229953621033
0.3833613721700233
0.3687433837178177
0.856729920552735
0.5485209683793815
0.648527152104578
0.5537540594683248
0.5116185238127811
0.47208189483667107
0.395716296090566
0.6152785977433897
0.47210993082437547
0.6292674770069131
0.7340154192791073
0.505380975966776
0.5820622885684852
0.5600110673534335
0.5195329588487705
0.4355625839792626
0.4639720770724465
0.4655779393408841
0.47639485761213085
0.6119785572955884
0.4977496089598379
0.5660473917315048
0.6978421523944023
0.5897874653175326
0.5116581405827959
0.641527702111221
0.46871545153003913
0.6586035198473983
0.6839483403615902
0.5461978884507656
0.5450441717265226
0.4922997155069486
0.7412154889984159
0.3237744755684471
0.5626691429060314
0.4733809608702275
0.676323792664774
0.545459939496205
0.4786785154325792
0.7260661636661739
0.570985662629697
0.5574919666649594
0.7751466872226755
0.4712660255531067
0.6078838260866075
0.3938627036614599
0.4448090726568831
0.5682461558685463
0.5612639945667135
0.601478036508975
0.546947326177313
0.3740062745246996
0.5699104348735101
0.6382047224170724
0.5523679259954786
0.7504851665826097
0.6437074160120779
0.4512500593486132
0.7369433536518148
0.5629411236915794
0.593953344440828
0.4458104169413224
0.5977816865809774
0.5889491692970472
0.5621799058839891
0.5778806547702462
0.4332143799663567
0.5587797034324574
0.67568921382232
0.5635072829607478
0.301988936772827
0.3968205369398443
0.5219879607945006
0.6964233982093723
0.6752499376618377
0.5388278654172334
0.47506365924292604
0.6835281299760569
0.49236774023867025
0.4340360385429982
0.558685778522971
0.6070016467951692
0.5864383459049967
0.8177169058803047
0.5787635722572197
0.5316841571170832
0.5966656721311185
0.6442986422485445
0.3926057398561409
0.3717192159591556
0.5275542712606672
0.4586425993616825
0.5568332537980756
0.6760986690459379
0.5513474276526791
0.5762009868505347
0.4438264808641259
0.5183226868914841
0.4571370039734546
0.52664728775162
0.592859401992548
0.5702067182113609
0.6179622434186167
0.4221445614147905
0.5138124967790445
0.7638382957642625
0.5789408795454076
0.6188376493150978
0.5059550632651024
0.615047544847154
0.48889241444265896
0.7383533563902906
0.7434149068530485
0.7935671052685258
0.588986527808651
0.7010717056145357
0.5789937457092911
0.5524675371370439
0.5558530490629089
0.6801821549959766
0.6461216660241261
0.4653224505994181
0.6607136278099096
0.43206514545141905
0.47266858284314406
0.7363559202925433
0.7701716865673429
0.48214039053122315
0.6386439533558417
0.6548669776098419
0.7587501358879152
0.5964774437557041
0.46705335277802107
0.4982719193370959
0.5056289479746444
0.7334820123473025
0.5865637227323737
0.7128766546781398
0.5406702486453295
0.42482214732334755
0.5957295519132573
0.5238920185481251
0.6634466820001015
0.6338768525400204
0.5031140784712596
0.5503826101986995
0.4229676427151925
0.41406502692912395
0.6028577568444382
0.5956447028760774
0.5997780024124497
0.6047292649644044
0.5508751662189222
0.4313555111577825
0.5994769137671281
0.47143578298185385
0.3123608325494768
0.5271391088779136
0.4537993235425184
0.5875310089991119
0.6761861959323661
0.5528789837272369
0.6419374942764459
0.695209048823959
0.6059562804733867
0.4890468719347436
0.614818931291864
0.5466447413302385
0.4857898371600746
0.4612641149589527
0.5564465137061332
0.6387817786476726
0.383250284155803
0.7854459424800785
0.6809287053875832
0.5329868310508722
0.5953601596567674
0.6409482603377936
0.43312064737496203
0.5767652420750233
0.26932832067185497
0.5055374550347884
0.5404861812107368
0.3625255174483948
0.41240945199892876
0.43069109110335324
0.6494779911268751
0.3741125209202004
0.542310199940135
0.48379526242985005
0.6859527500789919
0.9900528258956468
0.5654517136645824
0.6311681206595673
0.4853771115728708
0.4283942918585224
0.6615921500075456
0.4875183723706924
0.6711343145028689
0.47357818929077367
0.4888979819696522
0.6116721335737356
0.7192902233874745
0.3782260972892475
0.32877033232150543
0.5429658630130928
0.43303625804264145
0.48366960879634213
0.45605457755113354
0.7584467597012818
0.8714522233489808
0.5630361159146883
0.6763585063070076
0.4759299005125983
0.5106574786196083
0.5341181502298546
0.4832332769498592
0.47726778016880167
0.5766390490023143
0.7371707012149297
0.5884131471274521
0.4171735682353115
0.7758719874595674
0.4833774020464544
0.5372140207459952
0.5829044482941592
0.5552634152423312
0.7653406554156226
0.6212793675626584
0.9951252693795958
0.6830664358552938
0.5962657874496288
0.5499746254864704
0.5903995852286825
0.4418604968912536
0.5110679403783009
0.7571429228697515
0.8293544085496078
0.5796903727206079
0.6153456866816687
0.6081237391445582
0.604483093240193
0.48380642473923063
0.6028845892624
0.6315725268905603
0.4821337217871452
0.5901385856299599
0.9837931963780701
0.5153410429058825
0.5738822776915968
0.6023674931559995
0.42255565486846713
0.5594399947216624
0.5397883202431352
0.46070164478011866
0.777442804746682
0.7547747297936819
0.5695804098009687
0.551612295297456
0.4731869961864189
0.39025396716036087
0.77755708973488
0.5914544742441933
0.6381748597045098
0.6463058759285271
0.5332584408541381
0.4723491398589962
0.7477447569649553
0.6297834773759836
0.6270431907097536
0.5715633415438663
0.38213716883258286
0.456610606134507
0.6052027220577496
0.7530284081102399
0.6053623876581813
0.4819877026897246
0.5003226210200783
0.5477758971234954
0.4698030831270048
0.5656919208776202
0.5633262329016063
0.47084025949363295
0.5285080049714144
0.6574443593769795
0.6541020130303834
0.5579261307261931
0.5993465805474587
0.42842259693158047
0.586653859911054
0.7307161752997703
0.4516723206670836
0.6945776216796365
0.47745743001789
0.5834889117921187
0.5453577949108377
0.6425877464999104
0.5641031175688278
0.660017837322564
0.5105213153386424
0.5023848233755397
0.478028039866923
0.6200033724007129
0.6546604221898283
0.6311496339504317
0.5299921807262721
0.4992503134209868
0.6702933434935545
0.5236647667693775
0.5941688814048284
0.5016891222056374
0.5810610727260794
0.5107613857073146
0.7848766393906019
0.6788309678385331
0.5031654837800077
0.5458950361123244
0.40913630273638213
0.6056786737340158
0.5274511766478194
0.490459962103478
0.6436863640171425
0.5828964979717248
0.5011405628669394
0.47810369625755755
0.4625841310605907
0.4632418419033344
0.41601306772127256
0.2735448289332678
0.3786338119878574
0.39789298104939974
0.397002279495534
0.37577536588059046
0.5575053750450983
0.5594113385077646
0.3932707621651129
0.5314207971291074
0.4411336984037798
0.23406764501385058
0.29664590300921234
0.410745993491786
0.22749606570302716
0.34652797788958556
0.42013087835904384
0.4252205967219981
0.2877969868841598
0.5197804255241849
0.3474658463951634
0.4960410603785185
0.35746978945949925
0.46665629370299033
0.3576327720712761
0.36625214177163457
0.48593114426418493
0.2824582618661423
0.4002881370781429
0.4610904360078518
0.40711055587334755
0.3741053265483185
0.269817313253347
0.3174338616046575
0.5184575753423593
0.40690565398322254
0.38732145542814567
0.17304919786245332
0.4080671070495324
0.40659237616178634
0.294174489887703
0.6136934716204596
0.5302857054225204
0.46034734226440743
0.642430940746973
0.6623541862863862
0.361084113148598
0.5938220424393372
0.41585117628753654
0.3899467309020761
0.4097780987758398
0.5932836694052996
0.5159081275941669
0.5107608525219052
0.18184988343320385
0.21029131322904748
0.46455226438800046
0.3559317674174517
0.5690351893198411
0.22376594218972068
0.41619447764213047
0.46443363774715163
0.4892748724698923
0.47220495573448584
0.43927304349879637
0.5597060352602251
0.469013335840316
0.5881746729458361
0.39283240661924124
0.8422894127001603
0.3479643744267913
0.6845468452740289
0.5537597904990573
0.42249476006266695
0.4163085597815499
0.6968022042094786
0.3251295806951616
0.397693106249687
0.3225123603417914
0.3200299402859341
0.423588981442244
0.34549279858887316
0.4640043102064596
0.21159604085018302
0.4831577927740638
0.5778417092714038
0.35794376359284485
0.3738907295567896
0.28941271652132816
0.3648860414798676
0.24916431129710936
0.38278574447694247
0.4287697154282659
0.43133506384510134
0.5093101602221926
0.4103486876086737
0.5365029359156532
0.4416074850336016
0.4039967605901754
0.3684820989960186
0.5593848960003621
0.37070645082279186
0.6388725727410486
0.5672422512084808
0.6097123768716287
0.3765336064900985
0.5987553141280635
0.386121972906336
0.31236885384118895
0.4481190081123484
0.7008397579546128
0.5972183353253095
0.3838690982136673
0.46968498820314253
0.4066269288976676
0.48821627977315574
0.43883530922796454
0.35155629189817517
0.4296409427589729
0.4558111135367069
0.27106314953317656
0.30698497956258064
0.6956478067155925
0.29661050121524
0.36632042268079856
0.420807278420845
0.2795065638510632
0.39880439034658655
0.4481498442108772
0.5539983461039195
0.2916853785619835
0.5214031373593297
0.32754705387563887
0.5390049200172797
0.4089556619693937
0.36368259999761143
0.30193988434999164
0.4080981292311425
0.35718877120954606
0.26129012019813525
0.21312952813349262
0.4398715167278915
0.40145684073974797
0.4190360752278579
0.4079220570804769
0.3397485671343651
0.369434471026999
0.6065841286843935
0.4758447293464768
0.14004238799662594
0.46530892476717756
0.49892327629854716
0.3188107090306692
0.53460021885406
0.40057954780796123
0.5042102009376108
0.4471194921195234
0.4054577870630909
0.300471440794695
0.3284494671487568
0.3307589205171326
0.37544302441122324
0.4783409662957804
0.4641105661807934
0.5284692763924543
0.5066257850661663
0.3712224157295251
0.41172450369684854
0.4548114261455226
0.5041911933962907
0.32761278056405396
0.4541203469996934
0.4828011747115972
0.6385341967193784
0.7574894272647836
0.43727473236448366
0.5172410425543896
0.35620334365683004
0.40664148804971023
0.6182679566227879
0.4662642824122275
0.4199789176948622
0.392615504405015
0.3636037613813178
0.36153215674237016
0.417508654180095
0.46801759430523915
0.4361964562494889
0.41903461080299864
0.46212627627313907
0.3540706490116359
0.6267565092832292
0.38088382918140584
0.5364539180015976
0.24176412025735516
0.4307558530322617
0.4416267794565073
0.4759949979539416
0.4476551501356818
0.3696669374617154
0.3053235558717371
0.3179758674057658
0.1836274330457811
0.5682039673441406
0.37293726137116145
0.45488659236040707
0.3429943522407657
0.5962609764359829
0.4097353956855929
0.6019050963508648
0.298406196723208
0.3984810023694052
0.4466505059613901
0.35592045579776554
0.49384997247683815
0.34930288357193295
0.5744646777499393
0.5242842828167442
0.2957980337064152
0.2988770403327118
0.39502761819508037
0.3239142028655495
0.21205374712526304
0.39758781778850705
0.4812495738351149
0.38591823793734603
0.4957500907106529
0.37516793806028903
0.36732524507587594
0.5345086480589664
0.3298871008441435
0.39378586284022654
0.37627318950839395
0.5523153821730522
0.5367511025416096
0.4668581582271134
0.7195047754906227
0.4118250154198716
0.3700556982527793
0.648591780508273
0.25290419574482004
0.43046947159697846
0.46572719234292426
0.3461260035678957
0.5516103192345019
0.41988415339650587
0.4653852144823206
0.4863156437242028
0.42855325633073393
0.5228684392860556
0.33738229096523176
0.4558642562733023
0.40725738899931985
0.5861998628909828
0.3610476360998981
0.37608374626609686
0.4260534344798106
0.3823843869150826
0.3716622517893251
0.423453730842535
0.4423993292526843
0.443627015909441
0.39869685318227677
0.7564927910051362
0.3769140117613685
0.44449850014263903
0.679597579141856
0.22305896014285487
0.3601182610862895
0.32897187751675094
0.38261841487880877
0.48876919714878975
0.5117096836439456
0.5000541679813104
0.3552644085920158
0.45463292008529954
0.38167913754566674
0.4335854875545142
0.45422545887284127
0.3673677139401381
0.3592295352033428
0.39084711676049255
0.459951048328622
0.4336781149712947
0.31414419135929506
0.47001729258827685
0.4508761097231735
0.5263344439449423
0.41842399790359475
0.7334500156590333
0.4729938103726271
0.5218047038692778
0.41734477674378645
0.5078358497959179
0.2978502397452154
0.42150701724602757
0.4350540004905472
0.35907233000672045
0.41373810562354985
0.4221062113124132
0.5970347190633767
0.5014989787221908
0.5069305069887198
0.5320764444676682
0.5969806075722697
0.2738696438332282
0.3806641231664025
0.2515343918099058
0.47511943609823504
0.46169570930105697
0.6347105593352369
0.3806905698249833
0.6574134212141467
0.3599347070023058
0.5128569876380367
0.39481829078294994
0.31553336226530626
0.38676649886715
0.46146817369350923
0.5173717367164228
0.4244230949491812
0.24929777405428122
0.24611461464303663
0.6544708770550502
0.3195337576575017
0.5373641462805487
0.4727040730127038
0.4023160994023369
0.18962077060402682
0.48366348573201656
0.4232262559055001
0.3699524523991373
0.5090636952635306
0.537313085453392
0.3271543358398967
0.5883096749817356
0.2765102120706122
0.37061887985773767
0.5695600918194091
0.2608288317674453
0.3854952938126275
0.390565910586554
0.33076007024829746
0.5919431715949774
0.517565208252471
0.5661039064165032
0.42191658962497747
0.5453912997655096
0.5380096993852397
0.34979986900525173
0.166902578465694
0.6307822076858851
0.43899766447628186
0.37647112309791386
0.3979136214518737
0.38311036029461687
0.34854929762102993
0.4279015977766931
0.48164888197813605
0.468950749237815
0.447084842505693
0.39108559346604066
0.33685771513318596
0.9974866552303808
0.45145137946608194
0.37734905691948817
0.5273200568304008
0.26063671961180623
0.3379211516728624
0.446405259421257
0.5712577378519235
0.6237208493999773
0.2672038868394051
0.5549137113035842
0.7045876813101882
0.3993854015084277
0.4970058507812747
0.4981919309641175
0.41029921261955205
0.3651188156171141
0.5349942517187263
0.5431164247752862
0.26505565302113054
0.489501538494424
0.3521097063809935
0.48007585509001527
0.34755578928659303
0.2852722539693875
0.38475848631086595
0.5791041710543435
0.28537759734228163
0.5319039814428407
0.3641490319000533
0.3656871329475275
0.3004438001017684
0.4949093831065947
0.518401065919874
0.4194939203319399
0.46286108242513313
0.3617182699616609
0.30070500613351003
0.21360139236630227
0.37820414310498074
0.332805964721798
0.4670061230597896
0.34152402259670067
0.5119452154826687
0.40672110794803407
0.424646594277969
0.42453782366401016
0.3728322304727629
0.3148256840558419
0.3035331985953855
0.48982459024491587
0.3759393172839105
0.4123260232955027
0.40705263420917737
0.40561078800496386
0.3383452580007882
0.38123553360536055
0.43830597371145164
0.4123624227575503
0.4197389148219888
0.46286593666243836
0.32745899649550636
0.2912211192225034
0.411561768033607
0.09818206081377334
0.4834613087638613
0.3808992835572258
0.45558938590923637
0.48453083478735226
0.3440753022919667
0.41865232290221543
0.37993299094670197
0.30566173825557796
0.41797057884738575
0.38293527640127056
0.6474266728294374
0.369587710358114
0.3553545313149574
0.3233093721984619
0.398815730412615
0.38869080324361205
0.4739633604537643
0.36801535968457033
0.5259424681554649
0.4931590617830294
0.2881264267232162
0.4907349053951664
0.2897440146989668
0.43649983261325986
0.3979678326718452
0.4086519472265696
0.30454030807031685
0.39091365396128275
0.21709846700313062
0.3292573111000008
0.3792534554326136
0.4179999422838483
0.3136927960496768
0.26350632201373636
0.32564364033721627
0.8099376103252209
0.3259866114280441
0.5116704227584118
0.2828484727592647
0.4323699367133018
0.43010351564111426
0.22795499323466384
0.48266113538152744
0.39328940706629456
0.47837967971653694
0.40881384339220805
0.5928300716203485
0.5404949212264756
0.5359175372720582
0.3969514013540001
0.2937510140266999
0.5991668487607943
0.3827361488873028
0.4234095954293806
0.41498792264843776
0.435714799400718
0.590442435081336
0.3765838392012928
0.40183756440976404
0.5415461657654673
0.3661120160315987
0.4713409990225197
0.5239701471248794
0.39586536816397444
0.5485519766807556
0.35826235194614797
0.40777681474921956
0.3902362701239701
0.4298400021875335
0.45850772835460174
0.44884854628653836
0.4325960627230425
0.38076727120258125
0.37167149533740496
0.4214484836351511
0.3786680143942174
0.46830728821059486
0.31864052824313394
0.44817726328768037
0.29675218975593887
0.3421654673465949
0.5188498862171764
0.4876104976686554
0.2744184534484796
0.4829312994064414
0.5196886194660401
0.4076360430763055
0.32552189931403386
0.5093404487681182
0.407598235446346
0.8602544658028324
0.4015725369403762
0.5457103106784464
0.5077698097647708
0.7520451657939484
0.34126506896719144
0.27245720527115713
0.4210993856545513
0.4207072619736588
0.42851698800374005
0.46654834352038055
0.4019143688494854
0.16793118038277854
0.26708724645129656
0.4867125573451214
0.35293347602342484
0.3914213523072919
0.5103993914949152
0.570883900208478
0.6028337578864565
0.5282092421828104
0.41337216164559254
0.5434596307529768
0.4232699501316781
0.4878886737085255
0.27005112442998747
0.5091696447436297
0.45236808262841155
0.5472262671260066
0.28955703479455663
0.3714227393439462
0.4107457457698398
0.5510643667019444
0.39640166937577737
0.3926464178722133
0.4154757043094267
0.45047325761647405
0.6695925809805013
0.4957502994227859