-0.25285188353696464
-0.347061192096331
-0.326237784807088
-0.28452814572338603
-0.3296431166094756
-0.3478779266395424
-0.31844466068110233
-0.28060166818800586
-0.27777590847140665
-0.35646951670549853
-0.36287093712943685
-0.3955507850827309
-0.3967377556413396
-0.33860992483797436
-0.3129287604659042
-0.42506909639403395
-0.31022291308483235
-0.26059227686487063
-0.5014609463914095
-0.19942576697394698
-0.28101288423174775
-0.23972404474885028
-0.2518137333201944
-0.28298176369583783
-0.2887913101116233
-0.15232217723976296
-0.30798448651425675
-1.1102230246251565e-16
-0.2517062334626567
-0.3018765236156977
-0.2636339485787265
-0.2920681057092019
-0.2904593474780543
-0.31231230021771045
-0.2810693214405361
-0.31648609802996436
-0.2134093776090002
-0.22350432247469526
-0.3460963301130761
-0.24534703617991227
-0.2325274313475381
-0.31427778911285426
-0.1994205672204287
-0.27166514057086055
-0.2363478728727834
-0.2497869595975068
-0.19727198495811127
-0.3093589640304133
-0.19522520757863504
-2.305847820375325e-16
-0.24079545810893818
-0.256873884898563
-0.3598886646831327
-0.2007836797132931
-0.2176915519337086
-0.24947032876461847
-0.1785736964525387
-0.15396301857378203
-0.3372986494814553
-0.33347513626901015
-0.2942308869652853
-0.3025311862317337
-0.2733148932187576
-0.23050018976111905
-0.23851897491826937
-0.31281943737076034
-0.29172317450890184
-0.3450674201258123
-0.22236319115214515
-0.26079342857553106
-0.3317600123412046
-0.26260405756542843
-0.277666801668537
-0.22078966847276968
-0.2377716195856593
-0.2589865548279911
-0.23009640658112396
-0.293259392641637
-0.26972162595646443
-0.3286923517170005
-0.3096220354356701
-0.2687789340088672
-0.26608812746604454
-0.3333669858920512
-0.34240266883569365
-0.27699537655739687
-0.2796090664326973
-0.2679579932573666
-0.21237500924991984
-0.3192545502104532
-0.2564368632592971
-0.3439563693763044
-0.24560068105266075
-0.3085544637627971
-0.33876280699279
-0.31518542980640923
-0.39371648942813947
-0.3528429837587869
-0.35077356704516144
-0.4285197816848008
-0.24265091932445504
-0.3260327698941296
-0.3810131580765789
-0.46701186347547274
-0.3309553069694918
-0.29937220034924755
-0.20238084504281673
-0.270272123747233
-0.2794031631659074
-0.33872150776290383
-0.3787885255994846
-0.28632012848968313
-0.25919079069873496
-0.2789113133887639
-0.2858148163721579
-0.28217628246045473
-0.3119503334785771
-0.2716345022300815
-0.3429475739543152
-0.3748729337454485
-0.3267515680069243
-0.31698094793253134
-0.3212267812013788
-0.2157700061056313
-0.30122928597967225
-0.3409532112876352
-0.348807674438712
-0.31776115981382297
-0.31274933208315747
-0.31043001574344864
-0.31595957997143115
-0.37654541116130663
-0.34098634097248764
-0.3532665931371432
-0.2824610128376153
-0.19686921213552014
-0.2981388675449273
-0.2520248398154555
-0.23209954568422056
-0.2672224454724742
-0.24580843385144635
-0.3352115734954713
-0.27957952558698057
-0.26259185944080277
-0.356352931476003
-0.21646315756654727
-0.2827567481370698
-0.26787772087027784
-0.24057515802711368
-0.29826773474592866
-0.2608855853361181
-0.20978253911482486
-0.19576899879720405
-0.27691303046611193
-0.22366981920356616
-0.22305814174782723
-0.21801711911198468
-0.20946993540452244
-0.31261738786824006
-0.2996555299221315
-0.2805685664692512
-0.3931110812271312
-0.313457268487649
-0.2704859495295585
-0.32493593002879406
-0.25087139471085257
-0.2449287629088448
-0.2565733007584832
-0.30558836641735904
-0.2586911834890095
-0.29673372538987336
-0.32180490590162725
-0.2999599528911658
-0.25010020608209815
-0.3337153112276916
-0.3246846614741765
-0.34296251457037125
-0.2894713253511964
-0.3302149117374642
-0.27463302163934433
-0.2785835477133383
-0.29546100521936103
-0.33685200040987506
-0.32680412740279996
-0.28918160819452493
-0.3048464695690967
-0.34095772130174934
-0.30329838096656053
-0.2719397973041806
-0.2734525186471855
-0.2844320171045542
-0.3077089718822688
-0.2644190707852436
-0.3048651306973362
-0.33644053485379166
-0.2231975410609784
-0.20588891887129557
-0.3204653035153386
-0.28473918882991794
-0.27337201275475087
-0.26307390270040365
-0.24933974211757678
-0.31200280124501306
-0.3023349681490659
-0.26508519849942536
-0.3184305388977227
-0.2616330170399845
-0.28585866076840083
-0.32698882939382723
-0.3127571553206902
-0.29883342766795573
-0.2724634015333566
-0.16995160939963921
-0.3692770795696895
-0.3041582215879729
-0.291771702802929
-0.2578472398867812
-0.28602593060282683
-0.328843328418446
-0.27612693053965504
-0.3216070993264496
-0.2862307870751565
-0.18603510616855812
-0.37342708334277547
-0.3385897898877605
-0.3177880658787744
-0.28245115688699846
-0.349209982571067
-0.3055651876699717
-0.29516314733949134
-0.3164764622062585
-0.2656090719904615
-0.31876215423802845
-0.31636712959007246
-0.30412412599452143
-0.28146284828761275
-0.22534120092351126
-0.23659634748920527
-0.2960253022215694
-0.22113688623345834
-0.24157794374823371
-0.22268734435833737
-0.23129708140577768
-0.26913326772083973
-0.27468242721109987
-0.2786486433082216
-0.27665449283041404
-0.27650108535940415
-0.3529514549487854
-0.25438820984680716
-0.30301999082812175
-0.302597952536299
-0.31921794997623176
-0.30177818129999906
-0.27289227636937363
-0.32244525357909487
-0.3578909696015918
-0.3185302404438752
-0.29505762791464385
-0.33000590558357557
-0.2770450184543147
-0.2646384424683382
-0.34738356043528157
-0.30286006561725987
-0.29167864991724124
-0.3632359301525619
-0.29610120168316917
-0.32596230423571393
-0.2940902238217746
-0.334150430413422
-0.2949036400170358
-0.31682387757652974
-0.26755435679919254
-0.2942834183965562
-0.1734795460575417
-0.1693612317065857
-0.19092015425129286
-0.23592714286933603
-0.25749434538945254
-0.19904610367959927
-0.23608569322558193
-2.031471917399222e-16
-1.2688263138573217e-16
-0.3379243510345157
-0.3079815936994849
-0.24463911707914018
-0.21295107186883663
-0.29359522827981693
-0.27166562304426
-0.3086257475540861
-0.316203316659135
-0.27085680937139356
-0.2579196638562457
-0.3053945193019541
-0.27653445156478657
-0.3147928185384755
-0.31770782674385334
-0.25416343282719756
-0.39371178471553103
-0.16541107762112747
-0.27328461015027483
-0.28292819108818196
-0.3654388576856027
-0.30280951415437507
-0.29148390533445134
-0.3167647068045029
-0.32865775989551693
-0.21218846916630207
-0.24185088772998495
-0.21454365449556972
-0.3393092474905565
-0.27686737654390553
-0.38054193870791875
-0.2904437176733645
-0.2877834116553441
-0.22551256647686294
-0.2815435857301326
-0.29423506611448047
-0.26222087821103374
-0.30144207827901276
-0.22547049696796198
-0.354005890960267
-0.3018762785225579
-0.26320719984270513
-0.31694494790339095
-0.29809949522996976
-0.3301863977338794
-0.45303062266339406
-0.2730870573833218
-0.3196322758361018
-0.3435912774048072
-0.34380970468299155
-0.37087757881795513
-0.2656616661959961
-0.25492014437942473
-0.35721543753171897
-0.29110685349940624
-0.21506427133029954
-0.30471033995068847
-0.2698300200041387
-0.28469291751183456
-0.33650136644693984
-0.23385713161137467
-0.2333946409274163
-0.23180192741691488
-0.28519378595231926
-0.22947435384023435
-0.4141660148545783
-0.3484329319756051
-0.2875234262381087
-0.22552871540928063
-0.2517048855961161
-0.2683473090321614
-0.26641566731092836
-0.28826208659512065
-0.2678395060330626
-0.1990085192121457
-0.22777889375019691
-0.2545331241618044
-0.2565031618150439
-0.26807566542062705
-0.1993405691752022
-0.25138526325470567
-0.27775774584995316
-0.280210931945609
-0.2990394363529836
-0.36549953376305555
-0.29559881930676557
-0.22936108485807294
-0.2690266051174899
-0.24710465353507613
-0.25237633090553563
-0.2386614654504087
-0.31657915057444863
-0.2676037087798448
-0.24872140490492498
-0.2145266882796393
-0.23890978699788706
-0.2729034727201792
-0.2823396221669985
-0.17796069821765462
-0.24604790260076714
-0.2914312602833675
-0.22763092691685674
-0.2521932081441318
-0.25036473466704895
-0.2591855853878854
-0.27725107130479326
-0.2531457450071529
-0.24231152670371112
-0.18381892246485937
-0.36706556973237303
-0.2681707184746735
-0.20267786837049157
-0.18778479151307995
-0.26343290005946834
-0.27864450828949494
-0.2293989332177339
-0.1795089161055833
-0.2640925610954936
-0.2830881460789242
-0.26524117933793484
-0.34772644505352407
-0.2736584357603715
-0.2480508787901962
-0.28768066420426247
-0.2740011790735642
-0.304915392120815
-0.19632344418218584
-0.2670339976063455
-0.2323485107211967
-0.2948743855741818
-0.229757524463157
-0.3198581342383213
-0.2074716636002466
-0.2625243071236173
-0.28889113439672814
-0.28510538559545356
-0.26449766086871057
-0.26787124787863115
-1.850371707708594e-16
-0.38128763383241143
-0.33716753504600855
-0.31747444687851606
-0.2631917432658619
-0.32928120137042494
-0.2675946324567711
-0.31636985615171775
-0.3097915018971059
-0.3139441697022096
-0.2833895839749663
-0.33565723982698714
-0.29646102445140904
-0.2345117673407019
-0.39644196316489594
-0.33254261901371496
-0.3133645745267895
-0.2550755801412125
-0.26538513486516235
-0.2909353772828774
-0.340439373459761
-0.3626099534094663
-0.4222398171536001
-0.27048301394440116
-0.3235802034860305
-0.3101209842135203
-0.3697657064208613
-0.27476962246368447
-0.33225928829329776
-0.29903288226186225
-0.25905468277635524
-0.31722829460501056
-0.2697387632690979
-0.2118233300778117
-0.25162016552455896
-0.2108880769251551
-0.2153508981579446
-0.2852070740157848
-0.2673024567936472
-0.410977224729198
-0.3454530335335389
-0.3314274126828263
-0.3277725682526659
-0.3243576045778975
-0.36387705445675633
-0.34158260313472555
-0.2925227055412689
-0.32484968898184435
-0.3954428010429668
-0.30543569287643
-0.3448811577901702
-0.2045096128449422
-0.27985996003119973
-0.2408788441149553
-0.2575027990206955
-0.2314752767274946
-0.22556267377441414
-0.18765465481296698
-0.22488345586330724
-0.17864617251678608
-0.25238005163243465
-0.29518820878862323
-0.2574777806629221
-0.37206982623273915
-0.2863721993390268
-0.27765974757711454
-0.24999087539902973
-1.4518301091252047e-16
-0.20490644696760354
-0.33423495490306065
-0.23447401500276507
-0.17375241871741795
-0.26562946636727097
-0.22935993436698976
-0.24992289560608189
-0.21686606901630454
-0.32330668032070303
-0.2669480630676806
-0.2573398734640816
-0.23934579306109294
-0.26227513561013177
-0.3147188288816318
-0.2327398495189766
-0.29834832945148304
-0.2669329722535455
-0.28591038684656966
-0.2659413281172267
-0.3500715994213284
-0.2571213275898835
-0.26025123568296615
-0.18733311265522992
-0.3223247386606857
-0.2849356282687175
-0.30374253695898296
-0.3631986072090018
-0.2501610526951756
-0.2342758769476876
-0.32142549036016205
-0.22374896662435992
-0.28732465647295297
-0.3467620425800864
-0.2988522971566907
-0.23847944004824723
-0.2857382343891327
-0.2596550548166556
-0.3402782822672096
-0.284688453135668
-0.29897020470333635
-0.2892091473701309
-0.32192397715700527
-0.21343311207468477
-0.27795360161474614
-0.274305599823028
-0.22962433533041704
-0.32060106826792517
-0.17337618263786378
-0.3144874708342903
-0.28237468093374724
-0.3661078671284818
-0.20255172092054208
-0.3045799068920801
-0.3822705852581396
-0.3026912505003945
-0.3466285647966201
-0.28372367877290566
-0.2952912398257892
-0.3141253637623159
-0.32053742124567225
-0.3224721683261059
-0.34001302528749117
-0.30796816027245066
-0.28361293594968306
-0.2876230134902632
-0.2614964360458838
-0.33639545821589856
-0.31848461589814986
-0.294129166863927
-0.27448079570635586
-0.2914971445790224
-0.25255157025525143
-0.31314751196614715
-0.20507472195375345
-0.2847612864053525
-0.3006076439647452
-0.30808937093152905
-0.2508132591184523
-0.20558187078256543
-0.274863941822083
-0.27755426411750533
-0.2978047000816098
-0.3116427805790857
-0.2535915719600656
-0.2562419564408926
-0.30239351481286175
-0.3507589308587856
-0.24433850284131114
-0.36888909421286953
-0.2987251935981515
-0.15455789021836974
-0.3098975089376414
-0.19694214968510476
-0.3357596795887456
-0.20704991729116756
-0.1863590141850977
-0.25556016943923765
-0.28467522917839144
-0.2822464278085376
-0.13031998801540493
-0.31860406468229074
-0.21082973371028305
-0.3142449795675952
-0.23462798414481867
-0.2523848457176541
-0.2830944951987596
-0.2110430238515574
-0.19234334883198062
-0.2578814047859054
-0.27268469742502943
-0.2571274976311138
-0.27561262269955555
-0.2293238387624572
-0.2535024518592976
-0.23862154534371832
-0.28502307128244914
-0.29881008331067005
-0.19857371684244002
-0.2504984567161783
-0.24998140736857025
-0.36480501610866795
-0.34834529124717073
-0.2813865477140073
-0.35456494692051727
-0.23895072525313052
-0.2660418764504404
-0.20869435748881315
-0.2753721976106925
-0.3224914351531203
-0.28868576695941284
-0.33750496703957483
-0.3206268516625964
-0.2833979172613514
-0.26755293787019896
-0.21551343074647528
-0.28474486796995274
-0.2756540411403304
-0.3196709876151816
-0.18737348333150725
-0.21672144294003362
-0.274861137541861
-0.2597909810080816
-1.295260195396016e-16
-0.2301861196636663
-0.2680865775502258
-0.2854919220668661
-0.27227715276674963
-0.3594136401301852
-0.3008483601797179
-0.28055694879176835
-0.2562324809340488
-0.27497955348338166
-0.20775880846706973
-0.21921251784018786
-0.3721414198562448
-0.26144643160348907
-0.28525037525135566
-0.23758370317789884
-0.33086843932039234
-0.16490536694664865
-0.3146824661861108
-0.22622857114827435
-0.3919845687810804
-0.32235505945836884
-0.3404339380324368
-0.3598761947463375
-0.3760164666554862
-0.36224490347776356
-0.3948453307890827
-0.28857867038142926
-0.2908190385899413
-0.35342728525489603
-0.3505588197872406
-0.3445558018813921
-0.40990120418485415
-0.37658676368124344
-0.30842852241066204
-0.4542174572921388
-0.3157619779673579
-0.21332519730264562
-0.4810625786777403
-0.25460485056368165
-0.26783480902021806
-0.2457912001823757
-0.28968780955225837
-0.3201610328028032
-0.2704055988206185
-0.22468621507128242
-0.2605172204848104
-0.2344990022701897
-0.26678863569569405
-0.294603610857833
-0.2876886336023182
-0.24169611653494597
-0.3083080362346331
-0.2588322142844845
-0.3075367585880191
-0.31648609802996436
-0.24762929289854121
-0.26689655878037616
-0.2962054096354118
-0.24108115060956697
-0.18560158319740255
-0.2452180003106452
-0.15801045453633855
-0.24848760940406187
-0.2235091206756026
-0.30929059522670505
-0.19727198495811127
-0.3430023209092717
-0.22469023114200853
-0.24386412312866212
-0.23268289269200482
-0.20408708172456128
-0.25799348893583784
-2.049642507000289e-16
-0.19790018449299676
-0.18606021284491278
-0.1785736964525387
-0.13834348672709473
-0.3553900482139097
-0.33347513626901015
-0.25130717382844187
-0.46811663217857724
-0.32604157965391206
-0.2292847409354915
-0.25592534455816923
-0.2751730508077958
-0.28500938465269365
-0.35889886608276894
-0.2504112344452621
-0.29051874018135054
-0.32260633141900824
-0.26504984024709144
-0.2782394271057126
-0.23916010289258854
-0.2500727152405391
-0.26786631697698765
-0.2758251787572413
-0.2651568235672542
-0.29591750695946223
-0.35760250328938564
-0.3425844009789605
-0.29209645153753033
-0.24655452655400403
-0.3333669858920512
-0.3121421111792677
-0.2640078862376697
-0.31579519461806776
-0.2634242773486679
-0.23443071761307752
-0.3544318328350873
-0.2564368632592971
-0.31353122095221225
-0.3790996071125187
-0.3472315030601196
-0.33525904737600687
-0.2818788647396522
-0.33734251208969884
-0.32377611240488086
-0.4098778319679354
-0.4474610125192599
-0.26744431258174983
-0.31024409179259893
-0.351742870047702
-0.42068179895865565
-0.34887583607837996
-0.30488313318265575
-0.2923751789533513
-0.2307726180405492
-0.2981414181464738
-0.33673837449539473
-0.3889061473051907
-0.32516744951053245
-0.3617512118734773
-0.3024790500076546
-0.31500416211528676
-0.33224807777887183
-0.3884573579431825
-0.2938743852647139
-0.2663489648302239
-0.3613788544634031
-0.28918044377001
-0.3174339218902321
-0.31238373871889247
-0.267221311488547
-0.311569889091088
-0.3282383990151417
-0.3358989965903423
-0.3251042408327118
-0.29027068316180854
-0.35232945700089524
-0.3187378139285538
-0.3337794990686974
-0.3078316323358385
-0.3219030062489728
-0.26375775226922543
-0.1866437578980353
-0.24845268139585344
-6.661338147750939e-17
-0.20664285151271256
-0.2654623108882628
-0.2712391084878421
-0.32984410296109185
-0.2619814051101709
-0.2695148234806422
-0.32094666199284205
-0.21826916955158307
-0.23814630922579966
-0.2968423563529024
-0.24798024524270296
-0.2852410893731426
-0.26396174202597256
-0.24597750927090345
-0.26123538597735135
-0.29945618245292477
-0.2378693534012219
-0.24564087773990476
-0.24877414190012068
-0.22531840166035066
-0.3157273514063416
-0.2956822611946748
-0.32042563249473344
-0.39310653160511805
-0.3195091768577706
-0.24982695038764866
-0.34842325374531774
-0.3872797478652021
-0.23344863256696977
-0.25637009591869314
-0.32885083356382455
-0.2712401271636023
-0.3299988407488308
-0.3766133703147442
-0.3132390692901466
-0.2740334770246393
-0.34094945144648986
-0.32514601758406625
-0.3275671534235701
-0.32289265095252334
-0.22759804572961964
-0.28776217339205684
-0.29636698263683076
-0.318988505644466
-0.32566691182729124
-0.36355838244781563
-0.2858878588292407
-0.29624040435392596
-0.31186230684152344
-0.3081426886138454
-0.24176374453837157
-0.2646772928608866
-0.2808451516715271
-0.30437480843248554
-0.27740388906278973
-0.30029695636560144
-0.33644053485379166
-0.24282841039862077
-0.2843760308934448
-0.35944961422008215
-0.2979041501893839
-0.3075598537353491
-0.28216419438404344
-0.25482709322203523
-0.3083784015605533
-0.34719746373943855
-0.2902426473428019
-0.3523246348934463
-0.27670058239745166
-0.28467849241450344
-0.3348129648587688
-0.2765337901839912
-0.3079618517850907
-0.31803107947577125
-0.2300716050112517
-0.3852905871734587
-0.30211724885684216
-0.31752849785639425
-0.3138260360187681
-0.2580582303723052
-0.343299985412282
-0.31230005389745197
-0.3090185211247251
-0.31159822428469364
-0.2742492689820472
-0.390468285743742
-0.388554859392572
-0.3591605780206486
-0.3146945243118775
-0.36013657909294733
-0.30281854771175787
-0.26051031357286764
-0.34953349965898156
-0.2348267588825273
-0.3050260636098157
-0.30625499584811006
-0.30898335110945535
-0.29010884594266745
-0.22856046249494588
-0.21963721424375732
-0.24920332736609524
-0.2243455645199808
-0.26473312444569874
-0.1945446132998468
-0.2505951935337056
-0.2949878295231956
-0.2708924942387515
-0.2984551170599317
-0.2635820692499252
-0.30195689328574604
-0.29199287395029844
-0.25667126725533473
-0.2800814138074319
-0.3088194509534657
-0.3025983229838944
-0.2686414689076758
-0.24698573855274525
-0.3351704043609318
-0.351373722583901
-0.29529688200661597
-0.3049208494936455
-0.30738718694445333
-0.24267839734598767
-0.276909317336305
-0.33009936985206867
-0.29570306996059426
-0.3084687232928983
-0.37031325477441757
-0.3027961759631534
-0.3313442538137922
-0.30877808439936427
-0.3059528844750992
-0.2936704491056271
-0.3169489043935468
-0.295896206358423
-0.32902324473910116
-0.22771548388959026
-0.17400921778760756
-0.19092015425129286
-0.2753166495711867
-0.23712655694035586
-0.2810327498095971
-0.2562943420729681
-0.1949010651606731
-0.223313063913093
-0.3019132065928527
-0.27931341262364334
-0.24869277617071417
-0.2361546031978615
-0.2851560182890706
-0.2362278041382707
-0.28662355981710963
-0.26337854767384733
-0.2632914369045248
-0.23997240283494284
-0.2238650924852667
-0.2212343059552408
-0.2571499008980801
-0.28278791652299645
-0.22217889821803144
-0.39371178471553103
-0.17919558236250063
-0.28860902662890536
-0.2275410535238679
-0.35881934159252193
-0.30935391441968174
-0.2829762922331041
-0.28339415523188977
-0.35779802783699816
-0.22775435131396327
-0.2642276826382454
-0.18035725707202302
-0.3237939431844049
-0.28281952945232114
-0.26778712993155207
-0.2806314203391146
-0.29115753926031035
-0.2906902348922975
-0.2766288170784036
-0.2581241799583989
-0.29281594840535263
-0.3187512184406529
-0.22547049696796198
-0.3254262187291587
-0.24848200884678143
-0.23320115803362865
-0.24526744334913533
-0.3352159412025963
-0.4691429642931848
-0.345406635666322
-0.2629007601946798
-0.30972600459338634
-0.3325278133910403
-0.3193684892637702
-0.3250587833405335
-0.23137278506979556
-0.2865808889845695
-0.261428642559946
-0.2664475529788437
-0.21632223832773811
-0.2639418568366276
-0.19465173828439206
-0.2911307774736848
-0.29537215724942334
-0.2651701600616649
-0.2572357295398315
-0.24093996129443604
-0.277631863657805
-0.25630764972815706
-0.3471263132734866
-0.34283270985391573
-0.2679526481475458
-0.20056616601631896
-0.31168191587741967
-0.327595160972843
-0.2538385921609391
-0.3206881645939616
-0.2932800414306776
-0.2352787161845988
-0.21894016431296584
-0.23963437258117512
-0.28292090345385573
-0.2833992470587304
-0.1993405691752022
-0.2613500548197896
-0.30300993900261447
-0.2971530828291746
-0.37405391262252385
-0.36077124354253753
-0.3106640213951709
-0.2863511531946266
-0.2847310009339804
-0.24710465353507613
-0.2663581523577028
-0.274097897020624
-0.3039896492619425
-0.2685581222145129
-0.2590280605424088
-0.1864722117380496
-0.2865105927348271
-0.2912362300797824
-0.24393266944758032
-0.22276836813310893
-0.18939226896068181
-0.21828488896331055
-0.19879729047086525
-0.23938384503307358
-0.2421319582474422
-0.1613667954082732
-0.33298044249573905
-0.36636780025592447
-0.27911913077953504
-0.3125756225653676
-0.38256943809133837
-0.35524788890646225
-0.2605718905891781
-0.2090929847106355
-0.287767405181666
-0.32640047738912065
-0.2668632182170874
-0.2562575154351155
-0.27515303593646273
-0.2735025189002322
-0.26930145841642955
-0.3610829079098093
-0.360883688013297
-0.2988147865018668
-0.3024517397620584
-0.2619001824230317
-0.34295899080240866
-0.2614896769156675
-0.3002945134113868
-0.24412479365528028
-0.30368019853185996
-0.21564102902111842
-0.33322468374637676
-0.22434740454558888
-0.25863955538368255
-0.28148650851905727
-0.27189796631861063
-0.29347444060254313
-0.2725399894863633
-0.29512309065571474
-0.36712060294629995
-0.3379383290217922
-0.2927495466851596
-0.26697613872981774
-0.36398213800913887
-0.27436421484014195
-0.27175005786560985
-0.31674900362874353
-0.45141107830957194
-0.307633957933641
-0.3034322610184966
-0.2691139491247737
-0.18572854732314623
-0.4206877137084015
-0.3504911726599261
-0.32836469627503406
-0.26327061374434957
-0.25269488138087043
-0.3340724214376287
-0.3254860922683204
-0.3683225976910869
-0.31061885396373634
-0.28926831753930393
-0.32756826924311266
-0.2990438962849291
-0.36653567917247853
-0.29271245804947227
-0.3208092330251783
-0.3079302971027333
-0.28217067564221265
-0.2793242790951155
-0.24778321458235014
-0.22911200994734132
-0.23914379723698884
-0.2172432978915998
-0.2169570440244323
-0.273570579535715
-0.29364049464477665
-0.5669061661099195
-0.3429258027981555
-0.30235779081702724
-0.32763881978683984
-0.31022595605790826
-0.4033458500667628
-0.3658855283412373
-0.3047691500404692
-0.34233590617370496
-0.31341264736143204
-0.2858337430942447
-0.3190393189201151
-0.332335258027425
-0.2939981518444022
-0.2356684336936054
-0.2436900129016103
-0.2566188142660326
-0.1627595370626823
-0.22966654140749954
-0.23399946540338362
-0.20999901663099313
-0.24541308082215169
-0.288755210717213
-0.2949106623237552
-0.29199287395029844
-0.2974105020828765
-0.28389448022268005
-0.22162461487867485
-0.1898899203020965
-0.22008042024569902
-0.32083940968599084
-0.2552280299671374
-0.19677657417235375
-0.23475964733114638
-0.27042024538080983
-0.23475902539892066
-0.20688159768063444
-0.296345069485022
-0.2552763731122349
-0.23559264457616685
-0.26655503928021357
-0.2807846942483083
-0.3199939254538316
-0.2600341396708935
-0.2685365966510272
-0.2997119686112829
-0.3138317932050205
-0.26236435557581017
-0.3518026824951106
-0.2922697468519586
-0.29279750059344734
-0.20701138664961527
-0.3179869045569646
-0.3123590921215987
-0.3132496694825359
-0.35240497442987684
-0.2206075837415825
-0.23362775318396464
-0.30345332854118034
-0.253005342990299
-0.32162340852250304
-0.3079098619834737
-0.32930207097631387
-0.27988382639217885
-0.28652856965803114
-0.2335224935090014
-0.3536407571282674
-0.3200654141398389
-0.31766697348053136
-0.27986254367186136
-0.3124168731969679
-0.18519711198944538
-0.3022720727864493
-0.23912835156480078
-0.27235840088310853
-0.34693454621354847
-0.1791898916530232
-0.2876117738066734
-0.2656851085694572
-0.36995315241540044
-0.20255172092054208
-0.33214528832955054
-0.39324122895458563
-0.37679655482662294
-0.3385718864782032
-0.3019843260935712
-0.279619610481384
-0.34309517481131313
-0.32919288179885425
-0.35284929594498693
-0.4119744478815734
-0.2921606119812938
-0.2704504027558079
-0.25694406324733166
-0.3742050495939779
-0.25788231449404236
-0.2978536544909804
-0.17640490969089256
-0.25934332341501803
-0.2253593168635601
-0.2919438615362377
-0.17189097918492857
-0.2176927243540285
-0.2450860300753256
-0.38275827051691846
-0.2885529067434006
-0.2546340865773401
-0.22134714678123746
-0.2883119689510274
-0.2806503603248533
-0.2999793297784821
-0.3293394505760288
-0.32566231182970656
-0.2938570692062534
-0.3155356871103071
-0.4150463234062005
-0.25731469843334265
-0.4086229934085268
-0.3411890294793738
-0.15455789021836974
-0.46552023723965646
-0.15550846401321863
-0.3307942785007543
-0.22029299005280076
-0.18904489021456472
-0.2514540797902294
-0.2804644862537002
-0.2608058252713717
-0.22751952465713302
-0.29796462199142204
-0.19340703043337584
-0.27597197176922694
-0.21168422864410463
-0.21953134687993633
-0.2555566164749307
-0.3504648241881742
-0.279743770675926
-0.3097896962283288
-0.2889264002851578
-0.23951474389516317
-0.30225882238899665
-0.23200499072144884
-0.22751940750762506
-0.26658048827991365
-0.2739538077079289
-0.28725154590668694
-0.23038785706597137
-0.30521310942931684
-0.2628182035591574
-0.4192002777106308
-0.32840090929808424
-0.2628462036794339
-0.319642189013857
-0.24917346748179503
-0.24235758954096964
-0.20645763187893532
-0.2671039232555864
-0.34320656153704565
-0.28543928328398976
-0.31881416877817154
-0.3472574580363766
-0.2841804289796837
-0.26755293787019896
-0.33495064813412523
-0.31909473615001915
-0.3210478375139462
-0.22526197021385763
-0.23328747545496958
-0.2674322441486352
-0.2720937719833079
-0.2729532151031853
-1.295260195396016e-16
-0.26064837376488625
-0.2846698260033924
-0.3046148302789643
-0.2786786293111172
-0.31883392677668465
-0.310140569206232
-0.2735607345408925
-0.2995138596448972
-0.236756159542884
-0.20411681625954728
-0.23023023571314477
-0.32889137252741707
-0.26477714197448404
-0.26068227173065894
-0.2345240645143407
-0.2732671853360595
-0.19934524088555525
-0.3064473619328713
-0.22573204807726555
-0.311531711013897
-0.32126457959691657
-0.3569011035765393
-0.34218120815216635
-0.3702895743865774
-0.28043268361595614
-0.4112166535676772
-0.2985262860860542
-0.278756564707634
-0.3421609898786584
-0.34458233751714534
-0.4072647091608011
-0.32550037330034703
-0.40649097789610267
-0.286304914683009
-0.4175931719597917
-0.31518710234594344
-0.25714592575225387
-0.5094955487613065
-0.22413941594031772
-0.2618742595043008
-0.228475987731799
-0.2783663011806701
-0.28495430547886064
-0.2924859683697497
-0.1683489041984019
-0.3135872146545828
-0.17648923027972285
-0.2324810985696731
-0.31228837400817716
-0.26596274180442114
-0.277143876142379
-0.3062730480882533
-0.24790311263549678
-0.23592080390724465
-0.2479883349774707
-0.22222168398315825
-0.22350432247469526
-0.33945323829832796
-0.24039173474880463
-0.20462438957544216
-0.27184680595873384
-0.13272248306951687
-0.1952350270521796
-0.25510943335037345
-0.24094984931927887
-0.19727198495811127
-0.347363619236093
-0.18120914045380845
-2.305847820375325e-16
-0.22832460141292563
-0.1751836827367994
-0.2666686577966594
-0.2007836797132931
-1.7763568394002503e-16
-0.22686074854052085
-0.1785736964525387
-0.13834348672709473
-0.336887286690072
-0.33347513626901015
-0.2794231840819438
-0.4596011680537327
-0.3467075493910171
-0.2277160997370071
-0.23635693048710688
-0.31281943737076034
-0.2526564714618674
-0.32177401054049837
-0.2508603729638502
-0.2935595213392953
-0.3093199562843351
-0.2698415895285848
-0.2647286532448562
-0.2581205547531919
-0.22745586967109097
-0.2579351950237279
-0.23553418242347376
-0.28164671660621404
-0.2283196577943875
-0.2977725649656743
-0.3132652868919447
-0.25986285050626945
-0.28132800555856907
-0.3333669858920512
-0.3121421111792677
-0.3350823639853053
-0.30978250986138856
-0.2679579932573666
-0.22888468210315432
-0.37597709943726826
-0.2564368632592971
-0.3244487357877604
-0.310087036281579
-0.36719839745762384
-0.3399858045190166
-0.3295252152696521
-0.32385187402275345
-0.3476777702755283
-0.40110809625482535
-0.4383660860832586
-0.23185075553148385
-0.2836517692523982
-0.3850977515595288
-0.47263994595660275
-0.3282080516229766
-0.32167052586350764
-0.2923751789533513
-0.2300924742876319
-0.2988527892020727
-0.3194111324144447
-0.46006928135948444
-0.3046916865159742
-0.2858827088852909
-0.33441298323816726
-0.31647906283188904
-0.32696368299181305
-0.32395010060417057
-0.287255763864837
-0.2627477912411127
-0.40613192384047575
-0.33935491814407637
-0.24872571396660234
-0.3412160653379541
-0.24475072525017938
-0.30485555201113557
-0.30774512038682145
-0.35943922704665815
-0.2848234996536699
-0.282957780499071
-0.3248349810466524
-0.294590906047542
-0.3506952832800548
-0.29278037874843377
-0.3156548659480174
-0.26281005657315776
-0.2056012084815422
-0.3004694610841626
-6.661338147750939e-17
-0.2015558656537908
-0.24590177226489274
-0.23901784641588694
-0.33475253491017304
-0.21535528192989953
-0.2746012106573076
-0.3167210173345047
-0.22649640369476878
-0.27057566212992123
-0.26375802469818377
-0.24724723128686618
-0.2876544685901072
-0.23792508012048685
-0.20978253911482486
-0.20745496209267572
-0.2903237366461741
-0.292430358999338
-0.22615161057998984
-0.26924225430240833
-0.2277600002550619
-0.33198147457719646
-0.28628243127324554
-0.30538335417637924
-0.3606470810943994
-0.30293728354347654
-0.26219302738769024
-0.27831505594611167
-0.4475040961427854
-0.22249821677535395
-0.2538079959563335
-0.31822658485450833
-0.2666648038868202
-0.2992631489066321
-0.37044118771066703
-0.3080235203895644
-0.27297395205832736
-0.3149825386748669
-0.32841811079145466
-0.2990929894235276
-0.3183750874021525
-0.3302149117374642
-0.277862026305054
-0.26530811604614213
-0.2979641153668362
-0.3065269036643918
-0.36465366660290605
-0.2691847068339977
-0.3534036555732981
-0.35144969808765003
-0.3114511797106612
-0.2916174605786751
-0.3052689757222135
-0.28635251361502634
-0.3008737968649374
-0.27946822323931897
-0.31853073714520663
-0.3089265747766876
-0.2379198764626555
-0.27607077217020315
-0.3326645614296895
-0.30649582270917286
-0.3191749921184802
-0.2653099470237331
-0.24076138428779711
-0.31200280124501306
-0.34567813851948426
-0.2684435921537801
-0.362040898099329
-0.26309769294171687
-0.2868619076545577
-0.34502410453423643
-0.3127571553206902
-0.3550303500135466
-0.3394733585091481
-0.16995160939963921
-0.35000142094726144
-0.29067119134634734
-0.3335187146134202
-0.2526818597098781
-0.273582208919457
-0.34226589692404696
-0.29464962139156814
-0.29941700689080164
-0.3116563697525411
-0.21329421994952918
-0.3422255208630822
-0.388554859392572
-0.32935858828204284
-0.29279861379142297
-0.3371718783353663
-0.29566715808126404
-0.26892412221053674
-0.28650825862496687
-0.2046442527694547
-0.3165392146051011
-0.31679946657885155
-0.31512680306388374
-0.2865478163326774
-0.216325128026441
-0.23329081818317932
-0.1878037826307844
-0.22084385012840746
-0.2213198272403028
-0.22496095746242237
-0.21304982222803848
-0.28956535185814447
-0.28411174496094066
-0.27944075708876415
-0.2575238555880483
-0.2653910614844903
-0.33760542439321367
-0.2546092637603738
-0.26707405996707895
-0.30221923280917484
-0.3162502272866652
-0.2687204221353373
-0.2766905609575914
-0.34204831397939794
-0.3343622605077059
-0.2999188117609714
-0.28596935137340185
-0.31901543582188446
-0.25052393639966625
-0.2646384424683382
-0.3375336021788173
-0.29090299907819167
-0.29038251490687017
-0.3629494483588265
-0.28386319224206824
-0.330077041489571
-0.3104646805368134
-0.3050028748901126
-0.2928134403201058
-0.3023788618567705
-0.3029572788817588
-0.31484980503807325
-0.21383012686364083
-0.18560183432571883
-0.20388727466451856
-0.287286448972396
-0.22310020675505682
-0.19904610367959927
-0.23911093334530442
-2.031471917399222e-16
-0.15772532316861881
-0.3042977892306204
-0.2784350757602561
-0.22753397798221942
-0.25120586957862756
-0.29680488236327196
-0.259712173092682
-0.2989367905562614
-0.2650683317852046
-0.24056975680018355
-0.15997621308505594
-0.20524227771039608
-0.2348554631871801
-0.251172397717552
-0.27106419852373503
-0.2527619313322029
-0.39371178471553103
-0.16541107762112747
-0.2587071844924668
-0.2703826969558718
-0.31863537429326183
-0.2642237904526266
-0.27320257606582105
-0.2544853485657295
-0.33836606918105366
-0.23151939003199104
-0.24858037079584072
-0.225304554056302
-0.33757424611625664
-0.29844858748008457
-0.4027891992400602
-0.26963411769513723
-0.29961089216137493
-0.21684377023607976
-0.26307373482287183
-0.23516184782677033
-0.29920801918333295
-0.3169192286571329
-0.22547049696796198
-0.327652106042228
-0.26908561441081297
-0.22582718978489114
-0.23344176828598728
-0.28657809564316167
-0.30906048805476505
-0.32236575151382046
-0.2576213272564939
-0.28937572899233815
-0.24533653551385176
-0.32179226181844417
-0.3248493548577804
-0.24625248788356674
-0.2348159621926577
-0.27061564006768063
-0.2688782520606376
-0.2087790358227427
-0.2590133066281838
-0.19465173828439206
-0.299236448026447
-0.3002058870129074
-0.276413858067724
-0.21135896289834138
-0.22398950201543344
-0.26687084652521
-0.25614451594784426
-0.33297297545551063
-0.3346451228862372
-0.2743068549933675
-0.2992335299528909
-0.256780351379177
-0.3304613924395327
-0.2555621228286913
-0.28477020211687565
-0.28192099007802834
-0.23837929470511457
-0.21948994594165888
-0.23481835982116606
-0.2279881144663298
-0.2745491873241475
-0.1993405691752022
-0.2706682813951919
-0.29426985446097537
-0.3155829062370991
-0.3109002510457421
-0.4096590153210854
-0.31220747387082304
-0.28247075472913524
-0.2717333138647069
-0.24710465353507613
-0.24803734329737678
-0.23857579421327824
-0.31013068048060455
-0.28138951293269315
-0.25669220983763913
-0.2221356875824492
-0.22109809697943195
-0.30223452646340854
-0.2221792102402584
-0.21220787672485678
-0.18939226896068181
-0.3085139698950796
-0.23100278986719733
-0.18831502270209632
-0.2636313246627992
-0.23825827858769552
-0.30817469899523214
-0.3133486743670884
-0.24695415267664023
-0.3212767403987278
-0.38342956030250536
-0.38724236034324483
-0.2566616942056915
-0.18778479151307995
-0.2869643332082823
-0.32115327804558635
-0.2668632182170874
-0.2562575154351155
-0.2818650691962209
-0.2892282663918814
-0.2652182375431614
-0.35661016008541
-0.3175514021676142
-0.29305181766225985
-0.3245328297975266
-0.2811484270321008
-0.3592661389193733
-0.2127346756485642
-0.2993431691302795
-0.25312588673641473
-0.31590364582936603
-0.24441598971154443
-0.34064802831771773
-0.22101993763573724
-0.2528554567097903
-0.2917503577952923
-0.30928816493794564
-0.2677124036296842
-0.25145834153951424
-0.16943537256230942
-0.34379698036583545
-0.31182559935278176
-0.2934146805412142
-0.26697613872981774
-0.36457103963583476
-0.2675946324567711
-0.29761676842612633
-0.3097915018971059
-0.41418192087327194
-0.28795458488513576
-0.3199014758420765
-0.29367686384715225
-0.19106556690002857
-0.40628888065044566
-0.2942387541739655
-0.31920135078605
-0.2578892946313079
-0.24534892053787372
-0.32373943805437316
-0.3347497288633584
-0.38954859832508554
-0.35029365450157024
-0.29135661264987395
-0.3292140731588296
-0.2981370271615657
-0.3741606682914526
-0.3050947124108782
-0.32027452417558805
-0.29019028841664973
-0.2665457142363264
-0.25073663006464136
-0.24562470739301853
-0.1729769335535691
-0.22085701152108708
-0.18533082567753298
-0.23731078084335877
-0.2731865987346922
-0.2341856570527435
-0.4585977720211737
-0.3452481359666642
-0.32412673378840745
-0.35692467502341646
-0.33926509661116827
-0.4269444291618858
-0.36813078805240423
-0.2925227055412689
-0.3296344146131391
-0.3379441081755339
-0.2891939185283173
-0.34346613281778365
-0.2045096128449422
-0.34144047554214824
-0.21739838254313074
-0.25912450834430634
-0.20730467446323322
-0.1895639624945192
-0.21445891485182902
-0.252856603236258
-0.1849027344708756
-0.2591621405618485
-0.2713588022258395
-0.2931684150923092
-0.35085370479660505
-0.2829737550751099
-0.3222943679780313
-0.24864499451730396
-0.20095394016866586
-0.205977030596966
-0.2876954207740869
-0.2521262299737796
-0.1792535839132981
-0.24440068144839774
-0.28629415828773624
-0.25391779210989146
-0.24191948790599466
-0.2741735216279324
-0.26052806500725806
-0.2528191256658139
-0.24215499271948926
-0.2807846942483083
-0.30722346401010975
-0.255692124166701
-0.2911001126851439
-0.30090888954717765
-0.28786786780939816
-0.25623350628974406
-0.3439660154059878
-0.2986472544143095
-0.29279750059344734
-0.21988262607606274
-0.3076831129053189
-0.2982507455038999
-0.3083361217251876
-0.3314101585368518
-0.21600326376222043
-0.2161541415814034
-0.2890475955811267
-0.2472633098033147
-0.28732465647295297
-0.3206978397795995
-0.3152371205638699
-0.23054426001163272
-0.29147127381559573
-0.2364619760012384
-0.4344200853254093
-0.2902355010826787
-0.28756041985453484
-0.3177023745747982
-0.2963764206556066
-0.22904711665146488
-0.28983710494990483
-0.26489743829725415
-0.27235840088310853
-0.31499351821202926
-0.18076413353214926
-0.337684789625476
-0.26986707532592513
-0.3957627550308697
-0.20255172092054208
-0.29810588916312264
-0.39339923085515305
-0.3382821915417127
-0.3509140355314289
-0.2902571709983263
-0.29021700055191646
-0.3322889031219496
-0.3336422435712995
-0.3429661837089039
-0.3834401874039944
-0.30562259676200576
-0.32193438103830707
-0.3133731223289332
-0.2489667805087891
-0.33379129759968185
-0.29392220804759206
-0.3142697885326922
-0.2371522272746275
-0.22408439775644595
-0.2534437351147305
-0.18243223873074774
-0.22586889436711727
-0.28923868890377663
-0.34542812707319936
-0.28347879118249
-0.2815193584793415
-0.22203142376249974
-0.2635557308399655
-0.29640646751120514
-0.3011021047007192
-0.3461091485212357
-0.3195565320505411
-0.2938570692062534
-0.30904265131412845
-0.39477497949732177
-0.25731469843334265
-0.39909189415012924
-0.32405831643738686
-0.15455789021836974
-0.3714192034125567
-0.20392620354741964
-0.3292248755072828
-0.22065310636132746
-0.19982045492672743
-0.24338929599970854
-0.23956011353195075
-0.27159702038280076
-0.23303533560628273
-0.268208502181299
-0.21139337747514914
-0.3167813138287861
-0.2698416394288745
-0.22908958406134805
-0.24349120986446463
-0.251727680208494
-0.279743770675926
-0.264550864876633
-0.30558329433324466
-0.2321715614860892
-0.27389913717233805
-0.1951600119026838
-0.22918349988935785
-0.2493222510971283
-0.26784524611611826
-0.2893577794939304
-0.20275750363959946
-0.27087484818852253
-0.2600709178423014
-0.363107538180518
-0.2826503253990581
-0.2944134277548619
-0.3253080670155524
-0.26664574043982237
-0.2771747640822726
-0.2311996597860548
-0.2741209172536546
-0.28757106039309244
-0.3315276788605814
-0.34263450483726754
-0.3291526081747928
-0.26885668079296127
-0.2670054667565786
-0.3230157992355255
-0.27664094057314004
-0.2602994303299595
-0.3007987279510883
-0.1931318503672778
-0.25951372755654817
-0.26119862631252183
-0.2121972444578754
-1.295260195396016e-16
-0.2889465155745833
-0.282187839928948
-0.29117690661509354
-0.2804687125984467
-0.31054821349258954
-0.30302515472078045
-0.28031232080522855
-0.30289386630527604
-0.2789609786380382
-0.20411681625954728
-0.20712041995274716
-0.2913361464515565
-0.22542865206582482
-0.249388985869538
-0.23991575439264362
-0.25749219484236663
-0.15780439230984683
-0.3180917105571351
-0.224405062917565
-0.3657441131807186
-0.30362606966800676
-0.34437620781500883
-0.33793159191644034
-0.3731570401069049
-0.41220039808659387
-0.38981605567415456
-0.311280915794789
-0.29443601062267954
-0.3375472998550046
-0.32766100957303196
-0.4040486477761178
-0.3382211927321793
-0.3786333659296907
-0.30529918472670164
-0.42840152224016875
-0.29562015470247055
-0.26004947246209964
-0.5094955487613065
-0.22370654838041254
-0.25926444794737113
-0.2288876903896796
-0.27993859271242794
-0.3124868897535617
-0.2867557624265532
-0.25898809397510175
-0.2990048768025135
-0.21817592845839848
-0.27405929451517663
-0.29486526553041154
-0.27709450640745203
-0.3358189016591313
-0.29841800908808436
-0.26704586094549143
-0.3005623800333871
-0.22245333982804325
-0.2771875424262813
-0.22393930903792278
-0.31222105796335897
-0.2421995623257794
-0.19328618647211804
-0.24536307124478787
-0.13272248306951687
-0.2598418635489777
-0.25510943335037345
-0.22964402417776805
-0.19727198495811127
-0.34585716702592934
-0.2039854226463594
-0.24386412312866212
-0.22399627361609992
-0.2602774860414441
-0.2701441995708108
-0.28137125648403716
-1.7763568394002503e-16
-0.26352264314244206
-0.1636938321772543
-0.13834348672709473
-0.36380287932661726
-0.33347513626901015
-0.27770198006820757
-0.42138915672936555
-0.3102912898663821
-0.23003421887865172
-0.2299229293503951
-0.24015773922997163
-0.28021182536034395
-0.33993029432680666
-0.2521194338640061
-0.2683886210078956
-0.3264697205286207
-0.2695708287193857
-0.27791166117403876
-0.2274726035871391
-0.21722372481356322
-0.27206669349642193
-0.3157758634845642
-0.2951572350537732
-0.2944005736188659
-0.27323906163979783
-0.3251591979278499
-0.29313499508826496
-0.27634590033991985
-0.3333669858920512
-0.3121421111792677
-0.3090622537961624
-0.31984053863965634
-0.2784076322286539
-0.21346242102951396
-0.40985297385042896
-0.2564368632592971
-0.30661962568791623
-0.34996512169852717
-0.2996688201471256
-0.3399858045190166
-0.2968767820825032
-0.32544232631268954
-0.31901849978179564
-0.41680611939656576
-0.4575708064513237
-0.2669207487469308
-0.31500914518457285
-0.3572996345421192
-0.43753037102125086
-0.32868237036923137
-0.33898630051242573
-0.2586176205305878
-0.23897529565908934
-0.2757969371727318
-0.30554299477718405
-0.4165564757689341
-0.3114202942876475
-0.277684414706465
-0.3206053815809508
-0.31743938244022546
-0.3453474912995401
-0.30360206283423125
-0.3065899898939231
-0.2676300721772111
-0.34798914130372977
-0.30331967956000017
-0.31698094793253134
-0.3106120109523519
-0.24507599168382566
-0.3169496045552139
-0.32920146617377427
-0.3482106877130763
-0.32208133009710044
-0.32957538116751683
-0.3387106901859162
-0.32526601172336933
-0.3658331759645206
-0.3029089077738784
-0.3394510666201413
-0.2594761480530031
-0.22333354376144693
-0.2610182019858764
-6.661338147750939e-17
-0.20685505324939704
-0.28388934069052024
-0.22684786437065727
-0.30322280733981616
-0.23176777923247274
-0.2824489012641798
-0.2987588226576687
-0.18702697580646246
-0.25729319778971865
-0.28698700200306276
-0.25021195546334707
-0.3337000730187522
-0.2572290892845685
-0.23489579922591042
-0.26981342372848066
-0.2394571078486364
-0.2825295005757569
-0.25282030250487664
-0.25654237079658776
-0.19840252073083445
-0.31784282772279066
-0.31305599233870124
-0.3375847500668684
-0.4261828265527828
-0.3271154058233801
-0.2670663183691368
-0.306880116171767
-0.4247007085925301
-0.2370685942808959
-0.2620544625819834
-0.32137647361034866
-0.27992420015371966
-0.31835101291596757
-0.3784687269002888
-0.32083284956841657
-0.26793965928595925
-0.3392496414440411
-0.3292901580212415
-0.3231999904354812
-0.31324949367197774
-0.2901381621491136
-0.2954116914201838
-0.28004703177081336
-0.30785175540760873
-0.30670704954064393
-0.19274146690828436
-0.2845851645569074
-0.3404990795453764
-0.3338166814624692
-0.3005737902394571
-0.26934300530699806
-0.31953277524775775
-0.2784937107407093
-0.326106214695147
-0.2728542646143166
-0.34087033409944356
-0.2852747167358339
-0.2382575397679605
-0.2631457697415711
-0.3814364456802383
-0.2594877504207241
-0.32485110037800025
-0.284528973489121
-0.2712810477783053
-0.2892132852612185
-0.34761160599688984
-0.2912804543018446
-0.34523971633335654
-0.27670058239745166
-0.27164580538167576
-0.38058730544919833
-0.3150149124896821
-0.33644369975469984
-0.2758162975647266
-0.16995160939963921
-0.36606973371281126
-0.29023652289001817
-0.2802335792652936
-0.27664279177600914
-0.27102448135805124
-0.35874304752186315
-0.28177863886547583
-0.31124720294726543
-0.31159822428469364
-0.21329421994952918
-0.4102408339215771
-0.3978732295246639
-0.32462494086445914
-0.30249807008516555
-0.3630925970170763
-0.29973504015481395
-0.2575103161035014
-0.29188071300727314
-0.20320885688940304
-0.29802326568888576
-0.30265652952918515
-0.2980672759393715
-0.29245511834229215
-0.22534120092351126
-0.23139929471650103
-0.1878037826307844
-0.22836263969706289
-0.25943658620192317
-0.24246570390216374
-0.23689278191423954
-0.28133747507656653
-0.2708924942387515
-0.291562305611788
-0.2731583750034313
-0.283024060286519
-0.2820795313148813
-0.2499044856691036
-0.2606371202979638
-0.32687491649294487
-0.30855961858484315
-0.29561770746903526
-0.25334663676051095
-0.3321177329316734
-0.37626750653238056
-0.3190956463697447
-0.2781745204408324
-0.31117224898342555
-0.2471431355986592
-0.26417405587346826
-0.33733952984644855
-0.29101078080421944
-0.269197954026344
-0.37045484818861374
-0.32869527709950414
-0.35603853755271814
-0.30499282569790076
-0.3210217634991432
-0.28419299773770323
-0.3385777702835599
-0.2715543822879766
-0.3236610044350822
-0.21383012686364083
-0.2113697414604233
-0.20388727466451856
-0.257308979479137
-0.2329809096240142
-0.2242914689456934
-0.25562029205095793
-0.1705382184589853
-0.19161537285317853
-0.3556546255047135
-0.28987976093698636
-0.20360225608897212
-0.23620120216458346
-0.3085915004905874
-0.2579597071776311
-0.26878343622290224
-0.2681350041859228
-0.25310769090429175
-0.24573860657377664
-0.2045590727265193
-0.23550870827878986
-0.2554718446590517
-0.3004780067321487
-0.22217889821803144
-0.34985801978131065
-0.17919558236250063
-0.2778084697942382
-0.24829108668980115
-0.28801918725002273
-0.2916571577655953
-0.32237493504651593
-0.26344238791000363
-0.34224502726791295
-0.23151939003199104
-0.25305258676144077
-0.21562037249377233
-0.32463753201870105
-0.2815378434435855
-0.4381204553101571
-0.27036826948080983
-0.2947261287807486
-0.21573575759704505
-0.29201576352173914
-0.25623338662602624
-0.28963284985991333
-0.26764946444871773
-0.223021893983371
-0.3379169885331423
-0.2642094291429318
-0.23858350266179398
-0.2664586181116605
-0.31775019803183113
-0.34745438435321063
-0.3977884106946841
-0.2925348825475423
-0.31461590211464785
-0.3290706379465276
-0.31876346752415297
-0.3235306274009678
-0.25204356275730483
-0.295490609021755
-0.29619677654039694
-0.2621329746154101
-0.2309056924168809
-0.28033889179029353
-0.25358933477139506
-0.29731853770229966
-0.31450330079327654
-0.22021591957713071
-0.24349736340478073
-0.23580536523207563
-0.2536095950969522
-0.21076658087225486
-0.35398528384968925
-0.3386013922550621
-0.2792358050342408
-0.2310132101633148
-0.24978648750958962
-0.31351303947994813
-0.2480294767947427
-0.2883593276551223
-0.2979586809785973
-0.2352787161845988
-0.1988066566305421
-0.26612455338926244
-0.2570969403210231
-0.2796338377619073
-0.1993405691752022
-0.2557545424655832
-0.2943996442493539
-0.29054251165787753
-0.29451054464938564
-0.3738107111950257
-0.2988372061128499
-0.2863511531946266
-0.2675170074299145
-0.24710465353507613
-0.24032537742152107
-0.23453690093685203
-0.3192373051917674
-0.26910904232301486
-0.2285066432567732
-0.21733914004750207
-0.2338917099860662
-0.2912362300797824
-0.2513632893749221
-0.21425611573191883
-0.23143105422126464
-0.19736265336429182
-0.2657807536712224
-0.2521932081441318
-0.25472708038547137
-0.19155195880809778
-0.3013969138328657
-0.2889304907154943
-0.3398613211490532
-0.32022894087885695
-0.3800305934707379
-0.3649753226580443
-0.25153640941096334
-0.18778479151307995
-0.2530796613393238
-0.32516632235357745
-0.2668632182170874
-0.31016312239457366
-0.28147553126677916
-0.243913829129548
-0.2618573479141813
-0.35661016008541
-0.34596227453135137
-0.29365513392852605
-0.27285635432345373
-0.2687930225421212
-0.34216810115422913
-0.2372310965824396
-0.3017690581730425
-0.2553482459057685
-0.3083377911542542
-0.21564102902111842
-0.3258660002659451
-0.2333557695764527
-0.2685361570933638
-0.28326322052901376
-0.2836240798081309
-0.2937647983897177
-0.2898408466130214
-0.17718410457835723
-0.3899631939025815
-0.322959372935357
-0.2728473116688705
-0.2733462161302848
-0.3622269863452523
-0.2079558178390902
-0.2977438056159331
-0.3195711852456064
-0.4616115341813984
-0.2773177264893007
-0.3022416243573685
-0.2859903008223222
-0.21892251376082178
-0.4206877137084015
-0.30871280727377653
-0.30328662942735846
-0.25196680820076156
-0.2869447395638259
-0.328641673980989
-0.35688979085673805
-0.38738667240488234
-0.344354360680935
-0.28179306825046285
-0.3023036024391566
-0.2999754240620185
-0.35883612660685493
-0.34913857845967217
-0.30732005894207376
-0.30494467954954574
-0.2805537410814297
-0.3367704556505211
-0.24261347031266525
-0.21997993766133106
-0.264250503488821
-0.225143767009234
-0.21292278670619955
-0.2659175595191262
-0.25031469701598974
-0.4599387509878021
-0.3355767535460775
-0.29816735897568697
-0.31257565525758935
-0.3485722679180143
-0.441814248028315
-0.35262445410131893
-0.31095819894529036
-0.34233590617370496
-0.3222615531515725
-0.30368293963906406
-0.33657674965384493
-0.2045096128449422
-0.3292233676338247
-0.26223929420436104
-0.27842564376587486
-0.25934742569669916
-0.19208573936902967
-0.23521213421628934
-0.22703856049332954
-0.1881851094246168
-0.24527221577916355
-0.2870840461633987
-0.2993078327077515
-0.2820795313148813
-0.2894042890592439
-0.27695128673942754
-0.24015599357183337
-0.19011726591498798
-0.18232066962742063
-0.2636004521606615
-0.2306493077974371
-0.17061355174147497
-0.2680532297204349
-0.24002032666394824
-0.2629642572823542
-0.21392220551824487
-0.280633217915883
-0.26552707283702354
-0.2483131861404869
-0.2307272582539232
-0.2807846942483083
-0.33968356357944984
-0.2327398495189766
-0.30087231719068874
-0.2939930430923061
-0.33398553891464583
-0.26347377752844864
-0.35505859648413685
-0.2776657045924374
-0.29279750059344734
-0.20763061205596375
-0.2514344341973128
-0.3077286598745018
-0.3082227022422112
-0.3439013426194129
-0.21250315658721855
-0.2188631448227644
-0.24826163252164546
-0.2657670918412541
-0.3036041296895295
-0.3360643566010316
-0.31419131508929754
-0.25717642573473376
-0.282392238002196
-0.24040280292013164
-0.35480068353699695
-0.27963687943290266
-0.33323411794364677
-0.29451798000454404
-0.2540040671319001
-0.24382103553996226
-0.26260644424471435
-0.23489372144800313
-0.2402057188706091
-0.2755955546588785
-0.1884966223272484
-0.2794843999779235
-0.26590270024271145
-0.3652181666130538
-0.20255172092054208
-0.27493679418147526
-0.4039828963308386
-0.34625557342032226
-0.3447011487447553
-0.30236838042395864
-0.3030973484787725
-0.3270648494039054
-0.3294861160135858
-0.33434651108661234
-0.39909485823151375
-0.2953063124727709
-0.2590813915641918
-0.29737088356418007
-0.27676268371141716
-0.3133007203648477
-0.29508092913720685
-0.30186217627631257
-0.28569288838718426
-0.263455836221507
-0.23905154617105964
-2.049642507000289e-16
-0.27507761238474215
-0.2594608478462003
-0.35881807891466194
-0.2884497383969401
-0.257229583337541
-0.22203142376249974
-0.2665397745419783
-0.2860465600551846
-0.33125643896556517
-0.32763423290248334
-0.32524055465156454
-0.34361836387284755
-0.3116101466439827
-0.40137095029826614
-0.2680081879089272
-0.4147113080806955
-0.33360748321365463
-0.15455789021836974
-0.3582903548608056
-0.2257935710611616
-0.3282835690910613
-0.23903976356626572
-0.2366330209584109
-0.2470398723096565
-0.25172519621859657
-0.2814165188433348
-0.26033518580000603
-0.29796462199142204
-0.18222699088069028
-0.30633382115060387
-0.23095826889993284
-0.23640700127403097
-0.257489892221188
-0.28976937773383055
-0.2510136575898257
-0.31387902047767313
-0.2922214780894098
-0.24073657270949766
-0.29226914575124224
-0.2269036183978223
-0.2406297700273139
-0.25445323453035956
-0.26504650873971025
-0.2893934009288487
-0.2347584470621511
-0.25884887887548125
-0.25800534230423705
-0.3909263639065116
-0.36156696439306274
-0.29301395285195647
-0.330327634210881
-0.29554563815102086
-0.2423937388525838
-0.20869435748881315
-0.2572822698803697
-0.3372095712398229
-0.29750435163541744
-0.34250824824015236
-0.3357873349405487
-0.27210373536896676
-0.24693648581776867
-0.29163636569229134
-0.3065471098627449
-0.3304525910446359
-0.30397377775500456
-0.21450782305027796
-0.24526657709570374
-0.2957883395306082
-0.2260356419939157
-1.295260195396016e-16
-0.2645393792156657
-0.2721297550788517
-0.29275313528693164
-0.2846906468595915
-0.3121228454065575
-0.32333414761448115
-0.2796868150678481
-0.276127741914721
-0.2717362284413888
-0.20411681625954728
-0.24614165814175376
-0.3075615468430765
-0.28144736230697026
-0.24019844620557237
-0.26983069987728897
-0.2794788588843249
-0.16702633133779493
-0.27990593967138144
-0.25980108483988895
-0.3580908553434127
-0.3281322241089486
-0.3636296989150239
-0.36302050967373445
-0.37251084801723405
-0.40350660367228575
-0.36747932931907995
-0.286271754298014
-0.2822404622783008
-0.33907681909397247
-0.32529931103542187
-0.38853949196143567
-0.32550037330034703
-0.4047662971313321
-0.3040953848386497
-0.4315629234975261
-0.2906486285164209
-0.2648564581289665
-0.4810625786777403
-0.22413941594031772
-0.2509658586180372
-0.24168325075715075
-0.3000164752346915
-0.3081979164995167
-0.27146175612481355
-0.22468621507128242
-0.3038783327413798
-0.1625117886604517
-0.22513154848464348
-0.3088226335433975
-0.26703710250071355
-0.3196542322590256
-0.28262900157263154
-0.2567500653294432
-0.27716020985555495
-0.2479883349774707
-0.2134093776090002
-0.22350432247469526
-0.31091946801717507
-0.235904145547784
-0.20462438957544216
-0.25437300697041043
-0.1491456473563677
-0.27906925328632404
-0.23198807481906436
-0.2279636070464828
-0.19727198495811127
-0.322226228757255
-0.18120914045380845
-2.305847820375325e-16
-0.23899365028995956
-0.17686873659976957
-0.24950798101437144
-0.2007836797132931
-1.7763568394002503e-16
-0.2649471954604014
-1.6979881553090628e-16
-0.13834348672709473
-0.3627608660192563
-0.33347513626901015
-0.30674571899313
-0.4617478379001808
-0.3364837569682224
-0.22165907041591928
-0.22333341077648775
-0.2946446407067244
-0.25891538573524575
-0.3528663329306829
-0.24844862053670716
-0.2888870448821901
-0.3093199562843351
-0.28462440559509333
-0.26480913936281303
-0.2459475292277355
-0.22240737904347158
-0.2673789442769616
-0.3248802646947013
-0.2835974550190363
-0.22847648454412497
-0.29234576460886796
-0.2907102898532239
-0.27357672583279785
-0.29835211458141153
-0.3333669858920512
-0.3121421111792677
-0.319851081746597
-0.30978250986138856
-0.2679579932573666
-0.21261553074134978
-0.37349480604213803
-0.25985438607125794
-0.3244487357877604
-0.310087036281579
-0.3025198933938473
-0.34232592013350116
-0.28253919387019966
-0.33863497510223917
-0.33489752692970143
-0.38628316940769775
-0.4162884032918303
-0.23897892213105185
-0.3034438664139627
-0.37239222734540883
-0.4508009205410331
-0.35591812531873845
-0.28072145515526364
-0.2189058206145054
-0.23897529565908934
-0.2869517553751952
-0.3053056047940159
-0.42358131245078584
-0.3152914906104026
-0.27644302846855245
-0.34659717033563503
-0.3221694397769365
-0.32816314947489034
-0.340457202420621
-0.2999330408233117
-0.27184173369543874
-0.3635174870389669
-0.3208993763869902
-0.3174339218902321
-0.3412160653379541
-0.24038584746262903
-0.2881699334607637
-0.31442199258040854
-0.3413145932130859
-0.29957150518440384
-0.27458556463844325
-0.32196416163145725
-0.32403386256515976
-0.3375027545477318
-0.2695279982633231
-0.31809936162343194
-0.25680040277036714
-0.2079776628800841
-0.2967364336684696
-0.20231204420540455
-0.20685505324939704
-0.2672224454724742
-0.2582482452696741
-0.2990049464953931
-0.21542843274998597
-0.2524173724223934
-0.32560842243703675
-0.19266125653567112
-0.2780614362425105
-0.2796411642685789
-0.24724723128686618
-0.2995263461883819
-0.25129896268074736
-0.2245045767794402
-0.25093606588366346
-0.2889509096899701
-0.27988105824838294
-0.22615161057998984
-0.2636134626640777
-0.2262377858125976
-0.3164882715957647
-0.28572904028810014
-0.31847594612134256
-0.33741133196807527
-0.33904280667820996
-0.29788186963117264
-0.32152004018798647
-0.438891233596922
-0.24795639644580195
-0.2551816352861987
-0.30293090973530856
-0.28439866413582016
-0.2983915210669337
-0.34908288773756924
-0.30557968244579914
-0.28729354312077104
-0.32900541165552066
-0.335042566394005
-0.32073580968116444
-0.3098503000172626
-0.23846636344791944
-0.28217295548182914
-0.2694038336509537
-0.301024672366702
-0.3301479194136149
-0.32680412740279996
-0.2956219134138244
-0.3508674821119308
-0.3108329395558862
-0.3202264381681994
-0.25697397081553164
-0.3062868013275564
-0.3003105116361139
-0.29950466260700104
-0.27946822323931897
-0.32535482227820517
-0.3194054237445073
-0.2280537151740527
-0.2872513280078132
-0.3282573028259091
-0.31227088931714636
-0.32026347192442073
-0.2937783448115026
-0.24565056760783816
-0.31200280124501306
-0.3386935171859806
-0.2658279186785729
-0.35232010608443803
-0.24591729812137367
-0.31851813242668164
-0.3562795299806865
-0.3127571553206902
-0.3623109410760937
-0.2700804132736434
-0.16995160939963921
-0.3439513037849358
-0.3051868120379466
-0.2767800339733751
-0.27338508929600674
-0.273582208919457
-0.34853810792424544
-0.30237309740667223
-0.28952602663533406
-0.3176175591842281
-0.21329421994952918
-0.390468285743742
-0.388554859392572
-0.3413649807876063
-0.3096521704710439
-0.35676349042766503
-0.30584398716920824
-0.23714491102871157
-0.3095219317847314
-0.2046442527694547
-0.2994221147654201
-0.31230869570131803
-0.3099639591157289
-0.275655454504329
-0.22511462726748283
-0.23329081818317932
-0.1878037826307844
-0.2243455645199808
-0.2543677932342167
-0.2240924442340078
-0.19039579127224282
-0.28505620603532544
-0.2514653006954495
-0.27944075708876415
-0.2694565596746184
-0.2653910614844903
-0.33760542439321367
-0.24218819714164658
-0.2721030295664003
-0.29088675823917975
-0.30985746954276366
-0.29364187807935854
-0.27734310892594993
-0.3320124257433977
-0.356809355240744
-0.3189045380572697
-0.2808390311962937
-0.3366069267627769
-0.2553596526490351
-0.2646384424683382
-0.3239459323139575
-0.2812760557384237
-0.2819225276373009
-0.35551523924880724
-0.29119868627184436
-0.33574544793768785
-0.29693677423362524
-0.31271515363184815
-0.2745101666566498
-0.3228850868341135
-0.2715543822879766
-0.3362394917800821
-0.19930008308518257
-0.21513531514716014
-0.19092015425129286
-0.2816985368890028
-0.23662581312296968
-0.2242914689456934
-0.25562029205095793
-2.031471917399222e-16
-0.15772532316861881
-0.2868074999743112
-0.31349825394533976
-0.23558229144401896
-0.22799434322348644
-0.2893619046204118
-0.2579597071776311
-0.2960585035453416
-0.25375093437077934
-0.2460475583842161
-0.2171498890493233
-0.20524227771039608
-0.24534541224821038
-0.24624803742243373
-0.2806731963955515
-0.2517227224617683
-0.3963603274031251
-0.19804411815217526
-0.2653379681070173
-0.25307599037299416
-0.3689861372609148
-0.27172139645804333
-0.27320257606582105
-0.2917293617361225
-0.3312872618388327
-0.22775435131396327
-0.2390901471764189
-0.19511123050683005
-0.3168003767952091
-0.28273908653249297
-0.38101395861814663
-0.27282583430491647
-0.3046164222692847
-0.1960110344467909
-0.27457346416080725
-0.24792355290047724
-0.28829741053221125
-0.30588169077016336
-0.2066590483523971
-0.32368802228975097
-0.25726080779451993
-0.2114942807266795
-0.26109177100899295
-0.33018216220918156
-0.4195644193965946
-0.3590022017988658
-0.27475491740990343
-0.27333456510112225
-0.2965734744817525
-0.32554511092183797
-0.31294644773080454
-0.23260151917599578
-0.28222665139312864
-0.257014353030305
-0.272250271245518
-0.2380292821484275
-0.27494306230592974
-0.2599152626822838
-0.27993104550793285
-0.29142012661597866
-0.26150897905699894
-0.22087555763244082
-0.25707920197532635
-0.33778917149842924
-0.21076658087225486
-0.32943737773908566
-0.3084323657729188
-0.2721915089366391
-0.2594072791098914
-0.25538901612422404
-0.306610073492086
-0.2621641716718286
-0.27183110539602257
-0.27629162248210676
-0.2313127951924245
-0.21948994594165888
-0.25787144825306385
-0.26342483354296903
-0.26589908694673053
-0.1993405691752022
-0.251863749106037
-0.3054909382990477
-0.3097851983795189
-0.2943622601585194
-0.41048798385493135
-0.3024023383480514
-0.28247075472913524
-0.27183323178241053
-0.24710465353507613
-0.23557476006343595
-0.20945173558052227
-0.30441982367432324
-0.2791413684850652
-0.2157737965383934
-0.2406399198067199
-0.22109809697943195
-0.30223452646340854
-0.24094614886129384
-0.21456067748757587
-0.24604790260076714
-0.2583962089893953
-0.20187956876362245
-0.21963458573358102
-0.25124097654876826
-0.23825827858769552
-0.298912483175077
-0.2779796143223796
-0.2436718401181586
-0.3125756225653676
-0.39987851967940946
-0.3486631519886377
-0.2605718905891781
-0.18778479151307995
-0.2530796613393238
-0.31161936762685677
-0.2668632182170874
-0.2562575154351155
-0.2759470413156065
-0.27393676060198013
-0.29119723048866875
-0.35661016008541
-0.34826306033346344
-0.31499425522406743
-0.29365256921960187
-0.2866205432253884
-0.3416701700263585
-0.27061167967461636
-0.31177942155432603
-0.28602709198753956
-0.3471244975780797
-0.26115277298411765
-0.32608017375312176
-0.23072774111673777
-0.31475526440474544
-0.28772239095058827
-0.29590022113034775
-0.2677124036296842
-0.27027139129286903
-0.16943537256230942
-0.3037492122494149
-0.30889816326485564
-0.2888414646773736
-0.2792030096386942
-0.3486647674268657
-0.2695142110727754
-0.27413888982853135
-0.27981773919555897
-0.3443594437453499
-0.2870216413111115
-0.30116877548451
-0.2801662702862477
-0.1945534465992252
-0.4206877137084015
-0.28687713318823743
-0.2964298666383349
-0.23076593784733676
-0.24534892053787372
-0.31845611157308507
-0.30532721161687315
-0.33158095645599445
-0.3326027493926256
-0.31141222511513555
-0.3279442514143434
-0.3107630208283178
-0.38485203676414687
-0.30367248719577294
-0.30610836740112946
-0.30717116048999027
-0.29324177260057366
-0.2828408834056862
-0.2617020991633927
-0.18448679157248155
-0.24775028243079278
-0.22054440275655018
-0.21596885594093695
-0.29936846564290576
-0.2408430543837761
-0.4546384797229608
-0.35289274207298543
-0.2857291079650729
-0.32206278104661273
-0.3338793829622065
-0.4445642731412988
-0.35322791005987997
-0.2925227055412689
-0.3456770173043854
-0.3110640331006245
-0.3039035812567565
-0.32223125028900834
-0.2045096128449422
-0.31988060760139897
-0.22884485884377892
-0.2661836827028092
-0.2501028627289857
-0.1895639624945192
-0.21445891485182902
-0.23257587392411955
-0.1946028066915197
-0.23923986056385566
-0.3133332355547621
-0.27123093303188345
-0.35085370479660505
-0.2860216615395906
-0.30449309857952067
-0.23645191790373146
-0.20095394016866586
-0.18232066962742063
-0.26055154802823033
-0.2306493077974371
-0.20195122953819647
-0.2155697012943833
-0.24957159769262716
-0.24588697238918317
-0.2149058857857744
-0.2743853942665459
-0.2764018674139499
-0.24357996063292456
-0.22704139301160728
-0.2807846942483083
-0.3101067466559254
-0.255692124166701
-0.26078425894398216
-0.30090888954717765
-0.2710987828546591
-0.2691833096572727
-0.3561711247358869
-0.2761671717115294
-0.29279750059344734
-0.21876123193874816
-0.2819634106697579
-0.2928172180493035
-0.31352043119546463
-0.3453627061800662
-0.2524506452141488
-0.25698222265352266
-0.27663132600317314
-0.26414206601604057
-0.32162340852250304
-0.3398187100261899
-0.32521421864768596
-0.23847944004824723
-0.2879887292341626
-0.2364619760012384
-0.4344200853254093
-0.283384672350189
-0.28197652306715976
-0.3091272699476832
-0.33481190431292657
-0.24382103553996226
-0.2699667292175759
-0.26558357961889145
-0.27235840088310853
-0.33214582873199405
-0.1657564360962274
-0.2811140661140411
-0.2603279733331545
-0.3991424343989875
-0.22339006495871377
-0.33140077800558587
-0.33062114314965396
-0.3583862858861858
-0.34748252872101776
-0.26837496673516553
-0.2781848656722698
-0.3475581580642601
-0.3089652757754306
-0.322057072263339
-0.3901010407942878
-0.30825828135064354
-0.24935867199163347
-0.24645211891170282
-0.2614964360458838
-0.3269870427340158
-0.299134102331358
-0.23340992777797417
-0.2775777178097027
-0.22107088757105428
-0.2534437351147305
-0.2959987502828273
-0.18923125665019344
-0.27183772388420097
-0.30174496986829247
-0.2668777060395144
-0.2448436955312125
-0.22203142376249974
-0.29290355354547015
-0.2858697088200724
-0.31080902936765076
-0.3305887213521723
-0.3195565320505411
-0.2938570692062534
-0.32962807933943816
-0.39520922342202436
-0.2806906011399216
-0.4086229934085268
-0.3179188774302112
-0.15455789021836974
-0.44378998017348287
-0.2132069547515914
-0.32136315762569634
-0.22065310636132746
-0.20457387618334927
-0.24338929599970854
-0.25270687543622755
-0.27555322365223706
-0.13340895608903522
-0.268208502181299
-0.2235634402754594
-0.30518072254401774
-0.2372094480708969
-0.2582839406798949
-0.24767389117553495
-0.251727680208494
-0.279743770675926
-0.2578814047859054
-0.27932743431456253
-0.22451865140783103
-0.2668858151202206
-0.1951600119026838
-0.23403519698787353
-0.24645456759096995
-0.2764251988559668
-0.314553669690466
-0.1808182018503872
-0.27087484818852253
-0.2643983489608641
-0.36386611307662414
-0.34676130592441096
-0.2895232696314705
-0.32327596706325723
-0.29554563815102086
-0.24774797701508566
-0.2197229245879949
-0.27189436845016013
-0.3213697911864013
-0.2813686502158358
-0.34250824824015236
-0.3298947039172355
-0.2626502252444402
-0.24693648581776867
-0.2251037576212737
-0.30224864553611364
-0.2646177438644924
-0.30654394270654955
-0.1931318503672778
-0.21742339498261778
-0.2731640578486995
-0.19112507641554916
-1.295260195396016e-16
-0.24787633493544797
-0.2846698260033924
-0.29117690661509354
-0.2804687125984467
-0.40889357535167276
-0.3223344657255504
-0.2785601858897378
-0.28075210289081126
-0.2446123837854947
-0.22486138349533302
-0.23923405922693886
-0.29104450979667695
-0.2701403033120857
-0.21826082190755866
-0.25915928977207275
-0.259466621500946
-0.15883738043102566
-0.25419280403482214
-0.22755000080972376