-0.29246982808565397
-0.4385184347335274
-0.42663756815307285
-0.3973286910426313
-0.3990939653853755
-0.3851317163197589
-0.3721101416896089
-0.3130506760119678
-0.4559514375446069
-0.4483800700669436
-0.5155022706696653
-0.421534576769209
-0.4413618499776635
-0.4302233542893723
-0.37830676104547994
-0.6066336725474412
-0.27642386588996354
-0.24517005143276407
-0.7901279091278506
-0.13456318617699753
-0.26688243497566483
-0.17779302161928634
-0.3352318532490346
-0.3541228205179408
-0.3495730583452993
-0.2668334232610093
-0.3535272601716394
-4.4408920985006257e-16
-0.26960225069751415
-0.23710255059848712
-0.28568985716982337
-0.4017397046777891
-0.36216938979670776
-0.3855645780933402
-0.3253880655623482
-0.2537515483370243
-0.18000907997742224
-0.2361093092585389
-0.4696265786149023
-0.21270844419270846
-0.1332206745842061
-0.2663449312497004
-0.24167783332074946
-0.23964880851905393
-0.3050127894033469
-0.308882042899427
-0.20411039983449342
-0.30939094166080877
-0.150704786137507
-1.7080354225002407e-16
-0.23413821336642543
-0.21090923888822088
-0.27305018413400045
-0.2024021639083417
-0.11920372071489059
-0.24882704871360006
-0.06471864666061548
-0.11769249830626946
-0.3141921906706543
-0.4231142232743106
-0.27533486698762666
-0.34460764700971674
-0.3356676658491777
-0.2601758714306831
-0.2688496500210533
-0.44420740565119676
-0.33921817783022834
-0.3561372831283358
-0.21155526390388285
-0.2600471906374069
-0.3624801964342104
-0.3145743117536298
-0.33933486600634544
-0.16675949088098285
-0.2583013605877474
-0.25318622810227637
-0.15405045213551347
-0.2902911295553302
-0.2401959713237543
-0.36120427470272887
-0.33156130755534347
-0.26431218990254274
-0.2914758605364114
-0.3260803068918141
-0.2778763817136571
-0.24159419171773946
-0.3102778411964797
-0.19033089549426938
-0.21699784082840443
-0.41301323841761695
-0.2047094022567923
-0.3188642126743745
-0.305930373901309
-0.41652505032453596
-0.43033596093515586
-0.41805241909787294
-0.5163400945310527
-0.4478592110242749
-0.6452345392513088
-0.7117917204596548
-0.29549725460113063
-0.3779746344627908
-0.4576089454563954
-0.6186715680711354
-0.47549402082959147
-0.31583687268525623
-0.25601119725718735
-0.2615497763086317
-0.3651807238937782
-0.36891929048708977
-0.5968002234126805
-0.4802860191928675
-0.38603045762313354
-0.3430641261662971
-0.2916542705836271
-0.3169724191477325
-0.42765440283810496
-0.2567966622734813
-0.2480603358933098
-0.49564834558236737
-0.422060230208967
-0.4780729609662573
-0.352374761306563
-0.3003677123798496
-0.3595482955843126
-0.5066979570226492
-0.48666783100985284
-0.3416790046030142
-0.27115043024887325
-0.5615210787444528
-0.37853271294125734
-0.34474443408837596
-0.27185224860617463
-0.3942852554660527
-0.23652133786581708
-0.05782204179516751
-0.2693586997126075
-0.20316894419177836
-0.17043305745345616
-0.25161973866943727
-0.18555790934762795
-0.3413135615622232
-0.1660456105851113
-0.2982090658288099
-0.4355949689266245
-0.12374441665174417
-0.2944658568543122
-0.28452013525045805
-0.26921418085522714
-0.25590209936330144
-0.17964383656751645
-0.14001150620487757
-0.14684396217978485
-0.24385896759094727
-0.314921294855416
-0.04273431203924036
-0.09065094099598886
-0.09430602190854327
-0.4396054619300375
-0.34031086301275787
-0.29500813072279763
-0.5198053727275022
-0.37216791554095124
-0.2539983260630253
-0.3796100999800568
-0.4078906322464855
-0.2844383717615377
-0.3220658377460884
-0.35364793505319214
-0.2881902511360465
-0.37918988868606557
-0.38394053390618826
-0.27397588691003927
-0.2419478767864339
-0.38403124162787605
-0.28594427943621487
-0.3728011637822855
-0.2676423928929774
-0.263809558744336
-0.23887094500410624
-0.3030096970090052
-0.28493171353978786
-0.41965068013538637
-0.315612722407006
-0.39009725127639405
-0.4320763469619243
-0.4090043953740421
-0.43786972780121486
-0.25590450100868606
-0.4342548726381053
-0.3236855589872338
-0.2927334685096239
-0.3315625952039749
-0.4506651703740913
-0.37602715486822286
-0.21577762215861482
-0.17941761978990867
-0.3971599915854323
-0.30370001393331625
-0.36892812734940345
-0.27045899921521704
-0.3040105958101934
-0.3398555834846748
-0.33289896572487787
-0.4181170808171882
-0.34576273770854454
-0.3344364966155723
-0.38301767812300064
-0.5777780608009689
-0.4423397420228935
-0.3520313773217667
-0.45708186430104203
-0.21898398001434435
-0.4583217482277683
-0.27326306125610733
-0.3074773379777819
-0.25479799755245186
-0.3645303144802413
-0.41401263835794666
-0.29358718664390987
-0.4398764824214563
-0.33212395351869334
-0.1518764194082118
-0.4100117786685485
-0.470892180333511
-0.3574698349262911
-0.2814020965432015
-0.4408258686333587
-0.3792405121705084
-0.2674219612156446
-0.3483019319877918
-0.2399393013136666
-0.4141287813164576
-0.34829695840850144
-0.31767576704499334
-0.34108389556773827
-0.24022874755542278
-0.2705824967792732
-0.2766697922886631
-0.16601792954934738
-0.30934158854610977
-0.3687542612700982
-0.3265593767817451
-0.37144008342022705
-0.31568001198802503
-0.2932134944186976
-0.3409213768909481
-0.4033826716943951
-0.5072665914612817
-0.23358533107616458
-0.3345671038832117
-0.23433016485689087
-0.4217888450332339
-0.3972473516478989
-0.2799755231121728
-0.45141694512129027
-0.4393856789757672
-0.4019590914173305
-0.35137880700744917
-0.4179183081598973
-0.29892045075187335
-0.34491018510746385
-0.5597882677029052
-0.2999896783214218
-0.46963888233575257
-0.4925604463222555
-0.37567649446832685
-0.4865012885823009
-0.45105862180463974
-0.48824226023257516
-0.3647631330159529
-0.49313007310813994
-0.3117602701531289
-0.3136286382751042
-0.04205949983154133
-0.053198526775373345
-0.04534507408057559
-0.18506979666699452
-0.14167632336877609
-0.1971933824251803
-0.0872115444018929
-2.456663714064176e-16
-2.2997476938663954e-16
-0.4717358882467422
-0.34412197714437903
-0.18435559286214004
-0.13708048299721726
-0.3112969623688245
-0.24751110137479648
-0.37262829883695087
-0.37228212809990946
-0.20226468222380586
-0.2499768118311353
-0.3968592213083916
-0.2773526405260059
-0.38557670926217846
-0.3069120358452611
-0.19373491793734388
-0.3806670919651739
-0.06661226010076247
-0.20139094352645198
-0.3147704098436022
-0.29447380832568626
-0.2552235685883397
-0.3103468409428583
-0.3183405109549343
-0.3166122566522226
-0.12046669448118717
-0.2604143640192157
-0.14875397075678962
-0.442338507297614
-0.2051171532789934
-0.44184402017520635
-0.32644681989315766
-0.32705859286763966
-0.09564067540898108
-0.2509632642650479
-0.2775736582485751
-0.17613716960642795
-0.3442453840154413
-0.2043191754061947
-0.35811405282523573
-0.2511627638231067
-0.1584646459437351
-0.3057023457737515
-0.33995020551276406
-0.3666020577158283
-0.49601968592594337
-0.21506757260708878
-0.36103080288045075
-0.35400146418220296
-0.3154374209730002
-0.3922553332426381
-0.20135073289566233
-0.1071534273510997
-0.3515057086551147
-0.28405843710471596
-0.13001442099742855
-0.3650302545408833
-0.27151919410438774
-0.3364229101826662
-0.36884271446979716
-0.2822434472364226
-0.135018502025294
-0.18712720299515834
-0.34552818908548344
-0.16404961625765743
-0.39985214077377307
-0.4661293136692286
-0.34127824773936083
-0.2579251661202863
-0.27060224602860156
-0.37236646790086503
-0.34240403316987483
-0.32806965393434767
-0.24402142417539108
-0.18787895993152318
-0.13804472596729542
-0.21017090321385185
-0.193505517521373
-0.2796875257587714
-0.1551007720097364
-0.2555705604723648
-0.2369553373399008
-0.3171675900163178
-0.37564380088752075
-0.46551233150799604
-0.3390243432665196
-0.34977099323761124
-0.2865558691424818
-0.25391849781665404
-0.3734193190638278
-0.258255686375784
-0.4483050752858465
-0.3072266711102736
-0.2291235401523927
-0.17232309872767898
-0.21332776812632645
-0.3523337500872648
-0.290456322986288
-0.09503408731435892
-0.18791865138391675
-0.38203104819640604
-0.1598265753477278
-0.1548038625418679
-0.1736572801064787
-0.2115912150948112
-0.31384260663184443
-0.3425303521253968
-0.18130114666307526
-0.15500967201381988
-0.3480123553189261
-0.28879226642258665
-0.17137377210513963
-0.21642677922464612
-0.24432698642508277
-0.264748218046996
-0.20768084420518562
-0.12526732572341287
-0.23422171324984628
-0.2496904594413452
-0.24236760039685873
-0.3459547670769303
-0.22491534226998489
-0.21174679189088597
-0.30149986035472004
-0.22441047332143257
-0.32739967523614005
-0.26287514571347304
-0.28010976611900124
-0.21645038425018803
-0.32349284311643756
-0.21665520617597858
-0.3388171896628848
-0.12762182720891363
-0.3572978466387684
-0.32276238876277297
-0.27597530752729343
-0.3555233559490703
-0.32181420958620066
-2.5905203907920316e-16
-0.47638263645624024
-0.4238312660574052
-0.42344394052530676
-0.2529679692267329
-0.2567010426150144
-0.3511593544216414
-0.4452986146366304
-0.475917723794608
-0.41222601685899546
-0.3359667229413824
-0.547486381603952
-0.34433739310470873
-0.2639759851893011
-0.36376731416164787
-0.3898976251307458
-0.3478467909658235
-0.34299252974830413
-0.3661082240735637
-0.36267559425005286
-0.4822975045639927
-0.4674304800055044
-0.5358797070820251
-0.3501249244869967
-0.4417716824123871
-0.3311702941789182
-0.4782361593169617
-0.3301763358610517
-0.46915158109526517
-0.3709649158555236
-0.282060197616848
-0.29284117724188163
-0.167764753060049
-0.12184894413480525
-0.3141474205357519
-0.17150624564977474
-0.14391033538809458
-0.2510744764592223
-0.30597667831399006
-0.40912916801365695
-0.4024141857185781
-0.5093985990393434
-0.4587952348893665
-0.391841231743695
-0.6074756289074794
-0.41014942964166384
-0.3646400765752938
-0.40543605100729563
-0.5222932705572156
-0.42238229599294097
-0.4468321420834911
-0.20508198693102148
-0.25502477625752595
-0.29352157298879994
-0.2902715508327
-0.20979762289429632
-0.0925560317273885
-0.11212963321952131
-0.2275695647827841
-0.023566045959266348
-0.22852107246403736
-0.2732538919991384
-0.19858173402476348
-0.5424832732276486
-0.3230790897505701
-0.24040968599793866
-0.2168300794493347
-1.8788389647502651e-16
-0.08682488351703066
-0.41680533965243344
-0.19285287524380035
-0.10503911125457703
-0.3163666487577723
-0.1888605374137473
-0.2690676750007271
-0.1884446187037988
-0.27062947832063966
-0.33267578785072166
-0.13664363213684713
-0.19260150640845455
-0.27243847057938436
-0.29507828576030215
-0.2670084832653149
-0.3312925238225554
-0.2777912912204221
-0.2918239236267882
-0.25754244927224507
-0.35744791699084993
-0.1975381572068147
-0.2796223031132653
-0.12173056317999703
-0.4264468921743596
-0.2990688893469512
-0.34243153685476835
-0.3191855211109619
-0.25666325141718166
-0.2509259030376762
-0.40787457796712634
-0.20628638064394778
-0.3200825653488419
-0.40880070034850974
-0.4179444931714279
-0.27507369277868743
-0.31627721070453746
-0.33311612075600805
-0.5148707266184084
-0.269038579276949
-0.25005271331195533
-0.3982791438379108
-0.3590191431858407
-0.10728801700692892
-0.4324493445125109
-0.46810333574961654
-0.26686123708188086
-0.26780462143338213
-0.1609501751999657
-0.4118528788849996
-0.36056711876819636
-0.44626933963555954
-0.2604682483886629
-0.3725762803777573
-0.522219360290876
-0.41240982272037
-0.48260319630088305
-0.4296417008341526
-0.38452588509895835
-0.3243396495612529
-0.3105258083788999
-0.5205452584520328
-0.4100239287741475
-0.463498356040558
-0.31954794895150507
-0.22382124214125532
-0.2767160200521967
-0.3452750715799804
-0.33448438305905154
-0.36194627022027553
-0.3390217867863372
-0.29456547744548406
-0.21454222932481717
-0.24260149613937895
-0.1329444906107148
-0.34361086828116555
-0.3570059193459312
-0.36495876701231966
-0.26644506271494156
-0.16391287452716646
-0.3322910464434745
-0.3195660897917253
-0.3308761946758747
-0.37331776605508277
-0.24705679666845565
-0.1718448873814675
-0.33669284583912334
-0.46430907727246784
-0.1070618699509436
-0.47037006507017515
-0.3647136207890896
-0.23226972457201706
-0.39611165611554466
-0.32527716372790155
-0.4683606573826517
-0.1495115283951085
-0.20874292234860944
-0.15952450360981532
-0.2584531057260335
-0.2773908730752374
-0.14301257883633622
-0.3515924790767764
-0.12153555371542298
-0.44035091241341556
-0.18414598287674014
-0.24970916889638758
-0.24848195038002216
-0.10372597547065195
-0.1939929015019413
-0.398416830168196
-0.28849126252806145
-0.40927770281808196
-0.3447553771267959
-0.16198598998958055
-0.29661731399159313
-0.3646315679726109
-0.36897319586809346
-0.3430750050921882
-0.23001716236546596
-0.2714182078874041
-0.21075474590794213
-0.5858957979675196
-0.37474312756417105
-0.36867283985382404
-0.4370697982178378
-0.38159737534444343
-0.3548686592548228
-0.2778675461238112
-0.35677277265417295
-0.38051870077269806
-0.29617208133655876
-0.4479215255698556
-0.4349218357923901
-0.3020707619345917
-0.22255117244509473
-0.18624340074617357
-0.3347564247181545
-0.23441331437723148
-0.26812900323548117
-0.23323675552414525
-0.05903323591081497
-0.33728117151031667
-0.2725505035831503
-4.625929269271485e-17
-0.14137046615229318
-0.2198296970334583
-0.25877608858931966
-0.3170670043050257
-0.4778351438324495
-0.38809263545442785
-0.2219788291399144
-0.306990766341562
-0.2708609263330705
-0.0671424241344177
-0.21014171186445882
-0.46863282676951573
-0.2569938086303874
-0.30665305183960806
-0.2572809517487894
-0.3937431825542011
-0.08744124123811171
-0.44974129700872956
-0.2018799422644292
-0.5095660818864288
-0.39342412071917726
-0.4857492088584128
-0.5086043712187475
-0.3732579618962508
-0.46965539930643896
-0.5095724513849474
-0.3285856219986752
-0.4410139196787693
-0.45298953060189334
-0.5215583739846398
-0.3447209970984943
-0.460079509450848
-0.4400547920641894
-0.3983940885307168
-0.6672352070185178
-0.2798139001879428
-0.1911553116982833
-0.7426154055354764
-0.19553851037050188
-0.2749476692526064
-0.25263313930634407
-0.35022267912891425
-0.3685151323068768
-0.21044082227075642
-0.30064447950124534
-0.28933765053696814
-0.28681658880019917
-0.26806805404224127
-0.2315587641665776
-0.2874917035894235
-0.29337539161486575
-0.38490355457808584
-0.29002038666046775
-0.3576881568151227
-0.2537515483370243
-0.2329151954095195
-0.3123132514463892
-0.43135830667725367
-0.2117918653503116
-0.1122870999884294
-0.17597359628002002
-0.15369369610784617
-0.1425602011440473
-0.16844602196258127
-0.31763353804201777
-0.20411039983449342
-0.3798912258105504
-0.20701199483449742
-0.16145919777484583
-0.14572422385022982
-0.10623228009837285
-0.28163489197200137
-2.220446049250313e-16
-0.14141058011508023
-0.13003891268409223
-0.06471864666061548
-0.16263129694537906
-0.3224679402706409
-0.4231142232743106
-0.27309172972898993
-0.5163282141310322
-0.4373425090507131
-0.23299226843338702
-0.3121204257404231
-0.36919210627995125
-0.3445197518808317
-0.40748649946927845
-0.26548478883607746
-0.33122072739628794
-0.35143738182591944
-0.3570364233491949
-0.32104436132817976
-0.21823463365919774
-0.28670745599664416
-0.2744869281049084
-0.29115195344674427
-0.24465913735470343
-0.40024842075448497
-0.456393341578058
-0.49804641076965334
-0.23551921917173604
-0.22738787271176067
-0.3260803068918141
-0.2930397108457515
-0.237725118718058
-0.32208063309207874
-0.21485819170256382
-0.22504740702730178
-0.4596901051241813
-0.2047094022567923
-0.3163248987533652
-0.4620398895671997
-0.4363456867926225
-0.394915964615422
-0.39040190210069603
-0.30005624237063205
-0.49226265498484284
-0.6098512388777738
-0.6994199164699515
-0.31270621630561285
-0.4361793772560664
-0.4232300161011666
-0.5215441931048597
-0.48601270876710284
-0.3811592037112236
-0.3129299350293848
-0.23190543969212823
-0.40529435856564744
-0.4250984884490892
-0.6069052935801422
-0.5223738140692484
-0.5017674302589785
-0.370632942063006
-0.30761048776784666
-0.33912758112738245
-0.5004889567111334
-0.324301395059378
-0.1532444588360055
-0.5199666468954443
-0.32296466541511326
-0.46334033495221033
-0.32118161290632685
-0.38241940657060447
-0.38501138617635466
-0.4593145978252852
-0.4261829720078001
-0.3554026282639212
-0.27151579749739424
-0.6156967713996946
-0.36289325020637664
-0.29695637856363166
-0.2771290431087055
-0.32189566559170457
-0.22976379486113083
-0.043506193983824694
-0.1551513262875756
-4.773959005888173e-16
-0.08117114730874951
-0.2205616929003607
-0.209813734055175
-0.27349618669781695
-0.1711855507018043
-0.3404434708602724
-0.367218691153838
-0.12917537061579693
-0.19880239315216647
-0.4173824687940498
-0.25020414496414767
-0.26849276120039667
-0.17623802933523386
-0.20987085226343613
-0.509201209430509
-0.32767465485299296
-0.2683578266600616
-0.1342781809222284
-0.1503247441038677
-0.13748947001363127
-0.48129012514008485
-0.31047936946972393
-0.35986583595183047
-0.5073321925386861
-0.391236292346522
-0.20856882394448886
-0.48802209993144674
-0.31177310794623786
-0.2335679131872719
-0.3311218511046628
-0.36770832112756835
-0.28916902818897267
-0.4152076482134286
-0.5219890159414331
-0.27607975469891066
-0.26508993054867364
-0.35018084608914724
-0.2808601103190227
-0.3301183405101107
-0.2611771346620647
-0.2694649620134478
-0.2889407430756219
-0.2879045347469869
-0.2837656396986199
-0.44508629243409453
-0.3393038740795183
-0.3921722388335496
-0.30688696155675493
-0.4307883483679417
-0.47387623937588147
-0.2236216433722653
-0.42061264159538253
-0.36806663696892794
-0.2997391625041253
-0.34282474837524995
-0.4617480925368451
-0.37602715486822286
-0.2180675976981546
-0.34988727850086565
-0.46711318025039583
-0.40401020066801735
-0.3299063901854941
-0.3193156943566506
-0.23193374777569853
-0.3560836916304045
-0.3544296612995874
-0.3873506462841347
-0.36554437619076563
-0.40633510006710105
-0.2882762397673847
-0.5637852291830671
-0.4276995390194728
-0.3350210347482228
-0.46150800870018877
-0.3183532856764558
-0.5971881595200477
-0.2914031737342589
-0.41357721832888633
-0.35163648964398947
-0.23087629851832087
-0.40296710784719847
-0.368032455459464
-0.4181972437308742
-0.35881996561062324
-0.2560785898583496
-0.4224313479662886
-0.4552689158340852
-0.4454347796462492
-0.28758796833462824
-0.44848900207261716
-0.3220045005104966
-0.2111325822554746
-0.34244125583540685
-0.17005151562639398
-0.3508362128982341
-0.3248957502670594
-0.4008383740621987
-0.37626426956479475
-0.26854428582228695
-0.181192573676856
-0.14920717295739214
-0.16499625788074387
-0.3440228635745568
-0.220636299355313
-0.27609803448341014
-0.3743429387668605
-0.3040434528300732
-0.3404690339790163
-0.29711213352076116
-0.4325887134383641
-0.4022956476578315
-0.22737457282318257
-0.27076169580124393
-0.28208820506961974
-0.4026968586086524
-0.30542189619001736
-0.27493349089310004
-0.40058916647789883
-0.45453184941074937
-0.32613166719972
-0.324576731331627
-0.3557243812297492
-0.22970750794064965
-0.3542273995905797
-0.5681061875370094
-0.2860033129766528
-0.39724114518244374
-0.490518277569866
-0.4158157726522879
-0.46578498650146455
-0.47531360684594304
-0.4731630652414708
-0.37432637589535034
-0.5092775711005348
-0.35936000219056397
-0.3611881781444921
-0.13050184684105245
-0.06537347992067297
-0.04534507408057559
-0.2955568137049588
-0.11569708862335006
-0.3115465661239037
-0.2217659471453517
-0.04408505766395652
-0.2739094618342444
-0.3410818328423645
-0.31706955038546303
-0.17961517330658366
-0.2204375947588931
-0.29265269150820167
-0.22797224801452431
-0.35296742722522606
-0.2528345192360958
-0.16768810767178594
-0.26440748312140133
-0.31396916888459975
-0.18587054617196305
-0.30033741663318547
-0.25468112678085647
-0.19197137549303792
-0.3806670919651739
-0.14288852367054913
-0.20565477620161618
-0.16642323409223744
-0.31515572636421885
-0.3511624837306882
-0.3005562722692793
-0.29433670497645437
-0.3270438395394068
-0.09199866345561622
-0.30510529468731623
-0.045527596172708774
-0.3752412536954154
-0.22024797456276002
-0.2021633991239271
-0.2857376009384724
-0.37430559403240427
-0.2648653250398719
-0.30821748133863186
-0.29952895234956817
-0.22777381322861084
-0.3708018605733906
-0.2043191754061947
-0.31676988481489665
-0.17402588120448173
-0.11407492623739877
-0.18041448930969686
-0.40971509247976134
-0.6528626371662686
-0.4379734046262136
-0.23162541584238786
-0.3095689828906608
-0.39492065464976206
-0.38689819572174444
-0.3380171099104557
-0.17066313357464447
-0.21465006791808622
-0.272937076673988
-0.2347287304408477
-0.11789951494056235
-0.22985206621070667
-0.09267030066661515
-0.3265648748123966
-0.37125104142272736
-0.32445757432732375
-0.22766127114261756
-0.20910670317100058
-0.3802284409095673
-0.21784807323041286
-0.4191172034609608
-0.51294491620655
-0.35953413038757265
-0.1717913754900042
-0.43072681212366437
-0.4251609817818925
-0.2338405958898074
-0.400711107923747
-0.28178744594609423
-0.22970693156906907
-0.14461737924042073
-0.19766027437646738
-0.2032723798322616
-0.34319973529375686
-0.1551007720097364
-0.270998478356935
-0.26630086288887317
-0.30870514491769124
-0.5328561167949257
-0.4984696800948385
-0.4181495786095675
-0.4331184545052762
-0.32534723709166746
-0.25391849781665404
-0.30576149018063514
-0.29488014574834986
-0.4268001473721696
-0.2934551143726265
-0.36397649907144664
-0.1645697686554731
-0.33399275286232866
-0.4320285638064305
-0.17276784986426422
-0.2394610832724584
-0.140887658376062
-0.1950884854194229
-0.05149784941884832
-0.14738167145588613
-0.14737213617815956
-0.07006358347999271
-0.34802895069810913
-0.4500362285085781
-0.2259011911108344
-0.3246339344439011
-0.35937287224797965
-0.2902281732270916
-0.2768858163741997
-0.235811725993391
-0.3172687469216403
-0.3335319025457049
-0.21519153420050596
-0.19330558522215027
-0.2758857732947519
-0.2274312299932181
-0.22620676410670582
-0.3558715754775307
-0.32577997279847476
-0.256073460596426
-0.3442870295469511
-0.24421865197747092
-0.31165409565324415
-0.3858418697834321
-0.3102381858606794
-0.2773074364912301
-0.35336476074101925
-0.23100604220242882
-0.3478845321855501
-0.24310146229585142
-0.4088584408260746
-0.3265317697251285
-0.2789264140228369
-0.38934660322705267
-0.3692463610021952
-0.2965916991461272
-0.4178518890123668
-0.3929730760087586
-0.382423459598219
-0.2332409221013137
-0.3118949018867973
-0.37576984679774417
-0.3869557511326196
-0.46737319259020965
-0.5969565858686305
-0.3737447622716692
-0.37469777082633593
-0.30426890711265114
-0.18541310237996672
-0.3719408724124114
-0.44866219991556155
-0.3287326117116517
-0.3455503181383785
-0.35080460555286674
-0.3544821064765988
-0.4720188212990875
-0.5083946185604769
-0.4802307955870629
-0.29122028575068537
-0.42470465684908537
-0.3675559196336199
-0.4787555351746563
-0.3964218121049856
-0.4509422182642122
-0.38420591333670084
-0.33301087072928187
-0.1690778412101845
-0.1380618108417017
-0.14321200449674498
-0.23008772406804812
-0.18687989963648044
-0.13410276822388623
-0.2214627968524597
-0.3288275605547064
-0.47559379220052433
-0.42770105826181776
-0.4303874009897464
-0.4663136660299246
-0.4118717033026403
-0.6643081123731324
-0.455714175493045
-0.3762455868073166
-0.43070211977181755
-0.4006333420718097
-0.33387720930623516
-0.4272794876889295
-0.3234265712082896
-0.2906848945961718
-0.24327379941375862
-0.21400514059647036
-0.2991761314490029
-0.021465837682693174
-0.17368201949676892
-0.2330530894530155
-0.09001726382610759
-0.14619736314887824
-0.2678109134536517
-0.300425527535898
-0.4022956476578315
-0.3039607247272356
-0.2824826117315634
-0.2444730830073322
-0.19353398452502482
-0.1634874072850573
-0.4373348312469115
-0.16707308519964528
-0.20114128489746566
-0.27462545959560364
-0.2738822883821515
-0.2384027569333354
-0.12929706996938442
-0.2913766993012138
-0.297668782857505
-0.12333606663233264
-0.36028033756305305
-0.3134118359710685
-0.2994312723104791
-0.34652919991231335
-0.2904524487634835
-0.28010225197627986
-0.30866382976887297
-0.30883032188008813
-0.3636459854480946
-0.254365161386454
-0.3310882068905224
-0.14174762509908845
-0.4122041570997168
-0.3418252092201538
-0.3106824269348639
-0.25836750780112694
-0.19418357181508317
-0.19171420044488752
-0.37118553840934126
-0.1861969923087451
-0.3142439842570699
-0.36285214752996536
-0.4825446864889128
-0.38824225248161065
-0.2980384215474043
-0.31244777798450163
-0.46972432359022287
-0.3005439108975177
-0.24471653212145847
-0.3563455734769049
-0.35737658666535743
-0.0666332840435661
-0.4401505525813464
-0.3102836082726862
-0.38740536944228016
-0.3455724882715382
-0.16426370567661444
-0.40736132032914646
-0.3193866732889389
-0.4796052613579664
-0.2604682483886629
-0.459777391676266
-0.7042152073222498
-0.5169436967889078
-0.3854750211621441
-0.3733315619980856
-0.2765525938215412
-0.33278116620998727
-0.3240059073765911
-0.5038587161471043
-0.408452547946109
-0.4584128060614739
-0.33190721353982183
-0.21832553039738692
-0.4807194392940089
-0.2240593273630043
-0.2712124497083297
-0.023804596431499014
-0.2773170575247577
-0.17438260739281333
-0.32494574380644786
-0.026955914122501836
-0.0536073121595909
-0.23960520151785203
-0.4228244904355653
-0.3375454484809343
-0.32270884406591394
-0.18766816785940843
-0.3068010484451765
-0.3300338905553329
-0.3513545768046218
-0.3787399174542357
-0.377881279034556
-0.18669082252204994
-0.3750948993100852
-0.5238657681918996
-0.16072369728681085
-0.480375555745193
-0.4911071813713928
-0.23226972457201706
-0.5686425692794199
-0.28894908410495573
-0.4735330317840911
-0.2193239815041291
-0.14360981672273415
-0.1662580556745686
-0.29086132869478803
-0.2505785002247598
-0.20158258993814127
-0.3294004672637808
-0.08522631664124578
-0.3062613977070391
-0.1403565926882336
-0.1503616189028635
-0.21580573354308427
-0.5483107106391544
-0.2870662462501079
-0.47152544663131263
-0.280204521043149
-0.3349194396505868
-0.3683679042729417
-0.22116285067165012
-0.2742036321548309
-0.3495184890617231
-0.3025466086153475
-0.2869573367939869
-0.24525081525501544
-0.32527370301854464
-0.18284712336076975
-0.5558348539619316
-0.39939839949149525
-0.3191779968640125
-0.38232523586450484
-0.3819920168738074
-0.31560418119157757
-0.3066023349190888
-0.39302426351163666
-0.3785553071517498
-0.31754491366333026
-0.37284807046962015
-0.4662935528021584
-0.31489089951158145
-0.22255117244509473
-0.3356510142048086
-0.43901254270916007
-0.2917616524188529
-0.0550364268687316
-0.18536204832436262
-0.14653092338980817
-0.2889942274402164
-0.284333106298251
-4.625929269271485e-17
-0.2079181080886913
-0.1964734856208713
-0.26658118933277314
-0.4419283542143787
-0.3961048028102833
-0.4010677321359955
-0.2105230530644591
-0.3826110085290088
-0.20759111371203773
-0.12290518908767184
-0.14873557072942958
-0.3541393775283681
-0.2787354077811506
-0.26984929962459103
-0.3164007619822995
-0.3080709451950692
-0.13153850752301044
-0.402551354098269
-0.2171212516555322
-0.42929571144412115
-0.40889635561439314
-0.5039159302059752
-0.4514515629143196
-0.4167924532725435
-0.4257678411773375
-0.517563086708739
-0.3381171806235779
-0.42572862029647124
-0.49201089485582045
-0.496832798300832
-0.4246533214979707
-0.4056172215971178
-0.4398913308067904
-0.38643026746808995
-0.5881216509358802
-0.2758567126874328
-0.2199499214621669
-0.7335953462619025
-0.1541180972872416
-0.21871497562438758
-0.21276638952852442
-0.3599653431603608
-0.35450281947249385
-0.2508711834382359
-0.22873250414910665
-0.3233474429563788
-0.09856666574296681
-0.22142523002453462
-0.2827623428055519
-0.2833191184588199
-0.4468624871504036
-0.299640477562825
-0.25418904070265813
-0.27775074048367154
-0.2306884142029563
-0.19178605035185747
-0.2361093092585389
-0.4440341268024156
-0.2109358321966284
-0.14396670933635508
-0.2460792345234478
-0.21497596684730913
-0.10707468399253604
-0.3276532041872607
-0.26045560651462557
-0.20411039983449342
-0.3706888218913784
-0.1393959134873181
-1.7080354225002407e-16
-0.15298157195002135
-0.026801502200907264
-0.25546013457258154
-0.2024021639083417
-3.2566542055671256e-16
-0.17792492275992766
-0.06471864666061548
-0.16263129694537906
-0.3369002587996355
-0.4231142232743106
-0.32343088569603606
-0.44899666302536967
-0.4714882178113828
-0.22649730696716858
-0.2807706445086521
-0.44420740565119676
-0.3269445343954315
-0.36120316213382625
-0.29613523285784754
-0.33235207376040066
-0.34441173393524577
-0.3754918800394969
-0.3172015390937327
-0.24963605507728667
-0.23738805680875297
-0.2702066606826863
-0.18393242927723052
-0.2647486150811915
-0.1515529849875671
-0.26894754950713556
-0.3459248181361978
-0.2544548276172642
-0.336388890037083
-0.3260803068918141
-0.2930397108457515
-0.3558713581385014
-0.3098615746135723
-0.19033089549426938
-0.158134823985818
-0.47950335098884583
-0.2047094022567923
-0.31324228660117764
-0.37767168311700894
-0.5595271826166767
-0.3970881462747722
-0.4377394100441051
-0.31851921131196387
-0.4831937562450373
-0.652234891564073
-0.6374650597308892
-0.2855528020612843
-0.3625748354181383
-0.45674031703737744
-0.5408700233372749
-0.4329680257064694
-0.35227804323655054
-0.3129299350293848
-0.21623509007005062
-0.4091448002911622
-0.3675859721318056
-0.6326369454671414
-0.5380202678356117
-0.39614869970457556
-0.3924764552956285
-0.31444016231345406
-0.32021435610299664
-0.4127880168441017
-0.27648533756952826
-0.19455741471560387
-0.5283012303356168
-0.40730856180897085
-0.2878305392594707
-0.3530230198510161
-0.3752999382106214
-0.37182118892204613
-0.426037884863228
-0.4670816753742972
-0.2815984365873219
-0.24073683139716845
-0.551976845652307
-0.33209159410668504
-0.3033050342049691
-0.22807666727812115
-0.3144172100380005
-0.22627453463670338
-0.0795583566041743
-0.21137872303228092
-4.773959005888173e-16
-0.06764540208340157
-0.1871407630594475
-0.12679839949821203
-0.3837444808944522
-0.0845303363756188
-0.3923620862324994
-0.34322817360706553
-0.14000933241102775
-0.30689860390760654
-0.2576892565857959
-0.26641491692040986
-0.25882020254795446
-0.17631246218335755
-0.14001150620487757
-0.26327241511574717
-0.3194556866604637
-0.39892691824175275
-0.04822079253670878
-0.17236203515999673
-0.10162051998883455
-0.4691813454714759
-0.30055100319463646
-0.2800011228838949
-0.4850204912243415
-0.3721249531484528
-0.254736534726447
-0.2942534902948961
-0.4359198062445251
-0.2994005707524817
-0.3196515508044666
-0.3663638733293856
-0.2862087197303004
-0.3945106371783009
-0.47332148819545034
-0.2722687939628938
-0.27088967345959686
-0.3739279788315325
-0.2791124456890861
-0.30235999734949925
-0.25545146995742996
-0.263809558744336
-0.24762706751902114
-0.27474353234913035
-0.2698771198374653
-0.4126306037755283
-0.3448401556196567
-0.42091989830692944
-0.4573492854695242
-0.47791825197210974
-0.4617085576148112
-0.29831907560239596
-0.4730439994993793
-0.37399646389785257
-0.28741466350858397
-0.37176283416857403
-0.46951086984146145
-0.37199593489758254
-0.17343383302778362
-0.30002384915174113
-0.39021606037570516
-0.3539326134805465
-0.39535131838489007
-0.28283148106478534
-0.21491993513386615
-0.3398555834846748
-0.35213483699462567
-0.38584043682508423
-0.3365371304167318
-0.3428457954731443
-0.32427401075185275
-0.5235204653518845
-0.4423397420228935
-0.37961836481493033
-0.47584431585344633
-0.21898398001434435
-0.5063102493796675
-0.22193166887399202
-0.32618701383922316
-0.2211648848229963
-0.26309993699847023
-0.40926765336541504
-0.31799833199151073
-0.4230245319619331
-0.35642573266874233
-0.12569273256178393
-0.3678087622846111
-0.4552689158340852
-0.3962571152376341
-0.24739083394990208
-0.42053591255284906
-0.34288227405252725
-0.19166425973705542
-0.3110491482749963
-0.16933106324714145
-0.39125595580038913
-0.3486548556613826
-0.4077643048791509
-0.34370592726647253
-0.32633531511720876
-0.24232406862127392
-0.08480985885347747
-0.1576030375141493
-0.28359251415460135
-0.3750969359137213
-0.23087881739479207
-0.37261038280700676
-0.3995684073543633
-0.27303723687323195
-0.31702179878115855
-0.4139652362370085
-0.4071101732658448
-0.21265871049405663
-0.2439100973777892
-0.2239022009579216
-0.4124200841892635
-0.31689649809277404
-0.33743367061382024
-0.4677477943476651
-0.43678805720839475
-0.4100290719327847
-0.32208787838809066
-0.3838275307620185
-0.24644116872938612
-0.34491018510746385
-0.5822599030351088
-0.3178252300822401
-0.42154159302166944
-0.4773971586355299
-0.37724401624982073
-0.49157238997649316
-0.4570180944014479
-0.484525071581071
-0.38180004437622606
-0.4778069832302412
-0.35186154824801213
-0.3609744381281277
-0.11595531750877483
-0.10878278990490438
-0.0925138296579352
-0.35728163979428784
-0.12385020956113958
-0.1971933824251803
-0.16623286718124497
-2.456663714064176e-16
-0.18251353807373238
-0.4146334100442452
-0.2623164113105902
-0.11861876482834154
-0.20598690489828753
-0.26793108018246353
-0.2354241747200903
-0.31002029406213105
-0.26109205569283184
-0.16812911183292825
-0.029216107558499318
-0.25609487814398374
-0.25591762761886466
-0.27311189310087686
-0.2265152746334968
-0.17916370079370472
-0.3806670919651739
-0.06661226010076247
-0.2226646374337558
-0.23754195266370862
-0.2917037982717914
-0.19977180161136984
-0.30250764329021934
-0.20398803607002342
-0.29430716513882066
-0.12888937824720134
-0.3061302184209711
-0.1610486350283372
-0.40132774513196956
-0.23208998276702036
-0.4209146238636257
-0.29424294134773665
-0.34612060295892655
-0.11100751543133003
-0.2513683914967475
-0.2571708134341956
-0.2632986783244827
-0.3505790967661891
-0.2043191754061947
-0.31365020719693004
-0.22794229633445992
-0.10812046284414648
-0.16297118639213246
-0.28796819981616073
-0.4072773908240904
-0.4247470576118704
-0.20670074072055647
-0.3075365539709369
-0.2520680936631469
-0.3580579421952144
-0.3680423276218942
-0.13822471334040706
-0.13747860306343815
-0.2997449091073095
-0.2534896795275552
-0.157897828888663
-0.2588646770108187
-0.09267030066661515
-0.37072850578218164
-0.36978267549411564
-0.27691576881910634
-0.13370444774828466
-0.18869381072329902
-0.36443899164793025
-0.17165044172377392
-0.3850939122627478
-0.4837618742035835
-0.34998612559397774
-0.32416387517133394
-0.2946316334137958
-0.4599758706231093
-0.21554161589045703
-0.33911349804962665
-0.22986719900616204
-0.20468641232349044
-0.11787003965523221
-0.21684936515370873
-0.17583867309899306
-0.2723867606362123
-0.1551007720097364
-0.2991256033415497
-0.2451032431903834
-0.297719662119467
-0.3802913870723345
-0.46302597620023866
-0.3377020729402579
-0.3873583888757346
-0.31915571576663826
-0.25391849781665404
-0.32931378585327875
-0.2248706050550325
-0.4528952758585166
-0.3103961161015426
-0.2947141346854374
-0.1630470135221187
-0.24455874731112057
-0.3516779678541243
-0.12407447002288903
-0.15766732722667706
-0.140887658376062
-0.41309982540225343
-0.1463266787760121
-0.11703742828857977
-0.217995873697219
-0.1499041118446219
-0.35110262675772597
-0.4322512871403504
-0.20511715553811868
-0.351468564436028
-0.3599203782215615
-0.31344779311711174
-0.2563669805915152
-0.21642677922464612
-0.36681478357761615
-0.298749758663321
-0.21519153420050596
-0.19330558522215027
-0.2927591002432311
-0.29968305321666544
-0.22412928047020347
-0.36639909529037057
-0.28974703963956716
-0.24891612086141876
-0.3823951756284446
-0.28314022145707834
-0.3614120005428736
-0.2851334299283821
-0.314615459197454
-0.2774606685192289
-0.3893159449610836
-0.2764557899977688
-0.32187898277590554
-0.1839262493386795
-0.43658567209324806
-0.34741252992884564
-0.3541518841728909
-0.36805183193353386
-0.32226262937784805
-0.17968312098989878
-0.5116660386791767
-0.43365832612389693
-0.43082571336202147
-0.2332409221013137
-0.32978731455690713
-0.3511593544216414
-0.4554804557445565
-0.475917723794608
-0.5828630444764749
-0.3441073772381133
-0.5190080122853783
-0.3317767643673477
-0.22525446685243936
-0.42726911314304516
-0.3582869968801776
-0.36287430433463047
-0.3271148800876359
-0.3877284024905929
-0.360446111318764
-0.4126818041908644
-0.5048417243124509
-0.459319430574642
-0.31939054615418494
-0.4698721475365192
-0.32902159913119516
-0.48796081549404746
-0.3862369084828963
-0.43617681431728034
-0.3571213188216284
-0.3419096911105153
-0.20973912156385716
-0.14130469090017542
-0.022945205221505352
-0.18606375780831994
-0.09266243136987834
-0.1686684147854051
-0.21034939120086127
-0.21498607604168524
-0.4867801885534453
-0.39649579229632287
-0.4281898505771477
-0.4822442954041345
-0.4204800545707736
-0.6578690950560772
-0.42954361602466445
-0.3646400765752938
-0.33815623001996115
-0.39607250693144486
-0.37334851147375125
-0.4997075234619593
-0.20508198693102148
-0.3135387702988762
-0.1788712090477848
-0.27450372215316354
-0.15999332779070352
-0.08762840669202857
-0.1225584974208942
-0.2809243345216052
-0.08697813013702904
-0.1636646560222444
-0.21268447629225415
-0.3039656132114581
-0.4372606623056642
-0.28997940664529614
-0.3569277761675274
-0.23701475164957936
-0.18101206930892347
-0.10273422795166462
-0.38969826042137096
-0.22963950490909488
-0.11041496934540701
-0.23894388715326983
-0.24423515593049938
-0.29061759926817027
-0.18444369459331753
-0.20325698473372786
-0.2342948334484745
-0.15507390339103327
-0.17439297322742162
-0.3134118359710685
-0.267346882399874
-0.33402115489120887
-0.2999044429908264
-0.29900548436000174
-0.23334733622630818
-0.25543517655241293
-0.346592150695154
-0.2779956642366565
-0.3310882068905224
-0.18144186551728486
-0.32829974117197985
-0.24815155059366392
-0.38073484595368184
-0.2556920065129171
-0.20104137856650475
-0.21394468847965437
-0.3495788576105953
-0.26857346106411795
-0.3200825653488419
-0.41791547828247544
-0.46716344041892566
-0.2651394738171154
-0.2995750100042751
-0.28622614246894423
-0.5340570519857664
-0.2715904967063687
-0.21209846113592273
-0.3847624813602659
-0.3379017985891544
-0.14767512399195912
-0.4665000468880655
-0.32339343638978074
-0.38740536944228016
-0.3027762671659756
-0.08300006395267039
-0.4355672800135058
-0.3456635173445197
-0.586929762069103
-0.2604682483886629
-0.4276986080682704
-0.6514045538486198
-0.3990624591481988
-0.48797008208673665
-0.4532619424423493
-0.3227800467947632
-0.36752244948585167
-0.33317014526729416
-0.5306097170821147
-0.4430807117208612
-0.47316054418581865
-0.33467704853782393
-0.28877060593140375
-0.26120527502190305
-0.3531027811918818
-0.2929915969636957
-0.3137560141943301
-0.26283383696206236
-0.19402695230518735
-0.2349115375141302
-0.22037214729730026
-0.08965954569039732
-0.3359370795856287
-0.4328728069680488
-0.36270071331440806
-0.32340248909511476
-0.1545194308087316
-0.27312697334002045
-0.3634242956842083
-0.3039126963794939
-0.3807395130049208
-0.38850377557650684
-0.18669082252204994
-0.3571326730077124
-0.49530713877505644
-0.16072369728681085
-0.47446705348228524
-0.38650292142807396
-0.23226972457201706
-0.48892423330601786
-0.3928162291681384
-0.4776776786853908
-0.15208499254329963
-0.15642640542245712
-0.16938572023311288
-0.20465058068086334
-0.24695673458847975
-0.21233068753752574
-0.2564029009362187
-0.08910705946199456
-0.36543179616276006
-0.30633600994841836
-0.19358588565176252
-0.17831554107345646
-0.22073708267334405
-0.2870662462501079
-0.453022579505054
-0.3072510512153774
-0.3558014613323002
-0.32104010886281464
-0.1232533548385669
-0.25155108139957677
-0.35220359202120033
-0.3335201121645615
-0.2884819792786478
-0.18235336020369125
-0.2470062584004353
-0.219501292848941
-0.4795740271915094
-0.3051685307655929
-0.3532552149080944
-0.42141712331871145
-0.45272113975858824
-0.3990489031723456
-0.32108268787636973
-0.37305043197900895
-0.33734889404597823
-0.4438794279847036
-0.42372329618655274
-0.4268023843081703
-0.2862275134167569
-0.21819284639429623
-0.35297418262238694
-0.321156378991368
-0.15530512756825077
-0.25422779110584526
-0.14226957794992126
-0.2011918152458763
-0.27010969710673494
-0.21078282816819846
-4.625929269271485e-17
-0.2457733775904561
-0.2032400052097025
-0.2673190360739679
-0.31575265407174075
-0.4319609097249539
-0.38934827827306095
-0.2782630308673994
-0.37316592237681534
-0.27318681616854834
-0.12290518908767184
-0.17124824387706888
-0.40690518431687445
-0.24734646253819828
-0.23605434673391124
-0.31836052240979607
-0.32793657056335035
-0.07846316399295826
-0.4539503700240722
-0.21172789910302683
-0.5087775858460634
-0.40107385897697606
-0.4914923366362
-0.4255170993305114
-0.3828672002230404
-0.54874821585767
-0.4781151425366465
-0.3411365714268722
-0.4323338800109522
-0.47824430310542393
-0.4664507807973085
-0.5592469393774797
-0.35660463746445425
-0.42864365203090543
-0.3975571333167641
-0.6380172514267535
-0.2614027005973833
-0.27389942710860227
-0.7335953462619025
-0.11990093081805181
-0.2595106957392497
-0.17643880717833743
-0.3290726390995094
-0.4039890912196044
-0.26720247427296145
-0.3436338062909582
-0.3160974745332424
-0.21780800482971166
-0.2476076679237819
-0.23086326571982693
-0.2780684801586309
-0.5003220351233845
-0.3280225657560186
-0.32242981109857555
-0.31793773564045846
-0.23907724075257367
-0.3340608820948817
-0.15266076903075232
-0.43678599406734253
-0.245416385600105
-0.15401924789221355
-0.1605494248948017
-0.21497596684730913
-0.2453854299432504
-0.3276532041872607
-0.23648053224343352
-0.20411039983449342
-0.4226407498539082
-0.1561607500445201
-0.16145919777484583
-0.17914739430130533
-0.1881617760516305
-0.2469599512277549
-0.23698684581267773
-3.2566542055671256e-16
-0.18385218762057964
-0.09335407791522214
-0.16263129694537906
-0.3429803011106631
-0.4231142232743106
-0.2586916501808259
-0.35959310927960003
-0.44634263371401467
-0.23838186756961247
-0.2838912071456126
-0.28462433545120414
-0.3158400213292298
-0.32751504613575844
-0.2507100308669733
-0.2749983883032674
-0.3536238015341598
-0.34113735209468243
-0.33097256543228487
-0.2350901647705852
-0.24804002586887275
-0.26813534987949617
-0.3260588780989826
-0.2898206759324421
-0.3246816051133001
-0.22654744686934594
-0.3241279120870459
-0.3523826372778495
-0.24587107056289637
-0.3260803068918141
-0.2930397108457515
-0.2944708513616851
-0.29743683603208904
-0.22514319980307962
-0.14619973218051172
-0.48471921668261925
-0.2047094022567923
-0.3300639832469438
-0.4130028899000449
-0.4376217963724765
-0.3970881462747722
-0.39972125213775667
-0.3118329893990164
-0.4565318349954247
-0.6378973144130574
-0.6776109024705608
-0.3381269344761162
-0.43051350045790876
-0.42807379540501134
-0.5246121783052156
-0.45869924121285344
-0.41079064224953143
-0.3148165802993183
-0.23221862430763723
-0.40928472481286193
-0.4352011462056881
-0.6086352129853606
-0.5245548416195962
-0.39417617364289087
-0.40830738528732174
-0.326108148993479
-0.3575673832131727
-0.3880875509401587
-0.3197344474975541
-0.1473880627859988
-0.4460518112698025
-0.35184331076259445
-0.4780729609662573
-0.3381526182916878
-0.29630168867258044
-0.3614302800869847
-0.43351335200588464
-0.4735499084122377
-0.3200510226587862
-0.33676032352995705
-0.5697476767423483
-0.33725333353605275
-0.35113039163682647
-0.2636073316649877
-0.37271981468565857
-0.17941844441502716
-0.11344066370142826
-0.16846325594454295
-4.773959005888173e-16
-0.057488193275166646
-0.2592956496408569
-0.1117600810468215
-0.3125398688296457
-0.13180886369182362
-0.3501785906826407
-0.4159856001848984
-0.09576491341265317
-0.29543549109895656
-0.4087889626750617
-0.23927946323034505
-0.332448183116012
-0.19225382471609861
-0.19220506982038635
-0.4188591903407942
-0.25262285674579976
-0.37724554310884745
-0.21335368190039866
-0.2018332236580716
-0.07075670725489215
-0.43539914481221126
-0.433520829330687
-0.3670467422732565
-0.5786932504142827
-0.4091123504401156
-0.27271957902081273
-0.3817113003493392
-0.35976278170639786
-0.26553496414876193
-0.32696573860256045
-0.39090356842724727
-0.296947443182412
-0.4078088659439874
-0.44388697561169654
-0.29605146635455265
-0.25535472846019486
-0.38035244557889075
-0.27669534399404255
-0.34151099144672514
-0.26851062694559863
-0.2995851170174876
-0.24562159514259035
-0.27787975942027654
-0.31361985657697494
-0.41228704365126545
-0.16207324902496578
-0.40855419828293094
-0.462493201229949
-0.4300092301535616
-0.4638501072824947
-0.2598171342118519
-0.4625071619736032
-0.3311247204940166
-0.2816162039860924
-0.3081750007654762
-0.4716919734151997
-0.3196653804114479
-0.20603367065696945
-0.31049858896372196
-0.4708045323584056
-0.27468444621187105
-0.36898164060998534
-0.35837530247699506
-0.24878310142323018
-0.3093520531625325
-0.36273130527726416
-0.40373098401503643
-0.34485633382693964
-0.40633510006710105
-0.3176482040568401
-0.49508740686878167
-0.4331276974203238
-0.42428679292343663
-0.4647003400149115
-0.21898398001434435
-0.5329140979936564
-0.2480150633526784
-0.28867935501632913
-0.28120219495399057
-0.26331788334331097
-0.4274713168968296
-0.3213468331422221
-0.429591918791695
-0.35881996561062324
-0.12569273256178393
-0.43651106309760657
-0.4300734478796977
-0.37503661263419835
-0.27452852500573244
-0.4268295126476613
-0.32758500047017264
-0.1816200508960818
-0.28319743169948813
-0.1858972951865479
-0.33904335289886584
-0.2967479817919426
-0.32387114256988486
-0.34252410490093654
-0.24022874755542278
-0.20358981236473514
-0.08480985885347747
-0.1900039708919133
-0.311355080273486
-0.32757473470887133
-0.24292097231360246
-0.4020966344580859
-0.3040434528300732
-0.30328932587493296
-0.27784788766945523
-0.3919907959671449
-0.2377630173417991
-0.21820998235917033
-0.21266364995684447
-0.2582781055394162
-0.377329767637139
-0.3843872811406096
-0.22710647965339748
-0.413893056494043
-0.44091543047179776
-0.35772940842537254
-0.30076241512427504
-0.3559174894969542
-0.20490226663902766
-0.3768675528946399
-0.572160383086595
-0.3361884782750481
-0.3979421256948341
-0.49656446509634566
-0.41353695293052084
-0.4719661957988686
-0.4650149071828233
-0.46930233320494275
-0.36105736165510993
-0.4854816904234886
-0.32495910720066856
-0.39398322676777187
-0.11595531750877483
-0.17566085881778642
-0.0925138296579352
-0.29429240561446185
-0.1697325705609192
-0.23052077193035372
-0.17486777414900084
-0.00536345104658993
-0.1641304646274319
-0.5472828460816107
-0.29458396916926044
-0.099086476382618
-0.1701592469826877
-0.29378867715248597
-0.23566731992332757
-0.2264339058578946
-0.2659260869912553
-0.15142324176921343
-0.24610447235262814
-0.2144880732458657
-0.24775049603804875
-0.2582611367228257
-0.24409353899057692
-0.19197137549303792
-0.36881958229678335
-0.14288852367054913
-0.19312402817968174
-0.19845696759033218
-0.23734479597788552
-0.26148567167997994
-0.3518504963355171
-0.2191385734110413
-0.30747718966764015
-0.12888937824720134
-0.3279509224475313
-0.10678871967054959
-0.4051380684758112
-0.2243085161901738
-0.45301700921147353
-0.29632343787318954
-0.3544615984690997
-0.11083228044912276
-0.2961852947777016
-0.2677240699589544
-0.23624435060030458
-0.308052564710067
-0.14889203124127048
-0.3338021332821762
-0.18957100463580356
-0.11480504078264332
-0.20423003581143181
-0.31387189822497974
-0.4545771034332333
-0.4453615453219798
-0.37639133367391736
-0.28878097249097096
-0.3464352668980494
-0.3565317084149374
-0.34849421349747484
-0.24167795707949438
-0.19538709593895132
-0.34543518799640005
-0.2570615428150165
-0.16820124991070884
-0.27171251583872746
-0.21653917972129158
-0.3784788547662515
-0.3720085097577414
-0.26048097670664294
-0.2655765073272364
-0.19453401637960785
-0.3376039088707707
-0.18033030496840274
-0.42514513424859934
-0.4860656720510454
-0.36846777239374645
-0.2543153695042957
-0.2868030314105467
-0.4521690274070097
-0.26056775117175546
-0.35215093182651636
-0.2831762057025754
-0.22970693156906907
-0.11055017722105336
-0.23624713561802752
-0.1805728874797716
-0.32189652531656027
-0.1551007720097364
-0.23741266779207754
-0.2520137159643192
-0.2744885704673102
-0.336994864120731
-0.47844376039363185
-0.3768492105118428
-0.4331184545052762
-0.29338255983100575
-0.25391849781665404
-0.3303260435333782
-0.23926262780431024
-0.4385377879379147
-0.30127611300392754
-0.2249556556701286
-0.21318504872843635
-0.2257295101712156
-0.4320285638064305
-0.19753967976383427
-0.16612584381286552
-0.19409707477657276
-0.16368019996474997
-0.2206931744142767
-0.1548038625418679
-0.17273944485634526
-0.050409417026470935
-0.35146061653539495
-0.38624488616109076
-0.2789298540815528
-0.3083632202680126
-0.35652068615226956
-0.2987450869407844
-0.23255479749231017
-0.21642677922464612
-0.3563788533626539
-0.3344331858013834
-0.21519153420050596
-0.3408885786196404
-0.2820277228686536
-0.26061425209794925
-0.21388155993592353
-0.36639909529037057
-0.34592724585042617
-0.21242588188544953
-0.27869073976325937
-0.25910796940790387
-0.29923059811193703
-0.2677896984667657
-0.2952228972044627
-0.2830703122276578
-0.3425809317549497
-0.23100604220242882
-0.31745285940748746
-0.2571729856055177
-0.4094808047466766
-0.33834032922491863
-0.32780788405424216
-0.4096562448917179
-0.34031493488274844
-0.17275638473301894
-0.6152651398340525
-0.4188667289100228
-0.32929389162621014
-0.29180534277807724
-0.3392160359659159
-0.19697355543528322
-0.45235818376841086
-0.4995323905387405
-0.6016627839589844
-0.33122509422174873
-0.46626788328538854
-0.31269882214945216
-0.22544245984865122
-0.3719408724124114
-0.4133823640228307
-0.31313082139634824
-0.3117574445858921
-0.4389838414761426
-0.35094437360862596
-0.4676930023417687
-0.5371210948609967
-0.5208193147065937
-0.2759759822796393
-0.41032554950266154
-0.32413354456011423
-0.47603385956008626
-0.4751585515801515
-0.4696681278478571
-0.3673075888825337
-0.35448732168357006
-0.38529403067248047
-0.145061173380302
-0.13728985167915456
-0.29367868113961826
-0.2081561463426726
-0.13910519818414635
-0.19023734719875768
-0.26806236443885506
-0.4381289937005807
-0.4075203510542537
-0.37240046965585544
-0.4802661883572608
-0.4291705289083563
-0.664037303697482
-0.46573528473641623
-0.35107385611502395
-0.43070211977181755
-0.39564918071229366
-0.3788558846224339
-0.45305719624303886
-0.20508198693102148
-0.3212067727460406
-0.23928225047590992
-0.2997580455202416
-0.28955603103831157
-0.05727509379970901
-0.2091805433631963
-0.2317635472435499
-0.06868963469745575
-0.13688189511476687
-0.2880911374542904
-0.3442482241754048
-0.2377630173417991
-0.3104408162518861
-0.2849763033872592
-0.23236497502882467
-0.1613327386219842
-0.08432769076418356
-0.4140010549047249
-0.08623287651463103
-0.10030143960612589
-0.29750027212807206
-0.18710156088799976
-0.29753615598312333
-0.10355865312899787
-0.21691405212045317
-0.3218513234971109
-0.1316630855497179
-0.15165912309921425
-0.3134118359710685
-0.3174864774334602
-0.2670084832653149
-0.29569746694523485
-0.294842954500489
-0.30289202070811966
-0.26219510684571756
-0.362498397967841
-0.25132807420230807
-0.3310882068905224
-0.13452372063995957
-0.13581734965488482
-0.294803794560971
-0.307655213898597
-0.2729664966463479
-0.16805564393333536
-0.20044510301922017
-0.3009294256766615
-0.2205050928919662
-0.327524400788919
-0.3771531637371363
-0.46585527150496575
-0.36055543697909825
-0.2846980747065823
-0.3011832431556179
-0.5564548935444775
-0.2515646451370256
-0.24944059715390512
-0.342117289716373
-0.3087523285791321
-0.14162860046539263
-0.39310214756722967
-0.2677238843546537
-0.3330817264930309
-0.18639892523874535
-0.21358957313989735
-0.348985384759713
-0.2568117966489026
-0.4472149229723986
-0.2604682483886629
-0.34446847556111615
-0.6370114031201818
-0.46255624975568954
-0.4153149418156036
-0.4297586919984636
-0.34029405102031535
-0.3494908479525313
-0.3258767854385491
-0.48292898566356157
-0.45586610281557827
-0.449962891824317
-0.2922059131958042
-0.33504409511712524
-0.33002028722869653
-0.33370558839109965
-0.28412828179796634
-0.3109685541567707
-0.29631123052494396
-0.26798585794507146
-0.23071215718278404
-2.5620531337503615e-16
-0.18595271878171327
-0.2999239584881176
-0.37964494136340504
-0.36630265406245405
-0.2642784312804859
-0.1545194308087316
-0.2674115008852581
-0.3319645467646441
-0.3544386363954141
-0.3774930934794649
-0.39265611422347446
-0.3514547482436078
-0.33909186539689207
-0.49254764457787564
-0.16635060671566898
-0.44936337010128574
-0.3786074586232934
-0.23226972457201706
-0.4484226737536161
-0.3959379617702228
-0.4804727446187313
-0.20589426819874548
-0.28812221247686876
-0.14870860584385173
-0.2241052425370078
-0.2777065598122852
-0.2527058133853222
-0.3294004672637808
-0.10336090122294322
-0.34096688291280514
-0.22734634280336077
-0.19878188082552709
-0.2350251116467348
-0.17734379939781167
-0.24973560162002775
-0.4607635587252169
-0.29025279122645836
-0.3731849527807184
-0.3600017408681462
-0.15347341149361393
-0.29442963197600724
-0.3500963320760725
-0.3295202103401092
-0.30748536697697887
-0.2266039381899991
-0.29495145421486857
-0.19561196987815188
-0.5781119292524203
-0.41654487494432324
-0.3406112962026169
-0.40407937762627766
-0.43740621322187306
-0.298563998894638
-0.2778675461238112
-0.37006468197724895
-0.38234305461364115
-0.36271502195875865
-0.41424671756823456
-0.4329054693086705
-0.26913721804086244
-0.15700211953669022
-0.295620068712921
-0.3881751942429907
-0.33493333763906824
-0.24459766997276824
-0.1751144448521554
-0.1322653238281105
-0.313661905265069
-0.18780788429193648
-4.625929269271485e-17
-0.29515878935700046
-0.12310258031257934
-0.24244346493676386
-0.300571816669169
-0.40457410452490544
-0.4249577603349648
-0.2066101586075296
-0.3695053498758472
-0.2297575706636213
-0.12290518908767184
-0.26289541433179375
-0.38763991659830505
-0.2809451488042178
-0.23041266151641032
-0.37302879156881474
-0.33591871309614973
-0.09070970148922163
-0.43870864023902084
-0.24190265845047923
-0.44169127804643354
-0.42473032328442967
-0.49325175472523863
-0.526682501951396
-0.3946658472201958
-0.5310638685669765
-0.46145892747305245
-0.3290404588923418
-0.4310172817814279
-0.48127217522095983
-0.44151377820652854
-0.38409563088093585
-0.4056172215971178
-0.4723829993814583
-0.3983347203851293
-0.6063119806939421
-0.2668365845750559
-0.2527789209080392
-0.7426154055354764
-0.1541180972872416
-0.21529856733177277
-0.16196968013430443
-0.3466047810684629
-0.35026542700571717
-0.2253012786267993
-0.30064447950124534
-0.33731521241719326
-0.11847663850779909
-0.2296462044185144
-0.2688267508387189
-0.249320783433432
-0.46530894312313986
-0.34033980631211747
-0.2828284554489863
-0.3220498664902187
-0.2306884142029563
-0.18000907997742224
-0.2361093092585389
-0.40859509604996563
-0.20969927371933952
-0.14396670933635508
-0.1977811961065247
-0.20435841237602595
-0.2233338531439209
-0.2090310187408029
-0.19205746013068975
-0.20411039983449342
-0.38934272639158357
-0.1393959134873181
-1.7080354225002407e-16
-0.1960109111155118
-0.024822688749928587
-0.1382385837078805
-0.2024021639083417
-3.2566542055671256e-16
-0.22739703146432172
-4.898042755699219e-16
-0.16263129694537906
-0.37572713082952186
-0.4231142232743106
-0.29798223378490785
-0.5378586015465902
-0.486487571934037
-0.21865592901916384
-0.26279265062103213
-0.3888412703586781
-0.2939562710981511
-0.34665020927358586
-0.2993480092595236
-0.29764581954374053
-0.34441173393524577
-0.358487905472965
-0.3078606333765394
-0.26068328674509567
-0.256195399321432
-0.2723098878383609
-0.40719524572686955
-0.30314677246414584
-0.21271598158293445
-0.2725130250223733
-0.33344205177053127
-0.23132206842291675
-0.28644834185557655
-0.3260803068918141
-0.2930397108457515
-0.3232795659689659
-0.3098615746135723
-0.19033089549426938
-0.10412475157695814
-0.4457471437560269
-0.27353732401899744
-0.31324228660117764
-0.37767168311700894
-0.45554244198436467
-0.40440293079106837
-0.39132760068286787
-0.32192634147635735
-0.49003658349091517
-0.5999842410648965
-0.6679346284161698
-0.27230257220574783
-0.36601781964385777
-0.42703971349431946
-0.5629848329984461
-0.46866197904891854
-0.3416501796103892
-0.3132100734732135
-0.23221862430763723
-0.4087052714197338
-0.4243436442110039
-0.5759967931302389
-0.5350795672801162
-0.3919153375354179
-0.4327345221401264
-0.32759230755787994
-0.29266218722433013
-0.41515225109878795
-0.30251209542981183
-0.19600665182071214
-0.49545485228653263
-0.3879090515561158
-0.46334033495221033
-0.3530230198510161
-0.34072762705056686
-0.3463797748235834
-0.4068222337946516
-0.4906404496619458
-0.2898644643559774
-0.31700440585715556
-0.591480599024132
-0.3449817280599709
-0.35764020389264034
-0.16690730498355202
-0.34189512712899717
-0.20253318440258378
-0.07682905524400399
-0.2432149739767527
-0.10194870078705723
-0.057488193275166646
-0.25161973866943727
-0.18395396430760524
-0.284649956157129
-0.09824711409507773
-0.3230488217433075
-0.36186439164704787
-0.10838125115843208
-0.324716327973615
-0.3461578973633113
-0.26641491692040986
-0.26903227493793946
-0.16283479714854251
-0.18486635876072172
-0.39490752003656915
-0.2944082235362719
-0.4121227674457918
-0.04822079253670878
-0.1685462183498021
-0.10989419313697864
-0.41984000648718933
-0.30895709939859617
-0.3333631648981445
-0.49482401459184466
-0.408068738713723
-0.28862952414946264
-0.349784848943644
-0.4416624795832823
-0.29922887584594654
-0.3332771250971221
-0.3675924408955078
-0.2934880724364067
-0.37884825577531267
-0.4313534052218005
-0.2843880861279091
-0.2784893744179581
-0.3632168097799708
-0.28921951359178866
-0.3294984461182681
-0.246046381651563
-0.19476346109751286
-0.24889635534645857
-0.28054204473109406
-0.2846892566327238
-0.4021347483325978
-0.315612722407006
-0.41038026512711434
-0.5138761117602131
-0.38947150294278543
-0.5042454910346014
-0.25191384798147576
-0.5099263573643188
-0.3453519700862943
-0.2749352311467537
-0.37176283416857403
-0.4956392999969386
-0.35853411569083915
-0.22199027892575957
-0.3607056675197008
-0.43169160920386196
-0.3463236850287247
-0.40238519445263626
-0.32187290481001307
-0.21577515176947779
-0.3398555834846748
-0.32851670784096887
-0.3436906410112944
-0.34262553502205784
-0.33891507255582987
-0.3867031138721436
-0.534132322180241
-0.4423397420228935
-0.4315611959598771
-0.45690953113023847
-0.21898398001434435
-0.4647484376778432
-0.29254543289059604
-0.31793378702611236
-0.27500134749719474
-0.26309993699847023
-0.4284130258797463
-0.43828697880877465
-0.43280819191591824
-0.36761682723054007
-0.12569273256178393
-0.4224313479662886
-0.4552689158340852
-0.3807989523034762
-0.28389380542417875
-0.4366161271333924
-0.3111821627183494
-0.1667869575020742
-0.2925498491717317
-0.16933106324714145
-0.36161678727998126
-0.334169533095767
-0.30209476600174995
-0.3296835697653861
-0.2954099203368048
-0.24232406862127392
-0.08480985885347747
-0.16499625788074387
-0.3158179881479054
-0.32899615032713425
-0.28792435760099083
-0.3863371974701272
-0.27466013522582766
-0.27303723687323195
-0.2935659928340317
-0.4139652362370085
-0.4071101732658448
-0.1959771050487187
-0.2594830088462423
-0.25133207631193005
-0.40751359318227803
-0.3602886136889743
-0.2803233635196177
-0.3837601506259445
-0.41044337568637074
-0.3722516013527242
-0.2860087008262627
-0.3816202212005152
-0.22560676121060258
-0.34491018510746385
-0.5034942452664738
-0.3299747966847473
-0.42249812568251915
-0.4750939549982524
-0.38514894475920886
-0.48061968334794863
-0.4571562501015113
-0.48293549244932804
-0.34599612474747243
-0.49091626999405347
-0.32495910720066856
-0.3505788954946856
-0.06138939147115436
-0.14179013134698706
-0.04534507408057559
-0.3011026438397546
-0.18888219363738942
-0.23052077193035372
-0.17486777414900084
-2.456663714064176e-16
-0.18251353807373238
-0.4040689948701549
-0.40145290836510017
-0.16078641836677618
-0.16895364283246223
-0.26541010092221046
-0.23566731992332757
-0.43027126537448646
-0.22940626086932947
-0.14469947285536675
-0.26063006058562704
-0.25609487814398374
-0.32486280092918557
-0.3210338761452636
-0.246902492770936
-0.17467652527896968
-0.45819504380126097
-0.18987575440151894
-0.24994781667636132
-0.2598280479664801
-0.3377033664091959
-0.23578281467769874
-0.30250764329021934
-0.2142348720681263
-0.292401873574321
-0.09199866345561622
-0.23799040240667355
-0.10259676095619503
-0.3998953790697138
-0.218837225709683
-0.4122494033332828
-0.28184997663934125
-0.37068741026790664
-0.0742488421796956
-0.24892634473620384
-0.25810209198183864
-0.2484256099419334
-0.3582716591814934
-0.17052429507388353
-0.3167368532573599
-0.24396062550987455
-0.08940916883231938
-0.22307410977386205
-0.3867872037533799
-0.6194502906531306
-0.47632918521607315
-0.20272741833899247
-0.3283090297081868
-0.34690822041968317
-0.4001108817674933
-0.3757549337061467
-0.11050695955954817
-0.20758974377419215
-0.36297297588462507
-0.2644479644879042
-0.22045097282992163
-0.27121774168207485
-0.17977802416911265
-0.363640986968667
-0.37120243242548323
-0.29712312764404863
-0.22239174122364488
-0.2183244219640014
-0.3927781805399869
-0.18033030496840274
-0.4107878748185828
-0.49818220942436914
-0.3901649645731802
-0.24645317718222803
-0.3033582943454675
-0.3923064189209253
-0.2718504445805918
-0.34053809506425553
-0.20803450692561037
-0.23444958210992717
-0.11787003965523221
-0.2190890965192308
-0.23366228744914364
-0.27452242750667544
-0.1551007720097364
-0.2690546692843363
-0.2678249714639816
-0.24431868487695232
-0.3853772228189453
-0.4587101577346644
-0.3624263786587742
-0.3873583888757346
-0.3241049225050107
-0.25391849781665404
-0.3029190892285233
-0.18799613415036934
-0.43907658205212424
-0.29145514243808757
-0.26818522266669625
-0.2625425293620769
-0.24455874731112057
-0.3516779678541243
-0.16332038186433492
-0.17793438511051496
-0.18791865138391675
-0.3397223059009478
-0.03609198398203007
-0.12452874858043193
-0.16712121504108882
-0.1499041118446219
-0.35419912287731975
-0.3804346398852239
-0.14728931201150308
-0.3246339344439011
-0.4529384802714794
-0.3114054274460983
-0.2768858163741997
-0.21642677922464612
-0.3563788533626539
-0.32634717285903997
-0.21519153420050596
-0.19330558522215027
-0.29433439544806683
-0.2737347125819532
-0.2519638499090354
-0.36639909529037057
-0.31760412197509713
-0.2710979928221382
-0.34985444909360003
-0.2796733595339879
-0.35309583507324643
-0.33189132364530094
-0.3242107026962781
-0.3307554607694205
-0.3923978691337664
-0.31153218238660935
-0.30397588389033925
-0.21116711486060252
-0.4778430460202992
-0.35365606109895037
-0.32794100845555363
-0.36805183193353386
-0.35667771684790234
-0.17968312098989878
-0.50223912301179
-0.41286467786245157
-0.39344777890579297
-0.276619258437974
-0.2640129919117198
-0.33511958977528206
-0.4227441087877369
-0.4352992564091673
-0.5799341027108632
-0.33965905235003213
-0.505703612135959
-0.32034952395821586
-0.21878410139281207
-0.3719408724124114
-0.3012171031700979
-0.34284748410853155
-0.3050968036866093
-0.3877284024905929
-0.37302941064111983
-0.4060026944471661
-0.4891091827972838
-0.47112276667958053
-0.31272947435972154
-0.4336311190520579
-0.36148273701527767
-0.46701959189130043
-0.4047209147576635
-0.4430670267169124
-0.3707631705740775
-0.41606862054850924
-0.2248314742905179
-0.1747938934880771
-0.06706044688313001
-0.32465490239981987
-0.20863149619662566
-0.13292215784353825
-0.285429792611176
-0.24536786237189143
-0.5151412755843924
-0.4284039349680296
-0.3903980080712179
-0.42569604655682164
-0.3921333969689134
-0.6423797543699113
-0.43655950647418296
-0.3646400765752938
-0.43823685740376617
-0.3803709019357274
-0.39107285236953326
-0.398871527838574
-0.20508198693102148
-0.3323792923986726
-0.15242461012329445
-0.2352223239447658
-0.24111130746318546
-0.08762840669202857
-0.1225584974208942
-0.2341786703761578
-0.0896622661893216
-0.1266193131062793
-0.2971020568755972
-0.2481856931624507
-0.4372606623056642
-0.31603577798758015
-0.3298305820212873
-0.15766561962668194
-0.18101206930892347
-0.08432769076418356
-0.41944607560697356
-0.08623287651463103
-0.18541486935318818
-0.20727793383070622
-0.19887772598617462
-0.25950035733719695
-0.10938974391724092
-0.2070362464801314
-0.321898300825376
-0.11212398661419543
-0.14021192175576547
-0.3134118359710685
-0.2773060555476169
-0.33402115489120887
-0.2751777822929489
-0.29900548436000174
-0.2705709231227573
-0.26246499695472536
-0.36451011630864577
-0.2555810111600193
-0.3310882068905224
-0.18391645663462863
-0.31644033875933103
-0.2806645182648043
-0.3229232317565536
-0.29298401162859455
-0.2380316232496023
-0.2526948154749343
-0.32698039624282943
-0.2996088623489242
-0.3142439842570699
-0.38460542145865567
-0.47745070688475
-0.27507369277868743
-0.31612019805968167
-0.28622614246894423
-0.5340570519857664
-0.2607186337609419
-0.20044533988393434
-0.37512834675120243
-0.3899160137634775
-0.14162860046539263
-0.39208705717776243
-0.37559914949286466
-0.38740536944228016
-0.3334137637684361
-0.08390880344090577
-0.40543020935513674
-0.30629036254760866
-0.48845144554784947
-0.34496003784985113
-0.4441379587310486
-0.6102151581276053
-0.4745940703322895
-0.48417875822410067
-0.4217180196291275
-0.33164145701806014
-0.3702122567869991
-0.332341976643252
-0.48741906694272896
-0.443758560770363
-0.4650746245863722
-0.27421814483348966
-0.19938435184222328
-0.2767160200521967
-0.3426472927386628
-0.2832677153218034
-0.2093165270728291
-0.33550238092701223
-0.1817398304906469
-0.2349115375141302
-0.3436519302173071
-0.02685498802313165
-0.32101143718659586
-0.3022090810386354
-0.3379122578991549
-0.31340435583443776
-0.1545194308087316
-0.31752171028104426
-0.36445167180800914
-0.33722020268645686
-0.37851837229663887
-0.38850377557650684
-0.18669082252204994
-0.3733314013145481
-0.49877382351313104
-0.17009372747982787
-0.480375555745193
-0.3748483413214977
-0.23226972457201706
-0.556156790478157
-0.4408501723901293
-0.41336029145313163
-0.15208499254329963
-0.24046139194709973
-0.16938572023311288
-0.2483645087330332
-0.2878520459060522
-0.20504222460366694
-0.2564029009362187
-0.1160603040653015
-0.3397099688769169
-0.22334488645662848
-0.28383360498910937
-0.18624867503988998
-0.22073708267334405
-0.2870662462501079
-0.398416830168196
-0.26054166376573434
-0.3726218370994381
-0.3232169202248715
-0.1232533548385669
-0.2802112395695332
-0.31974533268190075
-0.3288994899057298
-0.3270589394526305
-0.17114650243815718
-0.2470062584004353
-0.211672800582153
-0.5399083520041658
-0.38494718419903967
-0.34409789793366125
-0.40947685860776456
-0.43740621322187306
-0.36544950909182516
-0.2927123454133934
-0.3366095927205791
-0.37782312292510867
-0.31814783495794097
-0.41424671756823456
-0.4617500197524283
-0.2835529345987901
-0.15700211953669022
-0.18167155057967163
-0.3323397155396088
-0.1768710574679303
-0.2536468614730344
-0.14226957794992126
-0.06073871038366629
-0.30316677713850093
-0.16147520225200185
-4.625929269271485e-17
-0.14107092915873534
-0.1964734856208713
-0.2673190360739679
-0.31575265407174075
-0.5357479952962713
-0.3953175841362669
-0.25939736750058123
-0.363146693212134
-0.20817188996467542
-0.1340681087802262
-0.22655451728421053
-0.3555198342901396
-0.26670290401977736
-0.1958357101938718
-0.31525032293710714
-0.32760343847672746
-0.09582598135115637
-0.31431343934904443
-0.21487182618195055