0.16626985059573185
0.18732605445281958
0.28430899007218835
0.43624602101849425
0.32427343333680037
0.2634277862851637
0.35724437332898196
0.37807035214591556
0.4201399659171845
0.33026992538390865
0.4030972091869536
0.28876837766466446
0.3609738416548441
0.43479964830020623
0.2622200200006576
0.23306705078689915
0.4583887282998084
0.4020580661891194
0.5032383251870587
0.48440579190806676
0.32171116630201546
0.42566267911927097
0.4490556629964457
0.35431912500195306
0.4756907867801769
0.2560497894794519
0.4232804549236801
0.35580395253319996
0.5678903797302468
0.5222626879094127
0.5106131688687754
0.2466617602375264
0.35875385228240514
0.40269682060426887
0.5155801736642334
0.2670123678850782
0.4758478988955341
0.47353451614836095
0.3620148094417059
0.5272704707833101
0.34384905822704637
0.5314352869818725
0.35452647528852754
0.5310548160375961
0.3955468415943964
0.434517249707075
0.4036473639767413
0.3273057178279367
0.4719452920362939
0.4902143427615737
0.4803545382877695
0.41193714330128584
0.3350258625364759
0.32182981224757584
0.35244431634113826
0.41778163972145177
0.504587542057272
0.34818703044396493
0.46652871758695635
0.5178185707159131
0.40282782662259625
0.17058500480268346
0.11925868582656374
0.48109668340565226
0.4502598308409932
0.4914220461043821
0.4360889428480655
0.4766193310053097
0.4116775695883956
0.3786190634993315
0.3672013402739736
0.44049220312439885
0.4358666398840446
0.4271136481098242
0.5044562339123486
0.4350063000935666
0.42312068093000277
0.46560798944195236
0.500580389095612
0.5037009393876151
0.47929535794805983
0.3557675799638214
0.45730336229019586
0.31980595221152097
0.17719966432378564
0.4714355933850653
0.3786105177725617
0.4850025313219743
0.5048953357885807
0.38865263005374195
0.5123941067718238
0.44417435400299915
0.23531781973887456
0.31380000331102453
0.31804181796350706
0.4201543829007106
0.42607666534074756
0.511666472105885
0.40572464636428923
0.282658351904745
0.5391083101335483
0.38370780971265356
0.3644533011988782
0.3286805681576588
0.4836371364042414
0.309439469480179
0.19295516470541751
0.2849048999982432
0.38460269037749767
0.27651222822146837
0.3817461787199685
0.2117630826526301
0.3510800537653457
0.35688846211540026
0.4075571865612565
0.34673826217156634
0.38681212796249054
0.4206287293257451
0.41528488108459827
0.38152721519176763
0.5397341566023913
0.4645928490052466
0.4686593270728599
0.45321231720254884
0.3626653948601297
0.4183901418463909
0.4400247782377056
0.379101801218777
0.4154952240712432
0.471491933359049
0.44334075362661457
0.40316766023733974
0.4227452309111052
0.4167187558917485
0.4454210153972402
0.49933079227145294
0.43878209176152716
0.5190028756555487
0.5293600384101829
0.49772768452958954
0.4780275460716693
0.40828364325340144
0.3764117399611245
0.41353639568376444
0.410543001084069
0.4575561632828769
0.3953627039621237
0.418130627466207
0.2933246549292342
0.3019257076763847
0.41765852262072056
0.46957357014474477
0.3816023556276461
0.4330864289575242
0.41708720032987556
0.3954341209946661
0.3688318696476412
0.45501013927172523
0.29548597654151154
0.398811701729835
0.3978613430127249
0.4256763935268898
0.33861309111079363
0.515673335254295
0.44540181113181065
0.3050055611745808
0.4811638770058796
0.40589072388549174
0.3773467824887357
0.44908067394706974
0.46748050417178566
0.11022118542193171
0.3838090413821143
0.41828992090267114
0.5086845209773861
0.48680139299716674
0.45423542311151616
0.5067611696674299
0.40921750584630334
0.41800204044875794
0.4666035276115865
0.39434596043935366
0.4795915835673523
0.37666245573856605
0.5161344175311121
0.5157914456375734
0.4299748819668076
0.5045935447543848
0.5839468044866547
0.48641822660367656
0.4705268866504236
0.5182326957072887
0.4515033667703404
0.48593681091864643
0.45388277459695914
0.604133166590076
0.4173151639518908
0.3786291099994487
0.15899924378308739
0.22940808209640517
0.4859245369446331
0.3794142193190235
0.35051055804755454
0.3874901202034923
0.34735560844358115
0.4127521367189324
0.44128164180505225
0.37453067922138206
0.27109450248296973
0.4940852122504717
0.4784598319829481
0.44669760942141074
0.2519519490908998
0.2039194767827437
0.3440375691177371
0.3998672145206738
0.3986529632458896
0.3932595988484108
0.488228512870414
0.2158129340485221
0.3679222500147051
0.33376071101750726
0.41827317270723574
0.26126007646100946
0.4145137122839657
0.28850551150030435
0.31666992011110096
0.4185001257699777
0.4248913843528421
0.36954434451061213
0.4138116360668771
0.4226200677968911
0.4292518213865251
0.41281454289946906
0.4151534816109507
0.37973123418923116
-0.04950250828682745
0.5079625482985926
0.35451409214482105
0.47150292965915497
0.49719832052731006
0.5512475016028435
0.47457233492910317
0.4893972083270342
0.5586355574697319
0.5087406379145896
0.46064491761856585
0.476768707014837
0.37619269492078555
0.4906053257399944
0.32761780929343737
0.35390449125066065
0.3634481160352938
0.37985864700224087
0.39862075803586683
0.3860169781568046
0.39313921428786214
0.3654782075920073
0.32591328858631063
0.27391535637662157
0.3759743647984955
0.39291939725766356
0.37458421474608716
0.43659786889704005
0.3870789920731138
0.5286403423453392
0.4212751227468037
0.5033365255794975
0.417977239454443
0.3898325228399275
0.5518248453616019
0.3949131527014055
0.43466883032191683
0.47185138294668255
0.5021410157404076
0.4360614995171942
0.5116715587906957
0.42942807408701955
0.377268482653495
0.5610001228436982
0.41298811658734236
0.5550181619285333
0.5099537005609751
0.22936638206128912
0.36357221902753295
0.42051295477644823
0.5368781259019699
0.45933111558174
0.4265137429152555
0.24093547370629798
0.35029168103772035
0.4601585209413942
0.3356663467908211
0.3849100961019055
0.40456508539666536
0.4531353580923596
0.39057151914875576
0.3990073019162852
0.27651011000629044
0.44399568512879267
0.4751567046832498
0.4923882679617387
0.484113981527264
0.4844524593520696
0.4033397003659924
0.5054561618132483
0.3731388179027858
0.4343707936273457
0.34952584646685547
0.5292907430774438
0.3695372009816343
0.44409404673949204
0.33914805709268875
0.4441839222003942
0.43143126235005125
0.43881372580077205
0.5386675598880881
0.475923345318444
0.4435452400706843
0.4956230017802805
0.48743711510568416
0.4815203976614352
0.42956155554520736
0.42735543727282027
0.48541312432348155
0.44565474151711315
0.2950877472037986
0.4117408622253382
0.4459884286069546
0.3578267036685098
0.2614140361006111
0.2617464120707448
0.4409098016253516
0.4618383139340568
0.34027912590942727
0.3731877662452552
0.49524347364501864
0.40525257586199925
0.3879869808794568
0.2367250736462646
0.35020394345146055
0.38261761172061587
0.3534196885569509
0.47998457179171583
0.4216833529029418
0.38073604711046516
0.3930994873785891
0.4240571137825686
0.33966208408338877
0.3958331754227103
0.3263057027976717
0.4025608480084728
0.35788340746980474
0.3704117627971522
0.23323576577143224
0.388792422973826
0.29801282554446185
0.4943359413041694
0.5088576751680489
0.46956125228555656
0.48617239448100813
0.32539074796832024
0.44639380142716917
0.4670947632943493
0.4783483005513899
0.28063804807135784
0.3800132844508863
0.43408017301653357
0.21895452333837007
0.392546725957834
0.356429120433848
0.39134265111754335
0.37951662732480185
0.4617362908160685
0.4446569135634575
0.4768143078139373
0.4459881276080217
0.42205001335256165
0.28257516707160757
0.4547090894773143
0.380262991290685
0.4187817223988102
0.4207866620273779
0.44992269855549283
0.44329245423907165
0.40658778372861026
0.4535697456170124
0.5010731413604101
0.3994971246353924
0.47773156773742226
0.5186110282752061
0.40248068987889263
0.3352324363331151
0.42961450416327285
0.4460704065696635
0.4656536603529943
0.38971861984448924
0.3322745726380978
0.2981628491931607
0.5083657218417891
0.44523303142776965
0.474745502929958
0.4825221798357038
0.31520352676324614
0.47683845723496976
0.4133027459629268
0.4585717032953016
0.35037639846836616
0.4747865679336687
0.4083496202266097
0.481467549279226
0.48735006755865473
0.4685045536749941
0.5139366940524276
0.46642219982618893
0.40896935755262126
0.5023936633918662
0.32139399691513304
0.4778067856542398
0.5096209041904276
-0.03420934042429702
-0.19749845173600056
0.3106372642545232
0.5111384168156339
0.5177318091766503
0.5741021663401993
0.3031264223302843
0.4832625226493386
0.45154854522134663
0.40030026003299024
0.42166212223386895
0.429225974326266
0.4511219144063676
0.5231077148670299
0.4682973881793836
0.19420478686067444
0.37537094072113253
0.4342049449441095
0.37981645156187926
0.4226616770247653
0.266519336554648
0.3505445248592527
0.22885278081917515
0.46170367031846715
0.38437253689785894
0.40963554410982306
0.35765099117333954
0.35938286685909615
0.41190056372623807
0.3646565929825578
0.2135938524197727
0.32360813658875975
0.4869176171457117
0.43223606666640774
0.43270899460282014
0.4264357142520244
0.46186576486283565
0.29905032060564884
0.4224156083908881
0.12048741482117487
0.39723555762725926
0.3963112180273857
0.38642479329760726
0.2681950699942136
0.22948240818035193
0.38981582479873517
0.514560001091593
0.34594990007929816
0.35407431162349723
0.4320118254534732
0.3530788307396781
0.2019015516938868
0.44417508505698966
0.38903911856809026
0.49376668064739365
0.4173857937848765
0.44023165788226504
0.44650698078689405
0.5949725182748915
0.37339074662285787
0.4742161150645593
0.42448233055453555
0.36870002635367044
0.3262518965782937
0.43741953721059795
0.477258567208058
0.45964151879741477
0.4194402144922076
0.2614716770207627
0.410511706361714
0.41659770805969243
0.462174720997791
0.33985928840575996
0.3958152580901865
0.4825768249663911
0.39216808395191216
0.4539933442763273
0.27981238121372853
0.38475086948157466
0.4334692471222566
0.28467961413381426
0.41939037616472397
0.34547473973020193
0.5094645284649458
0.5074386565670663
0.3160698849392811
0.5247502721715414
0.45465305506202197
0.4349261013195448
0.32786817366010435
0.4393344363556196
0.32569717369519713
0.4466897254866468
0.4171132994823612
0.4632682135197751
0.4367580530088172
0.45715733605266023
0.3995928117062109
0.3707111125648534
0.43726858149787595
0.49096333526334796
0.36757067052287185
0.5028374603763943
0.42786167995966756
0.507539271782055
-0.09991836311535895
0.570412556793312
0.47828900776594496
0.5122557184362999
0.3181056378505738
0.5193655584495649
0.5179885122189689
0.379711183763518
0.5561666528979223
0.4495304086125111
0.5366506550479264
0.5130265650562542
0.48827066539552894
0.26019941995062235
0.4907220448425092
0.3879929994728077
0.04045303442710246
0.2929532484724299
0.45824369815627464
0.2513115180272497
0.337833012011304
0.41258399534892803
0.4097346493773024
0.3607150916198284
0.30408101417168465
0.38980516306640567
0.4151068206249696
0.4073442931120448
0.4450564890532004
0.32836989654792903
0.35546320167405965
0.3511572486758955
0.3369234109720964
0.355567977434792
0.42044300384510774
0.22503840586859492
0.4645242548245382
0.4046668018318602
0.2529250647314406
0.3214862397164302
0.30335263410391866
0.5496526563366575
0.44797687454015034
0.41763532994038266
0.43787209132141447
0.399865645575034
0.45354829660675045
0.2855918031217496
0.4317790691534063
0.4119830437609061
0.3203318759287397
0.3631896734850545
0.3928804714755453
0.29866119488721643
0.15507497617462118
0.1482113724663915
0.27430730051402996
0.3090259714713739
0.326937534623695
0.388044947147598
0.33114019597878275
0.43187333123513694
0.32305438335078807
0.31953491734879624
0.44198620321340576
0.32284487079366275
0.3006726072576932
0.36856097317995484
0.28802740471960653
0.2102721943715582
0.18765331482860603
0.10385703325145901
0.3719903386912378
0.3526259390594866
0.5061276600226383
0.4492766383382932
0.39009998391320644
0.3460452243207732
0.3935506816488603
0.43752572761009967
0.3406092797953536
0.2995326320707562
0.4833195164159135
0.2756838180660698
0.44664579913376523
0.39929250864928356
0.46189438702080227
0.30573418991054424
0.36666477155509564
0.4128067557775452
0.4027696619775086
0.4120840481134708
0.36564866412503166
0.42545726085640145
0.4600441905858046
0.4241244803491565
0.46923843207575255
0.3100332452903112
0.5208880128562609
0.43009846117284495
0.35524810977989363
0.4002753987967144
0.34818630412968105
0.5601729115553638
0.40628840180435394
0.5771371022950214
0.45746678475299124
0.33088320700280305
0.40146559649998775
0.2836353193079303
0.1761858761378413
0.30026382079513014
0.3886329938431477
0.2968897070443498
0.3968804464895826
0.42860955231990433
0.5456212427376103
0.17884902532514924
0.35288694242257523
0.4279464146406018
0.4288187291472946
0.2997353295123002
0.4117032754716393
0.45170116559239426
0.42096610853894045
0.27689957811130406
0.2473501831367898
0.32511123638185846
0.36446923786254914
0.3944525662433171
0.3202663000431706
0.4127090355595885
0.38623344516925756
0.431738350716164
0.4059679995744404
0.33386564815105635
0.2949168997365452
0.2837945879281454
0.4824375451697475
0.274264325567084
0.27669039103823867
0.5065549561269581
0.42752894672697145
0.504146465531569
0.4199847302141695
0.40535210576195413
0.44088086859593834
0.47703377879333425
0.40964554796537367
0.48599990769083207
0.42262405180117146
0.4736352185208617
0.472470561241906
0.5468187462598708
0.555013365935292
0.47170511709420504
0.35953186900497724
0.42532707493458083
0.4899219721024628
0.5137672286947692
0.2670123678850782
0.5192146774617185
0.4739337600100484
0.5073380411874449
0.5180891995497653
0.3717577229309702
0.5218167958609867
0.3879409175156608
0.4974327215900609
0.4792627898874758
0.5333881875093893
0.4036473639767413
0.4447033315345855
0.5572282191000149
0.5585773635298501
0.49291030780967887
0.44961449354133853
0.4633030752788569
0.31153806469375883
0.40926678469095756
0.40578702995812854
0.504587542057272
0.4069818019996343
0.47513318490440465
0.5178185707159131
0.4289895361921075
0.2988871030798853
0.26193941178298674
0.4978840787069297
0.4799190304990717
0.559157588197635
0.42981387969106655
0.4426011350464981
0.4267926037925035
0.4167973685037094
0.4371162183600079
0.43465956751030094
0.4746036060630226
0.452972937996054
0.5019555327726689
0.4798417906355809
0.4717226090185887
0.4623463158855418
0.5096219549886674
0.46240535315132586
0.4661171291793044
0.4974400796491676
0.5229152619752186
0.31980595221152097
0.3844490919812853
0.55016311516146
0.43512634971682235
0.4897927210497371
0.5012253008745425
0.3909002667112419
0.5123941067718238
0.4843786493588902
0.2419252227896913
0.390593036762517
0.4149470648724264
0.45747318767443135
0.5336405683661496
0.5159939955401351
0.4361087557286484
0.41348514068608316
0.5505812574771116
0.37647652309850943
0.4668502980116477
0.3396353649784769
0.49272123798024814
0.37263044198924244
0.3220240592240636
0.3731431396859166
0.4016201103479531
0.3315485095596675
0.43932394941549574
0.28111745836121704
0.3115125296836406
0.47822677634255367
0.4665152527252251
0.44882093645634114
0.4445496398108322
0.4563564432181584
0.5098077753213872
0.441526320657103
0.5462908985020789
0.4666448234454319
0.4728542364716861
0.4458816032743502
0.45700154247410113
0.4235249511225231
0.3977958103853571
0.4426473675030185
0.45299987648903417
0.4692064636808663
0.42472199699997776
0.3836083834559214
0.4867054289424385
0.5019028808417719
0.4794302740635078
0.515090160361747
0.4645230536875907
0.4543201979553133
0.5581005094931408
0.4513552853637092
0.4841273269631434
0.4446630776123792
0.45495798287989586
0.4584771362038928
0.46293399527098605
0.45384854433738003
0.467130953839681
0.4570108226901873
0.3776818009912643
0.39264194209891673
0.41287547297998556
0.464942833908897
0.4023691657888457
0.4309049426131503
0.46306932027187364
0.4605260960670798
0.44799585651848234
0.4548492955939212
0.3200845274632751
0.4247859066541403
0.3824249603745862
0.45023049420380623
0.4431889255089179
0.5216567032662414
0.48688739101382195
0.3323336974440658
0.5013442254200415
0.40519104853392085
0.4213017796900965
0.43797591386157025
0.5118591981647893
0.24433400853597753
0.41654147214802034
0.4483575400395595
0.5413618639054194
0.5357102362036359
0.4521363375420726
0.5064962587613333
0.3325110373108435
0.4374426369675606
0.4997226877844807
0.3696423856765428
0.48701609321600836
0.4022033641768285
0.5284842521398802
0.5292815661507093
0.425865918219152
0.4684397807355659
0.5863824406950813
0.48902263788526634
0.46165519786492565
0.5646643871867911
0.4592532515200537
0.5226880078433358
0.45388277459695914
0.6391897735619059
0.4434938192153721
0.41616025305197646
0.15910841117174623
0.2768779372180765
0.4587094352228672
0.4416890392890922
0.4717729840546079
0.4274487779652818
0.43397819995236697
0.4206465267428812
0.42948509585610883
0.44607568698784045
0.3488620147346129
0.5330380776010353
0.5324105742960153
0.4766433169918759
0.21201965860021432
0.2445318593621566
0.37058844586952855
0.4938217094347786
0.39229550037404787
0.4841554697653256
0.48548285870636393
0.3527157995400257
0.43313347681637393
0.34771570553394804
0.36299423667692726
0.3284415640833209
0.530379048110521
0.3385877097684322
0.35352517332411276
0.4439313246486146
0.4393863576616614
0.4755834292821792
0.477604926930534
0.4298661154923505
0.4166545595982354
0.4323975933716097
0.39660980056332634
0.4366557874733231
0.12588381687412709
0.4992951506396399
0.4065726386667576
0.4931802975622135
0.5103426641496052
0.5314810817041841
0.49551886461758915
0.4666930240929549
0.5591464858608216
0.504741104797539
0.4998864880371689
0.4583041804047224
0.42186929439208043
0.4811759081199279
0.3916701253252258
0.3442488546241346
0.36541972068187445
0.454435966626758
0.44804621728791816
0.4232009539408618
0.4229064806648601
0.4516721133800887
0.3832818153496196
0.3993634617024147
0.43819103361229994
0.4320966442194912
0.37871339436938767
0.4418383256613868
0.4653739812157812
0.5094199864120799
0.4522132896878991
0.5093223661370702
0.45639547606351255
0.4038963660664056
0.5685823202333282
0.41773485231672525
0.48947329567571374
0.5385014948414206
0.4965550133373229
0.44343553575545835
0.5116715587906957
0.4809961858422407
0.4868409948861949
0.5960489660468883
0.4882781860377048
0.544002737983069
0.48851365769057337
0.39159203181390567
0.4292612266168289
0.40478344381387954
0.4948844906137093
0.5019263967454459
0.49178502027873783
0.3443722173290106
0.4509039588074771
0.5142109985356433
0.4778467257546401
0.45105567718539663
0.5022945029699926
0.4908472366236438
0.4679111597946779
0.42752396342925963
0.27651011000629044
0.47792753203272303
0.5684750443799771
0.5421439119381528
0.4751491465681421
0.47444299517735317
0.39619177174750775
0.586483689362197
0.5139216262134898
0.5334033559339275
0.43298779364403106
0.5345616082508833
0.5153327595778123
0.4659795957677493
0.36533605040623873
0.5359209635475799
0.522730930916271
0.49107330422999096
0.5596971607549077
0.5723687195719795
0.4648812210413739
0.5202591419031435
0.48743711510568416
0.506284823303776
0.4756123357821263
0.4812699353362018
0.5509322824494838
0.4739462745129379
0.24683333385185802
0.480502363511248
0.4814869311288154
0.42425634794402783
0.40331482107754
0.41696614427823264
0.5189764604392666
0.4784796994000444
0.4691153133373416
0.46988928265678975
0.5376666370924501
0.45092621455759585
0.48163814101349217
0.421187164513609
0.44209960123569947
0.4125524867958625
0.37297490187473537
0.5446852917505778
0.45800290733579313
0.38696436045547755
0.4180367129934553
0.4525778031530533
0.3898430971675218
0.4189892295006183
0.3090521917926584
0.3748316624214304
0.40702811594837224
0.4426603085625277
0.27987753731777343
0.4947255799392491
0.5026882065589439
0.5117323037269381
0.4941506628614748
0.4638763283547995
0.5138952521987652
0.32539074796832024
0.4526201337532039
0.5116165612128949
0.4915532742786529
0.314956917537364
0.45988212736259937
0.458364762618135
0.24748660828404123
0.41229193452332996
0.356429120433848
0.41463877147343203
0.41597527231727954
0.46644683968503114
0.45337332018202864
0.5393826228652328
0.47208572911411945
0.46612894421523776
0.3031440017307172
0.5236575491075759
0.431755669329747
0.44054906429824786
0.5035562691384031
0.4448897221483503
0.42251202057131365
0.4853719526354928
0.5139546724545517
0.5279937760134066
0.4942194589754907
0.6006054544169901
0.6208175625391589
0.5740301664497709
0.4793463870087338
0.6028610327661507
0.4729363026923461
0.3397092509455642
0.5262843434319844
0.4937003708340464
0.4877134451176944
0.579188572888284
0.4929187537928429
0.5308642034241642
0.5110910254409227
0.4043450683472454
0.49471933483783465
0.5143241233320939
0.4614819015283509
0.4512123840075047
0.5782193109489566
0.45535802447879603
0.4715022200067608
0.5136454245540238
0.4306962271808099
0.5288395303142444
0.4546467021248275
0.4304990019242418
0.5112141659625934
0.43773237376730284
0.47704532143286915
0.5382735213006578
-0.07450904267449965
-0.02225338484148731
0.37220385765354647
0.5453304629086909
0.5416301398104384
0.5820776937959157
0.35107072842396064
0.4599352247051143
0.4847704696322607
0.42328379594828736
0.4123975449351718
0.5512213646884015
0.4753504101971088
0.5185105984309157
0.5151821064779105
0.33633342990894743
0.47911794340009656
0.4471580503238971
0.48905935968870096
0.4430535168645538
0.47063082812150014
0.35913223937678457
0.352072431655555
0.5099738320614461
0.37337348265151715
0.4334497443328401
0.39292366532966994
0.44327867060122905
0.470079934803485
0.38797840351496043
0.23696125347784447
0.3531310690556849
0.531535684982892
0.500892962121275
0.4393901956016061
0.4347885162958032
0.5048787793504863
0.3259818534100172
0.416417060362271
0.30896019018681675
0.4230231259224979
0.3873733544803184
0.4471218397731467
0.40472946251804565
0.3375048838705999
0.44287267997321816
0.5080186616698534
0.40305695773292716
0.485358369577651
0.441155271106115
0.4558023719130409
0.21316762327655303
0.47526927051852585
0.5424859698342153
0.47757987682142916
0.4254624480620421
0.502285992339128
0.48351085961535345
0.5755023002578501
0.3920591143131465
0.48592347694511484
0.5068264519316168
0.46331961327696375
0.4220479450940604
0.466666494548931
0.5172822384606623
0.5291417386888163
0.4473344048602697
0.37387254002385284
0.4629171207226789
0.4660724041897892
0.3687637867929224
0.39106188348838433
0.41744739598262925
0.5135399352419504
0.4013725232454612
0.4800341587386129
0.2794425864580532
0.4591925704351955
0.5137350667956141
0.4299692231045386
0.4512180649490121
0.3195679570863851
0.5730732136725221
0.48615235984642424
0.43072971368037105
0.5534885736993362
0.4798169695372887
0.5153528191468154
0.4196564873450985
0.4709917750374558
0.35518740581393204
0.522770524309744
0.5063883046435724
0.48726237400602423
0.5231506370126278
0.5188365468472669
0.5227532897660654
0.42063081665951635
0.45660838563085876
0.5355868928045153
0.4097241845594588
0.5178303319874173
0.48865484472585374
0.47282508418752495
0.23597940463971523
0.5048473548486262
0.53293700112255
0.5140222819008573
0.4523728552622318
0.5378247355091827
0.5202129793965371
0.5111885767704514
0.543622834903176
0.5048246276450645
0.5226695371791849
0.4910056050252538
0.5146795134273264
0.28841211000338296
0.4907220448425092
0.48833190540045396
0.3908566093586705
0.4355378832838741
0.5024321985100452
0.348606121326025
0.4733176167826071
0.38080071426315765
0.47006378589611164
0.3869369413684619
0.3701770376559419
0.43693851708118625
0.38562600849810935
0.4066653919746717
0.3829266002005928
0.32342171642009643
0.44142036358261566
0.17418808899675953
0.3834131061934576
0.3345981606002689
0.4081671523726823
0.5239264608994965
0.5640744909964481
0.4380434624679397
0.3465322041487387
0.4434496028524457
0.33249801481848623
0.5915307254970766
0.47043768869707836
0.4793225530053712
0.45161648374745766
0.465753509845199
0.5103656159397905
0.33234148625222837
0.47505112827611046
0.44763701660820326
0.40892222175111237
0.4004004191934083
0.42226273230318795
0.29866119488721643
0.2503602108053322
0.23263752829325268
0.30477113562087965
0.35194250085762846
0.37732640744448703
0.4135733200682101
0.38743968928053285
0.47828580604510346
0.3911436597858981
0.34991787219241816
0.42574255768612934
0.373155172411432
0.41582174931154586
0.4540956179274945
0.37835025056471183
0.35997537690028303
0.3390023635231285
0.1997876211344891
0.41204661008727506
0.4550348842725042
0.5561557687790131
0.45057963550020375
0.41259640467306924
0.35232435271583706
0.3706164725170003
0.4624747250095512
0.37508690294680186
0.3473818815780211
0.5530068675002604
0.4220853681374866
0.42435905215600694
0.4005167907442723
0.4981120638118765
0.34886497522327714
0.343989524337785
0.4448879959599812
0.3888329653579008
0.5006613296260076
0.43831524160841207
0.4385384274283548
0.48096853412686835
0.4867728783321271
0.4675565937491482
0.45116099758494177
0.5368307343846861
0.5088610719837947
0.4953433871421711
0.3578528702922621
0.47541121759026134
0.5660708364872444
0.564302962236523
0.5771371022950214
0.5287995328602562
0.4328124300376712
0.3935136542695612
0.4779871595692333
0.32539578316567863
0.32643982749169187
0.4805241648490087
0.3259316781648043
0.4284142397722935
0.4555513222509302
0.5817994249695686
0.3508278346944692
0.35214514348358866
0.4747575415086711
0.44931172059938196
0.2991817013560124
0.38229505432774025
0.5036924342630615
0.43257027002382176
0.14305783875002032
0.23863173565472606
0.3545733510650358
0.44720023976282436
0.3737377579490678
0.21461345239446417
0.42254082317820213
0.3954110282161079
0.40972262267665127
0.32822195195863046
0.38020577974242353
0.34921822760893567
0.2580687455319258
0.4465898002273183
0.261788613058494
0.2322317825175636
0.4937937075832237
0.41155933405546363
0.4780795263152736
0.44422576490904
0.42774290103302437
0.38984473859418906
0.45989177700582806
0.4082759217921905
0.4762056537717514
0.3360078160611928
0.42138317962786054
0.3569033354296835
0.557296659444596
0.5248582910478892
0.4686910386451708
0.31005743274488207
0.4966743597007133
0.47673947097634495
0.5227603593199954
0.36685228416200755
0.4892400213367003
0.47353451614836095
0.4312993852866214
0.5314458826671042
0.45505106308244175
0.5261732867683938
0.38885737045055024
0.5059427289474911
0.47908689005018756
0.40500327810456693
0.4036473639767413
0.4371999822205136
0.5357547370738498
0.4902143427615737
0.5248857757800544
0.46742235276840466
0.4315883815763296
0.32182981224757584
0.3803326382382142
0.41634784829882737
0.504587542057272
0.4069818019996343
0.47132060938485076
0.5178185707159131
0.4272661280865113
0.1712383773409002
0.13294944979664358
0.4965667315370701
0.4619811397299527
0.4914220461043821
0.43418497848594345
0.47688367321148006
0.41010070030938683
0.38876167303545095
0.4403832879419964
0.43337061926606524
0.44038979156470476
0.4358132775668168
0.48366266303627037
0.45723712782594317
0.4467729395796404
0.4634505428747907
0.45594606073422456
0.4892017689634158
0.4764580425541757
0.41515698393279177
0.47533016460063826
0.31980595221152097
0.3844490919812853
0.5233210532927558
0.43166208401742495
0.4850025313219743
0.4919660870085153
0.415478659004066
0.5123941067718238
0.4073335544008755
0.16260623956255138
0.23611425214382875
0.41406971023170247
0.3838199767247648
0.513117994988259
0.5058394447913752
0.4964697821446563
0.3463454840571013
0.5211152934961731
0.2705518790255288
0.44976654390726023
0.31439376379897643
0.43119175671833954
0.2953279653748301
0.3220240592240636
0.344404953082299
0.39656898961664105
0.3500813634602255
0.3676168832134511
0.28323794579203765
0.30113899198586136
0.35642388541223013
0.4457925090983699
0.4132461623219069
0.29442826432794444
0.42749689520307393
0.43356967621471265
0.4809936860282607
0.5410828143133792
0.5101885129236471
0.4722630466034358
0.43828752380426267
0.4425257884007163
0.429093461769618
0.4326243262684868
0.40233497472424984
0.43395745448307776
0.48284968400796857
0.4498226620788321
0.3577520811548254
0.4419738038552583
0.47489809445633746
0.49133933177190414
0.5091794063590215
0.4402036747207375
0.4543201979553133
0.5596491775171697
0.46552798368554527
0.48508225609085126
0.47306170970555395
0.4343251616603608
0.4340941098008335
0.47964337039046456
0.44500790557560393
0.3884729738452701
0.45495349406623764
0.3440312930037344
0.340895270495565
0.39586754384262113
0.46957357014474477
0.38749445139126926
0.3538428184415554
0.4023404321281943
0.47302272663432293
0.4430811469633341
0.4453214938016274
0.27329212846506734
0.4277395921400801
0.3953828084046981
0.41381860645806784
0.422397706361379
0.5031513404278416
0.46461785585732507
0.32980665467498205
0.4265559678090154
0.3929594225716174
0.43284883992847367
0.42740844921767057
0.47833482654604437
0.017754679949838703
0.38850682769139827
0.3870547036017466
0.5043168742461525
0.5067826859844207
0.4441496893808269
0.5416803714485527
0.40921750584630334
0.431689303872583
0.49257042780393445
0.38162776164713635
0.45242104871895633
0.3608177656589911
0.5056995167570204
0.5180366759597372
0.4660994865987673
0.4790067265692807
0.6154743492471327
0.4444335644191609
0.46291064687174227
0.5411947833537416
0.35267194922712447
0.5387711937304258
0.4526551566285463
0.6180504664933998
0.39768668935917617
0.4112074936240902
0.08684973960078424
0.3065240869374455
0.48342624434445924
0.42067034021761557
0.35051055804755454
0.4137414642122824
0.38790749010559944
0.38656932970747104
0.4179448875022834
0.44013470946158495
0.3532106601900482
0.4940852122504717
0.507685051064778
0.4254645357717933
0.2519519490908998
0.2649864856599148
0.3479244654224417
0.4590849593371414
0.4030770495499039
0.4591678329709792
0.48838083727208914
0.221650497189665
0.35643612195931257
0.3442861098568487
0.41447371606521477
0.30242350343477065
0.530379048110521
0.2733059375766127
0.361922106841826
0.4092630201586207
0.41232374935551847
0.42466305949368977
0.4537797378449524
0.42547424740250045
0.37955454848355197
0.4083233629720908
0.354002778459017
0.4562779050568868
-0.06356672070768066
0.501406572035373
0.3727511681113061
0.48314928472849383
0.4973239745462358
0.5055517629677994
0.49774698588457433
0.4651583246642409
0.5241304671676272
0.4908164117494059
0.5121977764017946
0.46089531484577456
0.39250504872605174
0.47442173404747495
0.3588638003634703
0.3546755343656745
0.3680525505104046
0.40709028615570264
0.37968423589387473
0.3859727107580625
0.4161064332324768
0.38445467916974746
0.36365661737314814
0.3390067337810354
0.4302742457551611
0.39291939725766356
0.2990436137697843
0.44386432323192865
0.41448574619795137
0.5293014724681181
0.43078486988417714
0.5079454999365759
0.4233038756190818
0.42535269053141783
0.5648572330054562
0.4343943062630306
0.350617672961967
0.5327470434975187
0.5185437061707359
0.4211966160885875
0.5266988430565719
0.41140888446285256
0.4946151664757703
0.5610001228436982
0.48299042465114095
0.5550181619285333
0.4452467118607359
0.25326044829487293
0.4342115019101482
0.43359466557374443
0.47418410631940994
0.4506045542541124
0.4504616104900896
0.36953714079696837
0.4041480764916554
0.4936416762001296
0.4062546209673879
0.4468188518076061
0.4378897153823059
0.4680749601182638
0.43202094985602907
0.39484047342291506
0.27651011000629044
0.44399568512879267
0.5083872336118009
0.5178782669777263
0.48515513513308633
0.506155324957634
0.41917086235898876
0.5861398227768273
0.45143639712102523
0.5479484326095402
0.36291632884810937
0.5514445310017454
0.3779953410955329
0.45869328922851554
0.34931618909280965
0.5002785280101902
0.5063776124865607
0.49997134687482625
0.5395405957505057
0.5364475368545201
0.4713351614746844
0.48824724607797454
0.48743711510568416
0.5054397850230299
0.49454499599275004
0.4760434527550109
0.5471886500683263
0.4932866304202588
0.364959438561035
0.47708449061612623
0.47083435311496885
0.4266578830357387
0.36337140477636454
0.3405562633794914
0.49906910177323616
0.4894417727585869
0.4761449681120016
0.4437040885532542
0.5369575969239191
0.4493422039722309
0.45884562185663436
0.421187164513609
0.437467224008434
0.4172715814216819
0.3354645717525484
0.5335940767568328
0.43872543463970726
0.3649549369354956
0.3940727811448561
0.4265367156166726
0.3617348438032558
0.34680701120084945
0.32968129268396007
0.43267235832794676
0.4009206863778332
0.4112379616935606
0.15754612182481997
0.4104563955400913
0.4367000096827198
0.512939377816708
0.4998079276971741
0.45240526839174305
0.49686160136063634
0.32539074796832024
0.38291032366842126
0.507751423927733
0.47994651929051757
0.2527415198561762
0.39338732972022183
0.42474525506132527
0.15024244563576783
0.39350296020905184
0.356429120433848
0.37551559756437486
0.3787715768263788
0.4632166820965235
0.43910386124539585
0.5191025869056782
0.41489987055174116
0.40403933912885603
0.3006223405349432
0.5285744179828962
0.3714390617788268
0.44054906429824786
0.359139729341447
0.38420216395109663
0.4306140531920084
0.45622929472044516
0.4772790552005253
0.48810778920719083
0.5038591089117772
0.49790922408173255
0.5762501031013231
0.5415162201098707
0.4821850984288925
0.509316195411252
0.4460704065696635
0.41324482952884267
0.5059458213478725
0.4937003708340464
0.4877134451176944
0.541292768012646
0.5281005271727532
0.5059265343151343
0.47573800692714524
0.42092481030329615
0.4625633872060252
0.5151499549580686
0.43578512541831993
0.4098397028952221
0.5284922337485537
0.4539850593273901
0.46379347938909904
0.503991837715557
0.44212653241070504
0.4854501632519576
0.46817745601396366
0.4250139846234367
0.5189349511547086
0.34472396928786025
0.47343089400859384
0.47427245810684887
-0.18840159466283124
-0.0767248985428477
0.36815268200082085
0.4707116142968961
0.5416301398104384
0.5549457476646762
0.3031264223302843
0.4777248594601904
0.45154854522134663
0.3504719648608417
0.4092430504085285
0.3951386838607702
0.46218512831731196
0.4878400855979043
0.5208217188989626
0.18417934449550732
0.4424788143133809
0.42437877374943705
0.4366057644379854
0.4848174294202486
0.5045510410511107
0.39770323296859855
0.2814941556803753
0.4708998588832963
0.35150390408558907
0.3995426088197244
0.349418611034102
0.39415775727690927
0.4621412580016574
0.34644234180801914
0.21374315472149863
0.37635850652885106
0.5297107804248531
0.45825748598167837
0.43464809659114334
0.40199778928730784
0.45645395653552623
0.3128249990726377
0.41201554347642366
0.2576579683303586
0.43357349646976107
0.39260127061145184
0.4096877819407854
0.34959191390879024
0.27356222016293463
0.4388189287098964
0.514560001091593
0.35843849197545896
0.46507064866655307
0.4300940788796417
0.3796369761068732
0.2019015516938868
0.44047685599044917
0.47912794063187353
0.4989729078541265
0.4372782464983774
0.46988650483871885
0.4818034235435757
0.558363436941478
0.35172856515402184
0.48589502196084167
0.43734344925410085
0.4126966075005082
0.3626155869936252
0.4659152059226434
0.49094699400468333
0.4651495160856117
0.44701414131684164
0.2946051659662474
0.42831909496140247
0.3908217918052712
0.4110211810937818
0.37483282940534474
0.4209960279167688
0.46798499948913996
0.4083364688497636
0.47051816113079864
0.3819580809936892
0.44493072527221333
0.4683168123211786
0.4299692231045386
0.4383229827422403
0.37122744444640304
0.5461942534495388
0.49723030864741297
0.36685377629568194
0.528574636567278
0.4675491031733847
0.4869196154026144
0.4196564873450985
0.4561385949208143
0.3446556527353438
0.4759630775668766
0.46464021789840226
0.4403770097841261
0.47737964833324625
0.4795396818594202
0.46975035610606913
0.42460425242256217
0.43726858149787595
0.5328907666365692
0.4043242664542835
0.48518238737984054
0.47577484059670605
0.468340846974183
-0.06096581965828807
0.5560953244057956
0.4923511187372189
0.4996954960705882
0.3535412825059324
0.5192124807803795
0.5193340098034955
0.4693545510472383
0.543622834903176
0.4700294409268001
0.5396083307024111
0.5140572832281586
0.48917288636909423
0.3061668763572645
0.4907220448425092
0.36488586607792317
-0.06719012903534183
0.3691648434308812
0.51467452073982
0.2359017973042512
0.4362028107182755
0.41125738726768546
0.4711421458620443
0.3842293953353914
0.37944958770856674
0.4359957397953843
0.3946595725269374
0.39034915703938244
0.430887994441862
0.3711017169493101
0.3905415781960039
0.2191019316718864
0.33465865731015276
0.39215002655853215
0.44216613162123897
0.5167234936446483
0.5309606920188608
0.4228231842426919
0.2799165456827746
0.4407723444871787
0.28644704281572253
0.5516937507113859
0.47083068508567266
0.43155623757420647
0.4347233299463264
0.43786737766854467
0.4902146846513886
0.33234148625222837
0.4894682240092576
0.4055566534127801
0.40892222175111237
0.39935542016378095
0.45052158133395515
0.29866119488721643
0.21177703783860513
0.18915888798227865
0.3015434929298726
0.3344438499639773
0.37902045790450706
0.4013815039706169
0.4177410862299703
0.45397092571563374
0.34203584522564906
0.29761143787372046
0.42807875918151095
0.3110096972593218
0.33157414016827813
0.40975856383161446
0.36686716584215023
0.3060115448294164
0.3390023635231285
0.10527534650500547
0.3961421449933982
0.4024008465800173
0.43872042250465815
0.45385731633327053
0.4228485905106261
0.4117144449453297
0.3699173978667157
0.4788320218073785
0.3780868110897089
0.33219338719019675
0.5010472808059562
0.31773319932226707
0.3950140800056381
0.4322819980901061
0.4734458105012428
0.30578058058000945
0.36014738868549756
0.4581925163099608
0.38049497298841545
0.4432385792158089
0.3771789370995767
0.39472362710814896
0.49839786177309003
0.48171330998964734
0.43773035590852916
0.30809952757022563
0.5016321996559752
0.4347422439863975
0.37531480366191294
0.3429292690427054
0.4086061430949932
0.5729202268647245
0.5342420420800624
0.5771371022950214
0.49610138260495995
0.443480082294239
0.3880046964192057
0.3935859864363255
0.21620334421036147
0.3479758318744909
0.48864340166969056
0.30780396904866947
0.3822590252569955
0.4555513222509302
0.5620893274605854
0.2786853324125823
0.32848228916441935
0.46156902011248613
0.4268919409910902
0.3285176290151701
0.37715962284307114
0.45244601818025965
0.4006286281701188
0.12132032048091368
0.19841850198535216
0.3180713541019866
0.4106565312578078
0.36385304475151276
0.3419611472414781
0.4478816394645154
0.30253227517355286
0.3906026155024529
0.403577307323571
0.38612809673804316
0.3559439438875094
0.3527852939956456
0.4882430253696807
0.2845280197623089
0.22869238410151238
0.5105412998914656
0.41044317012085246
0.4780795263152736
0.39592116143084244
0.3769078124807706
0.42940036648472935
0.4960498494115663
0.46329924516380316
0.48469753521028935
0.4952965850691961
0.4216559283530037
0.45252053191182734
0.56592982078257
0.5495790780075771
0.4844952686933624
0.35650959271623606
0.48882533664289834
0.42084612348031597
0.5296982042884497
0.37250922318058766
0.4828159046534906
0.48991199568566907
0.46802996829776805
0.5334537303491993
0.35087208552972593
0.45168292689607414
0.38885737045055024
0.5234481193419034
0.40352173563608873
0.42748758137283854
0.4036473639767413
0.3759446310789913
0.5473865826403088
0.4917341969450729
0.529680574504387
0.48513989762336873
0.46528143683788176
0.26465742858704844
0.3803326382382142
0.38574473472909565
0.5024205134779736
0.4069818019996343
0.4552622319536805
0.5178185707159131
0.37090819102693773
0.2934564518067443
0.1549741272498546
0.46724201839183166
0.4486835704898842
0.4740361192500508
0.44373411663526174
0.470523224033963
0.4563706390304347
0.3981805567854427
0.4416728779513439
0.4384859903743239
0.4660752949690377
0.3619984683383153
0.41285461441835847
0.46912637186522316
0.5143183702757266
0.42528723263892293
0.4981701733252678
0.4651860254717664
0.4908441347423779
0.44283373622297745
0.5150338867932847
0.31980595221152097
0.26514577132660466
0.5389168220687771
0.42858731887617085
0.4652345338873469
0.49753396773270864
0.4318248164406686
0.5123941067718238
0.44981395780047945
0.13106567141134462
0.36418682858713486
0.41406971023170247
0.4501138323994046
0.5079671389693088
0.49545833334627215
0.4597624412658836
0.3375260182099746
0.5371557880133625
0.34799138118279516
0.45650278649006387
0.3057061775600717
0.48109192112411403
0.26305641456781226
0.36513585022586414
0.3554431886570724
0.3627151816359511
0.35158920817027706
0.3508027549084377
0.2624116924884835
0.33000938836536053
0.3612970802041071
0.4609573396425056
0.41401070043157573
0.37455107615385075
0.5000940208488963
0.41411619573968
0.434413933115893
0.5802357463633503
0.37171655620689475
0.4878767500755896
0.4042008600213898
0.3762057442041438
0.42031051700905403
0.4565567263053711
0.42258169149606584
0.4880768581323245
0.4634800374589333
0.47684902712201116
0.39632784709355257
0.48538296463630404
0.49690567421168985
0.4760954480760757
0.5028990189862999
0.43646137318982525
0.4543201979553133
0.5621717828697921
0.46521303493020516
0.49718901686297
0.4932013163225802
0.3904967548179307
0.4583851828808962
0.5102670547594463
0.45042698743832915
0.4222281951620102
0.48957615787725667
0.40502020389667726
0.42787818960051943
0.41905211974739104
0.4779453956331484
0.38933783456501947
0.4333735502427032
0.44565319824290756
0.49105458460637275
0.4672168545983615
0.4469024399343354
0.2885756793040891
0.3679517936072822
0.3431538033719423
0.32616122092579636
0.42602969983247696
0.4044902490979308
0.5324188517188299
0.33429699242051236
0.4899566649038265
0.4066086769434552
0.45020797682081776
0.45758118306669066
0.511697791301624
0.06996325376431023
0.38961574662547155
0.4122320822744929
0.44312126228777204
0.5352376862684153
0.4522555586172417
0.541780168249232
0.2624960623105135
0.4341492004798594
0.5164091699399116
0.36448259604042177
0.4549176757224389
0.44199441570252185
0.5056239621454213
0.5322397658697102
0.42310274924666824
0.49771657897809396
0.5875463784801686
0.4426350806796833
0.408901583288802
0.5946200091982623
0.3631419615707695
0.5308223463178159
0.45796639078917845
0.5986403813732091
0.44245373009446304
0.40562815780729333
0.13435388830465744
0.2931097494783004
0.49186688492914543
0.4545108699732815
0.46465833809125573
0.4048133024494318
0.45383627128184534
0.3826334474217299
0.42948509585610883
0.44909044545237453
0.3544912609356946
0.511479186718742
0.5375010984186328
0.49864721361818165
0.2519519490908998
0.17980185702577312
0.3836558605733642
0.4820621711041875
0.3740779236037394
0.4709164289306966
0.5010367573671681
0.30271730373563466
0.37201314997287804
0.34771570553394804
0.41447371606521477
0.3327678857620542
0.5408383801307368
0.30149514739927896
0.31863210448091805
0.44641452253216113
0.429768023839772
0.48231369279984077
0.44532935842455396
0.4545806527035704
0.4238262967734913
0.4098502860965901
0.4150965953823428
0.4961754722260517
0.18047436781592208
0.49978352400075166
0.3727511681113061
0.49275501073680616
0.5158764472615704
0.4260330116637521
0.51244470932445
0.43658622179736584
0.5591464858608216
0.5073539656508625
0.5116567433450343
0.44984057499474395
0.4829485973712735
0.4846565463931871
0.4053835385653859
0.35710198499352347
0.32137607524591527
0.4369626461974363
0.44296136669115294
0.32955976753465643
0.4292019142331731
0.372255386807104
0.357619802574238
0.37941494680134447
0.3829966794960209
0.41904542879733675
0.20298191393473053
0.40986745401720054
0.3984549017756133
0.48202163010552546
0.4134617764488897
0.4751437361099374
0.3998934262301076
0.3212339299721102
0.5075307015559292
0.38863719013025716
0.3756670549851852
0.4869470054072385
0.5185437061707359
0.41084480580826144
0.5266988430565719
0.42520589961918454
0.49852462626653216
0.5265479997941013
0.43272916509837894
0.5576984747900687
0.4656980260206341
0.18650965640201855
0.4179843620155981
0.4436716094578784
0.5000105938103137
0.5198688987914137
0.48333424500086236
0.36295942950985594
0.43284302742272085
0.5129604764708183
0.47415046006964545
0.4073865237731307
0.43944828727704754
0.4597177838949305
0.447263989378075
0.3534823289780804
0.2826587399775803
0.47792753203272303
0.5445525306205046
0.532285057328681
0.48381543016720685
0.44162729947544377
0.388496096695457
0.5959608134894612
0.4939123371770706
0.5479484326095402
0.4900350098055142
0.48621050865665955
0.4909964775442843
0.44696716001190356
0.28275562180576097
0.4903875207075571
0.5469621830557068
0.512911793409843
0.5065083142354385
0.4852160290486541
0.424407066755785
0.4783879173961904
0.5276623722043028
0.5296675548883469
0.47257370797623666
0.47038813765726745
0.5443672148256722
0.4819140896528178
0.27615247474195337
0.3791304715097809
0.48024835526350773
0.4218456141263007
0.3112897668854434
0.3829667748361869
0.48794873029548963
0.4403952233718359
0.4542054895904414
0.44582345378771515
0.4943922932955398
0.4644339938404736
0.47849665250778584
0.42316266889863086
0.43142994888627345
0.43125804205858453
0.2223420278181607
0.5300207204476345
0.45706727628218513
0.30160277933267077
0.38675213627617394
0.45712505012238663
0.3231526179130906
0.39349946406706393
0.19486185533469325
0.4634282973440633
0.39726349661719723
0.4109129221131819
0.21613800486405932
0.48547895894175197
0.5026882065589439
0.4637986726689682
0.5249586946780409
0.4882967699538456
0.4519451290754787
0.32539074796832024
0.416943713073783
0.5194582977273128
0.48370241063376723
0.296538829327622
0.4687526658279373
0.4723777473300626
0.24748660828404123
0.4326621182044054
0.356429120433848
0.398859900720897
0.40579748167178237
0.45317366248997787
0.4713194129614582
0.5300775032899657
0.46519675706726293
0.3477972445351731
0.3031440017307172
0.5059973657402745
0.437724259143494
0.40876376997480995
0.5018284457072058
0.377143420546759
0.44329245423907165
0.4726773248436198
0.5422999494735998
0.5058915058743032
0.48095499507699846
0.6059582288333849
0.5373629987977293
0.5442189597449985
0.47738845805651153
0.5802555638471683
0.4460704065696635
0.42457078470731346
0.5180016456837361
0.4937003708340464
0.5263427308479587
0.5782781375182946
0.5319135529645931
0.5036523559823988
0.47573800692714524
0.39658249591014827
0.49653961473363517
0.5053800976081141
0.4323140805291764
0.46641616227886873
0.5367223032996271
0.4469957878240014
0.4827593668414659
0.4532426845701425
0.4306962271808099
0.4674725192606147
0.4690089607989844
0.48350781680297295
0.5131236313654606
0.3678745579450635
0.5109520168520829
0.4652861744840853
-0.013650727336559698
-0.045018552074215235
0.367425502495719
0.47509961473233503
0.5266151072881506
0.5233445745822829
0.3709144243852633
0.49630614380125027
0.4617910543260614
0.42244872915786164
0.4284316686175618
0.4503087718916288
0.4733845844794526
0.4981244430335957
0.5151821064779105
0.18921763616707887
0.4555528750307406
0.4379227902517357
0.42055058472662354
0.45178618845479157
0.4593612583046897
0.34129770378413815
0.2793660449921129
0.4905871459601441
0.38790576831474716
0.41077028422382617
0.3862527759040969
0.41873197797102735
0.4887889238414206
0.40975116772519377
0.1995825280537089
0.339078323762626
0.503764944976762
0.4973790705189015
0.4226860592678257
0.45977124113998785
0.4623379944252643
0.3196403607613313
0.41672968034912056
0.27017736426457595
0.4441475726126488
0.4267287175051852
0.45082667975615626
0.42656473596337147
0.3578294585237129
0.4441971468493163
0.5165181513736175
0.36772736208638246
0.4602533322901279
0.4263720748222934
0.41066827690366625
0.2019015516938868
0.4762935312060261
0.44292865600755793
0.5238622493442144
0.440189599787161
0.5167417258203428
0.44362410498477356
0.5821677671758831
0.37186350890605885
0.459601616683592
0.5086755411664015
0.43710636080552223
0.4759377556072828
0.4517231345743644
0.5046286079270276
0.5227351765310457
0.4483401216114487
0.3457701178617968
0.42499653988740416
0.43583388356885505
0.4676745371191501
0.4092688479723914
0.40777518133154733
0.4830812170745747
0.39844615907144176
0.45728213944588336
0.31528007656682455
0.4454964114041894
0.4878556975029784
0.4299692231045386
0.4362578863706728
0.34547473973020193
0.5482453514069245
0.4533743027622914
0.43668493453771373
0.4962607861873925
0.4156382620003605
0.49702668870803346
0.4196564873450985
0.45994466395750727
0.28459388928403384
0.4829639334741451
0.5450395454955317
0.3774666878757837
0.5169124913125884
0.5176836981416635
0.5111028577005245
0.4338442132363532
0.4296216962871277
0.47175692835796185
0.42884085379862064
0.510215142231504
0.4888791603915943
0.4680875573500303
0.12068337998443279
0.46419751884690974
0.47151872410965584
0.4754701837425744
0.3921516107930335
0.4217481768599147
0.5376118040322363
0.5760905297050253
0.5469375395264449
0.5137047333970393
0.5417205203200366
0.5144969774457591
0.4572045089876853
0.2732167970143139
0.4907220448425092
0.4226840873565679
0.366958568474017
0.3105621150961869
0.4941339321381035
0.40991446585226965
0.46113537084456274
0.383431194432925
0.4419468342570456
0.35515455042242866
0.3611679844856402
0.4105373828603227
0.35203891109953334
0.38467577223037064
0.3280666656782527
0.3230434698276763
0.4197466676900247
0.14260925566955773
0.32850504980173756
0.37361828090235155
0.4512461285021251
0.5048383732468056
0.5755052674889025
0.43111280919689376
0.26409382885419674
0.4078322557801931
0.35528259634416126
0.5516937507113859
0.4948651262212746
0.4962273201071426
0.4185366054618344
0.4628444833127423
0.5077706243157812
0.4161858094657592
0.4900434704877977
0.4280592996358841
0.41861502329469225
0.4003433381678315
0.4572650849370249
0.29866119488721643
0.31445256012349065
0.14406077132570927
0.35463672816964287
0.3602850924983957
0.4300032036741588
0.4089304621238179
0.4248620520813874
0.47875239173807904
0.369278116431087
0.34991787219241816
0.448508242434127
0.3825085617792251
0.3533827630530327
0.44883041744693974
0.37236919513019173
0.3751993866447322
0.4344103335879111
0.18046838303900747
0.41137295746666935
0.4757463567282762
0.5520901300372749
0.47276370161136566
0.4379656916016683
0.40770474198400675
0.38657493252253244
0.4453275296637633
0.3779877667360676
0.3750921147972758
0.4909467603484904
0.3746350296634283
0.41788931849813027
0.42354419920829073
0.5078871701966668
0.3348920580501067
0.38921614857387715
0.4128067557775452
0.46149914515807033
0.5059442359760083
0.43690989053362145
0.37372883325514394
0.436708642407783
0.46620366650495315
0.44180526634293066
0.3044239146357527
0.5438478396134807
0.4385073881409802
0.44648618001918255
0.3547553050576006
0.4717006820689369
0.6114845067834216
0.5531161214158467
0.5771371022950214
0.5709343748653828
0.41876819445235003
0.4069463005388396
0.2820143704802719
0.23474310594201975
0.34910043482001174
0.4682374468100975
0.2857751678085527
0.33809450288374826
0.4555513222509302
0.5778030805390638
0.23787595577382536
0.4059546682635903
0.4540117446276113
0.4415810147204694
0.2970530845975251
0.39351434071076574
0.48787617957671736
0.43875214981445043
0.15902408726965678
0.2135533559023547
0.26904159729585375
0.4129394301905887
0.35747433656945743
0.2874735077327927
0.34049997358045314
0.38792558923780085
0.41236287055783516
0.3269073566471421
0.37416114729473
0.303259119242697
0.2580687455319258
0.4137115680309864
0.31118372350897283
0.24414157211274545
0.5296348153335247
0.41956858018691356
0.504146465531569
0.44422576490904
0.41396294517529914
0.43780436865537986
0.4898741750216035
0.471402799472884
0.48429683891707503
0.42262405180117146
0.40782155949413
0.41262186514370475
0.5566733461014518
0.5382774042011238
0.48028433304148566
0.30437831584162545
0.453154755447793
0.4669619001058898
0.5212084271980655
0.3183967982254037
0.4758478988955341
0.47353451614836095
0.40860763615705964
0.5349966877492802
0.373106524199297
0.5044423212214738
0.44056715245847905
0.5198748352310126
0.48115911708669
0.43411784802152575
0.4036473639767413
0.2717022974967326
0.5357547370738498
0.4902143427615737
0.5288362207972107
0.43946814357080205
0.3898900593922714
0.32182981224757584
0.3803326382382142
0.42065612807575387
0.5435851310061632
0.4069818019996343
0.48274463106599264
0.5178185707159131
0.41791410279968344
0.20055518178033505
0.28530456077902655
0.49222724569354276
0.4704070967791885
0.5297497206393947
0.45668377742087246
0.4876344665214157
0.4470582106341916
0.3986873782303409
0.4403832879419964
0.4423363610829887
0.44976596931741863
0.4131550099956697
0.45102207190061766
0.4607087574210467
0.5332239582248861
0.42682894395792853
0.4580487171455466
0.48668568844779864
0.4819424613556897
0.4216876191269795
0.41674480000676195
0.31980595221152097
0.3844490919812853
0.5253351669661488
0.40744965980103215
0.4850025313219743
0.5045928990798357
0.3828658874556199
0.5007910977387924
0.4073335544008755
0.16260623956255138
0.2742003565938115
0.39764422238606767
0.443436220382845
0.5106883121893591
0.47708401505974624
0.43137437184402094
0.37571995214931
0.5721788685403935
0.26437200494929936
0.4528572000153922
0.25822090077279025
0.45293372961654776
0.25267486589088073
0.2088008296986239
0.3010284455316259
0.38149717696511126
0.3147013171924127
0.35259873259503216
0.2525130766373538
0.40199903778871277
0.327795054281243
0.4302546747499648
0.3550480732441581
0.360227779189851
0.4373408672148482
0.4208569672317129
0.4054376215750579
0.5344388919077185
0.4563399349472253
0.4722630466034358
0.44631555342339524
0.4031095638286752
0.43171967683499496
0.44630856611868114
0.39873543538626305
0.47939092984626974
0.4644012625912932
0.4008738027681648
0.3757810733277857
0.3600316745114635
0.4529995441783308
0.48416997455602045
0.4976066524562613
0.45108086681238824
0.4457348123666703
0.5621717828697921
0.49772768452958954
0.4793196772709952
0.4390185595267426
0.4210469428276187
0.4725038842001984
0.4398157763815223
0.4392329029356028
0.34204970887388597
0.45610367088471676
0.3440312930037344
0.3501023919506913
0.42098557186572105
0.4710804883126998
0.41055421110297724
0.3636311822923181
0.4255954140718361
0.478548325172481
0.41151198017522783
0.4377907068768812
0.2616793836989364
0.4101537654687673
0.3973193092293885
0.3954424772494084
0.41990099715010043
0.5096525163023793
0.48172187075529854
0.313325571672763
0.48270416328984406
0.41459362630858954
0.44847788942316125
0.44467092096457167
0.45766254608989815
0.15198177345536057
0.3921682864793865
0.4087497011533072
0.5210514157687494
0.5103963476253357
0.4728924747724076
0.528523735809167
0.3552714753418979
0.4326404076034642
0.4977855970617869
0.37454350644647627
0.45028219765639715
0.37666245573856605
0.5274862809227621
0.4825995003698522
0.3860441572805555
0.506689132077373
0.6064939212569003
0.40277161436044456
0.47912900610388576
0.5420046116526479
0.35267194922712447
0.44672044646017056
0.46060884352318177
0.5332957413184579
0.45872395549753436
0.37612402040212345
0.08178912492901336
0.2767684393008134
0.46615072804733704
0.4209900770450611
0.35051055804755454
0.36235408853625983
0.41773786968485704
0.388960213867728
0.44388498974285234
0.4194534217900874
0.26803121579800204
0.4940852122504717
0.48080259875609554
0.4356207487279212
0.2519519490908998
0.2022329833961629
0.36224535343399783
0.46664925969188104
0.42395202198929804
0.4591678329709792
0.4910324484909703
0.22417259742124562
0.35721317871850017
0.3482707266497846
0.41447371606521477
0.3284415640833209
0.513504571627877
0.28421286551409597
0.33972807946549355
0.41062732275143693
0.45198292090064335
0.4365635248586743
0.4440487647558784
0.3905641027198194
0.418915199323608
0.41926041672274594
0.40867177373459407
0.4304326950435857
0.0009934626829938287
0.501406572035373
0.3727511681113061
0.4931802975622135
0.5038182925843538
0.5424229231038997
0.4879651030850814
0.4467071041712778
0.5618961599029071
0.49111198872854145
0.5323748633124608
0.46089531484577456
0.39250504872605174
0.4855967499631032
0.34243414278693196
0.3388467255766807
0.3754756754517125
0.40617941483171843
0.40378041068014237
0.3715081000506639
0.3779431030387555
0.3626109156723276
0.3427198276085304
0.3639838622550439
0.41940573743515663
0.39291939725766356
0.35448224786637206
0.4401748132298995
0.40885912562100607
0.5266351307058865
0.4231531291601779
0.5083273154656374
0.42580580487404157
0.39084535274367643
0.5586996526344918
0.4399886467076865
0.3867820075986727
0.5119259555784136
0.5110592386395756
0.41602817634619116
0.5116715587906957
0.4281450224085799
0.48051540246759816
0.5265479997941013
0.5066974038692734
0.5550181619285333
0.4452467118607359
0.2799754874984359
0.41288414456797407
0.42707692360383165
0.5012476179933885
0.4467492856444314
0.4272495080734926
0.315313607229881
0.4262994999507671
0.48835640825422816
0.4189374029449219
0.4468188518076061
0.44555724514249984
0.46060600070112967
0.43795181205994116
0.40508964285931376
0.20839566659159925
0.43361646282087435
0.5011620936452177
0.506985114259068
0.4839316972891508
0.5020485353915249
0.41917086235898876
0.5376285307325741
0.4389717818912038
0.4999565877360659
0.37923551600191796
0.5417726122135964
0.37701402926040184
0.46053159131014365
0.37234042750839724
0.5088145443649916
0.5078340846741174
0.5014915851791621
0.5407733966096582
0.5375284750255003
0.457142438037748
0.5015705288529573
0.5093980231792608
0.4964621229215981
0.47486686457075944
0.4778870194580375
0.5159021617495511
0.4621574966577654
0.11127411120645392
0.3945555947120384
0.4527673993348874
0.45005943559267336
0.30552769306633765
0.3650568860169797
0.4759092252742761
0.5065843787102666
0.43148646137780494
0.4116717534213568
0.5054198886233885
0.4943483804551868
0.45449390461190786
0.3876168460037943
0.3970937078060708
0.3884861605409628
0.3435242808357808
0.5495292763095635
0.4299493511287295
0.3449820813813089
0.3908170026338357
0.43083421221320867
0.31615606725877243
0.39710768330764307
0.28787704747277754
0.44417800165390386
0.3576071962837142
0.4234291192467071
0.23382010124156172
0.4380307050665947
0.4976029586427366
0.512939377816708
0.4918431164325031
0.4791767698600092
0.4927522383890271
0.32539074796832024
0.42354053845848394
0.5091953184208163
0.49581289000929996
0.28071476628506664
0.43298197665008514
0.45437549962451507
0.15024244563576783
0.3965921976810569
0.356429120433848
0.3637832551687166
0.39592453176309045
0.4508408048351253
0.4384883598136886
0.5242842616587132
0.37065844884189963
0.40403933912885603
0.3273868070232244
0.5137228612976235
0.4392775084486249
0.4187817223988102
0.4506097048151144
0.4352656869637121
0.44031076410882625
0.470740441552959
0.4772790552005253
0.5048989892723814
0.4633503136186716
0.5244052459405473
0.6208175625391589
0.48193518961579007
0.4411807153783233
0.6028610327661507
0.4460704065696635
0.42457078470731346
0.48955163662306145
0.4937003708340464
0.37184228899488475
0.5405606912128871
0.5190918393320418
0.49131362843788484
0.47573800692714524
0.43753749323147606
0.4168475019354532
0.47399661574631163
0.43486669873052514
0.41221454281783504
0.5185811678654542
0.4394172587003897
0.4496593891148802
0.48968849838886513
0.4004558271762858
0.48063604279348177
0.4762062365195534
0.4141012014361591
0.5051179135433665
0.3905512731906605
0.47343089400859384
0.49206491903241456
-0.18840159466283124
0.11967677257800591
0.38344680998958114
0.5354195836849978
0.5134741401034004
0.5663291345129509
0.3303690656241184
0.4147341838460707
0.47959477575631837
0.3672421350311483
0.4558586130869686
0.3949545088103099
0.4554119581383388
0.5170296094420956
0.5151821064779105
0.22852334466149216
0.4347253875403685
0.4396113451252288
0.38118171398231576
0.4396099318021762
0.47794845929582763
0.37439318407160715
0.27250903648894853
0.4945763236677272
0.3547145277519338
0.34813553572019673
0.36608943788111364
0.3807180712101352
0.41789986522496936
0.38256734325938774
0.25865951770879625
0.3102725688271888
0.5246920961645921
0.49140626904213325
0.46389141673228684
0.41198361579556375
0.47998238156214845
0.3242109802453298
0.4152932849243194
0.11133322631392206
0.38819752719934986
0.41914680462927734
0.3804886046279892
0.3662308989212313
0.2562421901997921
0.39525332620338227
0.514560001091593
0.41635840320488415
0.47684552975068994
0.4344655743658189
0.43501747327266227
0.2019015516938868
0.4491882914755508
0.5007784608487456
0.4657681513258634
0.4420831155741624
0.46988650483871885
0.4684096695582934
0.579573325377519
0.3711958414708859
0.47434998595363587
0.4642923000659981
0.39611580775126765
0.3626155869936252
0.4434537025228662
0.5071387204166806
0.4621920719092556
0.44701414131684164
0.3457701178617968
0.42776924238607017
0.43583388356885505
0.38239176023507776
0.42662724283600123
0.4096176785983693
0.4927384232852276
0.3840696547509688
0.48176862667800385
0.3363016030844276
0.4648163375294728
0.4617176136021171
0.4299692231045386
0.42299013129334456
0.37122744444640304
0.560260078406805
0.49723030864741297
0.36077165421368723
0.5062616947119203
0.4488682081124292
0.519126897853574
0.4196564873450985
0.4594654697603627
0.4030151361667573
0.44277934587336
0.44968002342156166
0.4629435176771788
0.431088148542369
0.4433972907773201
0.4537075194080334
0.4469304090980349
0.45660838563085876
0.4641838786580754
0.39762832173846574
0.5028374603763943
0.4690056169145103
0.468340846974183
-0.06096581965828807
0.5667262818326755
0.4976567287072072
0.487414203159624
0.3352457619297343
0.5074549498701545
0.516535392641891
0.5038901179274187
0.543622834903176
0.4740195005486664
0.5240877122340852
0.49777650074588664
0.4713679407559288
0.3269900887240855
0.500913225793951
0.42330055446870757
0.034384382383018885
0.29870269724018594
0.5110589253741101
0.31680675959631577
0.43833269953014725
0.40495742810142155
0.45178138856371064
0.35737639966473533
0.347280755674496
0.4154664001205603
0.3430451415034025
0.41288757377369634
0.4450564890532004
0.38148758335248795
0.43875421578009444
0.22029255006701787
0.33900719624908804
0.3447938656444012
0.44216613162123897
0.3362320505185009
0.5595945556353947
0.4291657971785932
0.28238153755567075
0.4192473983870919
0.3244171566384454
0.5516937507113859
0.4429371685048554
0.4299416610098144
0.44374921142857
0.4314734056606834
0.46828584121201006
0.34838146710207024
0.482219037037548
0.4176398303405647
0.37136334759285905
0.3913228173137649
0.4479987361667679
0.29866119488721643
0.15820156135367736
0.10664776595442582
0.3232304836425749
0.3344438499639773
0.3978163376614645
0.4036559479932531
0.3707777531358005
0.48126998970035667
0.38996831037612034
0.29761143787372046
0.38896516218335453
0.33458318713726765
0.37863870592521903
0.3807291530625807
0.33650177865619496
0.24157313030030458
0.19702712509786158
0.10385703325145901
0.39545435655185424
0.4430836586474669
0.46888774229916075
0.45385731633327053
0.42350489690928567
0.30941914561649464
0.38227155784390154
0.4423992968491836
0.3694362776422415
0.329350857719955
0.506360271579064
0.33866910342497825
0.39917921383426996
0.41424492332394824
0.4700028947944358
0.3348920580501067
0.36442782191701245
0.42236769723454715
0.38494881348691645
0.43041779314487444
0.39104475620251333
0.3542091094492169
0.4623040686742751
0.49218890174953844
0.44982626984198465
0.3010820032975815
0.5033998976531389
0.44725799600502136
0.40111837197760186
0.3429292690427054
0.3809166294063828
0.5743550665794039
0.4263927192097422
0.5771371022950214
0.4486766199999084
0.4016506643333361
0.3880046964192057
0.3935859864363255
0.2993361670029322
0.3246719379483657
0.46682612859546657
0.3176688587876181
0.3839261809944079
0.42661707860257786
0.5792967419281074
0.27426620296899784
0.3046057585154116
0.42936750745510893
0.4073764751982265
0.3074975928373762
0.3863879448219777
0.46204269829873457
0.415347793443028