-0.30827854549837963
-0.13376452390658877
-0.31712688358369656
-0.36397331680583545
-0.4670371016416869
-0.19667386977118662
-0.25787865073592914
-0.10430525753858172
-0.19421423406808042
0.06745912196854026
-0.21734211420506505
-0.17607140045234554
-0.3579905656784358
-0.47066722073452727
-0.2885342831054753
-0.16449827799475442
-0.27871159283839597
-0.22377433443825412
-0.5774692897173382
-0.3388123097876815
-0.06343820449958498
-0.17958549189642026
-0.26222330961363893
-0.5041192322361696
-0.2912212375512864
-0.27136029273324414
-0.5952853827914415
-0.16552066523849523
-0.4583674592068463
-0.28211955886487994
-0.035773314152928504
-0.1726219020064675
-0.24329974872397508
-0.1593107109900645
-0.35248824847441285
-0.1818015861193506
-0.09048342314639679
-0.14364700756829646
-0.5320694984767016
-0.10814860661905007
-0.3344018470807197
-0.2508233459786797
-0.385419337344881
-0.29553637031182767
-0.3153943159285416
-0.4818550888546196
-0.03353866346095413
-0.43488282206349105
-0.2457546391563326
-0.25616553930066394
-0.3595967052506889
-0.18539978612100938
-0.2524303340173837
-0.3651752603268221
-0.3619466325051739
-0.2554209770366672
-0.24245178739976458
-0.5783718418851473
0.02508958308914555
0.07759694736525147
-0.3018400061187545
-0.4741490567606502
-0.0552614315587987
-0.4965458794731218
-0.16574319159258039
-0.20814893384983102
-0.34583368534206593
-0.09302846815776494
-0.3873138792436105
-0.6041181686206573
-0.43187046682930474
-0.22756572390065
-0.4003032121748915
-0.0955765135673059
-0.1711718695238134
-0.3392772200553267
-0.24611526088731012
-0.6393117181501824
-0.08954175469736331
-0.3124226088844686
-0.13329810220775057
-0.24870459596247407
-0.32164461021464363
-0.12753731162610726
-0.17231957372959128
-0.3011965882408273
-0.46423672909819996
-0.3173892567739411
-0.40154146573800964
-0.39210762186599624
-0.14652183350746267
-0.08883178363212596
-0.0727454232831854
-0.2783996716103015
-0.35435879402381915
-0.15072950744238411
-0.3838166275087411
-0.19200162119487452
-0.2814795471606911
-0.3148990643210961
-0.6361463978721387
-0.39118461793434955
-0.6167291401717554
-0.525854877171032
-0.6547954390186408
-0.2741010940443209
-0.24613830755457716
-0.738540345992686
-0.21946657347016257
0.06707371390284861
-0.27335904539466827
-0.36977821442485337
-0.2585672639482729
-0.47435051854274746
-0.09533510112819732
-0.45365525159315967
-0.47017954337229806
-0.24514611332316316
-0.3983164637210086
-0.41570765818048305
-0.3214017294470921
-0.18096827686450062
-0.006755622321752475
-0.3775252074207963
-0.23807767889960013
-0.20568598768361568
-0.09788506606309177
-0.4124546506633481
-0.25694177165089577
-0.08836998241418825
-0.4218045695272079
-0.4272465349485789
-0.20294780277183333
-0.4021178067947109
-0.3382131918868981
-0.28565963881821355
-0.40609054407777656
-0.21396406918216648
-0.1269189706267838
-0.3145069091975017
-0.49394504488843527
-0.2708217615383157
-0.10886853905197763
-0.24946010124372425
-0.3711095623362449
-0.2722277349989307
-0.120294331429606
-0.42523035853001656
-0.42867091283212955
-0.29655327160484024
-0.2023792341649332
-0.5043847607196473
-0.3951047319046298
-0.36294446063546204
-0.0880083367597998
-0.2766386749396491
-0.2730590689077329
-0.23536355555205196
-0.12761045198595022
-0.35188586947627587
-0.5291505493604121
-0.4632474731973365
-0.22234666421770805
-0.29512781692848356
-0.2652837942091268
-0.6556544110634456
-0.1824154347288699
-0.09468228267667544
-0.07048944275618357
-0.5828001085546808
-0.4226478257273978
-0.3100933203472154
-0.0898561118842578
-0.19967221481259834
-0.20287523064104168
-0.3665180964091236
-0.282892640465135
-0.4497534116840807
-0.1309381327201002
-0.31677866795625115
-0.2848758718529999
-0.4028456545999921
-0.29957655523689075
-0.03652931015520772
-0.2933275964702351
-0.269764843788298
-0.5268574564015541
-0.37372926860507005
-0.34767654781742663
-0.23861858568081762
-0.39353207402452917
-0.21485494738045768
-0.7507147312063704
-0.3380615924247795
-0.6037187238667552
-0.42700852323481997
-0.18381236470376128
-0.15787127436511517
-0.13395127459646022
-0.48949255666277613
-0.3796802368771054
-0.46694730455583433
-0.07442088614519038
-0.22380840350224523
-0.20334641119524444
-0.19051975274091787
-0.36119748431578164
-0.3613425390320567
-0.3269175485194771
-0.3535707449494823
-0.09110348096085247
-0.28199123092413814
-0.0452973477591348
-0.12522221816054468
0.01119737960945072
-0.35984088698174366
-0.4355650512643343
-0.2629043724962298
-0.2954765636015563
-0.3389245228147316
-0.4509674822734785
-0.1100638078584027
-0.22068491994298411
-0.4955696939081725
-0.4349487201564466
-0.12581174164690323
-0.3907593097072103
-0.4012947462921743
-0.20177247192500175
-0.16512350800606157
-0.5450978839631714
-0.44864227922911404
-0.3808757556798278
-0.10944145755074758
-0.42415602697222954
-0.3317757269966113
-0.21310342026329332
-0.4638222032090733
-0.3512971794684079
-0.20355935319130192
-0.1662578862969467
-0.37711175600502667
-0.1513166344802616
-0.4492885583458208
-0.3604746505414028
-0.0881401393036399
-0.30852925951722254
-0.2476155227166837
-0.3730985154151555
-0.28637130202439576
-0.4097433342899227
-0.5628039284194457
-0.04242335764072808
-0.38144283324088923
-0.20465522236928851
-0.07379023515747152
-0.2668592448681988
-0.4470057484476039
-0.2778073587712809
-0.20218518940759084
-0.25249381901022
-0.4468213404681598
-0.3001467878648789
-0.2658094628145779
-0.32095913157062417
-0.44972537506161203
-0.3651540928924848
-0.47025207433752325
-0.5170737599171289
-0.2456029576953762
-0.31642200416485855
-0.16712673779889847
-0.2484185606734614
-0.41570765818048305
-0.4345641517321419
-0.2526249103614526
-0.1569502090930039
-0.27675151745726667
-0.16676934458263193
-0.5450111546294469
-0.6158410058636957
-0.5821686708939103
-0.0948792707179823
-0.35765072317690516
-0.4010218234355235
-0.26402046419473857
-0.2837834226604775
-0.15435861120305205
-0.1994732923273992
-0.4007771261554979
-0.34531602617698776
-0.29211007898699837
-0.6159764175642344
-0.5096531940524612
-0.45562751066229845
-0.29126900005596834
-0.23777404071120928
-0.1646844448261598
-0.3748500335322663
-0.3871368160662113
-0.2722917045060904
-0.32936309465693103
-0.14871652974895888
-0.3751400630107946
0.07759694736525147
-0.2574288853171939
-0.3328353439680667
-0.2070975917019669
-0.2173352174523696
-0.08487060221776294
-0.2037329927707166
-0.37709113022064567
-0.36358311192670056
-0.31676306030557555
-0.2998338332303885
-0.14836852471022222
-0.4240709817563052
-0.267711278967109
-0.47918598671120805
-0.5171177731931734
-0.3078060658497933
-0.619330785600146
-0.27461055718171046
-0.5439983959198451
-0.08620682277598352
-0.27877751212765933
-0.296467215869302
-0.36920419813147554
-0.3961366057639695
-0.18698714882512096
-0.6451010776882051
-0.1084518215850161
-0.13136563598645312
-0.17123083612526657
-0.26975085895618534
-0.22372625107062738
-0.266841037544125
-0.36994345771418435
-0.20998257959416772
-0.3865589366608365
-1.0951524002159856
-0.2605287342746138
-0.2274451265516898
-0.32264106135229664
-0.22936459267297482
-0.5942005466240945
-0.27619773591965957
-0.6429376628286886
-0.3766454317752897
-0.5287701727053655
-0.29411006356820185
-0.12098795869865953
-0.2706574122087988
-0.31411059063888086
-0.2292472503303239
-0.19807658692931884
-0.4577425858030637
-0.23777554611978247
-0.46366093431116806
-0.21616521846572245
-0.03321426307732778
-0.507684611246964
-0.2936415340622914
-0.2508412920079228
-0.34775598953580744
-0.018711240175440125
-0.34067704047006686
-0.31275655604845026
-0.3788974879740469
-0.06086254041303224
-0.4828186018956475
-0.36436799658297264
-0.5007216329087589
-0.34493941035302444
-0.2407755742143055
-0.25224961317027417
-0.5353839313211468
-0.26127606909289836
-0.024085741353285506
-0.04259070597852588
-0.4656197133626587
-0.30051705958161556
-0.20188532140279625
-0.3531192052797345
-0.32719169235969214
-0.4818550888546196
-0.4159386377774009
-0.4808675419053483
-0.556597600478998
-0.1353286117930783
-0.22576068896732487
-0.5616412671685693
-0.3635304736316475
-0.1803432989087706
-0.6052272553911516
-0.4724038192375687
-0.2489164465611874
-0.19351442477883862
-0.18231704346368582
-0.412521693308749
-0.06816837521308922
-0.2530780822229905
-0.21748157743581653
-0.3470793228779647
-0.19308223126607943
-0.3932740529892571
-0.29504641511060303
-0.3445234746691176
-0.2501957455917915
-0.21928609691680262
-0.19910836804378257
-0.3775262338811436
-0.35137565542319094
-0.7000683245573179
-0.28573066783328505
-0.2893907160715883
-0.10728644388394215
-0.17213685833596132
-0.3187529800738005
-0.5505875564930888
-0.18442606519752192
-0.20587239880161334
-0.20579774147558771
-0.4864236297370679
-0.07314049529349181
-0.35340689525942337
-0.24015295088557959
-0.3930386864729625
-0.4638605645356385
-0.5507051117850073
-0.3398457324079315
-0.23598311890296797
-0.3412290049496042
-0.25507602765751614
-0.4188580629782488
-0.15591524978232807
-0.3772163552524276
-0.32084281123994374
-0.23332704637678098
-0.324088763615595
-0.4286803839100944
-0.45088647565680817
-0.26598633722283294
-0.401081441288589
-0.6642401461188163
-0.39751449775164815
-0.2436846392769884
-0.4237625544866007
-0.37938507966621504
-0.5762303890113627
-0.3049279755351815
-0.15524085710000385
-0.005889911282546345
-0.04992378084990862
-0.019307727480290693
-0.41967563150364384
-0.4707524455697276
-0.4085081254238212
-0.15359528761533991
-0.23840155183363798
-0.28635029234064796
-0.3591054122738232
-0.2513070976980818
-0.2225608130461193
-0.4282786929580089
-0.15706099854743838
-0.4481603692992303
0.051292763358994464
-0.05604825470964908
-0.06175510423594094
-0.22986834072773432
-0.17834027758123083
-0.6106826108179151
-0.49757579532060314
-0.38520495891090045
-0.2848240572101548
-0.41881461011068244
-0.4460774932413578
-0.2609201511442961
-0.22732426671386552
-0.06700464633785225
-0.47016718139267044
-0.31590163743416166
-0.6162698768914856
-0.35410618345257394
-0.501156657717842
-0.1973917357526636
-0.20667483259622688
-0.349576944817091
-0.30219135243655526
-0.07260752159570266
-0.3254223938838844
-0.14063903899848623
-0.06662376441775442
-0.24877247894142784
-0.35161985825915
-0.21478257964085196
-0.3713740443032337
-0.3437853357709847
-0.2748534173991074
-0.3547389510504336
-0.5523438699370908
-0.1913559170306008
-0.4400240151750393
-0.7382154927430815
-0.457046145695861
-0.7963621816421438
-0.6406245657292563
-0.3722849167875842
-0.562390835407536
-0.38219207817929945
-0.5675442954953631
-0.4968774382548966
-0.25460742059672
-0.35919449566610245
-0.5596964843676175
-0.4236816078038184
-0.4133530016787109
-0.5649520856234861
-0.38346927430217426
-0.29898346963799727
-0.3838342766398551
-0.3900488672651172
-0.50235749009214
-0.5197447953991411
-0.6522098690231821
-0.6812447450099613
-0.5952034075724734
-0.6025394290766153
-0.46640986566733145
-0.31167967645442085
-0.3460883242630652
-0.5140302079169867
-0.5892775759323797
-0.40176939316720794
-0.33966333612236443
-0.5411129973698529
-0.5387336681995597
-0.4623842000683847
-0.24488185368012244
-0.6458717277027655
-0.5147870035584265
-0.5691111927005174
-0.334621802664798
-0.41596713160562787
-0.46966907384382384
-0.3430772340837774
-0.3681125656674978
-0.5878663518348164
-0.47444126751194693
-0.601105088277123
-0.31885588206290527
-0.6705531027527241
-0.6454500688598465
-0.6710902443177094
-0.55708312188366
-0.2728202680404636
-0.34757544273032115
-0.6073233160679679
-0.18317859627263017
-0.3193660517436951
-0.4791192047423406
-0.412185778760464
-0.3636415440529911
-0.47315952092644686
-0.6031117060372797
-0.606568109754256
-0.5768009766488412
-0.49723025387262487
-0.378740573402199
-0.45914241919689436
-0.22621354165630386
-0.5219576516215605
-0.3817801950828923
-0.569281840477018
-1.063409156600258
-0.38301175573704305
-0.552850513236808
-0.2876525771871142
-0.37559300537362694
-0.42724599621576304
-0.5470216893663138
-0.4105688491473831
-0.6149214220516049
-0.1911199125316243
-0.5046714537880492
-0.4393417426626538
-0.6716839059339584
-0.39598979758519015
-0.2507119302839288
-0.475928258169399
-0.3759511370752845
-0.4888743692316683
-0.36388705903965946
-0.2962189733797758
-0.34917364080385793
-0.37498205430466286
-0.7057348679985354
-0.51449321296334
-0.7990521452793993
-0.5726591230462613
-0.23814646347416496
-0.4564697954195952
-0.43208091270270327
-0.5954067202852721
-0.5192500296028836
-0.4968342834215551
-0.5262188960501702
-0.46144673747850984
-0.33941940028772466
-0.7354250346840395
-0.3189264169751905
-0.41460344814317035
-0.41055355050979103
-0.587980762946528
-0.6169166471124627
-0.4254503276201286
-0.37092424066725793
-0.2432810567478702
-0.2347738908737927
-0.4300135936096978
-0.4290253161641082
-0.40897902738762937
-0.4022744076646616
-0.17800993334366277
-0.8410009690404988
-0.5467397932690728
-0.5160765003945372
-0.41107223801088
-0.3836834287807391
-0.18169992882938446
-0.5164728998482133
-0.27237140967411466
-0.2033857375438935
-0.7228206896002647
-0.30626237639453124
-0.30802220232579497
-0.44945697987117306
-0.4882509303871273
-0.3957527551901392
-0.573999952481453
-0.4901939625271843
-0.6092395055908442
-0.6182589969014646
-0.554164119507675
-0.34479936089909297
-0.8989184909955
-0.36530994815671514
-0.1858264155033852
-0.6142686300871611
-0.439422583443219
-0.8277390179976373
-0.3855000174305796
-0.4773714998140479
-0.7319225796639272
-0.5172278973422467
-0.710040997095095
-0.2826936947986143
-0.6330051352196978
-0.4910553339159994
-0.5350532989871442
-0.42773459315798057
-0.2743248058287413
-0.5584018720202258
-0.394474354579166
-0.34819868071255394
-0.27889430114776126
-0.5983685401888525
-0.7688535754745999
-0.5157560733572822
-0.6799194339251999
-0.6172257475785451
-0.5652270587375029
-0.6349538715871386
-0.37568231965234467
-0.2782827973091764
-0.623769579679089
-0.35872091931014755
-0.4104084818565842
-0.4071046402232922
-0.27499831768124394
-0.4217084167212358
-0.5907335865205866
-0.4034263622044437
-0.80144981405817
-0.33976049926557983
-0.45707941579929523
-0.35747791865276907
-0.41136304069738605
-0.4471642795731425
-0.7543299659489919
-0.5687339779410272
-0.6863226038211685
-0.5093282993952939
-0.7166022796984673
-0.3159629449019894
-0.39288867630910435
-0.31925078260348877
-0.7038218788404049
-0.5755947730293656
-0.3776337418952388
-0.45963363524933043
-0.33944311835025626
-0.5835338127523269
-0.4208058704769729
-0.6903258357672388
-0.3771454075926463
-0.36196344498481525
-0.36312315201928447
-0.8977200566140636
-0.611483156104717
-0.5008867078080498
-0.5389221308474951
-0.7305636842356791
-0.45648511302623573
-0.6211471486964446
-0.5675503212146228
-0.38902057921935745
-0.3141290297725043
-0.5640029639289282
-0.5114747350969338
-0.327324163154513
-0.4313767075885617
-0.4585970834879299
-0.46198703671815183
-0.6765267859880241
-0.7251869044860917
-0.5246820565950288
-0.25336454262130115
-0.19260929681657668
-0.4089203310769381
-0.6986267765731611
-0.34607995480449694
-0.6586045815410463
-0.26628348323667606
-0.4161313424893709
-0.6474369998197205
-0.3024083392696111
-0.6283550105952912
-0.5153435515526297
-0.5034169225044788
-0.31776621364595864
-0.3989479231909647
-0.6046714278676664
-0.7042651034871624
-0.4279307999511104
-0.3678696317999734
-0.32911610203201985
-0.7071500439094371
-0.4045412905016891
-0.1751035691016064
-0.43468685417676833
-0.47876581448401245
-0.537402438427697
-0.40956140445039557
-0.5455607087308734
-0.3985244105356658
-0.301252665008943
-0.8682703587711663
-0.3495208915921596
-0.3470436355618236
-0.3406950601433498
-0.34120378328558004
-0.697411127918301
-0.6881187044448275
-0.4750549952070868
-0.3232291429095799
-0.37037459694036967
-0.8106323092543186
-0.49380919306887894
-0.6409555731174577
-0.6979568978944009
-0.20254249544424652
-0.5450842149952123
-0.4694798739589174
-0.2913318427845888
-0.5250838981309774
-0.28697002828593227
-0.5636100216699587
-0.5451888307822108
-0.25954363092712157
-0.6109659596384022
-0.5037939461252113
-0.5290504065443636
-0.3500771850659909
-0.6576936269673909
-0.3938746032517664
-0.24975417057299804
-0.6454548385663403
-0.3341824923831102
-0.3659964461702331
-0.3004614868842894
-0.6063857364856364
-0.25677104439592086
-0.47840447346657516
-0.28645501957004793
-0.4820485218045476
-0.42231000357309134
-0.5786214816329429
-0.35605787547823203
-0.7272372176535427
-0.493699160267117
-0.43705300963452987
-0.5427325221087049
-0.9231844501794932
-0.41790265359384193
-0.5267275180585348
-0.3533098113780311
-0.6713162546223603
-0.6233166243083441
-0.4716544622926484
-0.3957381132717307
-0.2771782797381341
-0.7481067396014436
-0.3368206477050625
-0.4584166689737863
-0.36386773739908884
-0.1937256067496121
-0.7591758180413224
-0.3835591991038574
-0.5348836720348538
-0.5462795040412742
-0.5293094733666079
-0.7869217073738247
-0.5716060663921165
-0.5699646811735075
-0.5553239071841134
-0.6184742664081041
-0.26553395056580886
-0.4090388892678341
-0.3631372343590799
-0.505079169661186
-0.7184858967951863
-0.5749270865565054
-0.3658410351533024
-0.49915960634799883
-0.589187081448879
-0.4914158366415341
-0.4923960769447171
-0.6825852480506825
-0.5195705742130402
-0.4590979261207755
-0.5154250298779832
-0.6862347558104851
-0.4390288593654104
-0.542575673866912
-0.5987700869333688
-0.513101421767743
-0.6058521090740944
-0.2756620409271906
-0.4185963711597419
-0.7122879885317004
-0.5690901711044752
-0.2866833267793368
-0.4576735199375239
-0.4299546659475042
-0.41976785956587387
-0.33081564840125993
-0.7106947608638191
-0.33815010796453354
-0.4163703781573879
-0.7375393105456095
-0.274364178526
-0.5042929334914068
-0.42124559220280267
-0.42556680492862275
-0.5518899692821644
-0.3407148590642971
-0.26786320522702833
-0.39264257923255647
-0.2685200283351168
-0.40070974643564145
-0.4281174622906062
-0.3991855834772735
-0.24259414437811117
-0.524767460451322
-0.4084878047076881
-0.7265986089764154
-0.48814632587069273
-0.47705793532928753
-0.5193180940130689
-0.3513475729721399
-0.2584395345032786
-0.5587986385674089
-0.6706437537248493
-0.45581496814030215
-0.4041105981229949
-0.38856907728893997
-0.5012689365960021
-0.45025920541603387
-0.6743491282168805
-0.39991275283398325
-0.42902078170233093
-0.9637256381453385
-1.435555406935423
-0.6608553901339687
-0.5229116279627162
-0.627080390359075
-0.3225688219919017
-0.3536402752443015
-0.36015677518201894
-0.22585964878081732
-0.4876478141104469
-0.5397724754310067
-0.37515583714993483
-0.22246235664418224
-0.30041206251134
-0.3487188989169339
-0.6804440484114603
-0.5851299310806362
-0.3158049090334077
-0.40343167743353114
-0.6542974521668037
-0.43120001711014333
-0.2932201508993946
-0.4500437755276931
-0.30294846966402883
-0.779766700643455
-0.4971299772517465
-0.5166251737913558
-0.40664521494115624
-0.3781875818319542
-0.46565507672563644
-0.8085069129297127
-0.5047840289649045
-0.26455081226817256
-0.5215537487620315
-0.5825984765994703
-0.46098726291719494
-0.3800455684588562
-0.29554291947959443
-0.7208867527513123
-0.5647680330126917
-0.610645450763298
-0.4934491543711732
-0.4384263375626978
-0.4007304157865913
-0.21285777228626857
-0.8186874699024257
-0.5505455424107767
-0.47549757655899727
-0.43869173038659526
-0.5765182055373057
-0.39335698138725006
-0.5291546008357613
-0.20841075867872938
-0.4049679691738105
-0.6111087297514916
-0.4630918130488759
-0.2335719222164453
-0.43143493748556216
-0.6274168449358771
-0.4856763937792703
-0.2652344851684807
-0.4402651674870419
-0.5622547777042125
-0.3628300940460075
-0.3558973019665276
-0.3332006095801582
-0.5437322426417162
-0.3998644582207228
-0.5585295004181096
-0.5507574137482439
-0.27315644724228155
-0.3894992225234952
-0.6053054426025453
-0.3186416480667067
-0.5706448002924838
-0.18317859627263017
-0.48896213849900594
-0.30777851384708826
-0.3581242888256314
-0.5441951364408127
-0.3722208433093741
-0.649083513970214
-0.2924858648587512
-0.40083090830473245
-0.3825564704536213
-0.4442898245590882
-0.38232351221264116
-0.3098883150570672
-0.45687255657454245
-0.34998355375786766
-0.21674166881050194
-0.44205649992106955
-0.23938376706595965
-0.3729719477563315
-0.29589819003848666
-0.2526625072207117
-0.27995142574398474
-0.4394264079017674
-0.7055416319426567
-0.40246062568719687
-0.5827058586454009
-0.1922773475663181
-0.4622737233970554
-0.7406323172446241
-0.37961369648344645
-0.4844610255500228
-0.5852741974828968
-0.49750387406476626
-0.5677475522921294
-0.6679885985661498
-0.43180938043270006
-0.38641958737790605
-0.5552485330854492
-0.4034075755099932
-0.4855295805640961
-0.9325544482952324
-0.5648866235692199
-0.5194905594107773
-0.6698904879654751
-0.5772242583504353
-0.4509217374747463
-0.6318615670608356
-0.426886721583582
-0.6976849673073023
-0.5865330025171005
-0.5927307319218906
-0.4600450743087936
-0.4932948793405326
-0.43507859461180276
-0.5712621353090434
-0.5404887326084472
-0.35815011539999125
-0.608945650751044
-0.4642454025361821
-0.7368269663951432
-0.42878126596758426
-0.16120258798553522
-0.7634294139063846
-0.5648017052328347
-0.3353849144888599
-0.3798802890475572
-0.40796902672157453
-0.2574757350914501
-0.6306133720512604
-0.7760619708360229
-0.41734265768027745
-0.367106479782561
-0.5568273774436957
-0.5330276094970801
-0.4014816426216474
-0.6512190364495184
-0.473782548066485
-0.6791464739899512
-0.5531523471139812
-0.5891279847410649
-0.36836288997667954
-0.6646354154218793
-0.5319889904160884
-0.4695098102248128
-0.44253619086399804
-0.3614316173217687
-0.468269126116994
-0.5322399516778948
-0.5559123265102828
-0.5287103228925656
-0.41432532963539137
-0.4689615552592312
-0.7147612246357539
-0.7578150644342885
-0.43247096156510156
-0.5250564192948347
-0.7924589507276389
-0.3530692841374684
-0.4811091627493907
-0.3881707252968849
-0.758929151812845
-0.4241576723831813
-0.4978480839927184
-0.7304674214246756
-0.5505425738987973
-0.6133646692092682
-0.612633936473375
-0.48749037988465876
-0.185979173077072
-0.4509217374747463
-0.4045631035358654
-0.6627564665878873
-0.3436984043434195
-0.5774392025372174
-0.5411036517249271
-0.5954090730801777
-0.4663267349787108
-0.5333303604630767
-0.5109975191765481
-0.45748394951112703
-0.3243900285387722
-0.5999336981045339
-0.403207481054023
-0.5325165178623833
-0.6096574597732395
-0.6990931424070803
-0.659765835730911
-0.5205503237567816
-0.34831465109192183
-0.4092778758876364
-0.5077774399764882
-0.34463331350772214
-0.7044150241865355
-0.615276403810263
-0.1711935813705872
-0.619343387087838
-0.6109142179954027
-0.5693420974906943
-0.2676374562410258
-0.41318813534413623
-0.4081685357064256
-0.39445184033386954
-0.5357053204267209
-0.5105442868562855
-0.5396187551428405
-0.6678991782005601
-0.6153308387410826
-0.9384986168334084
-0.5087832750836151
-0.29359242835131716
-0.5863651478129159
-0.5876046895592514
-0.3299106625626198
-0.6459060175261101
-0.6982850907459986
-0.5746650582105013
-0.5355566291537422
-0.44949484894447644
-0.7447565067677284
-0.5618481081272697
-0.6333321617697648
-0.761079003115327
-0.6290577575433962
-0.36314074765653254
-0.4708399356295109
-0.31745072376864303
-0.7677404900130627
-0.7033187524122766
-0.5241198189201818
-0.5722934795758158
-0.4336993253730578
-0.5493917457377497
-0.24907117545964225
-0.7048430067828779
-0.5935190318840359
-0.31674918237209226
-0.3449593673318715
-0.6791464739899512
-0.48058354166387485
-0.7872054422222181
-0.6655005898516905
-0.6250025977983436
-0.663335395602571
-0.6633730063255826
-0.8196287639283057
-0.7271643261007569
-0.5056469581301708
-0.6277019687937234
-0.43330643279116804
-0.2648572258091066
-0.6319680903237263
-0.4318241997735064
-0.19194379801243672
-0.6503686984086721
-0.35788933195782024
-0.5438461074789852
-0.46280838410089387
-0.42818389355541153
-0.33933002668847173
-0.43221034537925473
-0.5183435122211243
-0.6242608048305431
-0.5244732778220551
-0.8731305602215537
-0.3551541700952921
-0.33294429797671915
-0.47338381368404125
-0.8662987778943417
-0.49068710846706254
-0.2779763959563395
-0.40743478567958513
-0.4072890749912478
-0.5679834452860704
-0.5291188413868091
-0.6847894459090262
-0.45992930627851714
-0.6113780833928696
-0.6283006742600775
-0.47044838012406703
-0.5134124278778411
-0.5826591424379239
-0.38412013871466033
-0.5108950241245181
-0.646716247758402
-0.49730253945158787
-0.5066403765430455
-0.6682533250638205
-0.24584962281498723
-0.7804005144577182
-0.5240543796780304
-0.5213228751002666
-0.5488125089915944
-0.6853121064915062
-0.7113734039641609
-0.4134050340882692
-0.5385058360777389
-0.7030397003227815
-0.4553095353149572
-0.6119864267317934
-0.4729379174710401
-0.573004119941937
-0.5711359675945709
-0.33752363430821775
-0.694828156208981
-0.3752886498271724
-1.1029914308074846
-0.5012949662802656
-0.39756273384970386
-0.4371434038819906
-0.4734299943725898
-0.47962064619834904
-0.6030336114034396
-0.4422532975605065
-0.371017857879126
-0.2802561833055377
-0.7639152304055937
-0.4992366728704356
-0.5294072201494234
-0.44612798532303827
-0.8885390080042249
-0.48270217523010484
-0.5545195432143754
-0.2244234596136775
-0.5666771964922599
-0.3511836229792563
-0.6337755817820424
-0.677493279105096
-0.534059880766246
-0.4401182017448518
-0.5745801444828351
-0.4704907654193319
-0.6435162086742512
-0.4878571752288611
-0.39025987695513864
-0.3553473471805427
-0.4138723567631126
-0.5542541985048053
-0.36861842989049803
-0.3250054695519592
-0.7600531020656688
-0.577570380583984
-0.7338639408454367
-0.1711935813705872
-0.3177107969654766
-0.6156037687650111
-0.36680523075420557
-0.5583955204379446
-0.3515308604103183
-0.4906063448433452
-0.49290618894993343
-0.5875787029290744
-0.5398744972711629
-0.503504400329928
-0.6317391738600326
-0.5464828434870839
-0.5375729754733395
-0.3782307839123665
-0.2226709018007958
-0.4213137007592663
-0.39499173641139496
-0.3716009275134081
-0.5167204227139308
-0.6007054923583227
-0.49750961293195395
-0.2889806064889572
-0.48931870347695805
-0.6998838359855338
-0.5778524524371789
-0.4327889149218597
-0.544786466060799
-0.406306453250027
-0.30702391315124233
-0.7210145103781186
-0.4519355965008576
-0.8232281107756841
-0.38139995962402023
-0.2671365905060549
-0.4456275899476878
-0.46417189442564755
-0.3642655839559904
-0.4016818581393256
-0.3974620572130078
-0.43351657872535787
-0.47161326376345025
-0.5518416268286174
-0.2896169568814872
-0.5797718116874566
-0.5300195249447709
-0.5338207823878904
-0.5486183100246245
-0.7022067236610612
-0.5012845065902809
-0.6471592016720048
-0.5056022403240767
-0.5409396597888491
-0.33117912557956664
-0.3424286605350574
-0.5306121708523126
-0.3373629351988508
-0.5231311039296669
-0.4452220071128511
-0.5202705556827181
-0.36625386585930575
-0.25540585996050463
-0.6622903379013948
-0.5303449276411274
-0.6236549721707321
-0.5861393258914656
-0.5361891525062312
-0.4881151379887661
-0.6128081251594735
-0.5528206270652942
-0.44981809378787957
-0.5270817565493197
-0.4318548029562187
-0.6921996130248553
-0.5908269800585711
-0.832635107558747
-0.5524220045344957
-0.6162078223380791
-0.30814788306141105
-0.6661384992882049
-0.43794017763025667
-0.7213857160145449
-0.5040883151075145
-0.6662476682349109
-0.5817949962385778
-0.7207518383982796
-0.7395939021468799
-0.3528078420284581
-0.367827792100373
-0.9939117223141098
-0.41072680174267623
-0.22976586493789686
-0.6597214037376699
-0.4675443367134616
-0.7117209505689596
-0.6119001570323932
-0.7685905100131643
-0.3976412260679074
-0.35132061158223277
-0.5242811400703689
-0.4504603267935922
-0.4770737806483558
-0.6186552968647661
-0.5447927405563779
-0.6599878705939772
-0.60956597220227
-0.3154485323790085
-0.49492658899934705
-0.6701387990011058
-0.4912286370516925
-0.6461156660778109
-0.3729317610812049
-0.42310685663821757
-0.4025734693360028
-0.35066627728590644
-0.7542017372681322
-0.32170105349807293
-0.5588339831195732
-0.348241312650851
-0.3774878419040438
-0.6029789262588983
-0.6592425278667022
-0.6065309026698594
-0.6642317168236488
-0.6282369852191049
-0.5892320356601518
-0.4613797449720458
-0.4126266784309257
-0.4945369566481443
-0.4108644348035585
-0.6397877733544451
-0.6392863554053181
-0.5877289755729236
-0.6276940835703381
-0.6133246783588991
-0.3791050261855967
-0.6552729204387449
-0.40514354815144443
-0.45064388981159864
-0.4916319365484161
-0.555252434623882
-0.6575503502359168
-0.37397370608259367
-0.7507205722051946
-0.4174785501634827
-0.5317122194981945
-0.6371877722551441
-0.5367979576004421
-0.49226529479258796
-0.8030969557392492
-0.6510708219643474
-0.5452685357926172
-0.5222838672067254
-0.642753445257398
-0.5926623851868075
-0.5004369745346928
-0.45062886901301813
-0.4716171029105964
-0.41382794643993703
-0.5821548738938872
-0.5647185558682227
-0.23729578390405098
-0.5032482486611616
-0.32538255490308843
-0.5228130348800726
-0.5813746369472362
-0.5990685568623194
-0.5304694392460734
-0.6848830520300567
-0.32914691857183476
-0.6348948851001234
-0.4360871435721354
-0.7734949403678142
-0.5780709786439152
-0.21208476442166835
-0.6536489683322364
-0.8607442977720873
-0.542678508776059
-0.6189039572198588
-0.4547351833191735
-0.7574124656975574
-0.3866835387987841
-0.6360926780342873
-0.468635341023313
-0.6176048743584152
-0.3414017140994151
-0.5138833061928281
-0.490971115051835
-0.665658657820404
-0.5096473875837969
-0.341112807910788
-0.5124093638489305
-0.655326600524041
-0.3597041912640517
-0.8107188473939702
-0.2684978721145846
-0.3699424993279763
-0.3614316173217687
-0.24776929222252403
-0.49031895125044966
-0.4863297492457661
-0.45346129115925926
-0.4422500427091995
-0.555252434623882
-0.5031187765490919
-0.4928941021663542
-0.4997699787601384
-0.28164119687325817
-0.43594506998852134
-0.4965678354180889
-0.7874326269839119
-0.3685632063202939
-0.36458385285411776
-0.5033044222279958
-0.7641162789781327
-0.4861288601964843
-0.47091753402757
-0.489536661280799
-0.4562513464794842
-0.30142049798132764
-0.40872386359471213
-0.9205244028946971
-0.674738199820009
-0.36229957225297293
-0.5123781461071898
-0.30342936586568975
-0.2217712138084102
-0.5263027623841184
-0.5654845056616034
-0.4697536587353205
-0.2997287073805985
-0.411802928716544
-0.5091081665516343
-0.6293910516871817
-0.6618898403700202
-0.4914135687947736
-0.6900512707534847
-0.6560842936983108
-0.31983048996789987
-0.524589299309058
-0.7318876289823271
-0.4614586537916631
-0.9027618063152635
-0.5064023077792472
-0.34421596485583017
-0.4598056727130131
-0.44425073170259327
-0.33746425079099784
-0.5470466679649946
-0.6281128738133327
-0.5598992742045481
-0.15891217747352138
-0.39568679498456727
-0.5564814580135188
-0.6902781278523503
-0.5443130416156424
-0.3075203463348118
-0.6916051439358617
-0.48960806336855245
-0.7876217921721382
-0.23988403872351532
-0.32416837463410375
-0.5929523967252823
-0.6392339079475476
-0.22968679623482036
-0.2926537949369201
-0.2440845850155094
-0.31861469321988173
-0.23329868755516892
-0.37989715694239345
-0.29885434573343994
-0.129204340030945
-0.3329411602757798
-0.4121596779283642
-0.6144744000419466
-0.2879612995016541
-0.15860409919045776
-0.42550630591132477
-0.17994033807822224
-0.6306878517879759
-0.38544593822989737
-0.3566699440251308
-0.32756196063173904
-0.574407476029251
-0.5425734227623912
-0.3496759427692556
-0.3157704998908377
-0.49764732942140166
-0.28915529051071054
-0.46587556581125233
-0.15798558196929952
-0.24336541602972
-0.7214806839990487
-0.3604719812177016
-0.5872068780838923
-0.33415707823197494
-0.34447589742207124
-0.21832446192072524
-0.29249282449768765
-0.5885923097154777
-0.1851931145812356
-0.41032920555232133
-0.32400498373297015
-0.31603118063988733
-0.26054623750196676
-0.42359341955107943
-0.2830444051574247
-0.2631042980392147
-0.4482555265923088
-0.17027483088850187
-0.4491343651146586
-0.29553081594734715
-0.22458374286662203
-0.32853806523808243
-0.2817362900796891
-0.3786238135398884
-0.4086133416083236
-0.27516706537958485
-0.23350215766626048
-0.16743999143267857
-0.3230331070589693
-0.5276606146802723
-0.43338560206957366
-0.3678470504369825
-0.5423824647889806
-0.4692070181363297
-0.371880753596291
-0.3774876580300887
-0.3003227839965391
-0.3618069950031862
-0.35805862759065016
-0.32670350355533756
-0.29262109157676086
-0.3588077148760966
-0.5294918942338358
-0.3883755711057351
-0.5187485213773071
-0.5155112626662274
-0.425956992569386
-0.2665523404926567
-0.529884347488647
-0.5079465149884436
-0.5469994252680427
-0.28424126965199725
-0.585574034634812
-0.585075855304087
-0.25413146172090684
-0.32319840381621895
-0.3461280308689968
-0.40636813364710167
-0.47576197774359985
-0.5081494708450949
-0.2884887982978402
-0.1566065821938586
-0.4219161004960956
-0.8867465279985499
-0.34203400135608203
-0.46926975051050224
-0.49159581526371743
-0.2971594447335918
-0.324237621864232
-0.18124119242392556
-0.3855675030491965
-0.703498697518248
-0.5449082723004487
-0.4723934649165453
-0.3306123294136523
-0.3284331693814204
-0.44176419862040595
-0.5305379454793295
-0.43811383302510865
-0.27585136266653537
-0.3998571515240624
-0.5689273459682066
-0.5419476824906192
-0.36013006754880394
-0.328660650044988
-0.3568414118278723
-0.424565345688504
-0.460288967224789
-0.3718667600308142
-0.34166511696513063
-0.5034127823570058
-0.20129096016024967
-0.28646000003095273
-0.5219016597013542
-0.393076390128394
-0.2570658173932481
-0.2630066929795025
-0.3915355721488313
-0.5313974480913165
-0.35852256987506514
-0.5455796836577723
-0.43698242174571267
-0.21187601376781262
-0.1737696017976028
-0.2885041881495085
-0.5150980755094077
-0.36298324311200963
-0.3778183971867116
-0.3567199476192797
-0.5705125881564994
-0.6087919807097332
-0.32299665699801405
-0.2519370980773732
-0.4746122338804627
-0.2639185623128225
-0.2864048846584604
-0.13117635203454428
-0.45720229984059346
-0.42227737720996666
-0.40816648109882137
-0.11719087955568619
-0.40242914404275154
-0.4398991890987274
-0.30113678991361015
-0.7714893291692378
-0.14538653797269074
-0.463950661541201
-0.49705032190806164
-0.2248993808185102
-0.44311542606035736
-0.3683100756174653
-0.2852112082826677
-0.2950527460246676
-0.5837522385327119
-0.31403124472854127
-0.17685294733424428
-0.4597341149009261
-0.3163694963542722
-0.6575947991713142
-0.4723791572578996
-0.2937799309407817
-0.461234941331982
-0.47293543022299944
-0.5786465831183468
-0.36208952165087255
-0.4325218979113712
-0.45666362487897644
-0.5055082566264821
-0.29778966249755556
-0.406325999661177
-0.25144034650917635
-0.30845109634582724
-0.4518920966971214
-0.3571517213908868
-0.29858584545482914
-0.32036359312382756
-0.4915471287161054
-0.576857483815174
-0.2097790604457891
-0.6696707146605785
-0.30792799635008017
-0.6146008605397983
-0.3767354158377678
-0.3971261120910836
-0.2185337726527769
-0.6380870669986286
-0.2190277628246416
-0.6099562940591863
-0.28985893892626063
-0.40984270268525047
-0.1366259686425529
-0.1335138303123919
-0.5103453900224446
-0.2250525304275785
-0.3018731030705013
-0.6431757655297129
-0.5145236177831817
-0.4427535939235141
-0.3416440637062907
-0.741901976391075
-0.3765679703717448
-0.32281788211483936
-0.5003814373975246
-0.09046512671358165
-0.31634558038518046
-0.40852644554418327
-0.49599801243132213
-0.3476180687737911
-0.34302278150743665
-0.3716052944267638
-0.37587708286162413
-0.29743733819481616
-0.34545292899963365
-0.38205350061284993
-0.22928770158153056
-0.4903333353429281
-0.21187586279811332
-0.36440622296004754
-0.30718941058693083
-0.6506591104398178
-0.395091126683506
-0.3340380499312585
-0.3721876667062942
-0.26199028630467147
-0.5141014645201342
-0.2606785731336046
-0.32902894856716136
-0.2846437664520197
-0.4344297686114514
-0.2960791626927297
-0.15475666510522412
-0.32626347865735117
-0.3743061532918216
-0.5258336007217297
-0.5316972407516987
-0.5214616933351434
-0.5898146156343562
-0.48184237944222386
-0.6527758922909753
-0.7309419668415829
-0.39198398599885004
-0.25753302963642544
-0.12842389393832465
-0.29797447914373393
-0.4355669970601633
-0.3521380321283676
-0.38597182629367155
-0.45639812800003576
-0.2640627804571316
-0.31274521845389813
-0.38599705357528813
-0.3942500598858499
-0.3516919344266621
-0.5067822764795484
-0.19701176740560844
-0.40637093680879177
-0.34885671340289426
-0.5241383289801752
-0.32819877785128493
-0.33294337054497325
-0.38638276000909516
-0.38965361853335434
-0.7787113251799631
-0.4538502040208947
-0.33691514255216387
-0.2164810745010241
-0.3215101865191166
-0.4837395835463001
-0.4976623381439426
-0.2747710928632004
-0.44987731651589835
-0.4856193004075451
-0.3333868409128682
-0.36476102593691057
-0.511746705265738
-0.3235124768555262
-0.4038278523300829
-0.3143922093679711
-0.6503957731784115
-0.4040448368504879
-0.4976689832221566
-0.4407311287477603
-0.3513926285292511
-0.3773667391155576
-0.7570955079602308
-0.390590766216662
-0.5870859082778291
-0.2827286965648918
-0.4794150219831492
-0.23214535607921405
-0.1323655641228484
-0.40893132788708875
-0.5046127205190164
-0.5496400546814505
-0.43082886262037245
-0.47149682891562306
-0.2273010947797025
-0.27998057891590067
-0.26501890064713785
-0.25685651508575247
-0.45323047630669666
-0.315991451337131
-0.4235510036471807
-0.41172019419856576
-0.19457193657312333
-0.574787991911285
-0.35163235672482296
-0.4984808954245108
-0.3314632825751681
-0.5566773307416465
-0.3108939961036283
-0.35577545308851505
-0.4783486791360978
-1.0703888399432973
-0.32046046033610454
-0.4650657786339851
-0.5587838586151882
-0.4949491850030473
-0.5251629183761773
-0.637444433177557
-0.2098791896586868
-0.4826903404603555
-0.34199267639431363
-0.5073562841201137
-0.07323078277192019
-0.1830017556349452
-0.6149394961033537
-0.5063754174341024
-0.4926362584623555
-0.7168326999960999
-0.3876078914126656
-0.15372109281636154
-0.46499973737848965
-0.5089416730201467
-0.386578719908687
-0.297281029851068
-0.38780305886288713
-0.3506666876937755
-0.7216898188332854
-0.3993235285056641
-0.7545830105622167
-0.8045104680534354
-0.33230605175212174
-0.2652678099254902
-0.42039073017566386
-0.2947769461686701
-0.3283850414350899
-0.23441203072277061
-0.28485332226089
-0.40561591615463294
-0.36370500438098097
-0.5583093301048505
-0.4074565246977752
-0.7239999872497962
-0.5622915017163335
-0.44336724714370646
-0.6271696050662857
-0.36430808970267625
-0.40398920153107387
-0.24022904723711447
-0.5746819198821255
-0.5982040158053056
-0.4311990425395321
-0.2957216455375989
-0.5501597984451287
-0.4241312704059724
-0.28640034863909364
-0.36850441977823195
-0.4114802508238339
-0.33629919617825943
-0.402001114487884
-0.3401488791503108
-0.3410466694659163
-0.6837574225884915
-0.5616920655230283
-0.6188168934703232
-0.6379657243113879
-0.504962863586954
-0.24229306386586774
-0.15964007175968353
-0.32461032815635366
-0.2407941383289257
-0.6272665979331444
-0.286223972147607
-0.23677354732596212
-0.5173713799125271
-0.27532380580437443
-0.4872549374511985
-0.2933899397163476
-0.38600986835426165
-0.5773059989444559
-0.6000623618505236
-0.5147245263331834
-0.6893874431726893
-0.16761284128493997
-0.4879415062736866
-0.2876861861696811
-0.4237624122891812
-0.43525366911347907
-0.5206495462724704
-0.5040159184708853
-0.4782782527606174
-0.395994338956953
-0.4659113965023106
-0.395148216220247
-0.567554580833288
-0.3861682274400815
-0.19681439620143937
-0.287487208734842
-0.505751530265585
-0.6254464627683326
-0.0967252003541682
-0.3671725849216998
-0.5476584116718346
-0.6047832539498941
-0.44174359426092
-0.5058329531222662
-0.24819063024539656
-0.25478819121802765
-0.3132307460740068
-0.5168753515555483
-0.4599320702512891
-0.3806986539316418
-0.7207991421531394
-0.35765876699732213
-0.2505270205296464
-0.5936012130917446
-0.3150558804658475
-0.5912197478855762
-0.46691084270856803
-0.26518197312705
-0.5712364636015876
-0.360346139427872
-0.4999519785330673
-0.30376660701921465
-0.6837644680407696
-0.38169436539532337
-0.5184017550488095
-0.27627510756030915
-0.4202143801421715
-0.36045843463463834
-0.6518732498678865
-0.3849862995486857
-0.33666076707464043
-0.5296315981721363
-0.20926490180366858
-0.6990992095298356
-0.577696009928179
-0.45990951896714816
-0.4274152484752507
-0.5190084226841069
-0.7432427251088662
-0.6561841259539364
-0.4463569133171284
-0.27853391459402466
-0.6829120068420148
-0.4661182323127355
-0.2832383691211
-0.1511851877011059
-0.33815167422475473
-0.39675214924712515
-0.5325866093041701
-0.5619066626343667
-0.38729115853888485
-0.3477234537221062
-0.38153578761480533
-0.2838725431103777
-0.3601134742780871
-0.3681655184289502
-0.4474199733967168
-0.4634991275950572
-0.5007370483362139
-0.3057021164194724
-0.21228654253235885
-0.37976751987119944
-0.262781678666342
-0.21348339952992784
-0.45472954984788894